487.8414,514.2666,36.5271,117.2868
478.4068,500.7491,39.9348,113.5424
480.7602,487.7437,39.9869,110.1475
489.7904,478.8443,39.8562,112.0120
489.2346,458.7994,39.3302,112.0395
487.6791,442.0651,38.3401,112.4726
488.9256,426.3388,37.8989,112.6442
491.0315,420.1527,37.3885,113.3240
491.7550,405.5321,37.3820,113.2640
490.8241,388.5609,37.3667,113.2032
491.3247,376.0395,37.3274,112.9910
492.2231,364.9676,36.8685,112.3284
493.4090,352.6531,36.7443,110.7717
494.6736,347.5003,36.9858,108.0795
494.7380,333.2366,36.8862,105.2266
487.9260,323.1225,36.6213,104.2867
485.6100,314.9108,36.0616,104.2435
485.4039,304.3084,36.1388,104.7822
496.1248,299.3249,37.5455,105.0787
508.7108,299.8367,38.4218,107.2493
520.5873,300.2797,38.1046,111.3397
528.5830,299.8811,37.6777,115.7054
533.7157,292.1519,37.1353,115.3764
513.4755,289.7141,37.4674,114.6317
485.4546,275.5205,37.6677,114.8144
472.1839,267.6622,37.5184,113.4429
470.2141,266.8152,37.6258,111.6896
477.8430,272.0291,37.6814,110.7323
486.3304,274.3774,36.9764,111.2672
497.7979,277.2523,38.4753,109.1809
511.8736,289.6035,39.2453,108.2729
529.7345,303.3083,41.1360,108.1729
543.4214,311.6577,39.8875,109.8018
551.2670,317.2906,39.0919,109.7524
545.8126,319.0529,38.5197,109.9439
537.7990,314.1131,37.4040,109.8813
537.4408,311.0970,36.2084,110.0852
538.6444,308.4769,35.4438,111.1764
546.8743,301.9812,35.6669,111.3545
546.9431,290.6977,35.4376,110.5609
547.7974,287.5821,34.2195,112.0021
549.7106,274.6910,34.1942,110.4449
549.2475,270.5384,33.8580,109.1873
548.2485,264.4628,33.8130,107.6080
547.6020,258.0369,34.5935,106.4192
547.3491,258.3958,34.7591,108.4249
547.3132,254.3140,35.2379,111.0017
545.4041,249.4114,35.6654,114.2670
542.4612,246.0539,36.7648,117.3944
539.7979,242.5088,37.5522,119.4980
539.0243,246.5297,37.6222,123.6237
536.9424,246.3856,37.6904,123.6104
533.7870,243.3355,37.7927,124.2751
529.2778,249.8950,38.7070,128.5944
524.3383,258.4153,39.4181,130.3559
514.0200,260.5888,41.5793,133.5543
507.4300,270.0258,42.4171,134.7264
501.4861,273.8842,43.2705,138.0544
497.7688,274.6032,43.2349,141.5370
494.7022,275.5052,43.2274,144.5311
489.6986,275.8914,44.1705,146.7147
488.0426,273.7678,44.5632,148.8178
488.9384,272.3903,46.3715,150.2867
489.8683,271.8135,47.4497,151.3234
486.3108,277.9688,47.4365,150.3471
486.9593,273.8956,48.7968,152.5359
489.0985,272.3931,50.3884,155.1216
488.7807,268.7309,50.3783,157.7774
489.4909,266.6170,50.8045,160.7140
490.3621,262.9690,50.9075,165.7384
489.9151,256.3181,50.6695,167.0652
488.6924,249.4384,50.9556,167.4941
488.2685,245.4850,50.9904,170.3594
494.7351,251.2055,56.2481,160.0738
486.8390,243.1705,56.1175,161.7686
485.5401,235.9529,55.8694,170.0922
484.0945,235.7149,54.9778,178.9894
481.7797,234.3780,56.7063,184.7807
479.1404,230.2069,58.1842,188.5587
474.8442,227.8387,60.3958,192.4764
470.2858,228.2082,61.1962,194.0941
468.9346,228.6841,62.7489,196.1985
468.3333,230.8560,64.3699,197.4240
469.0074,235.3521,66.8358,203.6717
468.3626,231.0109,69.3074,205.1841
469.2906,230.8508,71.5016,209.4098
469.0157,229.3626,74.2000,212.1067
471.7809,232.0679,75.5235,213.0636
474.0891,229.8245,73.3491,217.8456
472.8528,229.3963,73.9525,221.4826
472.5316,230.4489,74.8794,225.9616
481.9163,228.2987,77.4107,230.9016
475.2941,231.2617,77.4885,236.2743
470.6936,226.5709,77.4237,242.0002
476.4461,223.8636,80.6662,250.4310
466.7625,220.1002,81.9813,253.2467
474.4391,215.4803,84.4556,260.7927
466.0323,211.5778,86.4386,269.7526
474.0901,207.8575,91.8855,276.0228
464.3501,200.2310,95.7098,281.2546
458.8275,198.1035,100.9372,280.3277
465.7996,200.7279,103.7199,284.2552
458.3290,195.5577,106.7549,285.1249
454.4484,197.6287,109.3076,285.6035
464.9352,190.8100,110.0672,288.4850
459.8965,197.1001,110.3470,289.6785
459.8112,190.7573,109.1026,291.7505
464.1203,194.2007,107.6511,295.3832
465.0268,195.3033,107.3544,301.2702
463.4619,202.4933,109.0477,304.3160
475.4373,205.9288,108.2871,312.1754
472.5233,208.1238,106.1536,317.5244
474.2927,209.9646,104.6517,324.4471
477.5355,206.7160,103.9650,330.6232
481.4153,206.6648,100.9753,333.9460
483.8179,209.9016,98.7446,332.9691
484.0357,215.1628,96.5584,328.1317
487.5606,208.9632,95.5294,330.5128
489.0283,213.3007,96.6588,329.8280
491.2799,205.7337,97.3477,333.4595
494.2860,207.5784,97.0608,339.0268
495.8545,198.0605,97.1025,348.3668
495.2303,193.5064,97.0643,358.2516
486.3517,185.0603,96.3254,368.3689
467.0977,189.9596,100.6776,379.2200
441.6097,185.6318,103.4755,390.4807
402.7656,172.9813,105.4047,395.7635
332.6537,160.5764,107.4287,402.5744
260.4357,158.2440,109.1773,407.2610
194.2328,213.1876,105.4073,399.6583
134.6291,295.7572,107.2069,376.8694
