421.2072,199.1818,18.8707,25.8713
416.1475,198.0273,19.4549,24.9203
411.9030,199.2744,18.8290,23.3212
407.8460,198.2664,17.8079,23.7273
401.9309,197.9520,18.8782,26.0960
398.3798,196.8232,18.7705,26.5137
395.0909,200.2130,19.0183,19.9740
391.0000,197.0000,18.0000,26.0000
387.0000,196.0000,19.0000,27.0000
384.4600,196.8392,16.8401,25.0815
381.0000,196.0000,18.0000,26.0000
380.3126,195.1349,16.0497,27.6053
375.9185,196.9443,17.4080,24.2015
372.8127,196.1973,19.1345,26.2554
368.5435,196.2111,19.1030,24.9228
366.1250,196.9637,17.8900,22.9676
364.0000,196.0000,15.0000,26.0000
360.7059,198.0864,16.2282,23.9623
357.0000,196.0000,16.0000,27.0000
355.3757,196.7899,14.7836,23.4552
350.2755,196.2321,17.4391,25.9458
348.3470,195.8891,14.5010,26.8768
342.4980,195.1654,16.2641,28.2993
341.6431,197.9060,13.8339,23.9330
340.6405,196.6071,14.1890,25.2558
333.9099,197.4354,12.8152,23.3393
329.2376,198.5927,14.6947,20.9097
321.2250,200.2250,18.5499,18.5499
317.4122,195.8205,15.3356,20.3291
312.0000,195.0000,15.0000,23.0000
308.5225,194.9050,12.5350,24.0301
303.6185,195.0578,15.7630,23.8844
298.2723,195.4182,14.7953,22.3986
293.9111,200.8831,13.8328,15.7038
290.2430,202.5662,16.5289,16.7127
283.7267,203.3172,16.8465,18.2656
280.2956,200.9288,13.4938,17.0674
276.0898,202.0898,18.3205,18.3205
271.0442,203.0442,17.9115,17.9115
267.8443,203.8443,16.8114,16.8114
263.2945,202.7945,16.4110,16.4110
258.9801,203.2159,17.0498,17.7483
254.0759,203.2634,16.6982,18.1081
249.2970,204.7970,16.9060,16.9060
244.9392,204.3693,16.5215,19.0614
244.0612,204.2133,14.1076,20.7235
240.0000,203.0000,14.0000,24.0000
238.0000,203.0000,16.0000,19.0000
235.0000,202.0000,18.0000,22.0000
233.0963,204.6609,16.1924,20.6032
231.3959,206.8959,19.7083,19.7083
232.2294,206.6897,14.4762,19.7306
231.4453,205.8236,15.6994,20.9228
230.9718,207.7496,15.3763,19.7908
232.0690,209.0469,14.5621,19.0061
234.0000,206.0000,11.0000,20.0000
238.0000,206.5000,16.0000,22.5000
237.1616,205.8326,12.2768,11.5349
240.0000,206.0000,12.0000,11.0000
241.5000,207.7500,15.5000,23.2500
242.6700,208.1700,15.3300,23.5000
243.8300,208.5800,15.1700,23.7500
245.0000,209.0000,15.0000,24.0000
248.2500,213.7500,12.0000,12.0000
245.8216,214.9438,17.8768,18.4725
247.8860,214.9517,19.1380,19.9516
251.1933,216.1642,17.6134,19.6717
258.1432,217.1641,14.0537,21.1517
260.1109,216.9066,12.1833,20.5619
262.3290,217.7914,11.5870,17.3873
266.0000,218.0000,13.0000,19.0000
270.7945,222.2945,16.4110,16.4110
275.2899,219.7750,15.1553,21.2601
280.4467,223.3181,18.5517,18.2337
284.0000,220.0000,15.0000,24.0000
290.1682,223.1682,18.6635,18.6635
295.9801,221.5796,20.1448,20.2257
300.4115,222.7442,19.5970,19.4967
308.1404,222.0157,16.8692,20.9686
312.5844,224.4547,20.2761,21.7105
319.0950,224.0125,17.7301,17.7900
324.8662,224.1369,18.2376,22.4562
331.1360,225.6158,17.9081,21.8533
334.8996,226.1349,19.5008,21.1102
342.5491,226.0658,17.4768,20.9834
348.2162,226.6780,17.7326,21.9590
353.9639,227.8099,16.0072,20.5003
357.0093,225.4870,18.1114,25.6759
360.0823,226.3193,17.9655,26.9214
365.3741,227.4043,16.6518,23.1914
365.3459,227.0758,19.6533,24.1384
367.7849,226.8394,20.2802,24.5061
369.9700,225.7900,20.0300,26.0100
373.1444,228.6373,20.0112,20.0253
373.9803,229.4803,20.0394,20.0394
375.8454,227.2918,20.0292,20.4565
376.6898,226.5417,19.9153,20.6866
377.8279,226.3199,18.3191,19.6201
377.9590,225.8817,17.6170,23.1117
377.8539,224.0925,17.9522,24.0299
378.6824,225.4067,18.2751,22.9865
379.0753,226.1622,18.0593,21.8657
379.2799,225.4122,20.0302,21.3657
378.0033,225.5789,20.4534,20.2671
381.0000,224.0000,16.0000,22.0000
379.9133,224.5735,17.5733,19.0531
380.8192,223.5598,17.3415,19.4254
380.1816,225.4238,17.8768,18.4725
381.1108,220.2738,16.8984,24.9174
382.4362,220.6971,17.0277,24.7658
380.2242,221.6574,20.8615,21.4152
381.7692,221.5087,20.5216,22.2376
382.2225,218.0891,19.7850,25.9767
378.5697,219.0697,23.3607,23.3607
384.7826,221.3049,20.2448,21.5702
385.2459,220.5737,20.6433,22.3425
384.7897,221.2354,20.9457,21.1142
385.4133,220.9247,20.4634,21.7807
387.9849,218.8295,17.8852,24.0261
385.2621,218.2334,18.7958,23.9281
382.7460,216.9872,22.3030,22.3306
388.0872,220.0895,17.2805,21.8060
387.1626,220.3741,20.0048,20.0119
387.5937,219.2985,20.1076,20.9930
387.7731,217.6768,19.3538,22.9464
387.9774,219.2168,19.8353,20.2164
389.7462,217.3318,17.4576,23.7763
389.7065,218.3912,18.7920,20.0977
389.5703,216.8169,18.0095,23.2562
390.0561,216.9889,18.0477,22.4372
389.4034,217.0300,18.6081,23.9000
392.9266,217.3289,16.9568,21.2073
395.1458,217.6392,12.8883,22.4715
394.8963,217.6331,12.0274,19.9437
394.0000,215.0000,14.0000,25.0000
395.0197,212.7883,13.0157,26.8034
397.3847,216.6384,11.7206,23.8281
395.9534,216.8821,13.3082,16.0008
396.0741,215.4941,13.0017,23.8718
396.1151,214.5488,13.0199,24.8024
397.0192,215.5879,14.2716,24.0891
394.7222,212.7676,17.6056,27.0048
395.7815,214.6720,16.2120,25.5710
394.4462,215.7839,19.9727,20.7972
394.3233,215.2060,19.3834,23.6479
397.1693,213.7784,15.4014,23.1832
398.2928,211.8079,13.7795,25.6142
397.7644,215.2978,17.7011,19.6843
397.7590,215.4589,16.7571,18.9273
397.5642,213.0394,18.9966,21.2262
398.0100,210.8400,13.9900,24.6500
397.0271,208.2300,15.1658,25.8549
397.9938,209.1558,14.7024,25.9535
398.5396,208.7620,14.5409,25.6261
396.9904,206.8446,15.5891,27.8158
398.5733,208.7866,13.9684,24.8867
399.7213,208.6858,12.4374,25.3385
400.0161,206.9043,11.9879,26.8315
399.3842,207.2275,13.4765,26.0150
399.0604,205.8577,13.2542,28.0246
398.0956,210.2904,14.0688,23.2393
398.3629,208.3286,12.7942,23.7178
396.4073,207.5656,14.1253,25.1088
397.1174,206.3477,13.2001,24.0147
397.0247,205.9602,12.2906,25.1246
398.1214,204.7871,11.3322,25.6159
395.5656,204.8425,14.3589,26.1851
395.7713,205.2460,15.7474,25.2829
396.0783,204.3950,13.2235,26.9650
395.1123,205.7164,14.4653,25.9872
397.7943,206.4314,12.1965,24.4171
396.1002,205.7500,13.4646,25.8101
398.0000,206.0000,11.0000,25.0000
396.0000,204.0000,13.0000,27.0000
396.1297,206.4020,12.9105,25.5760
395.6707,206.7920,14.6987,23.6109
398.0652,205.6295,12.1595,24.7709
397.1898,206.1612,13.4705,22.8376
395.0298,205.9658,16.0905,20.2434
393.3299,203.8103,14.9403,25.5695
390.0800,207.4975,19.8199,19.8199
389.9445,206.5145,19.7911,19.7911
389.7027,206.1034,20.2246,20.3732
389.7383,205.8672,19.4235,19.4306
394.0000,203.0000,14.0000,27.0000
391.7009,204.6795,18.1732,22.3061
391.0728,203.4013,15.9893,25.9624
391.2740,203.0982,15.7370,25.1186
390.7726,203.5099,16.8748,25.2501
391.1625,204.2009,16.1499,23.7082
393.0000,201.0000,14.0000,30.0000
392.4433,203.8053,16.3334,22.8745
393.0000,206.0000,15.0000,22.0000
393.0000,205.0000,14.0000,23.0000
393.0087,204.3610,14.7127,23.5181
393.0504,205.3960,15.4993,23.4080
394.0000,201.0000,14.0000,28.0000
393.4253,200.8477,15.3244,28.5996
395.9250,200.9661,11.3100,26.9328
397.2381,204.4096,11.8688,21.2707
398.1371,201.9393,9.8658,22.0063
395.9742,200.9916,15.5366,19.3868
396.9598,197.7616,12.4254,27.4469
391.8075,198.2695,16.0200,27.9910
394.7852,198.0105,13.3795,18.3490
394.3760,197.3760,17.2481,17.2481
393.8174,195.9740,14.7353,15.2071
395.7875,196.8047,14.2951,13.9506
396.5491,196.0491,12.4018,12.4018
391.9100,196.3000,13.9600,29.0500
391.7400,195.9100,13.8700,29.1300
391.5700,195.5200,13.7800,29.2200
391.3900,195.1300,13.7000,29.3000
391.2200,194.7400,13.6100,29.3900
391.0400,194.3500,13.5300,29.4800
390.8700,193.9600,13.4300,29.5600
390.7000,193.5700,13.3400,29.6500
391.2627,193.7989,12.1747,27.9723
389.9012,195.9510,13.4576,24.9179
389.5193,195.6241,12.3315,26.2419
390.2606,196.1738,11.5788,24.3525
390.6844,197.5597,13.3761,21.9505
390.2860,193.1754,10.2481,24.7993
390.0311,195.0835,10.5929,18.5529
390.0000,192.0000,10.0000,18.0000
389.7375,195.4882,9.1350,17.7386
388.7726,193.3832,9.5949,20.5986
387.8215,192.7904,10.2021,22.3692
384.3257,190.7971,10.5287,21.5557
383.0000,192.0000,10.0000,19.0000
383.1593,193.7740,8.2163,17.2819
381.8809,193.4069,10.0332,18.1061
379.7171,192.1819,11.9458,15.9561
378.8064,193.7537,10.5371,17.2625
376.7916,193.0835,12.5018,19.4580
377.2334,192.8333,10.8732,19.7133
373.8619,192.8214,10.6261,15.2473
375.0413,193.5055,12.2274,14.2639
371.3866,191.9950,11.7518,15.7501
367.2000,191.2000,14.0000,25.2000
370.0000,193.0000,9.0000,16.0000
364.4000,191.0700,14.0000,25.4000
363.0000,191.0000,14.0000,25.5000
361.6000,190.9300,14.0000,25.6000
360.2000,190.8700,14.0000,25.7000
357.3431,192.3431,12.3137,12.3137
357.4000,190.7300,14.0000,25.9000
358.0188,192.0920,9.0075,24.9860
352.8114,194.1365,14.1773,19.3270
352.0000,191.0000,11.0000,26.0000
353.1030,191.5322,10.7839,24.0456
349.2469,191.7646,15.1862,20.2507
348.9541,191.6324,13.6718,22.4451
343.5594,193.0594,19.8812,19.8812
342.2126,191.7126,21.0749,21.0749
343.3059,190.3834,13.5133,24.3281
342.5294,189.9611,13.9612,24.2277
341.3156,189.4300,13.5688,26.1200
340.9839,189.5231,12.5472,24.6889
340.1343,189.7860,12.1814,26.6580
339.2484,189.6494,11.0532,26.6761
337.0552,188.4809,12.1746,27.9681
337.5036,192.1677,11.3979,24.6045
335.8739,192.5000,12.9722,25.3750
334.9230,192.1924,13.0739,22.1001
335.0802,192.8510,11.2845,23.5930
333.5134,195.2785,11.0032,22.6779
331.3138,196.1447,14.4674,21.8806
329.8726,195.0937,14.7949,23.1177
330.0714,194.3920,13.7672,23.3361
329.4367,194.4781,12.4266,23.3938
328.9702,192.5410,12.6297,23.6580
329.0299,192.6049,11.4452,23.7602
327.6823,192.9932,11.4904,23.9235
327.9735,192.2249,10.4280,23.4002
330.0984,191.0297,8.3581,22.1005
329.1040,188.7048,11.3119,23.3153
329.1821,191.5135,10.0108,20.7931
329.4679,192.3656,11.1742,17.4787
328.0316,191.8395,11.0268,19.8710
327.0856,195.5856,13.3288,13.3288
327.5938,196.0681,11.5823,12.7139
328.6886,194.2394,8.2429,14.2163
327.6955,197.0687,9.9289,12.0526
328.3911,197.8911,9.7178,9.7178
327.1623,195.6295,8.2053,14.9710
326.1760,196.6531,8.2830,13.9838
323.7500,195.1200,13.7500,19.5000
323.0000,195.0000,8.0000,16.0000
322.2500,195.8800,14.2500,20.5000
321.5000,196.2500,14.5000,21.0000
320.7500,196.6200,14.7500,21.5000
320.0000,197.0000,15.0000,22.0000
318.0000,197.0000,15.0000,22.0000
317.0000,197.0000,15.0000,22.0000
316.0000,197.0000,15.0000,22.0000
314.0000,197.0000,15.0000,22.0000
313.0000,197.0000,15.0000,22.0000
314.0758,194.7652,11.5985,11.2745
310.9569,195.4861,13.8961,12.9877
309.3240,194.3855,13.2020,12.4589
308.9190,194.4191,12.6619,12.6619
307.2116,193.7117,14.0767,14.0767
307.9479,193.4838,13.8642,14.7124
306.0000,193.0000,15.0000,11.0000
307.7709,195.7709,12.9583,12.9583
306.2018,193.7055,11.7564,14.7091
306.0000,193.0000,10.0000,17.0000
304.5184,192.2514,10.1081,16.1773
302.6061,195.2965,10.8878,14.1071
297.2584,193.7402,12.9832,15.0196
293.6032,198.9832,14.1185,14.6385
290.4644,200.4644,15.0712,15.0712
290.4738,200.7813,11.6324,15.4723
285.4485,199.4889,14.7130,16.8422
282.6732,199.7574,15.4236,16.4251
279.9623,198.9872,14.1254,17.9005
278.5579,200.0575,12.0642,17.8151
275.1187,198.9310,14.5726,16.9479
273.4331,201.3326,12.1338,15.3347
267.7288,201.5585,14.8525,16.2481
266.7489,199.8251,14.0421,14.4547
263.5183,196.5395,13.9534,16.6960
263.3865,198.8865,13.2270,13.2270
258.9330,198.4330,14.1339,14.1339
257.7709,198.7709,12.9583,12.9583
255.5000,196.0000,18.5000,26.0000
252.2251,197.7251,13.5499,13.5499
250.2100,195.4300,19.5000,25.7100
246.1247,196.2454,13.7505,15.5092
243.8984,196.7259,14.7783,15.1731
241.0863,195.9079,16.3323,16.7491
240.2761,195.3604,15.9428,16.6893
237.3361,195.2692,15.8178,17.2015
235.6086,193.6086,15.2829,15.2829
233.0644,192.5449,18.1012,17.3901
231.9710,193.1620,13.3580,15.6210
229.8900,192.6700,20.2200,25.0000
225.9644,193.9644,15.0712,15.0712
222.5082,194.6548,15.5337,15.4103
219.9044,190.3514,20.0462,19.9972
220.0849,191.0849,19.3303,19.3303
217.4004,189.5882,18.0942,20.8486
218.0221,192.5221,17.9558,17.9558
215.4164,191.7764,16.5821,17.4372
213.4105,190.8176,16.4440,15.8048
209.6911,191.5145,16.1777,16.1311
205.8953,190.7580,18.2094,17.4841
209.3720,191.7128,13.1159,14.4944
205.2251,192.7251,13.5499,13.5499
198.7800,192.7800,15.3300,25.0000
196.0000,193.0000,15.0000,25.0000
191.8914,190.6501,16.8722,27.9698
191.0401,192.4593,13.4498,16.1965
189.5367,195.6898,10.5466,12.2955
184.0653,192.5653,13.3693,13.3693
181.1375,193.1375,12.2250,12.2250
180.0000,194.0000,10.0000,16.0000
176.3766,195.1850,13.2838,15.9849
171.6116,195.4416,13.8969,14.9569
166.0911,192.3477,15.3833,18.9495
161.2106,192.6714,19.3988,25.3973
158.0000,193.0000,18.0000,26.0000
152.3965,193.4669,20.5830,26.1512
144.6833,194.5648,23.8279,23.7904
143.5529,195.9748,21.1218,22.2805
137.3784,194.4447,19.5511,25.9205
132.1111,192.9714,22.6117,26.6572
127.5719,193.2891,22.1637,25.9569
122.8537,194.4781,21.1105,27.8338
118.7576,193.9947,21.1473,24.4006
116.0000,194.0000,20.0000,24.0000
108.8218,194.6906,22.5964,22.9388
108.4351,193.2921,18.6592,23.5357
103.3869,196.3869,23.2261,23.2261
99.5846,195.5846,22.3307,22.3307
96.1077,194.3684,22.5375,25.3332
