262.6521,430.2611,51.7458,104.3578
270.2485,425.7765,51.3330,119.7521
283.0367,423.2099,41.1367,132.3702
290.3578,429.9002,39.9044,134.1047
303.9469,421.5937,32.5512,147.6727
306.4150,415.8600,41.7150,153.4499
316.8171,424.8344,43.9909,141.9512
331.8758,432.4879,41.4984,141.9343
336.0602,432.3221,45.3047,145.7707
352.9859,448.3741,45.7082,127.3317
360.4866,451.0789,50.5369,125.0521
366.2960,438.5907,64.6781,116.8386
388.0810,454.9693,64.3980,110.6763
395.0771,469.1665,70.4258,92.9720
420.8782,468.5724,61.9036,98.4152
436.9785,457.9362,58.4329,112.2575
456.8338,460.0076,68.3474,141.2548
476.7794,435.2221,73.2462,196.6909
491.7758,452.6510,77.6985,172.2380
492.2107,472.0034,102.0185,143.3232
487.4756,494.9969,119.7488,82.4762
488.8952,499.4647,136.0846,75.7456
539.5806,486.8312,111.6489,101.4276
530.2052,477.8803,143.3446,122.0043
543.8848,456.8445,115.8255,128.6559
552.7103,433.2183,120.1793,162.6533
570.9629,431.8423,114.0242,178.7905
577.3637,415.9308,108.6476,207.6684
597.9724,420.3771,96.7253,210.2458
600.6604,445.8790,113.5192,170.3520
584.9107,472.9801,125.7985,152.2897
595.4725,457.5941,147.7449,136.1467
596.2913,461.4122,177.9773,112.1056
631.1927,457.5109,174.3646,128.5732
683.2296,477.6983,130.5557,160.6734
695.9901,487.5743,117.4949,175.9813
713.0856,478.0856,79.4987,207.3988
721.3134,382.6469,55.5333,298.8362
694.6334,418.2678,84.6532,203.8545
709.3510,370.5577,108.4280,122.4545
709.0510,357.9275,222.2429,85.4850
678.3771,348.0763,236.4657,124.4274
701.5973,346.1127,240.1054,111.8146
726.1811,335.0863,181.4478,112.2225
723.1547,316.4055,155.9907,117.0090
702.1725,271.8697,125.4299,146.0557
729.9476,267.3745,121.7547,241.7711
723.9882,195.8322,115.0337,314.4852
743.8305,151.7807,95.4789,364.8885
698.7285,211.1437,181.6480,229.5945
697.4860,231.5588,196.4129,197.2248
680.4984,271.1023,220.4782,143.2904
646.6626,260.7570,281.1548,166.9011
624.9858,300.3224,286.3435,128.2453
676.8287,297.4121,191.9525,144.9407
666.5433,284.8963,172.7935,189.6123
695.1588,276.5281,114.4125,199.7938
701.0432,224.8611,75.7237,302.5178
681.8096,256.2067,104.5909,209.5066
651.9744,279.1881,149.1311,185.6288
672.7266,277.1696,166.9869,140.8407
587.8055,305.9976,266.8489,130.7048
582.5597,306.6936,285.7506,100.3179
614.9990,275.5553,215.5020,151.9244
652.7812,261.5737,164.1076,176.6225
685.0191,249.9268,149.8768,228.9265
717.5148,234.0188,127.3005,281.3773
722.5876,272.6295,150.5448,237.2910
738.8308,320.6678,142.4433,188.7445
739.3971,367.5474,170.6658,153.7351
732.1591,406.2654,194.0619,126.7292
722.4060,459.3033,220.7480,92.7483
724.3478,498.4894,174.4995,67.9512
776.4157,517.6356,161.8685,154.0489
763.4126,531.4735,157.0998,164.9130
797.9419,553.4726,113.2512,149.6448
779.2569,557.2527,135.0362,145.6195
775.3964,549.9316,135.7523,142.4268
789.0801,545.8070,126.8197,144.4760
786.7870,540.0995,134.7659,154.8560
804.8071,525.7835,119.2159,164.9130
810.5853,521.1117,112.5093,175.5966
816.0587,512.6121,104.5026,176.1608
826.4677,500.4557,91.9996,193.2885
820.4598,496.0774,95.9653,191.8952
819.9688,484.6303,89.6324,206.5993
813.5122,470.3066,98.5756,223.8868
808.9261,421.0906,99.2228,254.3687
819.9744,432.3352,82.9712,262.7096
826.5709,425.9871,77.2181,272.0908
830.7329,414.6656,69.9392,280.9787
832.1381,400.8448,68.0939,303.9603
832.6249,386.9161,65.7052,327.2979
835.8591,369.2704,61.2619,350.0442
836.3358,377.1186,60.1733,334.6929
835.1432,366.3196,65.1535,347.2208
838.6056,366.0464,60.3488,353.0672
837.0664,374.8127,60.2521,331.6345
839.7715,366.9539,60.6569,347.0621
843.0025,367.0162,54.8550,350.9775
843.6884,390.6002,56.0632,323.7196
843.7677,367.2591,61.9646,342.1519
848.8734,361.3384,57.1933,353.5531
850.3687,367.2113,58.3327,346.4075
849.8442,368.6395,59.2966,344.6510
851.6402,371.1518,61.0047,334.2464
853.5535,368.2480,60.3479,344.8640
852.6841,370.8816,64.6317,340.3818
854.3399,378.5128,64.5102,326.1393
854.4796,375.4412,63.5959,329.5277
856.4968,377.7562,62.2765,324.0027
856.3917,366.2098,58.5517,336.3103
853.7575,371.4938,63.5900,325.4524
853.1245,371.8160,62.6911,306.4279
849.9845,369.0664,65.2210,307.3573
850.3128,363.5273,62.3743,314.7703
848.2020,362.2749,64.8859,307.2102
845.4427,364.1412,69.5045,305.1476
