596.7047,490.6769,73.8155,83.8361
596.2950,476.9209,71.1922,80.3442
624.8286,509.0322,68.6318,76.9845
653.9672,541.5368,66.2500,74.2388
683.2912,575.1107,62.9904,72.8115
656.9275,550.3572,61.6098,67.4980
684.1234,579.9564,59.6310,63.2971
661.8406,557.8050,56.4739,60.2383
685.9630,583.1732,53.4612,59.2430
689.9526,614.0133,51.3336,56.9225
690.4702,591.8951,50.4281,56.2991
680.4037,619.7302,48.3850,54.8220
681.8749,595.0935,47.6520,51.3713
701.8649,618.0054,45.5600,50.0611
690.7228,594.4891,44.6966,47.0017
693.9750,618.9246,43.1081,44.8650
695.7156,597.7648,41.8723,42.7342
678.6326,620.4860,40.6437,44.3298
689.5114,602.0822,39.4319,45.2135
711.3257,603.7308,39.2576,44.5699
693.2981,602.3574,38.9672,42.1301
714.3250,603.8627,38.1183,42.6132
695.4519,605.3229,37.3716,40.7660
681.4571,589.6084,36.2503,39.7273
697.6930,606.5579,35.4519,36.8261
684.6577,629.4728,35.0732,35.9931
694.9348,611.2520,33.9734,34.6487
698.3353,630.1045,32.1209,33.5195
698.2266,616.9954,30.8239,34.0305
698.4028,603.3544,30.3371,33.3415
699.1502,620.3826,29.7449,32.4343
692.2557,605.7512,28.9507,30.3647
700.5551,620.8450,28.0206,29.6967
708.3626,611.2861,26.4140,30.9321
697.8737,623.9308,25.4134,29.7427
704.8179,616.3904,24.5378,30.8274
715.8927,629.1555,24.1952,28.9305
708.6230,620.5493,23.9851,28.8473
719.4454,623.2315,23.3913,28.4170
713.5473,611.1308,23.5084,27.1077
720.6976,623.9790,23.0422,25.5233
727.0056,614.0875,22.4010,25.6247
718.0720,624.6588,21.5441,24.8394
729.6275,626.9493,20.8939,24.2975
719.6924,627.7203,20.9303,22.7509
731.2490,629.1127,20.3029,22.1780
723.5074,638.3409,19.5392,21.5941
724.3161,648.7585,19.4209,21.0674
719.9233,639.2791,18.9025,20.4506
710.4609,639.5966,18.6830,19.9384
710.4586,650.0054,18.3634,19.6471
710.5324,661.2405,17.7998,19.3792
710.9608,671.1686,17.6195,17.9951
709.5010,681.2125,16.9690,17.9683
709.5090,690.5931,16.6677,17.6764
702.6976,689.6996,16.3921,17.4791
707.1786,699.2653,16.1231,17.4458
701.1699,692.2242,15.8001,17.0839
701.2853,694.1613,15.7999,17.0835
701.4266,696.2856,15.7998,17.0833
701.8450,705.0690,15.6299,16.7130
694.1783,705.7972,15.4721,16.5749
694.9675,707.5368,15.4720,16.5749
695.0094,709.4409,15.4719,16.5747
695.0241,710.4152,15.4719,16.5747
696.3092,708.4379,15.4719,16.5746
703.4042,708.0692,15.4373,16.5121
710.0236,701.6551,15.0445,16.2109
718.3379,702.4797,14.6312,15.8846
724.5858,696.2902,14.3400,15.6790
731.3044,697.4775,13.7821,15.6780
737.3964,692.6038,13.5422,15.0849
743.4218,687.1031,13.3463,14.6771
750.3415,688.0780,13.1013,14.5940
756.0876,682.5949,12.9184,14.4546
762.2124,677.7253,12.7292,14.3245
769.0339,678.8667,12.5129,14.2446
774.9695,673.9962,12.3233,14.0085
781.9078,674.1177,12.2861,13.4283
788.3920,674.7676,11.9520,13.2653
794.5628,675.7582,11.6816,13.1744
799.4966,671.3622,11.5765,12.7924
800.0262,677.7421,11.5373,12.6698
805.6516,672.6223,11.3168,12.4807
811.5754,673.5044,11.1173,12.4187
817.8384,673.4842,10.9738,12.2106
823.2143,668.6476,10.7483,12.0763
828.0573,663.2036,10.6531,11.8827
833.7139,664.2319,10.4422,11.8455
839.3417,664.9540,10.3296,11.7739
845.2283,664.8426,10.2706,11.6332
851.0466,665.4185,10.1332,11.4575
856.4367,666.2480,10.0000,11.4253
861.2291,662.3895,10.0000,11.2445
866.8536,662.4487,10.0000,11.1353
871.1695,658.7374,10.0000,10.9683
876.3323,659.4856,10.0000,10.8961
880.8383,655.6836,10.0000,10.6771
886.1795,656.4213,10.0000,10.5469
890.6454,657.2282,10.0000,10.5756
895.6306,657.9474,10.0000,10.6276
900.8958,658.7469,10.0000,10.6035
906.1212,659.4802,10.0000,10.5764
911.3262,660.0761,10.0000,10.5189
916.4708,660.6929,10.0000,10.5036
921.5031,661.3859,10.0000,10.5227
926.6728,662.0768,10.0000,10.5056
931.7552,662.7269,10.0000,10.4774
936.4703,658.3720,10.0000,10.3925
941.6022,658.9514,10.0000,10.3800
946.2876,654.5391,10.0000,10.2884
947.2196,653.3782,10.0000,10.2884
951.8553,648.7588,10.0000,10.0792
952.0343,654.1078,10.0000,10.0000
948.1176,658.5492,10.0000,10.1267
944.3831,654.4939,10.0000,10.0609
942.2319,659.3509,10.0000,10.0000
937.3875,656.1996,10.0000,10.0675
932.5754,656.7227,10.0000,10.0559
928.7950,660.9731,10.0000,10.0307
925.4904,656.4960,10.0000,10.0460
921.7953,652.4841,10.0000,10.0034
918.1434,648.4514,10.0000,10.0000
913.3090,648.9045,10.0000,10.0000
909.6750,644.9133,10.0000,10.0000
905.2913,645.2701,10.0000,10.0000
900.9104,645.5452,10.0000,10.0000
897.2787,641.5792,10.0000,10.0000
896.3850,640.4927,10.0000,10.0000
895.4938,639.3971,10.0000,10.0000
894.5469,637.9556,10.0000,10.0000
893.5342,636.6041,10.0000,10.0000
892.5564,635.2484,10.0000,10.0000
891.6597,633.5981,10.0000,10.0000
888.0478,629.3967,10.0000,10.0000
885.4465,625.0005,10.0000,10.0039
885.6406,622.9517,10.0000,10.0039
882.9804,618.5518,10.0000,10.0057
