1
168.1121,65.7991,89.3302,66.6692
131.5301,92.5949,88.9883,66.9818
110.5027,109.5701,84.4912,69.7830
85.1992,91.7919,81.7097,71.3647
76.4073,119.2790,77.6103,71.8033
60.8895,115.2078,75.7106,72.8881
65.5079,144.4314,73.4939,72.9416
65.0609,183.8996,74.3879,70.1056
108.7577,154.2709,78.0038,67.9315
136.3005,148.6674,80.3388,67.6544
170.3943,128.4518,82.0051,68.5017
210.2243,127.6522,78.1145,72.4688
245.6330,130.3514,76.0554,76.5543
264.1505,135.9917,77.4733,77.2901
291.2309,133.2409,81.8057,75.4801
301.7320,132.8997,83.0914,78.6389
305.5740,142.1761,83.0474,80.4597
306.6752,132.7050,80.8450,83.9528
337.1298,134.1882,79.6239,86.1767
364.7106,143.2707,81.8937,86.2852
372.9864,147.2658,83.8799,83.5916
382.6352,184.5058,80.4063,88.2319
381.9714,166.9710,79.0788,86.1316
382.7050,164.6148,77.6118,85.6415
373.2397,146.0943,78.5515,84.1304
354.9756,135.4064,76.6563,82.4523
325.9857,124.5544,74.5106,81.6093
290.7827,123.6963,73.6363,80.8676
275.5596,125.3991,74.8928,79.8945
273.7074,128.1097,73.7228,79.3478
263.9631,139.8103,73.9300,75.2278
244.5433,142.4057,75.1870,70.0370
227.2036,142.6497,73.2803,69.5491
210.7352,139.0221,70.2317,70.0570
197.6537,132.2578,67.6742,70.3299
168.1100,132.6533,68.0854,69.5389
158.7001,133.0650,69.5668,66.5482
160.7882,133.3862,67.5340,65.9059
155.4378,130.2408,67.7280,65.8925
177.4732,119.2012,65.7414,64.8254
148.1422,130.9049,62.7186,68.1481
146.5184,161.1722,63.9058,65.3061
2
0
0
0
0
1
316.3903,147.5842,42.6518,45.7585
315.2286,144.5348,44.9752,43.5047
313.1804,146.5746,46.2849,40.8184
325.0567,142.4374,44.4688,40.8667
324.6173,163.9534,44.0040,40.8288
326.2223,184.6277,42.1297,42.2231
2
0
0
0
0
1
335.4330,153.4605,37.6089,39.9542
331.8366,153.8072,36.2526,40.4821
330.1935,170.1233,35.9150,39.2570
314.6096,156.9915,35.1277,39.4832
312.6408,174.1495,35.5418,38.0525
314.1279,158.3360,34.8852,38.3920
313.4290,175.6761,35.1294,37.1674
330.9698,163.2550,34.2003,38.1028
328.7332,180.8782,32.9825,38.1410
340.3517,188.1019,32.1319,38.2447
331.5146,172.2447,30.9829,38.9563
318.0294,160.2331,30.4629,38.7878
316.2302,174.8116,30.7955,36.8457
314.8231,198.4692,31.4814,35.2890
2
0
0
0
0
1
281.8013,171.6432,26.5834,45.0628
261.6642,174.9648,26.5785,45.1327
248.2084,167.8237,27.7342,43.7375
243.0810,164.9744,27.9229,43.8437
246.6690,162.0234,28.6092,43.0065
244.5849,178.8918,29.4111,40.6884
243.1524,196.2614,30.0755,38.9597
2
0
0
0
0
1
344.4821,154.0010,45.7308,39.8892
344.9814,173.6828,44.7323,39.6049
344.1115,192.2055,43.8169,39.7304
2
0
0
0
0
1
338.6149,185.0219,43.6996,59.3157
2
0
0
0
0
1
166.7704,199.5654,41.4846,65.4654
165.7865,203.9481,43.4523,68.4155
158.5090,229.1569,45.7525,63.5160
153.6524,257.0989,46.8903,60.7991
2
0
0
0
0
1
309.4230,207.2871,58.4294,63.6956
296.6896,215.2825,55.0545,65.0097
332.0984,214.4715,50.3570,68.5208
339.9305,197.5700,49.6257,68.7246
348.4160,182.0561,49.3742,66.3137
346.1465,211.2538,50.2793,64.2443
344.7213,241.9773,51.3296,62.2028
2
0
0
0
0
1
326.2570,201.7296,26.4016,64.9658
335.5045,207.7970,23.3776,68.3019
349.4661,192.3355,22.0500,69.8298
355.4708,203.7465,21.2178,70.7596
368.5732,244.7044,21.5170,69.7506
2
0
0
0
0
1
272.9683,156.7665,53.0288,67.3713
288.8645,152.5768,49.6268,68.1799
302.2377,148.5510,46.9235,70.6831
288.5092,147.1825,46.7416,67.8924
2
0
0
0
0
1
280.3976,153.6843,37.6320,47.9843
280.0706,174.3293,38.2859,47.0689
2
0
0
0
0
1
379.3189,171.8067,60.8922,50.8416
376.1718,191.9539,61.9131,49.2189
368.5518,178.9789,63.1749,50.7073
371.6711,173.4106,64.0992,52.8903
365.0158,171.6354,64.5282,54.6005
360.1587,170.3426,64.8704,57.1861
361.9031,173.3140,67.1450,58.9281
368.6331,172.7252,69.5599,60.1058
364.0367,165.8965,66.5090,63.5600
356.4530,144.1436,63.2427,62.0054
358.5663,170.5432,62.9608,58.5160
362.2013,194.1169,61.4289,57.2733
399.5037,200.6122,59.7166,57.3659
