567.8414,594.2666,36.5271,117.2868
558.0915,582.7936,43.6070,106.6328
562.6095,567.5690,42.2010,113.4369
569.6511,553.4217,38.9179,121.2666
568.6983,541.3245,41.4434,113.5410
565.8401,525.2591,42.5347,111.2018
563.1414,512.2729,40.1371,110.3543
565.1417,500.2906,41.3066,109.1388
564.5900,484.1646,39.8100,112.6907
564.3737,468.6130,37.9027,110.4040
564.8397,460.2796,43.1555,81.8758
571.7979,441.7771,33.5443,119.4159
568.3748,437.9529,39.2505,105.0342
567.6972,431.2529,40.6156,102.7943
570.3748,416.6205,39.3404,100.8940
562.0761,406.4968,43.7228,93.3965
561.4295,394.8207,40.2959,98.5635
564.5370,384.0342,35.5560,102.5816
575.4822,383.0743,36.7055,99.1413
587.9892,381.3475,35.9166,107.0649
597.4459,380.3869,36.5282,112.3062
606.1823,376.7987,35.0154,114.5927
608.1029,371.9767,33.6142,117.8566
596.5093,368.8315,30.7663,119.4870
566.8491,355.4424,31.9417,110.7451
556.8840,353.7985,29.7219,100.8130
558.9250,347.1105,28.2201,123.0790
566.7300,349.5639,26.3100,123.2972
570.7160,356.8727,33.2680,111.1845
586.2902,360.5344,33.7747,103.7062
600.1891,368.7296,31.1068,107.5309
618.0548,384.1495,35.8104,106.3311
630.9636,393.1418,37.8079,108.6563
634.2449,401.3896,39.5201,105.5757
625.1553,405.7568,37.8993,103.3514
624.0373,392.6911,35.4454,116.9878
615.8633,395.0392,38.8034,103.2166
624.2869,379.7191,26.7863,125.8519
624.2320,376.2467,31.1210,124.6966
626.7631,369.4032,32.1638,126.8786
625.2863,368.3903,34.9724,111.5894
625.2791,361.0334,37.5118,104.5582
623.6450,354.4744,40.3851,100.1113
622.4489,349.6648,41.2372,97.6654
620.6880,342.9533,42.5990,102.9235
622.2225,334.6025,41.4749,108.1151
626.2123,322.7525,34.8854,126.0201
619.7544,329.5192,43.0812,114.7516
620.1957,322.3327,38.0985,116.4296
616.7485,324.0831,40.2729,123.7887
614.5599,320.3127,40.1001,126.8795
612.6673,312.2112,36.3354,142.8075
608.3956,314.4629,39.3738,141.5692
604.9073,317.9278,39.0903,143.4144
599.1697,326.4121,40.7306,146.3357
592.1725,335.6827,42.0199,126.1097
585.1443,342.3007,41.0713,146.5936
580.8188,348.5393,42.3274,150.3014
578.6956,351.0723,41.5288,153.3504
571.8192,358.4085,47.0716,136.2130
566.5544,359.2791,53.0962,135.5417
569.3503,351.0829,50.3843,153.5743
567.4556,354.6840,53.4837,150.2120
565.5094,353.9374,55.3062,154.6351
568.1122,351.7075,52.0956,163.4000
567.9062,350.8379,53.1376,166.0143
569.9697,348.8716,51.7155,171.6518
564.1918,355.5689,56.4764,157.6521
562.9487,352.9163,56.6026,160.4274
572.9354,335.8162,46.1291,185.6977
573.5739,328.6700,44.6323,183.4950
570.6283,324.1829,47.8934,196.3642
569.4414,318.6982,49.0422,191.2336
568.1194,313.1649,49.1611,190.2352
566.5386,310.4127,51.0728,184.0046
566.4841,305.5240,50.6618,187.9270
564.7385,308.7594,52.3731,187.4212
561.9696,311.1539,55.1158,185.5121
561.1086,312.1183,55.6627,198.5833
556.0640,313.4457,60.6420,197.3235
558.8506,304.0029,52.2838,220.4742
557.7979,306.2794,52.3392,223.1812
552.9084,310.1179,61.3231,219.1343
556.1996,306.4440,54.2307,232.2921
555.1287,306.9291,57.1826,238.7719
557.2637,303.0367,58.7775,244.0166
556.6397,301.3824,57.7506,237.3051
559.4656,300.3285,56.6539,238.3530
561.9367,300.3031,56.1066,245.9337
563.9506,302.5486,56.1237,234.7528
562.0149,307.7802,60.1602,234.5597
561.8581,311.2438,61.3638,238.6525
559.4576,312.7604,65.3397,239.6391
563.2147,301.3829,62.9806,265.8341
564.0118,302.8321,65.6913,265.2657
564.0071,301.3287,64.7759,276.5876
563.5616,303.7291,65.3968,270.1518
561.1260,299.1851,69.4179,274.7198
561.1749,291.9890,71.0051,285.5220
560.0834,291.4739,71.3782,278.3822
560.2982,288.3748,71.3336,292.9405
559.6911,286.5678,74.2878,290.8044
559.5651,286.0137,73.5797,271.0725
560.5624,279.4209,74.5152,276.7983
561.6951,282.3293,74.6797,281.7763
563.7431,276.4325,75.3237,290.1451
564.4427,271.9545,75.6445,306.3911
563.4576,272.8597,79.9697,307.0705
567.7852,267.0718,76.5297,329.0414
570.3763,270.1108,73.9273,336.8033
569.1501,270.0251,77.9397,342.9499
572.1595,273.0031,77.1010,345.5889
570.6417,284.8493,80.0466,315.8914
574.6877,277.6382,75.0645,365.6435
574.9864,279.1588,76.8322,357.2623
572.0961,286.8869,82.5877,316.1413
574.5620,283.2759,81.1560,335.7882
575.7307,271.5106,82.5386,353.6489
577.1620,264.7140,83.3109,370.1971
576.6833,264.9890,86.4833,378.7569
576.6665,263.3034,88.1620,394.2282
580.5159,262.7339,86.4432,397.0273
578.0813,264.1196,90.1474,383.2358
570.2606,252.6809,89.2689,409.0032
552.4185,259.3272,87.6029,405.6055
525.5096,263.5902,87.5208,410.9745
484.9154,267.7942,97.1792,403.1117
419.1367,253.6148,88.3566,370.1104
354.3644,254.2248,81.8013,381.4555
292.3553,312.9196,76.8145,371.8858
228.5419,401.8926,72.0813,352.6547
