150.6716,68.4399,44.4267,56.7396
150.9914,70.8451,41.7548,58.2999
159.3968,78.8919,40.1093,58.5310
154.6934,69.3082,36.5799,58.3863
156.0373,70.7965,33.9850,57.8618
157.2011,72.4864,32.2993,56.0796
157.6855,73.8757,31.0706,53.8555
158.0007,73.0690,29.9322,52.0618
158.2569,73.8814,28.9080,51.0425
156.4133,72.4653,28.8570,50.2360
161.9251,73.4246,28.2765,49.8902
159.7227,65.8406,27.2165,49.7203
163.7319,68.4082,26.4354,48.4965
167.8276,67.6714,26.2830,47.4566
171.7734,63.9337,25.8986,46.9941
177.6757,65.8450,26.1771,46.3966
178.8826,63.2646,26.3386,46.0565
182.6012,64.9278,26.5779,45.8555
195.8501,76.8803,27.1552,45.1169
207.1425,86.4752,27.2832,45.0366
209.8295,93.6178,27.3013,45.0189
202.2091,92.5326,27.3080,45.0096
209.0151,100.5342,27.3715,44.8978
205.8341,101.7348,27.3838,44.8720
215.7528,111.0156,27.3871,44.8683
217.4963,105.2968,27.3923,44.8640
218.2997,104.3170,27.4260,44.8140
225.3613,104.2983,27.4273,44.8131
230.2640,108.9401,27.4282,44.8123
238.9593,117.7438,27.7111,44.6016
235.2427,109.1849,28.1138,44.2766
246.0145,121.4357,28.5212,43.8642
253.1501,126.2990,28.5402,43.8418
252.5424,125.6489,28.7792,43.5815
252.7127,123.7566,28.9992,43.2971
250.1756,124.3671,29.0520,43.2342
246.9177,122.6846,29.0623,43.2225
237.3253,115.8171,29.0659,43.2171
232.8204,118.2930,29.0684,43.2144
247.6423,129.9123,28.9996,42.5124
254.2797,130.8089,29.2272,42.3522
256.2802,150.3086,29.7032,41.5034
258.8164,163.2581,29.2612,42.9341
244.0404,151.6343,30.1960,42.0469
229.0986,132.3916,32.1521,40.2909
237.7991,122.1502,32.3234,40.2787
232.8867,124.2429,33.3587,39.4918
232.0127,119.5927,34.1643,38.9887
225.9626,118.1621,35.0704,38.2464
208.0558,114.8978,35.4542,38.2060
195.0390,111.1723,35.3134,38.0901
192.3915,110.2547,35.5533,37.6426
204.4596,108.2316,35.5441,37.6466
192.8107,110.3517,34.5803,38.3479
192.1530,109.8485,34.5943,37.5473
191.9109,108.6471,34.3755,37.4014
183.4129,109.0525,34.0061,37.8390
164.9876,107.1127,33.5679,38.7130
154.0161,119.9460,33.0324,39.0647
141.4530,133.2879,31.8916,40.0959
123.2433,135.6313,32.1220,40.5976
141.0852,138.3272,31.5015,40.4483
141.5887,157.5558,30.7533,40.7914
156.3351,144.2828,29.9575,39.9304
158.0640,150.1234,29.9584,39.9295
168.7720,160.4581,29.9589,39.9289
180.1205,161.9592,31.2941,38.9341
175.2807,162.6368,32.1185,38.3114
186.5408,163.4138,32.9066,37.6744
189.7413,163.7526,33.3630,37.2231
199.5827,163.3623,33.6295,38.1531
209.1757,161.8441,33.8207,39.1174
225.3734,162.9017,33.7005,39.6387
243.6964,164.6136,33.0926,40.5811
261.2166,157.3563,33.3453,41.4379
277.0119,155.3271,33.7394,41.9172
268.0996,142.0646,33.7340,41.9192
269.9226,143.1917,33.7341,41.9191
272.3242,144.6690,33.7341,41.9191
275.1909,154.0247,33.7339,41.9196
272.0216,150.4565,33.7261,41.9273
278.0211,167.4480,33.7030,41.9531
265.3296,158.5844,32.3795,44.5780
265.6377,175.4245,32.2556,45.0076
259.8358,151.6858,32.1319,45.2762
252.0183,162.0004,32.1332,45.3111
242.3915,148.1824,32.6436,45.4499
238.0813,144.1127,33.7456,44.6110
223.7636,129.2009,34.5569,43.5968
225.7471,124.2114,34.6702,43.5501
208.8002,118.6714,36.6185,41.6733
195.4873,134.3549,35.7728,41.9198
190.2367,111.8342,35.8862,40.0078
190.4460,119.5197,35.3661,39.1743
186.3735,109.0502,34.2829,39.8757
194.4492,114.1277,33.9488,38.8320
201.8394,121.6353,33.9507,38.8277
215.3968,135.1383,33.9508,38.8278
202.7489,122.7187,33.9493,38.8260
203.2097,126.2849,33.9489,38.8247
206.0132,130.5915,33.9468,38.8233
208.5886,133.6349,33.9411,38.8214
213.8828,133.4823,34.1037,38.7899
220.0839,133.6422,34.1155,38.7878
215.0872,127.5925,34.2262,38.7962
220.3469,136.6656,34.2262,38.7962
218.0469,134.1395,34.2262,38.7962
225.2057,139.6994,34.2263,38.7962
239.7689,137.4547,34.2265,38.7960
247.3134,140.3743,34.2381,38.7786
254.8811,134.9951,34.2666,38.7426
253.2012,141.5026,34.2956,38.7065
262.9940,150.9621,34.2973,38.7052
252.0240,143.1379,34.2962,38.7054
261.0348,150.6511,34.3003,38.7013
263.0621,149.9256,34.3002,38.7013
269.8595,153.8508,34.3002,38.7013
267.0007,153.3779,34.3002,38.7013
266.7868,149.2777,34.2998,38.7016
269.5608,153.2937,34.2997,38.7019
277.0356,167.2331,34.1686,38.8386
278.9948,181.5379,34.1634,38.8440
296.8947,184.2163,33.1890,39.9366
279.3243,185.8029,32.4268,40.8794
265.4199,173.7094,31.6496,41.6897
251.1558,162.2894,31.9762,41.1240
242.6856,147.7649,32.3314,41.4642
225.2112,149.2834,32.4187,41.3556
242.9835,152.2692,33.2089,41.4856
228.8982,141.0147,32.1900,41.7105
212.6742,138.8356,33.1677,40.8061
200.0744,116.3177,33.0847,40.7069
197.2548,122.3586,32.7607,39.6499
196.7251,116.4193,32.4115,40.5119
192.8361,127.9781,32.1212,40.8343
192.9748,125.6974,32.1176,40.8352
193.0666,131.6364,32.1158,40.8362
196.6634,123.2162,32.1152,40.8367
202.5166,129.5844,31.7456,41.0979
202.9881,147.7832,31.6201,41.4126
202.1727,167.2088,31.7872,40.3767
216.0774,169.0610,32.0147,40.9040
228.7481,169.3931,32.7771,40.5369
241.2634,185.1240,32.7771,40.5371
260.4579,187.4760,32.7844,40.6925
279.2099,189.6742,32.4907,40.4224
297.1894,190.8358,32.2702,40.3981
303.8869,192.1194,32.2261,39.9812
303.8870,199.2349,32.2261,39.9812
304.2663,199.9465,31.4673,40.8633
304.5461,200.8039,30.9078,41.4894
304.7671,201.6177,30.4658,41.9299
304.9214,202.4853,30.1572,42.1800
305.0490,203.1002,29.9019,42.2929
305.0480,203.9962,29.9039,42.3192
305.0440,205.1160,29.9119,42.2694
305.0719,206.0741,29.8562,42.2356
305.1156,206.8666,29.7688,42.2742
305.1516,207.9450,29.6968,42.2038
305.0165,194.8227,29.9669,41.3873
295.2884,179.5180,30.0890,41.1281
281.2202,181.9154,29.6697,41.1522
283.9660,165.5320,28.9937,39.7258
275.9517,151.4522,28.2319,40.5893
258.9059,150.0596,29.5099,39.7375
272.7559,139.1275,29.7035,38.9041
256.9825,137.7771,30.8403,37.8146
263.5077,121.9384,32.5236,36.5921
249.7861,130.7601,33.4932,35.9417
263.7571,119.9362,33.6262,35.1974
252.3326,128.1808,33.5856,35.4272
265.2179,120.2269,33.7813,34.3959
267.2730,121.6248,34.6547,33.9059
281.7586,122.7468,34.2619,33.9531
294.3944,136.6892,33.2706,34.4202
303.8977,138.1290,32.2046,35.0636
304.3550,136.9657,31.2899,35.7606
299.3782,136.6403,31.2827,35.7578
304.7859,137.3019,30.4281,36.4253
300.3151,136.0454,30.4191,36.4202
298.3806,140.2180,30.4185,36.4185
305.0794,141.5046,29.8413,36.6661
305.4154,141.4620,29.1692,37.1907
305.6472,141.6587,28.7056,37.5648
305.8338,141.8531,28.3325,37.7946
305.8349,129.2823,28.3302,37.1342
305.8349,145.7319,28.3302,37.1341
306.1408,130.3454,27.7183,36.1835
291.8526,132.5411,26.9683,36.4599
282.1465,121.7738,26.7582,35.7782
266.7161,126.1598,27.6894,34.6367
250.3899,122.0755,28.4765,33.9173
261.2185,135.0754,28.8945,33.1778
248.6766,121.4672,27.8337,34.4776
237.3151,123.8398,29.1215,33.6967
229.7984,123.3268,30.3650,32.7042
217.8964,121.9717,31.6689,31.9432
201.9854,121.0191,31.2145,31.9907
195.9061,119.8534,31.2746,32.2092
194.5131,117.6829,31.2965,32.5251
194.1961,116.2482,31.2111,32.7827
195.6375,114.9811,31.2309,32.9931
191.7960,113.4804,31.2517,33.1040
195.2470,113.0523,31.2373,33.4924
191.3721,111.8255,31.0663,33.5273
186.2527,122.2204,31.0390,33.5510
182.0278,129.0527,31.0368,33.5506
189.2002,125.1660,31.0354,33.5511
182.7562,132.3943,31.0345,33.5500
188.3780,126.4363,31.0304,33.5524
184.2333,138.6980,31.0261,33.5555
187.4237,141.3094,31.0255,33.5566
191.3073,139.6201,31.0247,33.5583
195.8031,128.3969,30.9959,33.6159
198.0429,117.1852,30.1531,34.7036
198.7800,123.6233,29.2855,34.9722
200.0827,123.7147,28.6182,36.7230
200.8044,120.6737,28.2094,38.1091
201.0051,121.0097,28.0321,38.8688
201.0258,123.4588,27.9722,38.5433
201.5632,118.1632,27.7733,39.5630
202.6238,130.4483,27.3317,39.4012
202.7221,117.8750,27.3743,39.9235
203.4581,126.1366,27.2575,38.8864
203.7650,118.6606,27.6046,38.7839
202.8210,121.0115,27.2040,38.0928
203.8282,122.8698,27.0566,38.1631
203.1502,122.0411,26.6810,38.3233
203.8284,123.7737,26.8881,37.8811
204.8389,124.6114,27.2390,37.5622
203.3544,121.4657,26.9202,37.4941
204.0174,122.8463,26.8143,36.6644
204.0620,122.9570,26.8708,36.7912
203.2701,123.2994,26.7124,37.2680
203.7127,121.8939,26.9714,37.1845
204.1313,125.2160,26.8161,36.6720
204.4571,121.1123,27.1062,37.2155
205.4745,123.6113,27.0689,36.6870
205.0691,120.7175,26.4249,37.6040
206.3927,128.4190,26.2232,37.2991
206.1840,123.9110,25.7971,38.8525
210.3699,126.3135,25.5271,38.5724
210.6763,125.6158,25.4946,38.6538
215.1851,134.1434,25.3920,38.6905
223.9225,142.6008,25.4824,38.5821
233.6298,147.2409,25.5005,38.5739
242.2156,164.0331,25.5024,38.5803
255.3145,178.9053,25.2567,38.0772
243.8356,168.4792,25.3375,37.6263
227.4306,170.9555,25.2955,37.2910
240.7991,160.3111,25.5907,36.4382
225.8212,162.6870,25.6386,36.3315
210.6399,164.7409,26.0176,36.3287
196.3047,165.4613,26.4882,36.1338
204.2071,153.3835,26.3901,35.6154
193.5536,166.3109,26.2124,35.0434
182.0899,157.1172,25.3657,35.5585
196.0586,169.4071,25.5098,35.0974
185.4588,160.2008,25.0416,35.7103
195.9559,161.6043,25.4917,35.4505
184.1305,152.6682,25.1899,35.2697
194.5722,165.8122,25.2086,35.2651
196.0040,154.3253,24.8177,35.0150
197.0948,169.7590,24.8538,34.7679
197.1558,158.1333,24.6636,34.6227
207.9355,171.7722,24.3954,34.2749
196.1933,163.6018,24.4015,34.5919
