1
197.5545,23.9664,69.0153,82.0293
199.2936,23.5486,65.6806,82.7747
199.8433,23.9876,63.7763,82.3292
199.9287,23.6810,62.7079,82.2840
200.2536,24.3001,61.9790,81.6811
199.5837,24.3821,61.0294,81.3059
200.0988,24.8152,60.3391,80.8696
199.7535,25.8271,60.1660,80.2404
199.0839,26.2347,59.5953,80.1503
198.8613,27.2824,58.7741,80.5136
198.5276,29.0379,57.5643,80.5020
197.5593,29.4352,55.9368,81.4753
196.1971,31.7537,55.8624,80.7738
195.1078,33.5648,56.2669,80.4819
194.5726,34.7684,56.6286,79.7330
193.8074,35.2052,56.4736,79.5099
193.6492,37.7480,56.1053,79.5940
192.1758,38.6506,55.7738,79.5280
192.2565,41.0360,55.6833,78.8678
193.5858,40.3343,54.6264,77.8156
193.5408,45.2279,53.4727,77.6888
189.0072,51.8056,61.4155,68.5085
186.6664,55.4679,65.1974,63.6268
185.5527,57.9265,67.1987,60.6986
184.5968,59.3124,67.9323,59.7128
184.7011,59.3536,68.0587,59.6623
186.2325,58.9705,67.3565,60.1852
187.2601,59.3365,67.0176,60.0865
189.3178,59.8175,65.7318,60.1804
191.8127,60.4605,64.6581,60.8079
192.5907,60.2532,63.3288,61.3855
193.3127,60.0068,62.7886,60.8958
195.1563,59.9898,62.3481,59.9760
196.0526,61.3957,62.1569,58.6881
198.4809,60.8845,60.9136,58.9569
201.0858,59.6381,60.0387,60.0618
203.2182,58.4650,59.6262,60.5563
204.6068,60.1114,59.7313,59.1660
212.1463,54.2897,58.8463,58.3652
212.7986,55.6628,57.1073,58.9446
213.0619,52.5107,57.2685,57.2274
214.7969,58.5847,56.1405,58.4653
217.1007,53.1908,56.0512,57.0248
221.2747,53.2289,54.7937,57.1162
230.9687,53.4402,48.2418,62.0973
226.5009,50.0243,49.6328,59.1048
228.1759,51.2958,48.9342,58.4525
228.0786,50.9998,47.4293,58.4284
229.2526,50.3731,46.5405,58.7845
229.3437,48.7972,42.6890,62.1730
222.8894,43.1185,44.5822,59.4955
214.9778,38.8178,47.1890,56.5662
222.1923,44.4812,44.1711,58.7903
215.9600,40.6732,45.6525,56.0715
210.7802,41.7800,47.1395,53.9102
190.3383,20.5239,46.7829,50.9470
190.0851,23.2540,46.3364,48.9488
193.3009,15.0407,40.9392,54.5093
193.1441,25.3653,42.9052,50.0569
192.0989,28.7113,43.6379,47.3330
205.8272,58.9713,44.2525,48.9023
207.8542,52.6871,43.8270,49.0001
190.2793,31.0585,44.2432,47.5323
184.8247,60.8897,44.7249,47.9364
185.1258,86.4730,44.1280,47.5256
185.0987,86.7434,44.1353,47.5162
183.8367,86.3707,44.2244,47.4205
181.7544,85.9159,44.2713,47.3629
178.5030,85.8695,44.3058,47.3209
174.7957,92.2176,44.4509,47.1397
172.0562,92.3231,44.4971,47.0851
169.6239,92.1660,44.5066,47.0747
166.2125,92.2747,44.5145,47.0654
162.6431,92.1721,44.5195,47.0599
159.0000,91.3756,44.5475,47.0311
167.3671,91.4531,45.0007,46.6318
172.5462,91.5649,45.0331,46.5834
172.0996,92.5671,45.0507,46.5498
170.9339,93.5042,45.0751,46.5063
170.8975,94.5868,45.0842,46.4808
171.1489,94.3270,45.0856,46.4705
171.9665,93.5038,45.0854,46.4675
172.3205,93.8253,45.0844,46.4659
172.1899,93.2171,45.0824,46.4642
171.4580,92.4737,45.0808,46.4619
171.1973,91.0326,45.0808,46.4613
171.7588,90.5672,45.0809,46.4601
173.6250,90.2337,45.0810,46.4597
175.7610,90.5207,45.0814,46.4583
176.4472,91.9265,45.0823,46.4567
177.3627,92.9695,45.0838,46.4546
177.4423,93.3464,45.0871,46.4511
177.5206,93.7766,45.0938,46.4439
177.8186,94.3955,45.1121,46.4228
178.8522,94.8293,45.1248,46.4069
179.1604,95.3188,45.1320,46.3967
167.1982,113.4844,46.3077,45.1441
164.0833,113.9040,46.6680,44.7312
161.9991,114.3901,46.8499,44.5276
163.9258,114.9765,47.5569,43.7500
161.5918,115.7623,47.6898,43.5958
163.5480,116.5282,47.8762,43.3889
161.9926,117.8173,48.0402,43.2296
161.6426,119.1607,48.0966,43.1697
161.7000,120.5628,48.1357,43.1267
162.2037,121.9803,48.1532,43.1093
162.8223,122.2997,48.1616,43.1001
163.4270,122.4042,48.1652,43.0957
163.7256,123.3646,48.1653,43.0955
143.2002,145.5265,48.9984,42.8714
142.4665,144.6677,49.0051,42.8658
141.0093,137.4125,49.0569,42.8332
138.9818,137.2160,49.1029,42.7973
137.4827,130.1657,49.0942,42.8955
138.1921,122.5925,49.0534,44.7896
142.8776,127.1452,49.1416,44.8607
159.7635,130.4604,49.0949,44.7648
201.5222,94.6153,49.8670,44.7531
203.8945,94.9942,49.8621,44.6873
207.6941,93.2266,49.8696,44.6893
173.9921,68.3069,49.4213,44.8775
168.6942,102.9447,50.6614,46.7181
170.8313,102.0212,50.6618,46.7181
171.9676,102.8777,50.6626,46.7173
170.4933,101.3567,50.6625,46.7174
169.1581,100.2429,50.6625,46.7174
167.4032,100.0405,50.6623,46.7173
178.2329,57.6310,49.6713,46.8560
190.2311,35.5582,49.1541,46.0691
184.3930,71.5858,51.2524,48.4608
182.0972,72.0663,51.2277,48.4751
178.2444,63.8771,51.2178,48.4471
176.7384,62.0277,51.2261,48.4194
173.9224,61.4516,51.2252,48.3979
2
0
0
0
0
1
240.9341,61.0025,35.2562,89.4934
241.2916,62.9544,35.3358,85.7005
241.6566,66.4486,35.3077,81.6654
240.6396,67.5407,34.0334,79.9904
239.4556,70.0539,33.2708,77.8599
238.9189,71.4984,31.8124,76.5972
238.3545,73.4323,31.0191,74.6014
237.5489,76.6763,31.4482,70.4090
236.2161,83.8236,30.9272,68.1299
234.6867,87.9249,29.7736,68.2334
233.9335,90.7050,29.1841,66.3368
223.7639,113.5867,35.9532,58.2535
227.1970,107.3982,37.1948,56.3025
222.8931,98.2872,35.0033,57.6630
218.8426,125.0752,38.2751,52.8045
223.2544,126.0112,38.3312,52.6384
227.7126,137.2248,38.3035,52.3303
233.0496,151.6120,36.9548,53.5795
219.4660,135.2406,37.2271,53.0517
223.1684,135.1067,37.3056,52.8232
220.7420,137.6497,38.3371,51.1707
225.9444,143.6548,38.2295,50.4494
224.3862,144.8714,38.3688,49.8666
222.4989,145.2928,38.7354,49.2390
220.7183,145.4337,39.5014,49.0230
225.9692,145.1561,39.3634,49.0535
225.5582,146.2452,39.0074,48.9022
224.4994,148.4397,38.7859,48.4311
222.1312,148.8366,38.7849,48.0180
228.1449,148.9158,38.2280,48.3063
226.6397,148.6949,37.8610,48.7138
223.5213,145.5415,37.8714,48.1494
221.8286,146.3015,38.0478,47.8235
227.5410,146.9260,37.9266,47.6563
239.0339,162.1421,35.8113,49.5281
238.7669,163.5099,35.8013,49.5333
238.0009,165.8272,35.8052,49.5230
237.2500,166.8201,35.8058,49.5219
236.2071,167.0988,35.8061,49.5212
235.5256,167.4226,35.8064,49.5207
234.9357,167.0317,35.8067,49.5201
234.9043,167.0386,35.8069,49.5197
2
0
0
0
0
1
164.3838,108.1120,58.7496,74.2464
164.0873,102.9686,57.6327,74.7883
162.7382,99.0731,57.6275,73.3726
160.4794,96.7145,58.6365,70.8506
157.7105,94.6566,58.9365,69.0121
155.3389,92.4945,58.3070,68.5150
188.2938,110.0161,54.4069,72.1482
151.9946,87.6410,54.9313,70.7460
183.6086,104.6039,51.8208,73.1672
182.4538,103.1228,50.7850,73.4211
181.1582,101.4889,50.5484,73.4619
178.4463,99.2517,50.5529,73.4439
176.5095,95.9756,50.5579,73.4229
106.1261,57.9426,56.3222,67.9510
108.9815,50.8891,56.7141,67.2962
99.9186,76.8670,60.7855,63.3485
101.1990,73.8795,60.7864,63.3456
101.4337,70.6214,60.7858,63.3443
101.2790,67.5310,60.7849,63.3445
101.4466,64.9488,60.7841,63.3439
106.7888,64.9815,60.7664,63.3191
106.2947,62.8911,60.7697,63.3052
104.7175,61.4250,60.7733,63.2809
104.4574,58.9024,60.7757,63.2707
104.8468,55.8665,60.7800,63.2617
105.9273,52.2544,60.7811,63.2574
105.1352,49.8829,60.7819,63.2536
92.8133,82.7639,59.8104,63.4335
93.1675,83.1706,59.8104,63.4334
93.4238,87.1180,59.8105,63.4333
94.1823,88.6741,59.8106,63.4331
93.0256,89.8271,59.8107,63.4330
91.5563,92.4480,59.8107,63.4329
90.9042,93.3610,59.8108,63.4328
89.6132,93.9134,59.8109,63.4326
88.8312,94.2065,59.8111,63.4324
88.7786,94.3750,59.8111,63.4323
87.7622,94.2682,59.8112,63.4321
87.3403,95.3474,59.8113,63.4318
87.8974,96.5634,59.8113,63.4317
87.6686,96.3748,59.8114,63.4313
88.5820,97.6341,59.8115,63.4309
87.7170,97.7005,59.8117,63.4302
86.5533,97.6429,59.8118,63.4280
85.1648,97.7634,59.8126,63.4240
84.2823,99.4568,59.8136,63.4184
85.3003,100.0673,59.8138,63.4163
87.2784,99.6995,59.8137,63.4128
87.9379,99.5640,59.8140,63.4114
89.4436,99.9603,59.8143,63.4102
91.3284,100.1790,59.8150,63.4082
93.6893,98.4167,59.8153,63.4050
94.3741,97.5272,59.8157,63.4033
95.3549,95.0412,59.8159,63.4024
96.1812,91.2737,59.8160,63.4019
96.7740,88.8880,59.8164,63.4013
97.5927,87.8440,59.8170,63.4004
98.8695,87.4606,59.8207,63.3947
89.5817,75.3280,59.5470,63.5856
89.9324,78.0486,56.9621,65.7413
89.6708,74.6974,56.0616,66.2889
137.6818,88.7570,58.6544,63.9720
135.1543,104.0294,59.7370,62.6237
140.6303,94.0848,59.7567,62.5017
146.2370,99.4940,59.8193,62.3563
143.7448,95.8756,59.8232,62.3474
143.4510,95.2425,59.8307,62.3387
146.0562,95.0245,59.8358,62.3330
149.5950,94.9039,59.8430,62.3254
153.6708,95.8066,59.8940,62.2686
157.6638,96.8013,59.9853,62.1655
161.6211,112.5524,60.8325,61.1558
161.7767,111.7623,60.9165,61.0533
164.2798,111.2538,61.0300,60.9257
157.6603,140.5320,60.8499,60.5970
158.1884,143.2879,60.8517,60.5934
159.3927,146.6092,60.8522,60.5921
160.5839,149.4478,60.8523,60.5920
162.0473,151.3612,60.8523,60.5918
162.8817,152.6528,60.8523,60.5917
163.2193,153.5526,60.8522,60.5915
163.2170,154.4416,60.8521,60.5911
163.9294,156.5888,60.8521,60.5908
163.8556,157.1692,60.8520,60.5907
164.2196,158.2303,60.8520,60.5907
197.3507,120.1822,52.0995,66.3356
202.5841,126.1857,53.3222,63.6234
207.7704,123.0674,52.0581,64.1091
213.5228,128.8272,52.7887,62.4664
213.5767,131.1479,50.0603,63.8389
225.3729,129.8034,51.0428,61.7849
231.6037,134.8701,52.1939,59.8894
230.7018,134.5944,52.9204,58.7671
237.0006,135.0754,53.1030,58.1966
242.1445,134.8818,53.5579,56.2474
246.4913,130.3928,53.6697,53.6414
249.8292,128.8672,53.3949,52.9343
255.2740,122.8770,52.5507,52.5568
250.1013,155.4333,53.7704,52.2952
249.1614,110.2776,50.9274,53.0797
255.8422,98.0343,49.4398,52.9824
259.2027,89.5304,42.8236,57.4861
260.6614,81.8041,39.0171,60.0136
224.6252,102.1573,40.9189,58.4587
214.6992,120.8198,36.0780,63.3909
2
0
0
0
0
1
201.5606,53.2858,58.9160,80.6811
200.3535,52.9971,59.1347,78.3219
197.0506,53.7003,59.4278,76.0847
196.4984,54.3978,55.3771,77.4620
186.0405,76.9547,56.9932,74.2254
185.2242,67.5565,57.0134,74.0810
185.2207,67.9301,57.0484,73.9762
185.4275,71.0720,57.0949,73.8957
207.2525,82.4478,56.8192,73.4679
164.0396,66.3834,56.4683,73.1963
170.2584,70.8668,56.4596,73.0966
170.2753,73.4481,56.4733,72.9394
160.1513,66.6496,56.6080,71.5975
157.3275,59.4258,56.6751,71.0596
156.3164,49.5715,56.6700,70.9132
156.7175,49.3523,57.5753,68.6511
154.3186,49.5585,59.2385,65.2052
153.2864,50.2570,59.6711,63.3071
151.1537,50.7075,59.6698,62.9362
149.7415,50.8987,59.6609,62.8193
148.2663,51.1259,60.1073,62.2891
146.3557,50.1857,59.9604,61.8752
144.0577,52.0151,59.6303,61.3003
141.9573,52.6837,59.4992,60.8932
148.7541,53.7478,59.4939,59.7121
149.5408,54.0641,59.3816,59.6077
