529.3076,50.3076,19.3848,19.3848
528.3842,59.4843,19.0106,19.5689
526.1891,66.6587,18.5403,19.1934
523.4559,81.3921,18.0646,18.8427
522.7830,91.9593,17.6670,18.6311
519.8682,107.5513,17.2093,18.3120
526.4879,114.8503,16.8344,18.2564
518.1894,128.3025,16.3039,18.4244
510.5818,141.9860,16.7596,17.8432
516.6949,149.6961,16.5202,17.6790
521.4010,166.3193,16.2624,17.2807
527.8187,173.3230,16.1033,17.0060
534.2116,179.8889,15.8301,16.9082
540.7686,187.3942,15.6036,16.8468
555.1371,191.6437,15.9896,16.5227
561.6689,199.0485,15.7257,16.5607
568.1723,206.3609,15.4292,16.6797
574.3401,213.2039,15.2268,16.6436
580.4842,220.2183,14.9813,16.6646
586.3240,226.4991,14.7599,16.5576
592.0802,232.7090,14.5861,16.4624
598.0023,239.3872,14.4713,16.3017
603.8927,245.7535,14.3163,16.1635
609.9493,251.8485,14.1975,15.9679
616.1314,258.7778,14.1791,15.8797
621.8955,265.3840,14.0071,15.9162
627.3784,270.7854,13.8741,15.9463
633.0703,277.3971,13.7544,15.8641
638.5035,283.7302,13.6089,15.7836
643.8939,289.7787,13.4670,15.7130
649.2598,295.7993,13.2966,15.6108
654.5836,301.7753,13.1111,15.4853
659.8556,307.9132,12.9158,15.3581
665.0606,313.7832,12.7371,15.1840
670.1910,319.8097,12.5798,14.9916
675.2509,325.5482,12.4370,14.7930
680.2430,331.2155,12.3062,14.5971
685.1868,336.8058,12.1545,14.4220
690.0592,342.3263,12.0270,14.2530
696.4988,342.8008,11.9658,14.1310
702.8978,343.2620,11.8971,14.0298
