214.0652,139.3108,89.5396,52.8183
212.2670,139.2457,92.1359,51.9487
209.2384,139.1289,93.6993,52.1823
207.3098,139.2162,95.2826,52.0075
205.1994,139.3855,97.2091,51.6689
202.9804,140.8355,99.3302,51.0859
200.9708,141.1083,101.0112,50.5403
199.0873,142.2995,102.4249,50.5113
195.9679,142.5809,103.9167,49.9486
194.2388,143.8143,104.9894,49.8671
191.5228,144.9108,105.6220,50.0740
189.7652,146.0570,106.7247,50.1942
184.2726,146.0322,105.5560,50.2436
183.9338,146.1592,106.2337,49.9897
182.5228,147.2863,106.6355,50.1556
182.2171,147.4916,107.2471,49.7450
181.0680,148.6293,107.1147,49.9001
179.3110,150.0615,108.1974,49.4669
178.9689,151.5155,108.8815,48.9983
177.5723,152.8008,109.2336,48.8691
176.3863,152.9148,109.1617,48.6410
176.4739,158.8286,108.9865,49.0083
175.7869,159.7077,107.9176,49.6928
171.5576,159.6530,106.6188,49.8022
172.2536,159.7613,105.2269,49.5856
171.0801,161.0955,105.1754,49.3155
168.7306,161.1943,105.0888,49.1179
167.6696,160.9991,104.8227,49.5084
165.0142,160.9811,105.3513,49.5444
163.4529,163.3162,106.0744,49.6729
161.2936,163.1542,105.5687,49.9970
157.5506,162.9608,105.8234,50.3838
156.5119,163.7233,105.4799,51.2798
151.6927,163.5591,105.3924,51.6082
151.7893,164.5080,105.1991,52.1462
152.2949,164.1393,104.1880,52.8835
153.8655,165.0424,103.4871,53.5177
153.5708,166.1455,101.6355,53.7525
152.2961,165.9650,99.3492,54.1136
152.9662,165.5633,95.6187,54.9170
153.0256,165.4314,93.1511,55.1806
153.2270,165.1475,90.4314,55.7486
155.3445,163.6081,88.4824,56.5415
155.2981,162.3644,86.3050,56.7590
155.2275,161.0028,84.2054,57.2412
155.3246,159.7764,81.7938,57.4766
155.2349,159.8540,81.9732,57.3216
156.5869,159.6709,81.4542,57.6876
157.1908,159.4855,80.2465,58.0584
154.7544,159.2391,78.6061,58.5513
155.8314,159.0558,76.4523,58.9178
156.9922,158.8661,74.1305,59.2974
156.9176,158.6011,72.1819,59.8273
158.4274,158.5956,71.2389,59.8383
158.6278,158.6390,70.8381,59.7515
159.9442,159.6133,70.2598,59.8576
161.2107,159.8784,69.7743,59.3274
162.0821,160.1040,70.0630,58.8761
163.1981,160.2061,69.8596,58.6720
163.8250,160.0754,68.6058,58.9335
165.1783,160.0415,67.9063,59.0011
166.2494,160.0228,67.7614,59.0387
165.0175,161.4275,68.2296,58.2248
164.1531,161.5824,67.9685,57.9151
165.2375,162.7057,67.7805,57.6492
165.9196,162.7953,66.4163,57.4701
165.5271,161.8174,65.2515,57.4762
166.2036,161.8400,63.8986,57.4310
166.5314,161.9250,63.2430,57.2610
166.7223,161.9360,62.8613,57.2390
166.1947,160.9510,62.0256,57.3182
165.2585,161.0018,62.0189,57.2165
165.1620,160.8633,62.2120,57.4936
162.3300,160.7164,62.2217,57.7875
162.5844,160.5134,61.7129,58.1933
160.4089,160.3417,60.3996,58.5368
158.1667,160.3433,59.2652,58.5336
157.4301,159.6453,58.8832,58.0745
155.8962,159.8519,58.2673,57.6613
177.7768,185.0565,56.4960,56.5444
153.4694,161.9522,57.0463,56.4688
174.9122,184.8808,55.2762,55.3025
150.7088,160.3324,54.9240,55.6401
171.7250,183.9223,52.9382,55.4716
147.9623,161.6272,52.6642,55.6766
168.3468,184.8442,51.1329,55.3043
148.8388,160.6525,51.6042,55.0880
168.7191,182.9855,50.4829,54.1011
148.2554,162.1624,50.2417,54.5787
167.7016,183.4035,49.3075,53.3555
145.3590,163.5824,48.7330,54.2035
164.3942,183.6819,47.9333,52.8959
183.1307,203.7663,46.9701,52.4115
201.5599,223.6719,46.0948,51.7124
219.6907,243.1735,45.2449,51.2001
237.5500,262.5334,44.4424,50.4326
237.1823,239.9306,45.1779,49.3445
219.6528,257.6783,44.5204,49.5652
236.7933,240.6593,44.3054,49.5373
236.7945,263.8262,44.3030,48.9986
236.7325,241.3986,44.4270,48.3195
247.9867,264.6698,43.8226,48.5052
248.0171,242.6949,43.7617,47.3960
231.2312,259.7522,42.8870,47.7280
247.8437,243.4681,42.4715,47.4867
231.1982,260.3713,41.7757,47.6669
247.4126,244.4429,41.7260,47.1449
230.7501,261.6628,41.4775,46.2783
246.6099,245.7901,41.5316,46.2501
230.4455,262.5428,40.6951,45.9101
246.2911,246.8583,40.3584,45.9246
225.2049,246.9641,40.4304,45.7129
246.1771,246.8990,40.5205,45.8431
225.0944,246.9535,40.5441,45.7341
246.1998,247.6315,40.4343,45.7362
225.1544,248.2052,40.4774,45.9452
246.3331,248.8533,40.2894,46.0094
225.2121,248.8993,40.4244,45.9173
246.3625,248.8805,40.2536,45.9548
230.4603,233.9706,39.4930,45.9236
246.3430,250.5181,38.6439,45.0891
230.7763,236.1906,38.1538,44.7558
246.0453,252.3383,37.6221,43.7714
230.3238,238.4405,37.0433,43.3878
245.1666,254.2150,36.4677,42.2142
245.0424,235.6012,36.7161,41.0558
245.0689,255.0890,36.6630,40.0329
245.1251,236.8885,36.5506,39.0008
245.2843,255.6635,36.2321,38.3293
245.4741,237.9223,35.8525,37.4153
245.6745,256.0772,35.4517,36.8720
254.5168,238.8354,34.8507,37.1885
245.8176,256.4883,34.0998,37.0468
245.8290,239.4248,34.0771,36.4484
246.0261,257.0492,33.6829,35.6243
258.9420,244.4222,32.9519,35.7774
246.3101,257.2826,32.2449,34.9455
254.3572,241.3537,32.0193,35.0662
254.5263,258.0318,31.6810,34.4520
254.5869,242.2561,31.5599,33.7251
262.6188,258.7098,30.9156,33.7126
262.6405,243.2659,30.8721,33.0571
262.8652,259.1170,30.4228,32.5598
262.9417,243.8994,30.2697,32.2520
263.1578,259.4439,29.8375,31.6815
263.1813,244.6766,29.7905,31.1867
270.7673,259.9341,29.0216,31.3983
263.2311,245.3432,28.8731,31.0896
270.5045,260.1563,28.4882,30.7315
263.5556,245.8507,28.3997,30.4374
270.7086,260.4292,27.9903,29.9997
270.7272,246.5188,27.9530,29.5147
270.7840,260.5201,27.8394,28.6597
270.9187,246.8916,27.5699,28.3352
271.0645,260.8386,27.2782,27.7327
261.0013,250.7635,26.6133,27.9579
271.1867,261.3234,26.0069,27.4619
271.2498,248.4720,25.8808,27.0642
271.3791,261.3375,25.6222,26.3451
258.7693,260.7606,25.4727,25.8622
271.4837,261.0348,25.1047,26.1222
262.0275,270.9353,24.6567,25.6815
268.0792,258.4987,24.4436,25.9815
268.1778,271.1400,24.2463,25.3129
268.2177,259.0956,24.1665,25.2090
277.8382,268.5048,23.5861,25.0511
271.7623,256.4001,23.4843,24.7531
280.7661,265.7373,22.9469,24.3086
280.8356,254.3833,22.8079,23.9495
280.9717,266.0388,22.5357,23.4632
286.5654,255.4518,22.2137,23.6308
286.6779,266.8846,21.9887,23.1433
286.7612,256.0363,21.8221,22.8088
286.8885,267.1377,21.5675,22.3930
295.1243,275.5685,21.0180,22.1457
287.2059,267.6784,20.5422,22.2932
292.3891,278.2828,20.2924,21.9918
292.4700,268.1044,20.1306,21.7101
292.5664,278.5327,19.9378,21.2759
282.3465,278.5435,19.6112,21.2544
290.2162,286.7310,19.3140,20.9650
290.2849,277.0357,19.1766,20.6959
290.4213,286.9065,18.9038,20.4162
283.1822,279.7607,18.5236,20.4684
283.2445,289.5110,18.3990,19.9973
283.2778,280.2867,18.3324,19.7053
283.3441,289.4966,18.1998,19.2532
288.1710,299.1875,17.9820,19.3332
288.2338,290.1959,17.8564,19.1026
281.3927,297.2327,17.5720,18.9957
288.0895,289.8778,17.4207,18.7358
281.3728,296.5600,17.1910,18.4652
287.9324,289.8982,16.9845,18.3147
281.3941,296.8452,16.7221,18.3156
281.4086,288.4809,16.6931,17.9436
281.4646,297.0602,16.5812,17.6913
289.8979,297.8520,16.4437,17.7267
283.5553,291.7351,16.2164,17.5859
290.0339,298.7107,16.0322,17.4724
290.1118,290.8671,15.8764,17.3342
283.9382,297.0107,15.6748,17.0732
290.2180,303.1185,15.4894,16.7163
286.1871,294.9117,15.4379,16.3961
280.2844,300.7387,15.2129,16.2712
288.0096,301.0097,15.1305,16.2249
282.2201,295.2837,14.8605,16.3217
285.9758,303.4157,14.7130,16.2581
285.9908,295.7718,14.6830,15.9434
286.0393,303.5975,14.5859,15.7224
289.6407,296.0570,14.5414,15.5327
289.6926,303.7267,14.4376,15.3466
285.9949,296.3307,14.3292,15.1308
291.4233,301.9453,14.1419,15.0353
286.0056,307.4958,13.9511,14.9604
291.2969,302.2614,13.8387,14.9589
284.3409,302.4486,13.6947,15.0381
291.3750,302.6273,13.6496,15.1331
291.3968,295.5090,13.6060,14.8698
291.4314,302.5246,13.5369,14.7368
285.9626,297.4184,13.3456,14.7106
286.0104,304.5378,13.2500,14.6061
286.0323,297.8173,13.2062,14.4522
286.0842,304.8175,13.1025,14.3863
291.1140,299.7005,12.9966,14.2338
286.0528,304.8505,12.8300,14.2229
286.0701,298.3338,12.7953,14.0536
286.0976,304.9796,12.7403,13.8658
282.7992,298.5476,12.6348,13.7440
287.6266,303.4500,12.5322,13.4916
281.3145,303.6905,12.4540,13.4203
286.2799,308.6532,12.3009,13.2726
281.5269,304.2433,12.1431,13.2338
286.1703,299.6485,12.0458,13.2339
281.4728,304.4457,11.8889,13.1913
276.8064,299.9052,11.7457,13.1913
281.3715,304.8996,11.6441,13.0160
278.2925,298.9236,11.5909,12.9339
284.3204,299.1059,11.5033,12.9555
278.3969,299.3039,11.4152,12.9444
281.2999,305.5110,11.3605,12.7998
281.3044,299.6848,11.3516,12.6627
285.6967,295.3525,11.2617,12.6324
281.2506,299.8718,11.1269,12.6209
278.2988,305.6934,11.0497,12.5655
278.2921,300.0117,11.0632,12.4060
272.5776,300.0778,11.0395,12.2738
276.8528,304.7234,10.9302,12.1578
276.8642,299.1522,10.9074,12.0329
276.8832,304.9876,10.8695,11.9192
281.0571,300.7019,10.7736,11.8797
278.2586,306.4011,10.6645,11.8938
282.3651,302.1714,10.6190,11.8305
286.6528,306.4515,10.5255,11.7520
286.6557,300.9249,10.5197,11.5830
292.0726,301.2740,10.4730,11.5807
294.7135,307.0040,10.3992,11.5781
294.7182,301.7065,10.3897,11.4479
300.0866,301.8743,10.3107,11.4561
296.0209,297.9576,10.2181,11.4082
296.0517,303.2958,10.1565,11.2855
299.9638,299.4128,10.0960,11.2879
297.3015,304.6868,10.0347,11.1752
297.3185,299.5581,10.0008,11.0819
301.1878,303.7427,9.8958,11.0102
301.1961,298.6928,9.8792,10.9075
301.2085,293.6754,9.8544,10.7976
298.6526,298.8748,9.7639,10.8034
301.1025,294.0267,9.7209,10.7859
303.5685,299.1856,9.6314,10.7988
303.5811,294.2534,9.6063,10.6935
298.6614,294.5939,9.5391,10.6516
303.6163,294.7650,9.4825,10.6273
298.7450,294.9496,9.4117,10.5745
303.6502,295.1229,9.3542,10.5426
301.3228,290.4515,9.3110,10.4895
305.1042,294.3799,9.2284,10.4248
308.8556,298.2742,9.1503,10.3701
311.1807,293.8408,9.1090,10.3264
314.8936,297.8399,9.0251,10.2820
311.2853,294.3662,8.9485,10.2399
313.5770,289.8601,8.8952,10.1919
315.8599,294.7032,8.8355,10.1190
313.4989,290.1138,8.7843,10.0496
316.9472,293.8517,8.7056,9.9846
321.5310,294.0305,8.6570,9.9210
317.0266,294.2131,8.6016,9.8484
321.5486,294.3919,8.5594,9.7812
317.0994,294.5742,8.5092,9.7051
321.4205,294.7499,8.4675,9.6405
324.7195,291.5116,8.4248,9.5617
324.7348,296.0885,8.3943,9.4674
326.8604,291.9032,8.3604,9.4032
326.8773,296.4214,8.3267,9.3148
330.0970,293.2600,8.2745,9.2503
332.1906,297.5678,8.2254,9.1866
335.3668,294.4456,8.1774,9.1269
332.1267,297.7280,8.1197,9.0997
335.2696,294.6385,8.0685,9.0442
339.4666,294.8026,8.0252,8.9856
342.5701,291.7508,7.9772,8.9303
342.5843,296.0432,7.9489,8.8624
342.5977,291.9760,7.9220,8.7926
345.6484,288.9782,7.8727,8.7361
349.7217,289.1368,7.8316,8.6804
346.6304,292.2614,7.7754,8.6700
349.6291,289.3090,7.7325,8.6203
353.6350,289.4645,7.7010,8.5668
349.6885,289.6070,7.6551,8.5379
353.6513,289.7630,7.6318,8.4808
356.5917,286.8698,7.5850,8.4332
358.5005,290.9309,7.5498,8.3803
360.4024,287.1869,7.5079,8.3449
363.4225,290.2027,7.4571,8.3027
363.4359,294.2014,7.4304,8.2445
366.2903,291.3899,7.3972,8.1919
369.1396,294.4691,7.3431,8.1690
366.2329,291.6790,7.2958,8.1325
369.0511,294.7288,7.2455,8.1048
371.8485,291.9745,7.2085,8.0557
375.5864,292.1195,7.1817,8.0059
378.3587,295.0083,7.1362,7.9663
382.0557,295.1530,7.1121,7.9147
385.7343,295.2960,7.0883,7.8654
388.5815,298.2570,7.0438,7.8287
392.2252,298.3957,7.0145,7.7853
395.8517,298.5340,6.9841,7.7417
398.5387,301.3335,6.9421,7.7065
400.2791,297.8933,6.9204,7.6686
400.2865,301.4803,6.9055,7.6144
402.9324,298.8692,6.8715,7.5791
406.4716,299.0023,6.8455,7.5403
409.9925,299.1360,6.8246,7.4993
410.0060,302.7666,6.7976,7.4546
411.7029,299.4166,6.7696,7.4231
415.1764,299.5479,6.7494,7.3838
412.5259,296.9968,6.7101,7.3683
412.5341,293.5828,6.6936,7.3253
415.0858,291.0622,6.6667,7.2900
417.6278,288.5530,6.6366,7.2544
421.0312,288.6744,6.6095,7.2304
424.4171,288.7990,6.5925,7.1991
424.4265,285.3444,6.5738,7.1599
424.4352,282.0115,6.5564,7.1225
427.7850,282.1289,6.5331,7.1031
426.0807,285.5691,6.5067,7.0929
428.5556,283.1177,6.4815,7.0711
431.0227,280.6754,6.4551,7.0479
433.4774,278.2464,6.4352,7.0163
436.7704,278.2618,6.4147,6.9855
439.2100,275.8432,6.3880,6.9701
435.9583,275.9602,6.3717,6.9464
439.2141,276.0794,6.3602,6.9177
442.4608,276.0941,6.3474,6.8885
439.2371,276.1081,6.3347,6.8605
442.4641,276.2223,6.3211,6.8397
442.4690,273.0246,6.3114,6.8113
442.4766,276.2417,6.2962,6.7825
445.6785,276.3565,6.2762,6.7587
445.6862,273.1899,6.2608,6.7296
444.1633,276.3668,6.2384,6.7166
444.1682,273.2188,6.2285,6.6891
446.5217,275.6706,6.1997,6.6670
448.8627,273.3474,6.1772,6.6537
446.4503,275.7741,6.1536,6.6490
448.0730,272.7567,6.1334,6.6365
449.5889,275.8854,6.1175,6.6119
447.1964,273.5866,6.0922,6.5998
444.1076,273.6942,6.0750,6.5845
447.2027,273.8068,6.0638,6.5585
444.8290,276.1954,6.0414,6.5511
446.3253,273.2311,6.0229,6.5316
443.2696,273.3396,6.0067,6.5123
446.3340,273.4485,5.9882,6.4916
446.3357,270.4171,5.9848,6.4631
446.3419,273.4693,5.9723,6.4345
443.3206,273.5774,5.9591,6.4137
446.3502,273.6826,5.9393,6.3982
444.0316,271.4519,5.9143,6.3916
444.0377,274.5645,5.9022,6.3665
446.2682,272.3537,5.8839,6.3452
443.9684,274.6660,5.8625,6.3418
446.1883,272.4592,5.8423,6.3358
443.2249,272.5580,5.8251,6.3300
446.1974,272.5697,5.8127,6.3065
447.6386,275.6295,5.7926,6.2930
447.6447,272.6926,5.7803,6.2681
449.8381,274.9782,5.7567,6.2497
452.0234,277.2552,5.7338,6.2326
449.7737,275.0934,5.7116,6.2228
451.9453,277.4506,5.6901,6.2060
453.3567,280.4581,5.6767,6.1844
453.3613,283.4590,5.6675,6.1583
456.2546,283.5607,5.6528,6.1413
459.1395,283.6635,5.6396,6.1214
462.0157,283.7661,5.6274,6.1012
464.8853,283.8675,5.6129,6.0832
467.7452,283.9681,5.6018,6.0661
469.9589,286.2733,5.5835,6.0485
472.8033,286.3744,5.5721,6.0294
475.6393,286.3834,5.5630,6.0114
478.4703,286.4828,5.5503,5.9949
481.2924,286.5831,5.5414,5.9760
484.1088,286.6821,5.5302,5.9593
486.9176,286.7818,5.5206,5.9409
489.7213,286.8780,5.5077,5.9290
492.5194,286.9749,5.4937,5.9153
495.3100,287.0692,5.4814,5.9062
498.0943,287.1651,5.4711,5.8938
500.8745,287.2587,5.4581,5.8855
503.6488,287.3546,5.4462,5.8722
506.4154,287.4522,5.4376,5.8553
509.1774,287.6366,5.4257,5.8421
511.2244,285.6023,5.4123,5.8302
513.2674,283.5718,5.3977,5.8197
515.3057,281.5471,5.3833,5.8070
515.3097,278.8251,5.3754,5.7890
517.4277,281.0294,5.3583,5.7750
514.7153,281.1248,5.3489,5.7596
514.7184,278.4239,5.3426,5.7392
517.4282,278.5199,5.3321,5.7218
517.4327,275.8306,5.3231,5.7047
516.1340,278.5309,5.3159,5.6869
516.1364,275.8537,5.3113,5.6706
514.0678,277.9324,5.2983,5.6634
512.0041,275.9500,5.2833,5.6584
509.9441,273.9724,5.2684,5.6508
508.6581,276.6455,5.2614,5.6345
507.3752,274.0797,5.2539,5.6194
509.4370,276.2247,5.2391,5.6094
509.4400,273.5857,5.2332,5.5921
507.4012,275.5493,5.2198,5.5853
505.4512,273.5971,5.2067,5.5767
503.4200,275.6378,5.1942,5.5702
505.3754,273.6953,5.1816,5.5570
508.0013,273.7844,5.1716,5.5479
509.9484,271.8489,5.1593,5.5369
512.5646,271.9392,5.1479,5.5246
515.1736,272.0290,5.1394,5.5130
517.7777,272.1192,5.1307,5.5004
519.7081,270.1170,5.1200,5.4872
521.7189,272.2104,5.1069,5.4760
524.3052,272.3003,5.0999,5.4629
526.8873,272.3899,5.0915,5.4501
529.4647,272.4776,5.0824,5.4406
532.0364,272.5674,5.0753,5.4267
533.9437,270.6699,5.0642,5.4183
533.9483,268.1188,5.0549,5.4037
533.9526,270.7603,5.0462,5.3905
531.9871,268.8720,5.0332,5.3874
534.5345,268.9606,5.0249,5.3744
532.0018,269.0465,5.0143,5.3662
530.7794,266.5192,5.0072,5.3540
530.7819,269.0555,5.0021,5.3390
528.2622,269.1426,4.9938,5.3276
525.7469,269.2296,4.9862,5.3162
523.8067,267.3661,4.9735,5.3119
521.8687,269.3135,4.9626,5.3040
520.6619,266.8915,4.9513,5.2984
518.1655,266.9760,4.9412,5.2908
515.6731,267.0616,4.9315,5.2807
515.6770,264.5759,4.9236,5.2673
513.1951,264.6620,4.9131,5.2556
511.2799,262.8228,4.9008,5.2514
511.2826,265.3078,4.8954,5.2369
511.2861,267.8673,4.8884,5.2231
508.8221,267.9530,4.8807,5.2109
506.3629,267.9591,4.8731,5.1987
506.3654,270.5030,4.8681,5.1860
504.4715,268.6843,4.8565,5.1821
502.5799,270.5831,4.8461,5.1780
500.1371,270.6658,4.8387,5.1705
497.6987,270.8257,4.8298,5.1658
495.2631,270.9090,4.8218,5.1566
496.4452,268.5570,4.8145,5.1471
494.0182,268.6390,4.8061,5.1399
492.7686,271.0722,4.7994,5.1285
494.5714,269.2776,4.7893,5.1221
494.5728,266.8650,4.7865,5.1095
494.5750,269.3642,4.7821,5.0972
494.5765,266.8817,4.7791,5.0844
494.5784,269.2952,4.7753,5.0720
496.9861,269.3759,4.7666,5.0657
495.1332,267.5978,4.7567,5.0611
496.2969,270.0757,4.7482,5.0522
498.6918,270.1577,4.7424,5.0424
496.8475,268.3883,4.7332,5.0375
496.8501,270.7786,4.7280,5.0264
495.6239,268.4019,4.7228,5.0184
497.4699,270.3226,4.7121,5.0116
499.2353,268.4899,4.7028,5.0023
499.2370,270.8644,4.6996,4.9906
498.0953,268.5045,4.6941,4.9803
500.4603,268.5840,4.6865,4.9737
498.6392,270.4108,4.6781,4.9709
500.4675,272.3117,4.6679,4.9673
500.4705,269.9654,4.6619,4.9568
501.6104,272.3914,4.6539,4.9513
499.8003,270.6547,4.6443,4.9462
500.9369,273.0747,4.6363,4.9385
498.6036,273.1545,4.6292,4.9297
498.6067,270.8264,4.6229,4.9198
500.3385,269.1024,4.6154,4.9118
500.3413,271.5079,4.6097,4.9013
498.5486,269.7886,4.6008,4.8954
498.5514,272.1863,4.5953,4.8850
498.5534,269.8775,4.5913,4.8749
500.8669,269.9560,4.5850,4.8670
499.0851,268.2464,4.5766,4.8631
500.8734,270.0331,4.5675,4.8570
499.7633,267.7368,4.5616,4.8492
501.5461,269.5181,4.5524,4.8431
502.6595,267.2997,4.5448,4.8415
500.3723,267.3761,4.5376,4.8365
501.4831,265.1649,4.5299,4.8308
501.4852,262.8851,4.5259,4.8211
500.3107,265.1707,4.5199,4.8126
501.4156,262.9701,4.5143,4.8053
501.4170,265.2496,4.5116,4.7953
503.6914,265.3265,4.5059,4.7880
