279.7991,126.0485,81.5617,66.0130
283.0197,133.6163,83.2178,62.7701
308.9332,160.3427,82.7868,62.7987
283.1831,137.5853,80.2452,61.5596
308.1449,163.2544,79.4362,61.5176
282.5323,142.3010,77.4589,59.7694
304.3409,160.8313,75.3712,59.5977
288.5681,146.4913,74.1264,56.4292
308.7396,163.1765,72.8456,56.1800
303.6902,156.1397,71.7654,54.4347
312.2541,165.5761,71.1621,53.6920
325.6296,180.1292,71.0896,53.6914
309.0084,151.6933,71.0502,53.7544
326.9347,174.6898,71.0344,53.7622
321.2707,171.9165,71.0324,53.7632
330.2607,177.5623,71.0317,53.7636
323.0402,164.9338,71.0277,53.7666
338.7073,181.5569,71.0204,53.7709
338.8876,171.5681,71.0201,53.7710
356.4910,189.1143,71.0200,53.7711
346.7613,162.7921,71.0199,53.7712
365.9068,187.4814,71.0199,53.7712
359.0441,180.5356,71.0198,53.7712
369.9498,190.7358,71.0196,53.7713
366.9998,178.6639,71.0196,53.7713
377.7888,188.9851,71.0196,53.7713
361.9693,182.8786,71.0196,53.7713
371.0592,194.1758,71.0196,53.7713
379.0526,198.9768,71.0196,53.7713
384.8372,201.9947,71.0196,53.7713
390.2480,201.8631,71.0195,53.7714
381.1403,192.5701,71.0191,53.7718
391.6288,212.4348,71.0189,53.7719
416.8651,237.1833,68.5917,55.3388
448.3976,238.8594,65.5859,58.2540
438.2303,215.9027,63.8340,59.1281
453.9665,247.8079,62.3706,60.6085
453.9540,225.4285,62.2374,60.1372
454.0263,258.5871,60.8929,59.9858
456.6500,229.5805,59.4599,59.2358
473.3145,263.1233,58.4344,59.7749
472.2812,236.6357,57.5962,59.4285
445.0087,236.2024,56.0266,60.1861
464.4460,240.8171,56.0211,60.1918
476.6761,228.5095,56.0191,60.1933
461.7342,257.8391,55.1624,60.9049
428.8947,239.3254,55.1626,60.9049
452.3111,240.5265,54.5091,60.7863
443.2995,236.0370,54.5124,60.7838
433.6223,236.6248,54.5494,60.7687
445.0176,241.7842,54.5707,60.7605
448.0987,243.0643,54.7553,60.7808
445.5550,241.2537,54.8897,60.7454
441.6243,239.1692,54.9143,60.7402
433.9550,237.4019,54.9619,60.7457
426.3267,233.9956,55.0289,60.7331
436.8361,232.0269,55.0787,60.6935
450.7879,258.4513,55.0769,60.6941
438.6031,243.5616,55.0769,60.6942
435.8110,251.8672,55.0767,60.6949
453.5845,255.7235,54.7421,60.9240
436.4737,243.4555,54.7420,60.9247
442.0253,245.2681,54.5584,61.1699
427.2743,240.2113,54.5588,61.1707
434.1221,239.6862,54.5241,61.2273
424.3411,233.8142,54.5245,61.2277
422.0786,232.6535,54.5253,61.2303
426.4351,231.8542,54.5222,61.2345
416.9410,225.6722,54.5224,61.2347
407.3036,225.5869,54.5239,61.2353
409.3113,223.0872,54.5265,61.2356
415.6918,223.5606,54.5286,61.2403
407.1870,220.2382,54.5359,61.2590
412.3273,222.3712,54.5437,61.2819
396.3893,222.5192,54.5643,61.2985
397.1715,223.5890,54.5729,61.3240
384.2549,219.2766,54.5735,61.3259
376.8110,218.7921,54.5765,61.3304
372.9434,219.9948,54.5767,61.3445
376.6066,220.6863,54.5821,61.3463
370.7977,219.8452,54.5887,61.3544
374.7575,220.2362,54.5936,61.3555
366.3910,217.8115,54.5948,61.3576
355.7219,219.4432,54.5970,61.3602
372.1642,221.7135,54.6022,61.3688
381.1381,205.6670,54.6021,61.3689
369.3380,207.1197,54.6020,61.3696
360.9143,212.0359,54.6019,61.3700
347.1241,220.5792,54.6020,61.3702
356.5325,222.8711,54.6024,61.3719
370.1890,209.0985,54.5974,61.3765
364.3337,214.1127,54.5972,61.3770
380.3757,204.1419,54.5970,61.3774
366.6010,204.6404,54.5970,61.3775
383.0735,205.0985,54.5943,61.3970
370.7430,211.8013,54.5943,61.3970
386.9126,199.8176,54.5942,61.3971
375.4401,206.1410,54.5942,61.3971
386.4085,211.3331,54.5942,61.3973
378.5893,215.8391,54.5942,61.3973
383.1552,202.5280,54.5941,61.3975
380.9408,203.8517,54.5940,61.3976
378.9853,202.5715,54.5940,61.3976
388.3221,197.5320,54.5941,61.3976
391.5741,198.2127,54.5941,61.3976
390.4569,198.5310,54.5941,61.3977
380.4409,203.7364,54.5941,61.3977
385.7200,195.8232,54.5940,61.3976
383.3962,195.1908,54.5940,61.3976
386.8472,209.1029,54.5939,61.3976
387.7615,204.9263,54.5940,61.3975
390.9605,204.1122,54.5944,61.3974
395.2446,206.0826,54.5971,61.3961
396.3449,207.1871,54.5971,61.3962
385.8529,199.5261,54.5970,61.3963
398.2598,213.7413,54.5980,61.3945
394.9789,208.8257,54.5980,61.3945
396.9097,206.7249,54.5980,61.3945
387.0009,198.4815,54.5980,61.3948
405.9012,217.7084,54.5969,61.3735
392.8596,198.3429,54.5778,61.4078
407.6604,214.0271,54.5785,61.4061
386.3409,197.8631,54.2412,61.6998
406.9092,214.7347,54.2849,61.4026
384.4275,193.6602,52.8439,62.5521
405.5504,211.0006,53.0070,61.0558
382.8265,192.8696,52.2414,61.4146
397.0922,211.3134,52.3192,61.1917
391.8255,214.7222,52.3219,61.1932
408.2154,200.4283,52.3218,61.1936
386.0808,219.7994,52.3188,58.6665
403.0976,203.4843,52.3179,58.6677
390.4034,228.1011,52.8510,56.7969
392.0780,219.2294,52.8223,56.8474
407.9237,208.1122,52.8221,56.8479
380.5420,210.2849,52.4577,56.6544
405.1845,210.3276,51.9296,56.8694
405.3185,194.1640,51.9256,56.8747
402.6710,216.9062,51.7102,57.4850
399.6250,211.7934,51.7097,57.4862
394.9245,210.8135,51.7100,57.4900
412.3579,194.1670,51.7097,57.4901
391.6346,214.7397,50.8725,56.1825
401.6479,203.3581,50.8724,56.1825
379.8188,221.4416,50.3541,54.0747
395.5679,207.2507,50.3524,54.0772
406.2889,197.5789,50.3523,54.0772
386.6868,217.2545,49.4530,53.7787
390.7335,206.7671,49.4468,53.7944
406.9828,208.7763,49.5268,53.8107
392.0761,201.5067,49.3174,54.4562
400.0218,215.0135,49.3102,54.4636
403.5629,198.2517,49.3082,54.4650
382.0224,219.0432,47.3218,55.1752
401.3122,202.1676,45.6545,55.5095
381.3369,223.0199,45.6228,54.5940
399.1677,206.3446,45.1648,54.2020
380.0807,226.9345,44.5324,54.0363
398.9378,210.9654,43.9259,53.7215
400.9250,207.1138,43.8814,53.7726
383.1169,222.0149,44.0893,54.7798
398.8534,205.2748,44.0871,54.7786
388.2475,214.5513,42.7862,55.4828
406.0289,216.1933,42.7682,55.4612
395.8185,219.6640,42.2330,55.0065
397.3318,208.4238,42.2330,55.0065
395.1057,206.8139,42.2330,55.0065
408.2048,209.9793,42.2417,55.0007
391.8052,215.8410,42.6574,54.8228
393.3228,210.5926,42.6567,54.8231
405.8178,200.6767,42.6567,54.8231
386.0845,206.8033,43.7104,54.3552
409.1543,210.6719,43.6512,54.1287
397.4557,208.6010,43.6511,54.1291
403.3153,203.1642,43.6511,54.1291
408.6236,203.7318,43.6487,54.1328
405.3424,194.6748,43.6356,54.2179
430.3319,196.8821,43.6599,53.8588
455.3813,200.3909,43.1390,53.2764
436.6847,185.3293,42.4739,51.7167
460.5592,186.4389,41.9745,51.6213
486.3282,190.9278,41.4029,50.7270
463.5701,193.5911,41.2204,50.4812
464.9603,173.6688,40.9289,49.2329
464.8731,198.7847,40.8987,47.8302
465.5154,179.1125,40.5339,46.7684
466.0745,203.1836,40.4506,45.3967
467.4834,183.5595,39.8456,44.5691
484.1593,170.0994,39.1587,44.1674
468.6562,188.0789,38.4346,44.0292
484.6270,174.7801,37.9571,43.6137
464.7068,177.9852,38.0018,44.4558
485.4330,180.6116,37.3060,45.0209
485.4376,164.5186,37.2544,45.2354
496.5753,184.3759,37.2544,45.2354
497.1037,166.4243,37.2272,45.1546
487.0074,189.6380,37.1520,44.9507
495.6810,176.7957,36.9423,45.4427
500.5837,178.4486,36.9735,45.1693
500.4015,189.2815,37.2934,44.0232
498.7439,193.4038,37.5376,43.0946
493.9739,201.9046,36.7509,42.3598
488.3075,203.3438,36.1503,42.8422
485.5434,194.6485,35.3838,44.2571
473.1003,202.3412,35.4430,44.1780
473.8467,210.7375,34.1945,44.7370
473.8519,214.0682,33.7847,44.9281
471.3918,209.8745,33.6925,44.4396
467.8963,211.8132,32.7708,43.7444
463.5027,213.1433,32.7494,42.9732
468.3593,212.6438,32.7673,42.8470
467.7841,215.3890,33.1488,42.4013
460.3267,217.5259,33.6627,42.0446
460.0685,220.5999,34.0934,41.8594
460.1489,222.2615,34.9306,41.6647
469.1959,220.9787,35.6038,41.1798
465.5963,222.5345,36.2266,40.6207
479.5742,221.5693,36.7496,39.6666
493.6236,213.6004,36.0262,39.5276
507.9203,204.1535,35.6654,39.9727
507.4518,185.4985,36.0173,37.9093
519.2609,206.0827,35.1698,38.2403
509.8594,187.6892,33.8731,37.6517
519.3313,207.8002,33.7395,37.5989
504.7917,192.4286,33.1537,36.0921
519.1779,208.2857,32.5108,35.9909
519.1859,191.7421,32.1222,35.0380
519.5107,210.6103,31.8278,34.4811
533.2674,199.5822,30.7344,34.3632
520.6227,213.1023,30.2800,34.2831
529.1267,198.7531,29.7978,34.3893
537.2358,214.9025,29.7978,34.3893
537.5173,200.2959,29.6857,32.8627
522.4156,201.8635,29.1992,33.0061
538.5366,203.8076,28.7040,32.9935
526.7433,193.5968,27.5792,32.7337
536.3093,206.6654,27.5792,32.7337
524.7612,196.8060,26.7668,31.8749
536.2482,210.3230,26.7668,31.8748
545.2380,200.4730,26.7668,31.8748
545.6789,216.7633,26.6451,30.8438
531.8424,218.1944,26.1318,31.1462
531.8699,205.4003,26.1110,29.7195
532.5081,221.2738,25.6773,29.1970
533.1674,208.3754,25.4961,28.2165
533.9177,223.6942,24.9357,27.8763
520.8531,224.7539,24.2753,28.1993
529.8777,226.2349,24.2753,28.1993
519.7838,217.6402,23.8134,28.0528
528.3660,228.7542,23.8134,28.0528
528.6406,243.4264,23.6237,27.4339
529.1716,231.8378,23.3782,26.3493
529.4984,246.0205,22.9938,26.0223
530.2327,234.7732,22.6883,25.0991
530.4691,248.1408,22.1591,24.6683
531.2151,237.4070,21.7612,23.8174
522.7576,246.5889,21.3265,23.8014
526.7845,236.9127,21.3265,23.8014
526.9910,249.2932,20.8803,23.2219
527.7961,239.1730,20.3966,22.4236
519.9198,248.0013,20.0768,22.5401
525.8500,238.5116,19.7329,22.6946
520.8201,250.0786,19.3478,22.6816
526.2553,240.8760,19.3418,22.6841
521.2420,252.0185,19.1477,22.4033
516.4874,261.5951,19.1477,22.4033
516.9807,251.7575,19.0365,21.2240
517.6006,261.6106,19.0365,21.2240
507.8451,262.5116,18.8547,21.0954
518.0002,263.1079,18.7887,21.0727
510.4785,256.4050,18.0786,21.2029
510.7204,265.4096,18.0786,21.2029
519.7954,266.0113,18.0787,21.2027
510.1266,266.7314,18.0827,20.9574
503.8765,272.3174,18.0827,20.9574
511.8434,264.9399,18.1753,20.0980
504.9669,271.9120,18.1753,20.0980
514.8265,272.1360,18.1750,20.0976
505.2954,273.2678,17.8336,20.5077
501.6040,277.8472,17.8336,20.5077
509.1187,270.8901,17.3656,20.2076
499.7368,271.7365,17.0536,20.3502
509.0464,272.0809,16.9009,20.2039
501.1994,273.0551,16.9013,20.2038
500.7603,279.0677,16.9013,20.2038
496.5001,270.6518,16.6608,20.1361
497.2471,279.5223,16.6608,20.1361
493.5287,288.0995,16.6608,20.1361
493.8904,279.6354,17.0009,19.0664
494.6544,286.5033,17.0009,19.0664
488.2131,280.2372,16.7452,19.1028
495.3733,287.8841,16.7452,19.1028
488.9044,287.8558,16.7453,19.1028
489.4960,293.5305,16.7453,19.1028
482.9084,293.9549,16.7453,19.1028
484.1179,295.6061,16.7453,19.1028
482.8855,297.7097,16.7453,19.1028
480.3979,300.7433,16.7453,19.1028
478.8547,303.4632,16.7453,19.1028
470.1920,304.5700,16.7334,18.9667
479.4647,304.6177,16.8612,18.4844
473.0676,298.9688,16.2520,18.7723
477.6242,308.1220,16.2827,18.3833
468.5616,308.6633,16.2433,18.5159
477.6227,308.2711,16.2701,18.4056
468.7051,308.0403,16.2913,18.2586
477.5272,308.3571,16.2407,18.0015
468.8445,308.8489,16.1930,17.8967
468.5065,317.8509,16.1930,17.8967
468.7450,310.4953,15.9692,17.5791
