496.0000,419.0000,41.0000,43.0000
495.4843,405.0652,41.1194,38.7348
511.6062,422.8827,38.9561,38.2053
527.2529,440.0646,36.9677,38.4904
546.3646,442.7003,36.2149,37.3985
564.9521,446.6082,35.3848,36.9057
583.3630,451.8958,34.9323,35.8080
597.5104,467.5605,33.9340,34.8455
584.1058,458.9627,32.6684,33.4038
592.3361,477.1864,31.8924,32.8882
579.7773,491.3448,30.7068,31.5109
595.5930,493.4264,30.0332,30.5395
595.2915,510.9879,29.3466,29.0680
603.1298,500.3181,28.6603,27.7054
603.7879,488.0081,27.8300,26.1486
604.4418,476.0634,26.8618,24.8679
605.0786,465.6078,26.0651,23.5224
605.6616,454.7890,25.1763,22.3690
606.0759,443.9903,23.8966,21.4151
606.3511,432.7983,22.7473,20.7084
606.5731,422.3123,21.7975,19.6458
607.0724,414.2719,20.8003,18.8116
607.0955,405.2073,19.9060,18.4857
606.9727,397.5651,18.9742,17.3986
599.9517,405.0503,18.0676,17.3415
606.9498,413.4988,17.0208,17.2651
607.5250,422.3011,16.6671,16.6138
607.7452,430.9911,16.2104,15.5717
607.9822,439.8398,15.4395,15.2831
608.1729,448.3579,14.8139,14.7312
608.3833,456.7173,14.1650,14.1893
608.5870,464.7897,13.6288,13.7954
608.7559,472.5159,13.1256,13.3000
608.8605,479.9831,12.6638,12.8234
615.4274,480.6717,12.1808,12.6089
615.5666,475.6465,11.9403,11.7807
615.8729,470.6335,11.5827,11.0763
616.1650,465.9309,11.1904,10.4680
616.4926,461.2429,10.7497,10.0000
616.8159,456.6429,10.2553,10.0000
619.5193,452.7394,10.0000,10.0000
622.0758,448.7636,10.0000,10.0000
626.0040,445.8379,10.0000,10.0000
629.8959,443.2051,10.0000,10.0000
634.9855,444.4138,10.0000,10.0000
638.7985,448.6989,10.0000,10.0000
638.7348,454.1143,10.0000,10.0000
638.6513,459.5767,10.0000,10.0000
642.4845,463.8899,10.0000,10.0000
642.5384,459.3273,10.0000,10.0000
642.5913,454.8006,10.0000,10.0000
642.6525,450.3331,10.0000,10.0000
642.6865,445.6853,10.0000,10.0000
642.5649,440.8763,10.0000,10.0000
642.4824,435.7051,10.0000,10.0000
639.8373,431.3781,10.0000,10.0000
637.1292,427.1891,10.0000,10.0000
634.4782,423.3569,10.0000,10.0000
631.7167,418.5905,10.0000,10.0000
629.0759,414.4141,10.0000,10.0000
624.9545,411.5402,10.0000,10.0000
620.9236,408.6888,10.0000,10.0000
616.8785,405.7385,10.0000,10.0000
611.7020,405.7227,10.0000,10.0000
606.5793,405.8306,10.0000,10.0000
601.5969,406.5094,10.0000,10.0000
597.5599,410.8086,10.0000,10.0000
593.5250,415.0194,10.0000,10.0000
589.4101,419.2535,10.0000,10.0000
585.2062,423.5405,10.0000,10.0000
580.0536,423.8719,10.0000,10.0000
574.9224,424.3126,10.0000,10.0000
569.8228,424.8398,10.0000,10.0000
564.7581,425.4224,10.0000,10.0000
559.5110,426.6044,10.0000,10.0000
554.3096,427.7085,10.0000,10.0000
549.1584,428.7657,10.0000,10.0000
545.1453,433.0023,10.0000,10.0000
541.0732,437.0309,10.0000,10.0000
537.1057,441.8455,10.0000,10.0000
533.0302,446.1749,10.0000,10.0000
530.4174,451.5541,10.0000,10.0000
527.8298,456.9053,10.0000,10.0000
525.2094,462.3604,10.0000,10.0000
522.5560,467.8561,10.0000,10.0000
518.4783,472.0271,10.0000,10.0000
514.3936,476.3105,10.0000,10.0000
509.2321,476.7359,10.0000,10.0000
503.9994,477.6407,10.0000,10.0000
499.8302,474.5834,10.0000,10.0000
495.7102,471.5125,10.0000,10.0000
490.5448,472.5366,10.0000,10.0000
494.4254,469.7206,10.0000,10.0000
491.7399,475.2652,10.0000,10.0000
491.6537,480.4424,10.0000,10.0000
491.5702,485.3832,10.0000,10.0000
491.5079,490.8334,10.0000,10.0000
491.4858,496.3198,10.0000,10.0000
491.4181,501.9120,10.0000,10.0000
493.8593,507.3592,10.0000,10.0000
498.8244,507.7099,10.0000,10.0000
502.6797,504.8545,10.0000,10.0000
505.2668,501.0659,10.0000,10.0000
507.7699,497.3356,10.0000,10.0000
510.2924,493.4377,10.0000,10.0000
