1
335.3090,166.1958,27.5670,40.1790
336.3483,164.8978,26.5507,42.7749
337.2983,164.6565,26.8191,43.2575
336.1808,166.4669,25.7661,44.0206
341.7024,182.9143,24.5291,44.9022
336.6642,150.9777,24.8714,44.9625
337.0230,150.5025,25.2420,44.8246
330.8458,148.8039,25.5781,44.9439
332.9744,165.6813,26.8211,44.1912
329.1696,166.8158,26.6614,44.1419
329.3680,166.4958,26.2646,44.7819
329.4706,165.3879,26.0594,45.8885
327.4399,165.5140,26.7541,45.6362
327.6463,165.0597,26.3413,46.5449
330.5425,161.3567,25.0958,49.4039
327.0903,160.4929,23.8978,52.2891
322.3669,154.2400,22.7355,54.1857
320.9824,174.0826,24.3188,52.4454
330.2327,159.7678,26.0213,50.1759
326.3699,162.6705,26.6382,49.1098
327.5546,162.2322,25.4485,49.9864
330.1405,161.9016,26.1374,49.4754
329.0795,160.4841,25.9064,49.9574
328.7257,159.1608,26.6139,50.2447
326.1840,157.8399,28.1094,49.2987
326.4528,157.8357,27.5719,49.3069
328.4658,160.0563,25.9429,50.8584
329.2404,152.5864,25.5871,50.2835
328.5568,156.0258,25.7756,49.2990
328.4339,155.3855,26.0212,48.2443
329.5909,154.6673,26.0200,47.3680
329.8612,154.6164,25.4794,47.4696
330.3616,153.8506,24.4786,49.0012
332.9437,153.4515,23.8782,50.9405
333.2394,152.4325,23.2867,51.8196
333.3365,151.7836,23.0926,51.9561
334.9848,152.2360,22.1155,53.3711
334.5467,151.5550,21.8289,53.5699
334.9846,150.7146,22.1136,52.9292
335.3739,151.0016,22.4919,52.3552
334.9101,151.7343,23.4195,52.0449
334.7404,150.0607,23.7589,51.8916
334.8353,151.3963,23.5690,52.7320
334.8606,150.7995,23.5183,53.9256
332.6769,150.0185,23.1024,55.4875
332.9077,149.6611,22.6407,56.2024
332.0832,149.2747,23.0766,55.7621
333.2130,150.3726,22.0317,58.4245
332.8718,150.1465,22.7141,58.8768
332.6406,149.4087,23.1764,60.3524
335.2265,148.3988,24.4167,58.5249
335.0174,147.8644,24.8349,58.3155
336.3792,160.2473,23.3940,63.0504
338.5241,149.5680,23.0793,65.8586
338.5415,147.7184,23.0445,66.8388
338.6241,147.4550,22.8793,67.3655
339.0072,151.2018,22.1131,69.5132
338.3941,152.0637,21.9454,70.5772
337.1607,146.7470,23.0064,71.3698
334.9997,147.0520,24.4552,70.7599
332.6248,145.7021,26.2960,69.0963
332.6602,148.6538,26.2251,67.5847
332.9836,149.5321,25.5784,68.7101
328.9055,149.2015,25.0616,69.3713
328.9247,147.5383,25.0232,69.8063
327.3825,144.7915,25.2054,68.0443
322.5723,153.1809,24.8212,69.8454
323.0552,150.1320,23.8553,73.0473
323.2006,147.2208,23.5645,72.9653
321.7437,144.4992,25.0088,72.5305
320.7241,144.5058,27.0481,71.0275
319.6568,145.1706,27.6774,68.1926
320.6370,145.2838,27.1928,66.4906
320.9574,157.5209,26.5519,69.4242
322.0118,145.8685,25.9164,72.1034
319.5081,144.9884,26.4232,73.8635
321.5681,144.4006,25.3723,76.5737
321.8625,147.6349,24.7836,77.8751
322.0543,144.7016,24.3998,77.4950
321.6404,142.6859,25.2277,76.8788
314.8582,143.4230,27.9021,75.4045
319.7877,147.2969,27.5431,73.9898
321.5888,144.2006,27.0539,73.9563
322.1539,145.0051,25.9237,75.4418
322.4915,147.1158,25.2484,77.4122
322.1836,141.6986,25.8644,77.3009
318.2322,144.4516,27.4736,74.9416
321.8875,147.6937,26.4387,77.8711
322.9361,147.0285,25.9336,79.2015
326.6636,145.2466,24.8852,79.5620
324.1673,145.2114,25.1154,79.6324
326.9823,143.7965,25.8563,77.6840
327.5597,140.8333,26.2801,74.1383
330.8557,149.2430,25.8316,74.2133
332.1281,147.0412,24.8154,75.5593
332.3544,146.2194,24.3628,77.2029
330.9485,142.2935,25.6302,74.2438
332.6804,143.1917,25.2175,73.9731
334.3438,144.2378,24.9191,73.3950
335.4793,143.3663,24.1485,75.1379
335.7432,142.9126,23.6207,74.5343
336.3145,141.0261,23.9710,72.3358
335.6067,142.1230,23.9184,70.1421
335.8494,142.1892,23.4331,68.5737
337.4921,144.3788,22.9569,67.0038
342.5604,159.3490,23.8091,65.9088
342.3469,144.4386,22.8626,68.2609
346.0740,141.1725,22.3573,69.2339
345.5009,144.6363,22.1092,69.2782
345.3354,155.3773,22.4403,70.0428
350.6681,143.6272,23.0339,71.0252
348.6643,143.8561,24.1770,69.1351
349.9805,141.3876,25.8232,66.9410
355.8329,142.3900,26.9390,64.9363
353.0265,149.0991,26.8895,64.2583
359.4330,145.9350,25.3159,69.1816
364.0591,141.6101,24.7489,72.0413
365.3372,141.4263,25.1486,72.4089
367.1504,141.7600,25.9940,71.7417
365.4719,143.9634,26.3583,71.8240
364.9094,143.1336,25.9791,73.4835
366.6737,142.6154,27.0136,72.9989
365.1298,140.5534,28.5686,72.5244
358.5185,141.0304,29.3597,71.5706
355.2002,142.5019,28.2247,71.7361
364.4413,144.3829,28.1799,71.0470
369.8446,153.8413,28.0535,71.9648
369.9037,147.9564,27.9354,72.9779
371.4879,145.9837,27.8650,73.8251
371.2731,146.4930,28.2946,72.8066
371.7736,170.6584,28.8467,71.0684
373.1836,172.8196,29.1027,69.8219
378.6299,154.5097,31.9306,65.2798
392.9673,177.6114,34.9278,62.8137
407.7657,195.9947,37.3243,59.5640
422.9257,218.3601,38.8344,57.2731
438.2753,239.5197,39.7721,55.6302
453.5252,258.1494,40.7135,52.8063
470.1728,241.3045,41.2210,51.2240
469.1693,264.2098,41.7742,49.0243
456.9873,242.2615,41.8494,48.6295
456.4529,264.3364,41.4943,47.1956
477.4016,264.4069,41.4760,47.0545
460.2891,248.0990,40.8639,47.6201
480.4902,248.9775,40.8420,47.2555
464.0921,263.3594,40.3636,46.2205
480.2058,281.0568,39.4796,46.2573
479.4495,260.3733,39.6430,45.8011
495.1624,277.3170,39.1455,45.5314
483.3470,256.6607,38.7903,45.5351
497.3548,241.8811,38.6396,44.5755
496.5718,262.5758,38.8959,43.7850
481.2295,278.0443,38.3448,44.0838
480.3796,258.3958,38.7473,43.1646
495.2634,243.8708,38.6377,42.5565
480.2046,258.6452,38.0767,42.4080
494.8539,244.3123,37.9195,41.9324
494.2552,263.9703,37.8597,41.5869
475.0226,263.4110,37.5507,41.4548
493.1752,263.4868,37.3157,41.3031
478.0135,248.3188,36.6967,41.9345
492.4601,264.1168,36.2684,41.2785
510.7588,265.3524,36.2881,41.2484
495.7522,279.8901,35.7908,41.4631
494.9532,261.4899,36.1730,40.5745
512.5855,261.8752,35.9441,41.0119
498.2328,276.2421,35.5795,41.3482
515.8540,277.2749,35.4447,41.7037
524.3931,259.0469,35.3616,41.7416
523.1673,278.5011,35.3869,41.6552
522.2969,260.2483,35.9154,40.5809
536.4758,275.4423,35.2519,40.2955
535.7366,257.3632,35.5413,39.5928
535.2678,276.2156,35.2961,39.7370
534.5116,258.3085,35.6275,38.9369
548.2943,244.4686,35.0630,38.4420
547.8982,263.0176,34.6980,38.3759
546.8085,247.0841,34.5765,38.0317
545.8932,265.9315,34.1209,38.0596
536.2048,248.3858,34.1810,37.9264
549.6391,262.6049,33.4212,37.8672
549.1035,244.9068,33.3703,37.3561
548.7589,263.8244,32.9462,37.3751
548.2124,246.8845,32.9322,36.9418
547.8276,264.4318,32.6018,37.0448
547.9277,281.9979,32.4017,36.9923
547.9572,265.0948,32.3428,35.8475
560.0007,252.1901,31.8730,35.8927
542.9158,252.7803,31.9080,35.7790
550.6226,269.6251,31.4115,36.1855
536.8839,258.0642,31.2288,35.9023
544.8167,275.0446,31.2112,35.7508
536.2585,258.9785,31.4651,35.2118
548.6199,246.3852,30.8834,35.2077
536.2388,258.7089,30.6796,35.5262
536.1870,276.0492,30.7834,35.2286
522.9016,263.9017,30.3409,35.6273
534.2938,252.2772,30.3933,35.0015
533.7913,269.2804,30.3690,34.9589
533.6513,253.6666,30.6490,34.3137
533.5956,270.1653,30.7604,34.0403
525.5802,254.2688,30.4687,34.2085
537.4302,267.2072,30.1853,33.7845
537.4669,251.8751,30.1119,33.2317
537.5700,267.6218,29.9057,32.6527
537.2098,252.6231,29.6412,32.1171
529.2025,267.8849,29.1254,32.7094
536.5629,253.7289,29.0050,32.7938
525.1284,241.8961,28.5280,33.1133
532.5110,256.8636,28.3136,33.2501
532.4114,242.3521,28.5130,32.2426
531.9357,257.4185,28.5081,31.7561
516.9139,257.1611,28.1933,32.2708
529.8406,256.9275,28.0344,32.7381
528.3036,241.7577,28.2393,32.4751
528.3666,257.1189,28.1134,32.3304
528.2960,242.7004,28.2547,31.6772
528.0036,258.2459,27.8959,31.7193
542.1983,258.7939,27.6567,32.4999
530.7359,247.8456,27.8636,31.6786
530.2631,262.4849,27.8721,31.4529
529.6116,248.5531,28.2412,30.3678
540.4526,260.0495,27.7842,30.4457
528.6852,249.1857,27.4829,30.1709
528.2882,263.8327,27.3694,29.9228
527.8425,250.1984,27.3587,29.2290
541.4328,250.2889,26.9088,29.9390
534.3155,236.9496,26.8248,29.7699
544.8265,248.0511,26.2946,29.8409
531.2256,248.3038,26.1054,30.2189
544.6513,248.5948,25.8461,30.5234
530.5027,249.4136,25.7610,30.6597
543.8409,250.6933,25.7151,30.7633
543.2328,237.4607,26.0427,29.6840
556.4682,237.2843,25.8854,30.0368
549.4540,251.0534,25.8328,29.7803
559.6813,240.6564,25.5089,29.5685
569.7976,251.5432,25.2120,29.4641
576.3435,238.5784,25.0260,29.5819
586.2161,228.8931,25.0430,29.1906
586.0963,216.0986,25.2826,28.3227
595.9711,226.3205,24.9411,28.1310
602.2555,239.9525,24.9036,28.4354
612.0380,230.7865,24.6475,28.2979
601.6641,221.4965,24.5630,27.7122
614.1489,222.0728,24.2793,28.2052
626.9317,224.1384,24.3180,28.2037
613.8240,225.4533,24.0838,28.0537
623.2352,235.4986,24.1323,27.6542
615.9053,223.4051,24.1209,27.3894
621.9728,210.8539,24.1474,27.3576
621.5874,223.9420,24.1076,27.1240
612.1055,215.6118,23.7166,26.8490
624.4567,216.2512,23.6881,27.1622
614.9078,225.6272,23.5781,26.8177
602.5557,226.4137,23.6923,26.8311
602.5591,238.8283,23.6854,26.6549
602.5972,226.6673,23.6093,26.4122
602.5364,214.7753,23.7307,25.7857
602.2711,227.0105,23.4819,25.4834
593.2291,236.0996,23.0632,25.8080
592.8494,224.4689,23.0533,25.2205
592.8799,212.9063,22.9921,24.7848
592.9961,224.6457,22.7598,24.6260
593.0687,213.6212,22.6147,24.2924
584.4342,222.3258,22.1578,24.6090
578.5469,211.2417,22.1526,24.6902
584.1741,223.2683,21.9594,24.9716
584.0995,211.8320,22.1086,24.2062
575.1408,203.3323,21.7965,24.4344
583.5775,194.9213,21.6614,24.5182
574.9642,203.7119,21.4426,24.3824
569.1915,192.8117,21.4476,24.5443
569.2067,204.4096,21.4172,24.5123
568.8388,193.7503,21.4300,24.1443
577.1452,185.7185,21.3171,23.7079
568.7951,193.8105,21.0060,23.8265
568.7817,183.0958,21.0329,23.3799
568.4279,194.3215,21.0412,23.3021
573.7101,206.1831,20.9481,23.3141
573.6467,195.8809,21.0749,23.0146
568.1347,184.8598,20.9925,22.8438
576.1819,194.2276,20.7722,22.7432
570.7236,183.7035,20.7273,22.5532
570.8029,195.7629,20.5686,22.2843
580.9493,195.9614,20.5171,22.5621
572.2202,188.6015,20.3416,22.3610
580.0042,181.2578,20.2366,22.2580
579.9443,171.3074,20.3564,22.0883
575.0484,183.0786,20.1238,21.9357
582.8370,191.0270,19.7772,21.9317
572.3658,191.1592,19.7079,22.3239
582.6727,191.0672,19.6037,22.5079
572.0757,191.0083,19.5888,22.6256
577.0426,180.9592,19.6204,22.7931
566.6334,181.8990,19.7475,22.9157
574.4103,190.3685,19.6359,22.7617
563.7366,190.4442,19.6320,22.6103
574.0616,191.8369,19.5915,22.4843
563.7847,193.6442,19.6165,22.1807
563.7175,184.3784,19.7509,21.6328
553.6450,185.6725,19.6982,21.6508
543.2818,186.0098,19.5929,21.6273
550.8675,194.7938,19.3472,21.5805
540.9716,196.1322,19.1660,21.4808
533.7439,205.1340,18.9049,21.3929
538.5457,196.3157,18.8159,21.2690
528.8024,197.9068,18.7427,21.2415
523.8165,188.9084,18.6447,20.9868
523.8834,199.5316,18.5107,20.9510
531.1176,207.9879,18.3288,20.8095
526.2084,198.7272,18.2906,20.8496
516.6756,199.5757,18.2585,21.0008
523.8005,192.9626,18.2201,20.6336
514.0638,193.7551,18.1230,20.8834
523.3013,194.2931,18.0646,21.0351
513.7478,194.3972,18.0974,20.8270
520.8943,202.9996,17.8944,20.7751
513.6527,196.1025,17.7725,20.5726
518.4956,206.0177,17.7420,20.6563
510.3849,199.3969,17.6484,20.6042
517.2739,192.5559,17.7151,20.4414
517.1849,202.2477,17.8932,20.2739
509.4162,209.4021,17.8108,20.3836
509.3410,200.1666,17.9610,20.2189
516.2014,193.1329,18.0631,19.8626
506.6975,193.2986,17.9641,20.1283
512.9946,186.1034,17.9625,20.1272
512.6500,195.6938,18.0521,20.1335
503.3160,195.8541,18.0852,20.4140
495.7408,189.3984,18.0854,20.5993
495.3425,199.3114,18.2731,20.2575
494.7108,190.5963,18.3233,20.0969
494.4151,200.4994,18.3097,20.2518
494.3985,191.1902,18.3429,20.0508
489.6332,201.2925,18.2019,20.3985
489.5959,191.9583,18.2765,20.2302
482.4184,185.7229,18.0826,20.5767
482.3142,195.1730,18.2909,20.5398
481.9631,205.5472,18.3819,20.5739
481.8758,196.6450,18.5565,20.5945
474.0103,189.5953,18.2627,21.1344
477.2878,199.7044,17.9079,21.3766
469.5541,192.2322,17.9240,21.4879
462.1180,199.7326,17.9155,21.3677
462.0323,190.5986,18.0869,21.0946
452.4488,190.3546,18.1400,20.9660
459.5422,198.1699,18.1083,20.7215
454.6692,188.4320,18.0760,20.6405
