526.0015,420.7406,38.9171,36.7889
526.3536,423.2406,39.2929,38.9888
525.5511,421.5681,35.4478,35.4338
522.6102,416.9228,42.6245,34.4644
523.5977,417.6673,40.8596,34.2404
522.1589,417.5782,41.6522,36.6985
521.9371,418.3456,41.9858,34.7588
520.7374,415.4263,43.8951,38.5475
520.4653,414.6231,43.4545,38.8288
520.1688,414.7520,43.5623,38.7959
518.8783,417.6405,40.9284,40.7291
518.7537,418.1567,39.3725,39.3866
515.5304,415.1073,40.1192,35.2254
515.1763,417.2231,40.2824,40.2187
516.0579,416.9737,34.8492,34.7926
508.4248,408.4719,53.2404,40.6763
513.0880,413.0710,28.4440,28.4231
505.0956,406.4798,53.5989,41.2004
503.4228,405.4792,53.7945,41.4666
501.7531,404.4860,53.9838,41.7179
510.9430,412.2948,36.1289,36.8954
499.2664,409.8859,44.1822,42.8282
498.9953,409.4037,45.0444,45.1576
496.9071,408.6576,44.4608,43.9147
498.1565,408.9765,43.7321,43.5271
497.2354,407.4461,43.6443,43.5028
497.7858,406.5592,44.1384,43.9616
499.2553,405.0125,43.9793,43.6900
502.4413,400.9076,47.2223,35.3149
504.3751,399.1855,50.1198,37.4191
505.6190,399.3659,47.6170,37.8881
509.2169,399.9072,45.7812,45.6255
512.9785,397.6485,47.0031,46.9179
516.0682,397.5092,46.9936,46.4966
519.4305,396.6212,47.0390,46.8476
522.6093,395.5896,45.5765,44.6208
520.7573,390.9508,49.9053,42.8583
524.3585,391.4274,50.2430,42.0503
529.2454,391.1253,49.8691,40.5544
529.3891,397.0892,37.1168,32.7316
527.3351,382.0310,57.7797,43.6981
530.0651,380.4706,57.2398,43.9238
532.7936,378.9052,56.7079,44.1547
535.5147,377.3441,56.1806,44.3817
550.3640,386.7868,41.4720,40.7765
546.8829,384.4044,45.2942,45.7761
545.3325,377.4041,50.7549,42.1419
547.4709,372.4216,51.8931,44.6368
548.2531,374.7183,50.9138,42.0335
551.2386,371.6400,51.0678,42.0201
551.8765,366.3973,49.7269,45.1454
554.3777,363.1983,49.0046,45.9233
554.6447,359.2375,52.2307,42.5899
555.4546,355.5006,52.0958,42.2288
554.8574,352.9018,52.0953,44.5563
555.5657,351.1607,50.3685,43.7086
552.8843,343.7357,50.8963,46.1585
549.4106,338.5571,51.2237,46.5359
546.5306,335.2610,50.6587,49.4780
546.4831,328.9797,52.4088,47.7756
548.2864,331.7656,49.9921,49.9638
546.5606,327.9030,51.0788,50.9940
546.3267,323.1742,51.0617,50.5666
547.8511,318.8524,51.3828,50.7952
547.7523,312.5921,55.1055,47.9108
547.0759,308.2272,54.9781,47.7656
547.6767,311.9552,52.2966,51.9096
547.3635,304.1800,54.8429,46.2300
543.9350,304.3716,49.5900,48.9419
541.4429,300.5711,50.0391,49.6077
539.5464,298.6751,50.0773,49.5397
537.3287,292.2018,53.7326,48.0914
536.0989,294.9984,53.7772,53.3533
534.5512,292.5045,52.6476,50.0859
535.1727,292.4507,51.4845,50.2386
539.1851,293.8410,50.4999,50.2879
541.0319,293.1764,53.3863,53.3722
549.7975,291.8459,52.8749,51.9581
550.2853,289.9053,53.4393,48.6693
563.2408,295.4568,50.9884,50.7263
574.1685,292.3116,54.9281,49.9168
585.8672,299.4484,54.0955,53.7132
602.6733,303.6978,53.9183,53.3344
617.4315,303.5099,54.6671,51.5952
617.7211,304.5301,53.1479,52.0198
627.6210,307.3743,56.8281,54.5114
645.2244,314.9957,51.8911,56.4687
639.9623,324.4657,58.6104,58.4337
643.7316,330.4383,54.8867,54.4834
646.4979,336.8992,56.6143,56.1816
646.9017,336.5753,55.0965,54.9343
661.0497,340.5952,51.0706,57.9396
662.2147,349.5076,55.1456,54.3448
676.1306,351.9079,53.7489,56.0341
679.1269,362.3109,56.6562,56.6633
682.8007,368.6781,57.4187,56.9787
683.2172,368.4224,56.0856,55.6152
688.7596,373.8528,55.1658,54.6044
696.9160,378.6440,55.7280,56.1171
697.5608,376.3743,58.3534,55.2213
701.2115,385.3674,56.1268,55.6701
709.8882,383.2254,29.5336,53.4442
710.3026,387.7895,30.4749,45.9311
698.9052,378.9427,63.5647,57.2647
700.9956,380.2578,63.7787,57.3645
713.0000,386.0000,56.0000,55.0000
718.8212,393.5303,52.0976,56.2994
720.3298,391.2359,55.1304,60.3783
711.4376,392.0895,57.9199,54.1710
711.2307,392.1569,58.8386,54.7962
712.4256,394.0886,58.4588,53.5578
711.3495,394.7050,57.9859,56.7399
712.9454,395.6941,58.9042,58.4219
722.2559,398.2556,54.4483,56.9689
713.0950,396.2894,60.6501,60.4712
718.2572,390.9729,58.4256,57.7142
719.2225,393.6889,57.1700,56.9272
718.9295,393.6118,55.6760,55.7864
716.9665,390.7243,58.3820,52.4264
713.5402,386.9499,57.6146,53.7902
715.4880,388.8018,55.9190,51.9864
710.8281,388.0846,51.5037,47.1408
720.9858,389.3715,50.3284,45.3069
705.7286,387.8829,55.8827,54.5443
704.5198,388.8547,56.3203,54.8355
704.1707,387.6613,54.7587,52.4573
703.3729,387.3443,55.4642,53.2263
697.3204,383.6422,64.7343,59.6255
696.0844,383.5582,64.4461,59.7937
706.9186,392.1355,47.5928,47.5789
695.7075,391.0264,53.4501,54.1122
692.9472,392.7957,56.6456,56.6885
697.1094,395.0052,54.7011,54.6445
695.6611,397.5416,53.9777,53.9919
695.2983,396.6740,53.4434,53.5070
692.1246,395.5453,54.6858,54.4545
690.4942,394.1805,55.0516,54.7591
686.8958,392.2529,55.2735,55.6441
687.3099,394.5096,54.4952,54.8508
690.3705,394.1702,53.5890,57.6997
682.1993,388.9026,56.7963,60.1047
677.6841,389.9852,55.8717,59.1696
667.0498,389.3933,56.1254,56.8834
660.7354,394.2854,57.3993,57.4492
671.2659,396.0512,52.8481,55.5976
666.1290,389.6104,55.0620,60.1892
656.9498,392.0853,53.7804,53.6895
652.4653,392.1204,54.4794,53.3293
651.8411,391.4446,53.4479,51.9557
651.7476,393.6684,53.4349,52.0132
647.7631,389.6773,54.1939,53.9654
644.8533,386.3065,54.5585,56.9171
644.0552,388.3518,52.4197,54.6864
639.2772,391.2477,52.7756,53.4046
636.7496,388.1839,54.4959,55.6122
637.7062,388.9279,51.3527,52.5342
637.0057,388.1496,53.4086,53.2509
633.4728,387.7207,54.1743,55.7437
632.6786,386.3068,53.2528,57.6914
623.5423,385.8242,53.8054,55.1415
619.7425,385.2498,53.9151,54.6404
616.7984,383.5730,53.0233,54.0240
618.2262,383.0293,53.2676,54.2215
614.4705,382.4762,52.6739,54.5376
611.9591,381.8300,55.7918,55.8500
605.7584,380.7099,53.4483,53.3702
600.9927,378.1010,51.7646,53.4780
596.9811,376.3661,53.0378,53.2178
594.5049,378.6346,52.5552,53.4657
590.2344,379.7393,51.8962,51.4714
586.4236,370.7154,51.7177,53.2292
579.4289,368.1913,51.3722,52.1674
572.6081,364.2473,49.7238,52.1154
564.8793,360.9900,50.6314,51.7750
565.3514,360.5493,50.5672,52.5814
560.0594,356.2611,49.1661,51.7178
556.7134,354.9703,46.9632,48.6994
541.2575,353.8014,51.2149,51.9072
534.0751,349.2518,51.2097,52.3964
526.4431,345.8354,51.0838,51.7043
526.3162,346.3151,50.7977,51.4599
518.6000,336.9478,49.9399,52.6395
512.6050,336.2902,47.3399,49.3547
502.4851,330.7744,48.1648,50.6861
492.0145,326.7166,50.7910,52.5718
485.6713,327.0892,48.6873,50.0566
492.7209,324.0186,42.0381,55.3829
483.9956,324.3416,42.9387,53.5719
473.6468,323.5137,47.3464,52.3925
465.3765,323.1317,45.9670,53.7617
461.0000,321.0000,45.0000,56.0000
454.7184,322.0052,44.6682,56.6195
448.2303,321.1828,44.5795,55.5644
447.0000,321.0000,46.0000,57.0000
441.3000,323.4411,44.2500,55.0878
435.5671,325.8842,44.0958,54.3415
422.6683,330.7985,49.6235,50.7631
422.0757,333.4897,46.9936,51.0907
425.8814,336.5408,42.3821,53.8684
425.9468,341.9129,40.3014,51.2991
424.6909,343.6288,41.4732,54.2024
418.6576,353.6764,44.5299,45.9872
421.3986,358.1794,42.6929,52.3862
418.4832,366.7983,45.0737,47.8233
419.0940,373.2497,45.4821,50.1355
424.2753,369.0837,40.7394,55.7326
425.3435,378.8375,40.4030,48.2700
428.2878,383.2772,37.8845,50.2456
430.4267,390.7103,38.1466,49.6444
424.5538,398.7863,45.4024,49.2474
434.9191,402.1422,41.1068,51.8505
434.7803,402.9306,42.3243,55.1038
437.1659,404.5927,38.3382,57.4045
439.5180,410.1620,42.4639,56.7861
435.0392,416.8095,46.2316,50.1111
443.0000,415.0000,41.0000,56.0000
441.8273,418.3134,43.0653,49.9782
444.4213,415.4615,41.3423,53.5370
446.1228,417.3157,41.6843,53.9186
443.9122,421.0243,44.4457,49.3715
448.8326,418.7213,40.5697,52.3224
451.5425,415.5664,41.1699,54.2872
450.8417,418.9864,40.4416,49.1722
447.4998,422.1698,44.1354,46.0904
449.5059,420.1869,42.6533,46.6963
450.1752,419.1988,43.1896,48.0624
455.2160,414.9677,38.8180,50.9896
455.0205,415.7702,40.2190,49.5746
452.7823,416.8153,43.5504,46.2793
454.0158,415.4604,42.3785,45.2892
454.4559,415.2091,42.5681,43.9818
456.1228,413.9048,42.4295,46.2504
457.4783,411.6887,42.3584,48.4925
458.3217,407.5309,40.9616,51.4731
455.9567,408.9635,42.9266,45.1230
456.0548,408.4916,42.3304,44.2617
453.5858,407.6598,46.8684,45.4304
455.1240,402.0121,41.9121,48.6158
451.7426,402.2212,44.6199,45.7026
453.3649,398.6522,41.0653,48.8456
452.6749,398.2915,40.5901,45.6269
454.6708,402.7623,43.0335,44.0204
448.8518,399.2116,42.3064,41.2719
445.9780,400.3347,44.1539,41.4005
445.0143,396.0243,41.3115,44.6314
440.8931,393.1572,41.6037,45.0056
441.9709,392.5722,41.7332,46.6806
437.5497,388.8099,41.3607,45.1702
434.9542,387.6920,40.8966,45.5011
433.8712,384.7065,38.1075,48.1170
430.1093,384.4147,38.1314,46.7106
424.5854,383.1647,40.5042,45.0806
420.6215,384.1963,42.1819,42.8475
421.3102,384.6694,42.1396,41.8962
419.8914,382.2711,41.9722,42.0678
419.5785,381.4195,41.5681,43.9760
419.9940,384.3271,39.4570,41.5858
422.3919,383.0760,36.1361,44.3430
418.2566,382.1266,38.2218,41.9769
422.9202,384.3259,37.8495,42.9982
416.7877,387.0210,36.1897,37.6281
418.2039,380.9435,36.2823,43.6380
414.6996,384.0612,36.6107,40.2475
417.6741,384.2335,35.5817,43.3530
416.5068,383.1896,32.4965,45.5509
414.0000,381.0000,36.0000,46.0000
413.0000,381.0000,36.0000,46.0000
411.9739,385.4448,36.2922,41.2304
412.1983,383.0245,36.6133,45.1110
410.6530,385.7420,37.7541,42.6560
408.7274,384.6926,36.3151,43.7348
408.1290,385.7012,36.8669,43.0376
408.3575,385.0327,34.6750,43.9196
408.6354,384.1069,36.4992,44.8663
408.0244,385.1887,35.1712,44.7677
407.8253,384.9286,37.0393,42.7377
409.2750,387.0641,34.5301,42.3318
410.3460,390.1008,34.8881,38.9684
413.5449,389.3068,30.6002,35.9814
408.2764,384.0032,35.9572,44.0037
409.3096,386.3092,36.6407,41.7167
409.1292,385.0117,35.9116,44.0765
412.7664,385.9343,34.4221,42.0414
411.0454,384.9542,34.0692,43.0266
410.6835,385.2206,36.3530,42.6989
411.3762,385.3922,35.9377,42.8507
413.3867,384.4181,34.8416,42.3039
414.4196,383.8237,35.1507,41.6026
414.8972,383.6773,35.2755,42.6505
414.1191,382.1110,34.8817,41.8979
415.2989,381.4696,33.7972,41.7607
414.2037,379.1612,32.8626,42.4776
411.8617,376.3978,33.3565,40.9143
412.4888,374.5662,33.1174,41.0877
413.8933,371.2722,32.1885,42.4255
414.1599,371.3611,33.2701,43.6277
411.8784,367.2997,32.6031,43.4107
410.5122,367.0420,36.0956,39.8461
404.6564,358.5508,33.8372,40.0085
401.6083,354.1683,34.1133,41.7384
396.5620,349.3173,39.3709,43.4255
397.3721,350.0710,36.3059,42.4931
392.3268,344.7167,35.6713,42.9866
388.3543,340.6234,35.1213,42.8532
385.2520,336.4955,34.5761,44.0490
381.5915,332.3023,33.6519,42.7154
378.9821,327.2925,31.4807,45.2849
379.7418,329.2152,32.2064,41.2695
374.6694,325.8640,32.2061,41.9521
371.0948,322.2102,32.1405,43.7496
368.7364,321.5723,33.2021,39.7303
365.9517,320.0287,33.8266,39.0777
360.6076,316.5951,35.8449,41.2497
359.5771,315.6270,33.0159,41.2060
353.8013,312.7831,33.1674,41.9237
350.1657,310.7445,33.3937,41.4209
347.0732,312.6263,33.6336,38.0673
338.5845,307.5773,31.5509,41.5754
331.3748,306.5632,32.1854,40.9887
334.6604,309.7132,34.7141,37.7536
328.8807,311.3445,35.9087,37.3411
325.7104,312.8455,35.3091,36.1691
317.5412,308.1652,35.3476,40.4946
316.7416,311.3411,31.8567,39.3827
313.1710,314.2585,29.2379,39.3180
316.0088,319.4769,30.2424,33.7362
311.9697,323.0184,33.0056,32.9331
313.3474,327.7111,34.0753,34.7577
312.3203,331.1234,34.6994,36.2132
313.1239,335.8496,34.5773,36.0107
315.5538,342.0395,31.6524,34.8509
314.9393,342.7973,34.7214,35.4653
317.3882,348.9566,34.1836,34.1768
319.1854,351.3745,33.8992,38.4711
325.4514,362.3330,35.6121,36.3141
325.4699,368.6990,36.5852,32.8721
331.9469,377.2544,35.9862,32.8012
337.2198,376.3880,35.1254,36.9540
343.3409,384.4759,33.2232,32.9782
342.3430,392.8743,39.0940,32.2314
347.8257,393.8106,32.9187,32.9388
349.3897,397.6523,33.9906,33.0005
351.1018,401.1365,34.5163,32.7970
351.1165,401.2078,34.1620,32.1743
347.3210,405.6740,39.2281,28.0171
348.0779,403.9146,35.8742,30.7259
342.8414,403.2618,36.6371,30.3713
337.0431,401.5299,35.0039,28.7852
328.3647,400.5811,38.6806,28.5928
326.3638,401.4588,41.2675,27.2625
320.0932,399.3913,41.5135,28.3674
314.1469,397.5054,40.4762,27.5193
309.6941,394.7387,37.4517,28.2776
305.7341,390.1447,32.5717,29.4305
297.1847,391.9371,37.9657,23.8459
294.4700,391.9989,41.9650,25.8173
290.6690,390.6384,37.3869,23.4533
284.0276,388.6388,36.2897,25.8775
274.5583,387.1176,38.0235,23.7049
270.1770,384.6297,37.0560,26.3556
263.8443,382.0294,34.3614,25.9712
259.1911,383.9317,41.9678,24.7116
251.6696,382.2267,41.8309,25.3266
247.1645,380.8490,35.9611,24.5169
235.4614,380.1724,42.8422,24.8152
229.1719,378.0046,43.2713,26.9159
221.5202,376.1267,42.1547,24.0966
224.0404,377.3862,39.9392,24.7376
214.6764,377.5808,42.3121,23.3285
210.1711,377.2856,41.7077,24.2688
204.0884,376.9814,40.9731,20.9071
203.8862,377.9782,38.2275,23.4136
204.9872,380.3878,38.8657,24.0395
204.9752,380.8842,39.1197,25.5267
209.0572,385.0661,41.1606,24.4527
216.3969,389.4054,43.3911,22.7092
233.8853,398.5116,37.6495,21.5218
247.0000,404.0000,45.0000,21.0000
271.4645,412.3188,37.0810,27.5273
263.8529,412.8341,44.4942,23.2567
283.7895,421.1092,38.2960,26.4916
296.1088,426.4153,36.1525,26.9293
301.1329,430.8315,41.6743,26.7871
308.3862,436.8705,39.7726,26.1989
311.6917,439.0314,41.4066,25.1122
311.9272,436.8604,40.6356,27.3992
316.5877,437.1213,39.5647,29.5775
323.4248,444.6412,36.7104,28.3475
323.2319,444.9274,41.4861,26.8152
330.2480,448.8103,39.6540,30.0545
332.5422,451.0378,43.2357,28.5043
347.3461,454.1344,38.4027,32.8312
345.2493,454.5557,39.4814,30.8387
352.0000,454.0000,42.0000,30.0000
360.6911,457.8593,42.9528,29.5563
372.8211,459.0948,40.3978,31.6305
382.4418,463.5426,40.6464,29.5948
395.9233,470.4313,38.2784,31.5674
393.0885,468.1002,39.8629,28.5296
402.4352,470.3273,39.7846,29.7804
410.8883,473.0336,40.3684,30.3428
416.0690,476.2042,39.5420,31.0267
421.7557,475.9464,39.9936,32.9423
430.9871,481.9844,36.6458,32.3763
430.1270,481.1440,38.4561,34.1821
437.0904,483.6330,38.4143,34.6689
444.2916,484.7161,40.1618,37.2928
452.7235,486.5694,39.9229,34.8711
464.1467,489.8434,39.9567,37.1531
467.3635,490.3136,42.2380,36.1978
468.6461,490.8181,39.9378,37.0338
481.4091,493.9684,40.8518,39.1633
489.2891,497.7489,40.9118,38.7172
494.9224,495.4144,41.6802,36.6712
508.4272,502.5736,39.4455,38.1378
518.9775,504.1904,39.4850,37.6493
520.2522,503.9393,39.7456,39.3414
531.2905,506.8245,39.7591,39.2760
539.2486,508.4960,39.1328,37.6081
547.8378,509.3281,39.8645,39.0338
551.0000,502.0000,43.0000,41.0000
558.5116,505.3488,44.0868,33.6524
560.4352,508.8738,39.5997,38.5023
568.1019,505.8676,47.4663,35.7548
577.2928,503.0914,39.0843,37.6471
584.0000,501.0000,47.0000,38.0000
596.7661,501.0983,43.7979,37.7484
611.7079,501.9153,40.2491,37.5844
611.3019,499.4280,40.6612,38.7090
622.9481,503.1859,43.1689,42.1681
635.1782,497.0134,46.2836,38.4082
648.4728,496.7235,45.5994,39.2680
662.0000,495.0000,44.0000,40.0000
675.0000,493.0000,44.0000,41.0000
675.2216,493.7011,44.3317,39.6628
685.4813,492.6607,44.9675,38.7735
694.7872,495.2449,40.7456,40.2201
700.7101,493.8916,41.4797,41.5818
703.2938,492.4224,39.4125,38.3051
704.4402,485.8752,43.4547,38.3795
704.3348,484.7296,44.1204,39.7107
706.3981,482.8660,42.0538,39.5780
705.1310,480.8633,41.1581,39.7085
700.5472,483.9359,42.1206,42.2831
700.6728,478.5717,41.9645,38.4516
700.0959,482.0991,42.9781,43.3318
698.8668,482.2775,42.1313,42.1101
692.8022,480.4883,42.7006,42.5784
689.8044,475.5099,43.1663,37.1453
682.2385,472.0310,45.9630,41.3081
677.6489,470.9888,46.0122,40.5423
675.2603,470.0397,41.0594,38.9706
675.4331,468.9543,41.3038,40.7464
671.5885,468.8781,43.2480,39.5687
667.3043,467.6819,42.1865,38.9263
659.4482,465.4461,45.9285,40.0979
653.4797,466.6795,44.3357,39.2710
652.7213,465.1120,41.0275,37.6259
652.0322,465.0748,41.7456,38.7154
647.6442,464.8434,40.1065,38.9333
641.4478,463.0730,46.4444,40.2440
639.5596,461.9848,43.0259,39.8453
638.2849,463.7609,41.3302,38.0932
633.9650,464.5062,39.8051,36.5175
634.8761,464.1283,40.9578,37.7334
632.9199,463.7926,42.2001,37.9048
628.2482,462.1555,43.4336,36.9789
628.6503,465.6674,42.2193,42.2052
624.0618,465.3017,42.6514,42.0366
623.8118,461.3771,38.7765,36.6409
620.1735,460.4465,41.7731,36.8071
617.6318,459.9940,48.0514,38.4119
620.9446,464.0045,35.9607,27.7961
615.7353,461.2436,40.0144,33.9628
613.5359,459.6520,41.9980,39.3860
611.3152,458.7931,45.3297,40.1339
613.5138,460.3089,41.9724,38.7573
611.0584,457.8591,42.9182,40.5118
608.6434,460.6359,44.2432,37.1482
611.3672,460.1175,43.4755,38.4651
611.0909,459.8508,45.8782,38.4384
613.7267,460.0375,46.9815,40.5700
615.0663,462.0735,45.4375,38.4029
616.6234,462.7204,43.9031,36.0491
619.5519,459.9186,41.1313,39.0928
620.7903,462.3511,46.1793,39.2478
623.7011,463.0578,43.9728,37.5594
627.0000,462.0000,44.0000,38.0000
627.5443,461.0929,44.9365,38.5742
631.2375,462.1895,44.7649,37.2111
636.2401,462.8192,44.4899,37.1465
643.1852,462.5272,42.0495,36.1756
648.2252,464.8526,44.0796,36.2547
655.3172,463.2760,42.2857,36.1579
655.5773,461.1872,43.8903,37.0306
662.0000,461.0000,43.0000,36.0000
667.0945,459.2167,44.1409,37.9466
678.0275,458.1195,42.6651,36.3260
683.5857,458.2217,44.6886,36.0115
693.6115,458.1226,42.2469,36.6698
690.1932,458.4329,44.8136,34.7342
697.6318,456.1742,47.6165,35.1716
704.6624,455.9104,45.1952,35.3992
712.7662,453.8564,45.1277,34.7923
717.0534,451.9893,44.4532,34.6463
720.3766,449.9973,44.6068,35.5254
720.5588,450.7728,43.2673,34.0844
723.4621,449.7825,42.9658,32.4250
728.5677,445.8607,43.0244,33.5086
730.7994,446.8857,40.8511,37.6986
732.3582,440.5832,44.5987,36.0886
732.6935,440.4563,46.5330,36.1573
734.6230,443.3084,42.9940,40.5981
734.8052,437.0098,47.6596,35.4503
736.1046,435.5890,47.6308,33.8321
736.6957,432.7249,47.6186,35.6803
736.3724,432.5228,46.5003,35.1693
734.3439,431.0543,46.8722,33.5615
733.5890,429.0961,47.3420,35.8728
731.7562,427.2231,46.0375,34.6639
728.6873,428.3229,47.3054,33.2042
726.5670,424.6422,47.1160,33.9655
724.7366,425.8406,41.6367,36.1239
719.9525,422.8330,45.3951,31.7840
720.9283,423.7150,41.4835,35.6601
716.2650,421.5420,43.8450,31.3511
712.3099,420.1144,37.9303,28.5911
708.3140,418.2250,42.5920,32.5850
702.7541,415.0227,48.4819,34.4646
699.4125,413.6913,47.0151,33.1175
702.4943,417.5112,42.1815,38.8826
697.6048,414.0024,43.9204,31.8151
695.0698,414.8066,49.1905,28.3567
694.6833,412.3293,48.9135,30.3314
694.7924,409.0961,46.1201,33.1728
693.2406,408.9420,47.5138,33.9461
693.8216,411.6912,43.4869,35.9427
693.6531,407.8512,46.0787,35.1776
694.0447,407.3925,47.9705,33.9850
695.4839,409.3251,48.7822,31.5148
698.2985,408.9477,47.3330,32.3997
700.8253,410.6312,41.7393,36.9127
699.3834,408.9581,47.0931,31.5937
701.8140,408.3264,45.7519,32.2272
705.3615,409.9330,44.7419,30.9090
706.7717,411.0221,44.6665,31.0858
707.8344,408.0843,48.6262,33.7514
709.5386,410.2561,43.2628,36.5479
710.6661,409.9435,42.2178,37.8830
708.4967,406.7454,47.8816,33.6792
709.4344,405.6824,48.6811,32.4403
710.8937,403.4671,46.5727,31.4108
709.9129,401.5972,47.1742,33.3606
708.3817,401.2816,48.9416,31.9669
709.0000,400.0000,48.0000,33.0000
708.6288,398.3548,46.6124,32.7403
707.4307,396.5061,47.5687,33.1927
706.0906,396.7315,46.6337,29.9469
