1
594.1401,201.4804,42.3575,38.4392
589.9210,197.8215,41.8915,36.8529
588.8370,195.6487,41.5806,35.0013
586.7914,195.7655,40.8522,33.5629
586.2994,196.5557,40.6657,31.9823
583.1337,193.8134,40.1450,30.6149
596.9922,206.6722,37.9995,31.5805
581.0594,192.4905,37.0275,30.3902
594.3328,204.7492,34.8702,31.3226
608.1630,216.6075,33.2608,31.5728
620.5006,228.3732,32.0665,31.5224
633.0783,240.1984,30.9445,31.9054
640.9344,255.6573,30.0781,32.6590
653.4783,267.6246,28.6972,33.4189
653.8555,282.7086,27.9429,33.5535
654.2250,267.3264,27.2038,33.3598
654.2771,282.3133,27.0996,32.9142
654.4500,267.9354,26.7538,32.4064
654.5822,282.5544,26.4895,32.0168
654.6901,268.0940,26.2735,31.4871
654.8868,282.6790,25.8801,31.3951
654.9952,268.9291,25.6633,30.9661
644.6043,280.4397,25.0654,31.1063
651.2371,267.3308,25.0495,30.8247
651.2560,281.9869,25.0117,30.5106
651.1055,268.9415,25.3128,29.5293
644.2742,283.1706,25.1671,29.5507
650.7166,270.3123,25.1974,29.4371
640.7673,281.2950,24.4622,29.8249
650.5484,271.5524,24.5390,28.8171
640.6979,282.3548,24.0900,29.0414
650.2542,272.8008,24.2012,28.0901
640.5544,283.0616,23.8507,28.1414
646.6102,271.0996,24.0103,27.5231
652.7696,284.0994,23.8576,27.4780
646.6839,272.2870,23.9100,26.8649
633.9992,273.0126,23.7029,27.0121
646.4615,273.9673,23.5235,26.6993
632.6155,274.2533,23.5475,26.9177
644.9910,274.8869,23.4193,26.4448
632.5072,275.2207,23.2702,26.5621
644.6234,276.3680,23.3521,25.8363
632.3759,276.5966,23.0672,26.1534
644.0180,277.3652,23.0253,25.3909
632.3467,277.1990,22.7387,25.7233
643.7707,277.9122,22.7752,25.0598
632.2031,278.1607,22.5645,25.3157
643.4762,278.8055,22.6297,24.7799
632.0414,279.0492,22.3604,25.0390
642.8066,279.7012,22.4684,24.4812
631.4869,279.9407,22.1926,24.7413
642.2809,280.5545,22.0312,24.2525
633.3604,272.2911,21.6555,24.0201
641.8267,281.4500,21.2613,23.6786
650.2241,290.7011,20.7379,23.5704
649.7977,280.2915,20.8934,22.7698
649.9072,291.4092,20.6744,22.5328
648.4152,280.9235,20.9374,21.7357
658.9866,281.3938,20.6261,21.4671
648.8118,281.4031,20.4273,21.4485
659.1190,281.8899,20.2548,21.1343
664.1099,292.1158,20.0494,20.8871
659.0488,281.9059,19.8573,20.6785
663.9670,291.8822,19.5958,20.5139
663.6940,282.0352,19.5103,19.9966
668.4473,292.0962,19.3359,19.7831
668.2302,282.4333,19.1540,19.3958
668.3745,291.9218,18.8654,19.2382
677.7757,292.1457,18.6645,19.3905
673.1222,282.8040,18.3832,19.4966
677.6295,292.3484,18.3157,19.4948
684.5782,285.3280,18.1118,19.2468
679.9255,294.4376,18.0051,19.2635
689.1254,294.3320,17.7968,19.4748
680.1157,294.5220,17.6252,19.6816
689.2747,294.4858,17.5130,19.7539
689.2496,285.5913,17.5633,19.3579
689.2706,294.9900,17.5212,19.1609
698.3384,294.7982,17.2890,19.5446
689.3501,294.7936,17.2923,19.5537
698.4555,294.6339,17.0609,19.8731
691.5908,301.5531,16.8412,19.9840
700.5583,301.8633,16.8673,19.9431
695.9301,293.0119,16.8570,19.6910
702.9495,299.9787,16.6210,19.5603
696.2701,306.7376,16.3163,19.7062
702.7535,300.1424,16.3826,19.2969
707.2533,308.8598,16.3656,19.2658
707.2523,300.0943,16.3675,18.8557
707.2738,308.8231,16.3246,18.5829
707.3112,300.1886,16.2498,18.2700
713.6963,307.0241,15.9775,18.1836
713.7042,298.8513,15.9618,17.8608
709.5093,307.0898,15.8325,17.8891
715.6603,300.8665,15.7391,17.5965
709.2672,307.0874,15.4060,17.7490
717.1516,307.0168,15.2913,17.8903
710.9653,300.9101,15.1324,17.5722
718.9471,300.8451,15.1239,17.7023
712.8741,307.0099,14.8726,17.7697
712.5948,298.9936,14.9175,17.3690
712.6024,306.9650,14.9026,17.1767
704.7488,306.9899,14.9586,17.1269
712.5892,306.9336,14.9328,17.2396
712.5793,299.2690,14.9526,16.8725
712.6075,307.1088,14.8962,16.7227
704.8853,307.3312,14.9110,16.7757
712.6455,307.2862,14.8530,16.8656
704.9040,307.4745,14.8592,16.9882
712.6932,307.4629,14.8195,17.0116
704.9047,307.6929,14.8663,17.0524
700.8877,299.9977,14.8624,16.8696
700.8770,308.0936,14.8839,16.6608
700.6322,300.5473,14.8768,16.3597
696.7153,308.4426,14.8422,16.3059
696.7054,300.9914,14.8620,16.0064
692.8593,308.5402,14.7777,15.9757
692.6124,300.9741,14.7874,15.6132
688.8504,308.4265,14.6521,15.5480
688.8976,301.1808,14.5576,15.2978
688.9954,308.5517,14.3621,15.1300
683.5231,303.2137,14.1610,15.1247
683.5792,310.4438,14.0489,14.9596
683.4133,303.4597,13.9238,14.7679
678.1019,308.8232,13.7038,14.8837
678.1448,301.9528,13.6179,14.6714
678.1887,308.9791,13.5302,14.4270
678.2347,302.2462,13.4380,14.2461
672.8830,297.0421,13.2433,14.1921
679.6388,297.3489,13.1234,14.0105
673.0630,297.5285,13.0302,14.0786
678.2919,302.8986,12.8163,14.0090
673.0933,297.8965,12.6551,13.8771
666.6594,298.1653,12.5736,13.7571
673.1428,298.4503,12.4580,13.6018
666.8262,298.6794,12.3720,13.5538
673.1980,298.9693,12.2818,13.3823
666.9757,299.2090,12.2004,13.3069
673.2479,299.4925,12.1055,13.1414
667.1201,299.7408,12.0384,13.0424
671.7512,304.5256,11.8587,12.9503
668.6778,298.5434,11.7560,12.8060
668.7173,304.8290,11.6769,12.6098
668.7555,298.9910,11.6005,12.4315
668.8046,305.1375,11.5024,12.2474
668.8497,299.4223,11.4122,12.0848
673.1865,304.0687,11.2485,12.0418
668.6743,299.7161,11.1048,11.9456
672.9222,304.2847,10.9564,11.8819
672.9504,298.7875,10.9002,11.7291
672.9886,304.5635,10.8237,11.5791
677.1180,308.9965,10.6781,11.5318
677.1516,303.6407,10.6109,11.4026
682.5724,303.8327,10.5142,11.3654
679.8397,298.5344,10.4677,11.2826
683.8150,294.5127,10.3939,11.1068
687.7679,298.7661,10.2745,11.0636
691.6471,294.6541,10.2437,10.8883
695.6967,298.6867,10.1305,10.8090
693.0720,293.6053,10.1044,10.7508
695.7258,298.7520,10.0510,10.6374
691.6791,294.9011,10.0003,10.5208
696.7031,295.1313,9.9695,10.3836
700.6031,299.0005,9.8617,10.3371
695.6915,298.9883,9.8248,10.3617
700.6620,299.1246,9.7376,10.4068
705.5931,299.2863,9.7083,10.4007
700.7009,299.2582,9.6773,10.4569
705.6191,299.3041,9.6683,10.3651
700.7410,299.2888,9.6459,10.3956
696.9979,303.1080,9.5588,10.3307
693.2886,306.8793,9.4616,10.3039
696.9111,310.7859,9.3739,10.2707
700.4824,307.1314,9.3449,10.1567
704.0315,303.5076,9.3088,10.0354
707.5461,299.7580,9.2848,9.9201
711.0438,296.1740,9.2448,9.8305
714.5388,299.8017,9.1630,9.7839
712.1736,295.1890,9.1201,9.7608
715.6342,298.7762,9.0366,9.7215
711.9837,295.3710,8.9538,9.7388
716.5500,295.5503,8.9446,9.6745
712.0298,295.6649,8.8971,9.7383
711.8986,300.2535,8.8662,9.6565
711.9064,295.7755,8.8504,9.5720
708.4585,299.2430,8.7849,9.5984
705.0089,295.9604,8.7378,9.5067
705.0143,300.4522,8.7269,9.4279
709.4469,300.6091,8.7231,9.4001
706.0612,297.3251,8.6459,9.4049
709.3620,300.7540,8.5810,9.3678
704.9852,300.7489,8.5743,9.3781
708.2611,304.1594,8.5232,9.3406
704.9194,300.8024,8.4568,9.3047
701.4459,304.1525,8.4131,9.3156
704.6697,300.8451,8.3850,9.2319
701.3652,304.1677,8.3375,9.2432
701.3729,299.9206,8.3221,9.1574
701.3819,304.2227,8.3040,9.0841
699.3483,300.0027,8.2649,9.0375
699.3621,304.3931,8.2373,8.9739
699.3806,300.2352,8.2002,8.8894
696.1768,303.4708,8.1500,8.8758
700.3395,303.5012,8.1347,8.8151
697.0341,300.3150,8.0735,8.7825
692.9362,300.4418,8.0423,8.7942
697.0654,300.6010,8.0013,8.7409
692.9923,300.7334,7.9760,8.7397
693.0098,304.8445,7.9412,8.6758
693.0229,300.8251,7.9149,8.6043
689.9282,303.9394,7.8622,8.6180
691.8925,300.0695,7.8256,8.5739
688.8198,303.1668,7.7742,8.5760
686.7722,299.2018,7.7510,8.5263
689.7479,302.4226,7.6935,8.4913
685.8085,302.5694,7.6735,8.4526
688.7513,299.5591,7.6272,8.3801
685.7547,302.5905,7.5721,8.3656
683.7631,298.7280,7.5407,8.3123
683.7762,302.7569,7.5145,8.2411
687.6348,302.9098,7.4871,8.1833
683.8235,303.0562,7.4613,8.1373
687.6458,303.2072,7.4299,8.0809
683.8733,303.3502,7.4045,8.0390
680.1155,303.4957,7.3823,7.9911
682.9189,300.6225,7.3428,7.9283
680.0583,303.5133,7.2933,7.9175
676.3589,303.6535,7.2680,7.8764
673.5217,306.5194,7.2195,7.8675
669.8497,306.6607,7.1999,7.8223
669.8621,310.4749,7.1753,7.7625
669.8732,306.8564,7.1531,7.7084
667.0886,309.6693,7.1063,7.6986
663.4866,309.8070,7.0840,7.6563
660.7241,312.5964,7.0389,7.6476
657.1525,312.7326,7.0139,7.6065
653.5964,312.8674,6.9900,7.5671
650.0581,312.9978,6.9614,7.5356
646.5306,313.0182,6.9404,7.4948
643.8262,315.7424,6.8944,7.5011
640.3245,315.7579,6.8717,7.4702
636.8292,315.8833,6.8622,7.4451
633.3478,315.8966,6.8418,7.4184
629.8774,316.0117,6.8224,7.4128
627.0919,318.7046,6.7902,7.4061
623.6366,318.8181,6.7719,7.4027
620.1807,318.9386,6.7656,7.3848
616.7328,319.0624,6.7550,7.3600
613.2930,319.1837,6.7454,7.3397
609.8680,319.3026,6.7207,7.3236
606.4492,319.4287,6.7036,7.2924
603.0434,319.5477,6.6840,7.2749
599.6466,319.6705,6.6645,7.2490
596.2572,319.7910,6.6524,7.2270
592.8715,319.9160,6.6494,7.1955
590.2709,322.5376,6.6190,7.1841
586.9052,322.5511,6.6133,7.1571
583.5510,322.6780,6.6004,7.1202
580.2131,322.7972,6.5790,7.0979
577.6462,325.3847,6.5446,7.0911
574.3257,325.5060,6.5301,7.0631
571.7750,328.0785,6.4949,7.0547
568.4761,328.2019,6.4794,7.0212
565.1913,328.3226,6.4595,6.9924
561.9164,328.4438,6.4433,6.9618
558.6528,328.5646,6.4277,6.9314
555.4003,328.6857,6.4120,6.8994
552.1607,328.8052,6.3939,6.8701
548.9321,328.9245,6.3768,6.8403
545.7151,329.0427,6.3594,6.8121
543.2422,331.5342,6.3277,6.8065
540.7764,334.0184,6.2961,6.8013
537.5876,334.1364,6.2807,6.7715
535.1369,336.6053,6.2500,6.7659
532.6926,339.0676,6.2200,6.7599
529.5315,339.1846,6.2070,6.7301
527.9092,342.3579,6.1925,6.6981
527.9178,345.6233,6.1752,6.6620
525.4055,343.2109,6.1469,6.6359
526.9240,346.4464,6.1288,6.6055
526.9322,349.6718,6.1125,6.5706
526.9387,346.5923,6.0995,6.5390
526.9454,343.5235,6.0861,6.5076
526.9521,340.4651,6.0726,6.4772
526.9596,337.4170,6.0576,6.4475
523.9163,337.5259,6.0402,6.4265
523.9243,340.6811,6.0242,6.3979
525.4007,343.8189,6.0053,6.3814
523.8505,340.8080,5.9850,6.3568
523.8597,343.8335,5.9665,6.3303
521.5472,346.1577,5.9445,6.3291
521.5543,349.2654,5.9303,6.2981
518.5736,349.2786,5.9225,6.2717
520.7941,351.5922,5.8980,6.2527
517.8370,351.6975,5.8810,6.2336
516.3196,354.6628,5.8636,6.2165
516.3290,351.7296,5.8447,6.1862
513.3945,351.8342,5.8411,6.1665
516.3303,351.9403,5.8308,6.1433
516.3417,354.8719,5.8081,6.1252
514.8458,357.7909,5.7932,6.1125
514.8553,360.7992,5.7741,6.0950
517.0121,358.5690,5.7592,6.0698
515.5272,361.4613,5.7489,6.0594
517.6710,359.2421,5.7379,6.0354
517.6790,362.1277,5.7220,6.0112
519.8138,364.3500,5.7016,6.0008
518.3467,361.5036,5.6877,5.9810
519.7321,364.4532,5.6730,5.9617
521.8464,362.2679,5.6581,5.9352
521.8547,365.2011,5.6414,5.9108
523.9548,363.0309,5.6253,5.8854
526.7717,363.1319,5.6105,5.8646
526.7794,360.3404,5.5953,5.8459
526.7861,357.5576,5.5819,5.8264
526.7916,354.7845,5.5708,5.8036
524.6519,356.9338,5.5513,5.8036
526.7183,359.0819,5.5312,5.7987
525.2984,356.3245,5.5164,5.7829
525.3056,359.1823,5.5020,5.7611
526.6437,356.5293,5.4863,5.7462
526.6499,359.3704,5.4738,5.7241
529.3897,359.4684,5.4605,5.7044
527.9902,356.7514,5.4465,5.6881
527.9969,359.5673,5.4330,5.6671
528.0026,356.8674,5.4216,5.6482
528.0088,354.1747,5.4093,5.6298
530.0172,356.3515,5.3906,5.6220
532.7122,356.4473,5.3768,5.6038
535.3987,356.5431,5.3640,5.5852
537.3906,358.7022,5.3459,5.5774
537.3960,356.0451,5.3350,5.5593
540.0617,356.1392,5.3219,5.5427
542.7201,356.2331,5.3087,5.5260
545.3712,356.3269,5.2957,5.5090
547.3354,354.2948,5.2807,5.4896
549.9698,354.3882,5.2694,5.4725
552.5985,354.4809,5.2560,5.4563
555.2199,354.5733,5.2425,5.4401
557.8334,354.6656,5.2304,5.4239
560.4409,354.7570,5.2165,5.4088
562.3726,352.7582,5.2015,5.3907
564.9645,352.8493,5.1885,5.3752
567.5484,352.9403,5.1776,5.3596
569.4644,350.9578,5.1620,5.3422
572.0345,351.0481,5.1497,5.3271
573.9392,349.0769,5.1348,5.3098
576.4955,349.1661,5.1211,5.2959
579.0444,349.2553,5.1086,5.2815
581.5865,349.3442,5.0964,5.2673
584.1216,349.4332,5.0856,5.2527
586.6505,349.5219,5.0748,5.2381
589.1728,349.6104,5.0647,5.2233
591.0420,347.6743,5.0524,5.2073
593.5516,347.7624,5.0417,5.1927
596.0546,347.8501,5.0320,5.1785
598.5520,347.9375,5.0218,5.1644
600.4028,346.0204,5.0096,5.1489
602.8876,346.1068,4.9990,5.1360
605.3665,346.1932,4.9889,5.1228
607.2038,344.2899,4.9768,5.1077
609.0369,342.4708,4.9631,5.0934
610.8639,340.5778,4.9515,5.0786
613.3171,340.6632,4.9416,5.0658
615.1353,338.7792,4.9299,5.0515
616.9487,336.9001,4.9183,5.0373
618.7578,335.0256,4.9060,5.0235
620.5618,333.1561,4.8944,5.0098
622.3612,331.2913,4.8829,4.9962
624.1560,329.4310,4.8716,4.9829
625.9464,327.5755,4.8602,4.9695
627.7324,325.7244,4.8483,4.9565
629.5139,323.8780,4.8368,4.9437
631.2910,322.0360,4.8250,4.9311
633.0634,320.1987,4.8139,4.9184
634.8315,318.3658,4.8027,4.9059
636.5952,316.5374,4.7917,4.8935
638.3542,314.7133,4.7818,4.8811
640.1096,312.8933,4.7708,4.8690
641.8609,311.0777,4.7597,4.8570
643.6079,309.2664,4.7489,4.8450
645.3509,307.4592,4.7379,4.8333
647.0897,305.6563,4.7269,4.8217
648.8243,303.8576,4.7163,4.8102
650.5548,302.0630,4.7057,4.7988
652.2814,300.2726,4.6949,4.7875
654.0038,298.4863,4.6847,4.7762
655.7222,296.7041,4.6748,4.7650
656.8417,294.4777,4.6656,4.7581
657.9592,292.2549,4.6566,4.7516
659.0750,290.0357,4.6475,4.7451
659.0789,287.7479,4.6397,4.7355
660.7816,285.9816,4.6300,4.7246
662.4805,284.2192,4.6204,4.7139
662.4844,281.9455,4.6127,4.7045
664.1765,280.1901,4.6030,4.6939
664.1804,277.9255,4.5954,4.6845
664.1841,275.6649,4.5879,4.6753
664.1878,273.4084,4.5804,4.6663
664.1913,271.1559,4.5734,4.6571
664.1949,268.9073,4.5662,4.6481
662.3857,267.1686,4.5569,4.6431
662.3893,264.9273,4.5498,4.6343
664.6351,265.0042,4.5418,4.6253
662.4011,265.0799,4.5344,4.6181
661.2520,262.8495,4.5266,4.6108
663.4866,262.9258,4.5182,4.6021
661.2640,263.0013,4.5110,4.5948
661.2675,260.7828,4.5040,4.5864
660.1258,263.0056,4.4969,4.5787
660.1293,260.7943,4.4898,4.5706
660.1332,263.0819,4.4821,4.5613
660.1367,260.8785,4.4751,4.5532
658.3637,259.1747,4.4666,4.5485
656.6640,260.8783,4.4587,4.5487
657.7315,258.7529,4.4514,4.5440
655.9650,257.0551,4.4430,4.5397
657.5958,258.8245,4.4348,4.5374
655.8339,257.1312,4.4265,4.5331
654.0743,255.4403,4.4182,4.5285
654.0778,257.6990,4.4112,4.5198
654.0808,255.5229,4.4053,4.5120
654.0839,253.3501,4.3991,4.5043
654.0870,251.1807,4.3929,4.4967
652.9705,249.0139,4.3861,4.4905
651.8553,251.1841,4.3798,4.4836
651.8583,249.0243,4.3737,4.4761
651.8613,246.8679,4.3677,4.4687
651.8647,249.0985,4.3611,4.4604
651.8676,246.9490,4.3553,4.4530
651.8705,244.8026,4.3494,4.4456
650.1430,243.1428,4.3418,4.4412
651.1839,245.3592,4.3348,4.4345
650.0823,243.2217,4.3284,4.4284
647.9477,243.2938,4.3228,4.4220
649.5350,245.0163,4.3155,4.4198
651.6704,245.0887,4.3091,4.4127
651.6730,242.9633,4.3039,4.4055
649.9622,241.3196,4.2966,4.4014
648.2537,239.6779,4.2894,4.3974
646.5473,238.0383,4.2822,4.3934
644.4323,238.1098,4.2769,4.3872
642.3202,238.1811,4.2716,4.3808
640.6884,239.8163,4.2651,4.3807
638.5806,239.8875,4.2599,4.3745
637.4959,237.7828,4.2537,4.3687
635.8021,236.1553,4.2468,4.3650
636.8221,238.3284,4.2410,4.3583
635.2003,239.9537,4.2345,4.3579
635.2029,237.8597,4.2295,4.3511
636.7601,239.5501,4.2228,4.3486
634.6705,239.6206,4.2178,4.3425
634.6729,237.5344,4.2129,4.3359
635.6857,239.6913,4.2068,4.3300
635.6884,241.8459,4.2012,4.3228
636.6981,239.8348,4.1954,4.3180
634.6226,239.9048,4.1905,4.3121
633.5543,237.8324,4.1848,4.3062
634.5600,239.9747,4.1789,4.3004
634.5623,237.9081,4.1743,4.2940
636.0989,236.3114,4.1683,4.2870
634.4377,234.7154,4.1620,4.2833
635.4380,236.8463,4.1563,4.2774
636.9684,238.5076,4.1501,4.2751
638.4973,240.1672,4.1439,4.2727
636.9097,241.7578,4.1382,4.2724
636.9118,239.7080,4.1339,4.2662
635.8562,237.6604,4.1286,4.2606
634.2079,236.0770,4.1225,4.2569
634.2102,238.1916,4.1179,4.2503
635.2012,236.2168,4.1126,4.2464
634.1502,238.2600,4.1084,4.2407
632.1144,238.3286,4.1042,4.2351
633.6275,236.7559,4.0984,4.2286
633.6298,238.8572,4.0939,4.2221
631.6021,238.9253,4.0896,4.2169
633.6320,238.9937,4.0849,4.2110
631.6091,239.0616,4.0806,4.2058
633.6341,239.1298,4.0760,4.1999
631.6162,239.1974,4.0716,4.1950
633.1160,237.6384,4.0663,4.1887
631.5586,239.1984,4.0611,4.1885
632.5355,237.2518,4.0560,4.1844
631.4996,239.2658,4.0515,4.1793
631.5015,237.2595,4.0476,4.1737
631.5037,239.3340,4.0433,4.1677
631.5057,237.3326,4.0394,4.1621
631.5078,239.4020,4.0351,4.1562
630.4782,237.4051,4.0303,4.1512
632.4774,237.4724,4.0260,4.1455
630.9357,239.0167,4.0210,4.1453
631.9026,237.0897,4.0162,4.1413
630.8770,239.0833,4.0121,4.1362
632.3552,237.5465,4.0071,4.1303
630.8199,239.0844,4.0022,4.1299
630.8217,237.1021,3.9984,4.1247
629.2254,235.5687,3.9931,4.1214
629.2274,237.6161,3.9891,4.1157
629.2292,235.6404,3.9854,4.1105
629.2310,233.6669,3.9819,4.1054
629.2328,231.6954,3.9782,4.1002
629.2349,233.7337,3.9742,4.0946
629.2367,231.7667,3.9705,4.0896
629.2387,233.8003,3.9665,4.0840
628.2267,231.8374,3.9621,4.0798
628.2286,233.8664,3.9582,4.0743
627.2189,231.9078,3.9539,4.0703
629.1794,231.9735,3.9499,4.0652
627.2248,232.0389,3.9465,4.0607
625.6511,230.5273,3.9415,4.0576
627.1021,232.1028,3.9367,4.0558
625.5940,233.6132,3.9322,4.0557
625.5957,231.6659,3.9288,4.0508
625.5974,229.7206,3.9254,4.0459
627.0432,228.2169,3.9210,4.0406
626.0423,226.2757,3.9168,4.0363
627.9855,226.3408,3.9129,4.0314
629.4265,224.8422,3.9084,4.0262
631.3651,224.9071,3.9046,4.0213
631.3668,222.9748,3.9012,4.0167
633.3011,223.0395,3.8978,4.0119
631.8085,224.5343,3.8936,4.0118
632.7443,222.6687,3.8895,4.0083
632.7460,220.7432,3.8861,4.0037
632.7476,218.8197,3.8828,3.9991
632.7495,220.8082,3.8791,3.9941
631.2637,222.2961,3.8749,3.9938
631.2654,220.3777,3.8717,3.9892
629.7202,218.8937,3.8672,3.9864
628.2382,220.3779,3.8630,3.9861
629.6617,218.8971,3.8589,3.9811
628.1207,217.4169,3.8544,3.9785
626.2103,217.4806,3.8514,3.9744
624.6721,216.0032,3.8470,3.9716
622.7651,216.0667,3.8441,3.9677
624.1819,217.6055,3.8397,3.9656
623.2003,215.7023,3.8363,3.9616
621.6675,214.2302,3.8320,3.9587
620.6877,212.3306,3.8287,3.9546
621.6086,214.2938,3.8254,3.9504
620.0801,212.8259,3.8211,3.9475
621.4891,214.3562,3.8169,3.9453
619.9633,212.8909,3.8126,3.9422
621.3698,214.4185,3.8084,3.9399
619.4797,214.4815,3.8059,3.9359
619.4811,212.5940,3.8031,3.9316
619.4826,210.7081,3.8003,3.9274
619.4841,212.6575,3.7973,3.9229
617.9665,211.2001,3.7931,3.9198
616.4503,209.7441,3.7890,3.9168
617.3619,211.6877,3.7860,3.9127
616.3936,209.8105,3.7828,3.9088
616.3951,211.7507,3.7799,3.9044
617.3041,213.6889,3.7769,3.9003
618.6965,215.2012,3.7729,3.8980
618.6979,213.3309,3.7700,3.8940
618.6994,215.2641,3.7670,3.8895
617.7362,217.1349,3.7643,3.8857
615.8701,217.1971,3.7620,3.8819
614.3674,215.7541,3.7581,3.8789
615.2710,213.9520,3.7548,3.8751
614.3113,212.0916,3.7518,3.8713
614.3126,214.0144,3.7491,3.8670
612.8154,212.5767,3.7451,3.8640
612.8168,210.7214,3.7424,3.8601
611.8604,212.5789,3.7397,3.8563
611.8617,210.7268,3.7370,3.8524
611.8632,212.6411,3.7342,3.8482
610.3725,211.2098,3.7303,3.8452
610.3738,213.1206,3.7276,3.8411
610.3752,211.2751,3.7248,3.8373
610.3767,209.4312,3.7219,3.8335
610.3780,211.3369,3.7193,3.8294
609.4282,213.1812,3.7168,3.8258
609.4296,215.0837,3.7142,3.8217
607.9481,213.6610,3.7104,3.8190
609.3135,215.1444,3.7067,3.8165
608.3669,216.9825,3.7044,3.8128
608.3682,215.1495,3.7017,3.8092
607.4233,213.3179,3.6990,3.8057
608.7842,214.7963,3.6953,3.8033
606.9549,214.8572,3.6933,3.7998
607.8412,216.7470,3.6906,3.7961
607.8426,214.9213,3.6879,3.7925
606.0178,214.9820,3.6858,3.7891
607.8435,215.0427,3.6834,3.7853
607.8450,213.2215,3.6805,3.7817
607.8464,211.4018,3.6777,3.7781
606.0275,211.4622,3.6756,3.7747
604.5627,210.0557,3.6720,3.7719
602.7468,210.1160,3.6700,3.7685
604.5637,210.1764,3.6675,3.7649
605.9114,211.6405,3.6640,3.7628
607.7255,211.7008,3.6616,3.7592
607.7267,213.5725,3.6591,3.7554
609.0709,212.1732,3.6562,3.7516
608.1389,213.9830,3.6538,3.7484
609.4808,212.5861,3.6510,3.7446
609.4821,214.4513,3.6484,3.7409
608.0292,213.0562,3.6450,3.7384
609.3680,214.5106,3.6416,3.7364
610.7059,215.9639,3.6383,3.7345
608.9072,216.0236,3.6363,3.7313
610.2429,214.6331,3.6335,3.7276
612.0409,214.6928,3.6311,3.7242
613.3746,216.1416,3.6278,3.7223
611.9294,214.7539,3.6245,3.7198
611.9306,212.9629,3.6220,3.7165
610.4877,211.5773,3.6187,3.7141
611.3550,213.4266,3.6162,3.7107
612.6835,214.8698,3.6130,3.7089
614.0111,216.3121,3.6097,3.7068
615.3378,217.7533,3.6065,3.7048
616.6635,219.1936,3.6033,3.7028
618.4479,219.2528,3.6010,3.6995
620.2310,219.3119,3.5987,3.6962
621.5537,220.7488,3.5955,3.6943
621.5549,222.5873,3.5932,3.6908
622.8756,224.0221,3.5900,3.6889
622.8767,222.2469,3.5877,3.6857
624.6533,222.3058,3.5855,3.6825
626.4284,222.3647,3.5832,3.6792
624.6566,222.4234,3.5814,3.6762
624.6578,224.2537,3.5790,3.6728
624.6589,226.0826,3.5768,3.6695
624.6601,224.3154,3.5745,3.6664
622.8936,224.3739,3.5726,3.6634
624.6609,224.4324,3.5705,3.6603
625.9719,225.8567,3.5675,3.6585
626.8268,224.1513,3.5646,3.6556
625.9182,225.9151,3.5626,3.6526
627.6804,225.9735,3.5605,3.6495
625.9213,226.0317,3.5588,3.6466
627.2275,224.6717,3.5563,3.6433
627.2286,226.4874,3.5541,3.6401
628.9857,226.5455,3.5521,3.6371
630.7415,226.6037,3.5500,3.6340
628.9888,226.6617,3.5483,3.6312
630.7422,226.7197,3.5461,3.6281
629.3315,225.3650,3.5432,3.6260
630.6313,226.7772,3.5403,3.6242
631.9301,225.4249,3.5378,3.6210
633.2280,226.8349,3.5349,3.6192
633.2290,228.6391,3.5328,3.6161
634.5249,227.2897,3.5302,3.6130
633.6262,225.5475,3.5279,3.6103
634.9203,226.9535,3.5250,3.6085
636.2136,228.3585,3.5222,3.6069
637.5061,229.7627,3.5194,3.6053
638.7975,228.4178,3.5171,3.6022
640.0882,229.8201,3.5143,3.6005
641.8259,229.8776,3.5123,3.5975
641.8269,228.1435,3.5101,3.5948
642.6674,226.4666,3.5075,3.5921
644.4013,226.5239,3.5055,3.5892
646.1340,226.5812,3.5035,3.5864
647.4192,225.2429,3.5012,3.5834
648.7034,223.9056,3.4989,3.5804
649.5405,225.6907,3.4968,3.5776
649.5416,227.4747,3.4947,3.5747
650.3776,229.2573,3.4925,3.5719
650.3787,227.5342,3.4904,3.5692
650.3798,225.8124,3.4883,3.5666
651.2141,227.5913,3.4861,3.5639
651.2151,225.8718,3.4840,3.5612
652.4923,227.2594,3.4814,3.5597
652.4933,225.5420,3.4793,3.5571
652.4944,227.3163,3.4772,3.5542
654.2117,227.3731,3.4752,3.5516
654.2127,229.1450,3.4732,3.5488
652.8318,227.8189,3.4706,3.5470
654.5457,227.8755,3.4686,3.5443
654.5468,226.1650,3.4665,3.5418
655.8172,227.5452,3.4640,3.5405
657.5279,227.6016,3.4621,3.5379
657.5289,225.8943,3.4601,3.5353
655.8222,225.9505,3.4583,3.5330
654.4473,224.6302,3.4558,3.5312
656.1537,224.6866,3.4538,3.5286
655.2751,222.9834,3.4516,3.5263
656.5401,224.3575,3.4491,3.5252
656.5411,222.6564,3.4471,3.5227
658.2433,222.7125,3.4452,3.5202
658.2443,221.0136,3.4433,3.5177
656.5460,221.0695,3.4416,3.5154
657.8071,222.4395,3.4392,3.5144
657.8080,220.7434,3.4373,3.5119
657.8090,222.4957,3.4354,3.5093
658.6304,220.8562,3.4331,3.5074
659.8884,219.5460,3.4308,3.5047
658.5789,220.8567,3.4286,3.5046
658.5798,222.6049,3.4267,3.5019
658.5808,220.9149,3.4249,3.4996
660.2719,220.9706,3.4230,3.4971
658.5837,221.0262,3.4212,3.4950
656.8964,221.0817,3.4195,3.4928
658.5845,221.1374,3.4176,3.4904
658.5855,219.4524,3.4157,3.4880
660.2715,219.5079,3.4139,3.4856
661.5222,220.8666,3.4116,3.4846
661.5231,219.1845,3.4097,3.4823
662.3381,220.9222,3.4077,3.4799
664.0203,220.9776,3.4058,3.4775
662.7205,222.2785,3.4038,3.4773
664.4010,222.3339,3.4019,3.4749
662.7233,222.3891,3.4002,3.4728
661.4255,223.6880,3.3982,3.4727
663.1035,223.7433,3.3964,3.4703
661.7530,222.4464,3.3940,3.4688
660.4571,223.7434,3.3920,3.4687
661.2684,222.1237,3.3899,3.4668
661.2693,223.8526,3.3882,3.4643
661.2702,222.1811,3.3864,3.4620
659.9771,223.4753,3.3844,3.4619
661.2180,222.1828,3.3823,3.4594
661.2188,223.9079,3.3805,3.4569
661.2197,222.2401,3.3788,3.4547
661.2206,223.9631,3.3770,3.4523
661.2214,222.2972,3.3754,3.4500
661.2223,224.0182,3.3737,3.4476
661.2231,222.3543,3.3719,3.4454
662.0293,224.0731,3.3700,3.4432
662.0302,222.4111,3.3682,3.4410
660.3688,222.4658,3.3667,3.4390
662.0309,222.5205,3.3650,3.4367
661.1750,220.8612,3.3630,3.4349
662.4072,222.1998,3.3609,3.4340
663.6387,220.9169,3.3588,3.4316
664.4417,222.6290,3.3569,3.4294
665.2443,221.0268,3.3549,3.4277
666.9007,221.0813,3.3532,3.4255
668.1294,219.8015,3.3510,3.4231
669.7838,219.8559,3.3492,3.4209
669.7846,218.2045,3.3475,3.4188
671.0110,219.5368,3.3455,3.4180
672.6628,219.5912,3.3437,3.4158
673.4622,217.9952,3.3417,3.4143
673.4630,219.6986,3.3400,3.4120
675.1119,219.7529,3.3383,3.4098
675.1128,218.1067,3.3367,3.4078
676.7599,218.1609,3.3350,3.4056
675.4870,219.4347,3.3332,3.4056
676.7084,218.1624,3.3312,3.4033
676.7092,219.8604,3.3295,3.4010
676.7100,218.2186,3.3279,3.3990
676.7109,219.9146,3.3262,3.3967
676.7117,218.2746,3.3245,3.3947
677.9296,217.0060,3.3224,3.3924
677.0845,218.6460,3.3208,3.3905
675.4471,218.6998,3.3192,3.3886
676.6630,217.4333,3.3171,3.3864
675.8193,219.0705,3.3154,3.3845
674.1847,219.1242,3.3138,3.3826
675.3984,220.4428,3.3119,3.3819
674.5560,218.8098,3.3100,3.3800
673.2401,217.5461,3.3080,3.3789
672.3986,215.9147,3.3062,3.3773
671.1364,217.1777,3.3045,3.3773
672.3474,215.9161,3.3026,3.3751
673.9781,215.9697,3.3010,3.3730
673.9789,214.3417,3.2994,3.3711
674.7676,216.0234,3.2977,3.3691
673.4563,214.7641,3.2957,3.3680
673.4571,213.1385,3.2942,3.3660
673.4578,214.8177,3.2927,3.3639
674.6642,216.1284,3.2908,3.3631
674.6650,214.5052,3.2893,3.3612
673.3569,213.2491,3.2873,3.3600
673.3577,214.9250,3.2857,3.3578
671.7368,214.9782,3.2843,3.3560
671.7375,216.6524,3.2828,3.3539
670.4321,215.3989,3.2809,3.3527
669.1273,214.1460,3.2789,3.3514
669.1280,215.8176,3.2774,3.3493
669.9114,217.4883,3.2758,3.3474
669.9122,219.1581,3.2743,3.3454
668.2971,219.2111,3.2730,3.3436
668.2978,220.8793,3.2715,3.3415
668.2986,219.2661,3.2700,3.3397
667.0504,220.5152,3.2683,3.3395
667.0511,218.9032,3.2668,3.3376
667.0518,217.2921,3.2654,3.3358
667.8323,218.9563,3.2638,3.3339
667.0020,217.3467,3.2621,3.3321
668.1970,216.1016,3.2603,3.3301
668.1978,217.7632,3.2588,3.3281
669.3915,216.5194,3.2571,3.3260
669.3923,214.9135,3.2556,3.3242
670.9991,214.9662,3.2541,3.3223
670.1714,213.3619,3.2523,3.3206
671.3627,212.1208,3.2506,3.3185
670.1221,213.3622,3.2490,3.3184
670.1228,211.7601,3.2475,3.3166
668.5213,211.8127,3.2461,3.3149
666.9205,211.8651,3.2447,3.3132
668.5220,211.9177,3.2432,3.3113
667.6970,213.5185,3.2418,3.3096
667.6976,211.9202,3.2404,3.3078
666.1000,211.9726,3.2391,3.3061
664.5030,212.0250,3.2378,3.3045
665.6886,210.7897,3.2361,3.3025
664.4537,212.0253,3.2345,3.3025
662.8588,212.0776,3.2332,3.3008
661.2645,212.1299,3.2319,3.2992
659.6710,212.1821,3.2306,3.2975
660.4428,213.8279,3.2291,3.2958
659.6216,212.2361,3.2275,3.2941
659.6223,210.6451,3.2261,3.2924
659.6230,212.2884,3.2247,3.2905
659.6237,210.6990,3.2232,3.2887
658.3939,211.9296,3.2217,3.2886
659.5737,210.7003,3.2200,3.2867
659.5745,212.3407,3.2186,3.2849
660.3433,213.9802,3.2171,3.2831
659.5252,212.3944,3.2155,3.2815
661.1118,212.4465,3.2142,3.2797
659.5273,212.4984,3.2129,3.2781
659.5280,210.9148,3.2115,3.2764
658.7113,212.4993,3.2101,3.2748
660.2949,212.5512,3.2087,3.2730
661.8777,212.6032,3.2074,3.2713
661.0622,214.1853,3.2060,3.2696
661.0629,212.6055,3.2047,3.2679
661.8281,211.0772,3.2031,3.2667
663.4081,211.1290,3.2017,3.2650
662.1868,212.3511,3.2003,3.2649
662.1874,210.7738,3.1989,3.2632
662.9515,209.2480,3.1973,3.2619
661.3755,209.2997,3.1959,3.2604
662.5455,210.5709,3.1943,3.2598
662.5462,208.9963,3.1930,3.2581
662.5469,210.6227,3.1917,3.2563
661.2784,209.4046,3.1900,3.2553
662.0405,211.0295,3.1885,3.2537
663.2079,209.8130,3.1869,3.2519
661.6370,209.8644,3.1856,3.2504
662.8033,211.1316,3.1840,3.2498
661.5376,209.9163,3.1824,3.2489
663.1080,209.9677,3.1811,3.2472
661.5396,210.0191,3.1799,3.2457
662.7040,208.8057,3.1784,3.2439
662.7047,210.4248,3.1771,3.2422
663.8680,211.6887,3.1755,3.2416
663.8686,210.1231,3.1743,3.2400
663.8693,208.5583,3.1730,3.2384
663.8699,210.1746,3.1717,3.2367
665.4348,210.2259,3.1704,3.2350
665.4354,208.6631,3.1691,3.2334
664.1758,207.4537,3.1675,3.2324
664.1765,209.0671,3.1662,3.2307
662.9181,207.8588,3.1647,3.2298
663.6740,209.4707,3.1633,3.2282
663.6746,207.9114,3.1620,3.2266
664.4299,209.5219,3.1607,3.2250
663.6260,207.9640,3.1593,3.2235
664.7827,209.2207,3.1578,3.2229
664.7833,207.6641,3.1566,3.2213
663.9805,209.2216,3.1553,3.2198
664.7342,207.7163,3.1538,3.2186
663.5306,208.9205,3.1525,3.2185
665.0863,208.9715,3.1513,3.2169
663.8835,210.1750,3.1500,3.2168
665.4382,210.2259,3.1488,3.2152
663.8854,210.2767,3.1477,3.2138
663.0847,208.7247,3.1462,3.2124
661.8837,209.9263,3.1449,3.2123
660.6331,208.7255,3.1434,3.2113
660.6337,210.3275,3.1422,3.2097
660.6343,208.7778,3.1410,3.2082
660.6349,207.2288,3.1397,3.2067
662.1846,207.2795,3.1386,3.2051
663.3342,208.5286,3.1371,3.2045
661.7868,208.5792,3.1359,3.2031
661.7874,207.0326,3.1347,3.2016
660.5409,205.8357,3.1333,3.2007
661.6887,207.0828,3.1318,3.2002
662.4372,205.5876,3.1305,3.1991
662.4378,207.1832,3.1293,3.1975
662.4384,205.6396,3.1281,3.1960
661.2439,206.8347,3.1269,3.1960
662.3897,205.6407,3.1254,3.1944
662.3903,207.2339,3.1243,3.1928
662.3909,205.6927,3.1231,3.1913
663.5352,204.5002,3.1217,3.1897
662.7406,206.0414,3.1205,3.1883
662.7411,207.6318,3.1193,3.1867
662.7418,206.0933,3.1182,3.1853
663.4869,207.6823,3.1168,3.1839
665.0255,207.7326,3.1156,3.1824
663.7865,206.5429,3.1141,3.1815
664.9274,205.3540,3.1127,3.1799
664.1352,206.8906,3.1115,3.1786
665.2750,205.7028,3.1101,3.1770
666.8102,205.7530,3.1089,3.1755
668.3448,205.8032,3.1077,3.1741
669.8787,205.8534,3.1065,3.1726
671.4120,205.9036,3.1053,3.1711
672.5493,207.1393,3.1040,3.1706
673.6863,208.3747,3.1027,3.1702
675.2180,208.4249,3.1015,3.1687
676.3543,207.2407,3.1001,3.1671
675.1705,208.4251,3.0989,3.1671
675.1711,210.0046,3.0978,3.1656
675.9115,208.5256,3.0965,3.1646
677.4404,208.5757,3.0953,3.1631
677.4409,210.1533,3.0942,3.1616
678.1804,211.7303,3.0929,3.1603
677.3933,210.2045,3.0916,3.1590
678.9196,210.2545,3.0905,3.1576
678.9201,208.7301,3.0894,3.1562
679.6584,210.3044,3.0881,3.1548
678.1351,210.3542,3.0871,3.1536
679.6589,210.4041,3.0859,3.1522
680.7894,209.2260,3.0845,3.1506
679.2679,209.2757,3.0835,3.1494
680.3973,210.5029,3.0822,3.1489
678.8769,210.5526,3.0812,3.1476
677.3570,210.6022,3.0802,3.1464
678.0930,209.1319,3.0789,3.1454
676.9174,210.3082,3.0778,3.1454
676.1340,208.7897,3.0765,3.1442
676.8693,210.3578,3.0754,3.1428
675.6459,209.1831,3.0740,3.1421
677.1638,209.2327,3.0729,3.1407
678.2897,210.4561,3.0717,3.1402
679.4153,209.2830,3.0704,3.1387
678.2425,210.4564,3.0693,3.1386
679.7583,210.5060,3.0682,3.1373
681.2735,210.5555,3.0672,3.1359
679.7599,210.6050,3.0662,3.1346
679.7604,212.1681,3.0652,3.1332
678.9802,210.6557,3.0639,3.1319
678.9807,209.1441,3.0629,3.1306
678.9812,210.7053,3.0618,3.1292
678.9817,209.1948,3.0608,3.1279
678.9822,207.6849,3.0598,3.1265
677.4727,207.7342,3.0588,3.1254
678.2036,209.2930,3.0577,3.1241
679.3238,210.5101,3.0565,3.1235
679.3243,209.0023,3.0554,3.1222
678.5466,207.4950,3.0542,3.1210
679.6656,208.7109,3.0530,3.1204
680.7842,209.9264,3.0517,3.1197
681.9025,211.1416,3.0504,3.1190
683.4089,211.1908,3.0495,3.1177
684.1379,209.7346,3.0482,3.1165
685.2549,208.5704,3.0471,3.1151
686.3715,207.4066,3.0459,3.1137
687.4875,208.6194,3.0447,3.1130
687.4881,207.1171,3.0436,3.1117
687.4886,208.6687,3.0427,3.1104
688.2159,207.2158,3.0415,3.1092
689.3303,206.0542,3.0404,3.1078
689.3308,207.6040,3.0394,3.1064
689.3313,209.1532,3.0384,3.1051
690.4445,207.9929,3.0373,3.1037
690.4449,206.4946,3.0363,3.1024
690.4454,208.0420,3.0354,3.1011
691.9437,208.0910,3.0344,3.0998
693.4415,208.1399,3.0335,3.0985
694.9388,208.1889,3.0326,3.0972
695.6633,206.7415,3.0314,3.0960
696.3876,205.2947,3.0302,3.0948
697.4974,204.1380,3.0291,3.0934
698.6067,202.9816,3.0280,3.0921
699.7156,204.1867,3.0268,3.0914
700.8243,205.3914,3.0256,3.0907
701.5472,206.9331,3.0246,3.0895
702.2699,205.4894,3.0235,3.0883
702.2703,207.0300,3.0225,3.0870
703.3773,205.8762,3.0215,3.0857
704.4839,204.7227,3.0204,3.0844
704.4843,206.2616,3.0194,3.0831
705.5900,205.1090,3.0184,3.0818
705.5905,206.6467,3.0175,3.0805
706.3113,205.2068,3.0163,3.0793
706.3117,206.7433,3.0154,3.0780
706.3122,205.2566,3.0144,3.0768
706.3127,206.7920,3.0136,3.0755
707.4160,207.9909,3.0124,3.0749
706.6496,206.5057,3.0114,3.0737
705.5002,207.6557,3.0103,3.0736
706.6025,206.5066,3.0093,3.0723
708.0874,206.5551,3.0084,3.0710
709.1889,205.4069,3.0073,3.0697
707.9933,204.2590,3.0061,3.0689
706.8458,205.4071,3.0051,3.0687
706.0810,206.8902,3.0042,3.0676
706.0815,205.4087,3.0032,3.0664
707.5635,205.4571,3.0023,3.0651
706.3697,204.3110,3.0011,3.0643
707.8506,204.3593,3.0003,3.0631
706.3710,204.4076,2.9995,3.0620
707.8510,204.4560,2.9986,3.0607
707.8515,205.9833,2.9977,3.0595
707.8520,204.5054,2.9968,3.0583
706.7082,205.6497,2.9958,3.0582
706.7087,204.1726,2.9948,3.0570
706.7092,205.6981,2.9939,3.0558
707.4242,204.2696,2.9928,3.0547
705.9485,204.3178,2.9920,3.0536
705.9489,202.8427,2.9911,3.0524
707.0439,204.0326,2.9900,3.0518
706.2833,202.5584,2.9889,3.0507
706.9971,204.0808,2.9880,3.0495
707.7107,205.6026,2.9870,3.0484
707.7111,207.1239,2.9861,3.0472
708.8043,205.9844,2.9851,3.0459
708.8047,204.5129,2.9842,3.0448
710.2768,204.5609,2.9833,3.0436
709.0910,203.4224,2.9822,3.0429
710.1827,204.6086,2.9811,3.0424
710.1831,203.1389,2.9802,3.0412
710.1835,201.6697,2.9793,3.0401
710.1840,200.2010,2.9784,3.0390
710.1844,198.7327,2.9775,3.0379
710.1849,200.2490,2.9766,3.0367
709.0017,199.1130,2.9755,3.0361
709.0021,200.6283,2.9747,3.0349
709.0026,202.1431,2.9738,3.0337
709.0030,200.6772,2.9730,3.0326
707.8214,199.5426,2.9719,3.0320
706.6873,200.6772,2.9710,3.0320
706.6877,199.2125,2.9701,3.0309
706.6882,200.7251,2.9692,3.0297
705.5078,199.5918,2.9681,3.0291
704.0444,199.6395,2.9672,3.0281
705.5083,199.6873,2.9663,3.0270
706.9716,199.7350,2.9654,3.0258
705.8399,200.8672,2.9645,3.0258
706.9253,199.7358,2.9634,3.0246
705.4641,199.7835,2.9625,3.0236
706.9257,199.8312,2.9615,3.0225
705.4655,199.8788,2.9607,3.0215
706.9261,199.9264,2.9598,3.0204
708.3864,199.9741,2.9589,3.0193
706.9276,200.0216,2.9580,3.0183
707.6339,198.6103,2.9570,3.0176
707.6343,200.1163,2.9561,3.0164
709.0927,200.1638,2.9552,3.0153
707.6357,200.2113,2.9543,3.0143
709.0931,200.2589,2.9534,3.0132
710.1742,199.1319,2.9523,3.0121
708.7188,199.1794,2.9514,3.0111
709.7991,200.3533,2.9504,3.0108
710.8792,201.5269,2.9495,3.0104
712.3344,201.5743,2.9486,3.0093
713.4139,200.4490,2.9475,3.0082
714.4930,199.3242,2.9464,3.0070
715.9467,199.3716,2.9454,3.0059
717.3998,199.4190,2.9445,3.0048
718.8524,199.4664,2.9436,3.0037
720.3046,199.5137,2.9426,3.0027
721.7562,199.5611,2.9417,3.0016
721.7566,198.1109,2.9409,3.0005
721.7571,199.6085,2.9400,2.9994
721.7575,201.1056,2.9391,2.9983
723.2073,201.1529,2.9382,2.9972
722.0861,202.2745,2.9373,2.9972
723.5351,202.3218,2.9364,2.9961
724.6100,201.2013,2.9354,2.9950
726.0580,201.2485,2.9344,2.9939
727.1322,200.1288,2.9333,2.9928
727.1326,201.6225,2.9325,2.9917
727.1331,203.1157,2.9316,2.9906
727.1335,201.6707,2.9308,2.9896
727.1339,200.2261,2.9300,2.9886
728.5790,200.2732,2.9291,2.9875
729.2783,198.8759,2.9281,2.9868
728.1144,197.7584,2.9272,2.9863
728.1149,199.2489,2.9263,2.9852
729.5582,199.2960,2.9254,2.9842
729.5587,200.7856,2.9246,2.9831
730.6290,201.9486,2.9236,2.9828
732.0712,201.9956,2.9227,2.9818
733.1409,203.1581,2.9218,2.9815
734.2105,202.0431,2.9208,2.9804
734.2109,203.5305,2.9199,2.9793
735.2798,202.4162,2.9189,2.9782
734.1195,201.3021,2.9179,2.9777
735.1876,202.4628,2.9170,2.9774
735.8843,201.0707,2.9161,2.9768
735.8846,199.6328,2.9154,2.9758
736.5809,201.1176,2.9144,2.9749
738.0189,201.1645,2.9135,2.9739
736.5822,201.2113,2.9127,2.9730
737.6486,200.0996,2.9117,2.9719
737.6490,201.5826,2.9108,2.9708
738.3442,203.0650,2.9099,2.9699
737.6039,201.6302,2.9090,2.9692
738.6689,202.7874,2.9081,2.9689
739.3635,204.2687,2.9072,2.9680
739.3638,202.8351,2.9064,2.9670
737.9306,202.8818,2.9056,2.9661
739.3643,202.9285,2.9047,2.9651
740.4277,204.0841,2.9038,2.9649
740.4281,202.6521,2.9031,2.9639
741.4911,201.5439,2.9020,2.9628
742.5538,200.4362,2.9011,2.9618
742.5541,199.0056,2.9003,2.9608
743.2468,197.6214,2.8994,2.9602
744.6775,197.6680,2.8986,2.9592
746.1077,197.7146,2.8978,2.9582
746.1082,196.2857,2.8970,2.9573
746.8000,197.7612,2.8961,2.9564
748.2290,197.8078,2.8952,2.9554
746.8013,197.8543,2.8944,2.9546
748.2294,197.9008,2.8936,2.9536
748.2298,199.3746,2.8928,2.9526
749.2888,200.5254,2.8920,2.9523
750.3477,199.4215,2.8909,2.9512
751.4062,200.5717,2.8901,2.9510
750.2568,199.4681,2.8892,2.9505
750.9470,200.9399,2.8883,2.9497
752.0048,199.8372,2.8873,2.9486
752.6945,201.3081,2.8864,2.9478
752.6948,199.8845,2.8857,2.9468
753.7515,201.0328,2.8848,2.9466
754.8080,202.1808,2.8840,2.9463
756.2315,202.2272,2.8832,2.9453
756.2319,200.8049,2.8824,2.9444
756.2322,202.2736,2.8817,2.9434
756.2326,200.8522,2.8809,2.9425
756.2330,199.4312,2.8802,2.9415
757.6544,199.4776,2.8794,2.9406
756.5092,198.3780,2.8785,2.9401
756.5096,199.8446,2.8777,2.9391
757.9299,199.8908,2.8768,2.9382
758.9835,198.7924,2.8759,2.9372
760.0366,199.9369,2.8751,2.9369
761.4557,199.9831,2.8743,2.9360
761.4561,201.4476,2.8735,2.9350
762.8743,201.4938,2.8727,2.9340
761.4573,201.5399,2.8719,2.9332
762.5090,202.6828,2.8710,2.9330
763.9261,202.7289,2.8702,2.9320
765.3428,202.7751,2.8694,2.9311
764.2470,203.8712,2.8687,2.9311
765.6631,203.9174,2.8679,2.9302
764.9330,205.3330,2.8671,2.9293
765.9833,204.2382,2.8661,2.9283
767.0331,203.1437,2.8652,2.9273
768.0825,204.2841,2.8644,2.9270
768.0829,202.8709,2.8638,2.9262
768.7671,201.5035,2.8629,2.9256
768.7675,200.0910,2.8622,2.9247
769.8160,198.9979,2.8612,2.9237
770.8641,197.9052,2.8603,2.9227
772.2761,197.9512,2.8595,2.9218
773.6876,197.9972,2.8587,2.9209
775.0988,198.0431,2.8579,2.9200
775.0991,199.4995,2.8572,2.9190
775.0995,198.0900,2.8565,2.9182
775.7819,199.5454,2.8557,2.9174
775.0551,198.1366,2.8549,2.9166
775.0554,199.5913,2.8541,2.9157
775.7373,201.0455,2.8533,2.9149
775.7377,199.6380,2.8526,2.9140
776.7823,200.7732,2.8518,2.9138
776.7827,199.3663,2.8511,2.9129
777.4639,200.8191,2.8502,2.9121
778.5079,201.9535,2.8495,2.9118
779.5516,203.0877,2.8487,2.9116
778.1459,203.1335,2.8480,2.9107
779.5520,203.1792,2.8472,2.9099
778.4191,202.0915,2.8463,2.9094
779.0994,203.5422,2.8455,2.9086
779.0997,202.1381,2.8448,2.9077
778.3754,200.7343,2.8440,2.9070
779.4174,199.6480,2.8431,2.9060
779.4177,201.0971,2.8424,2.9051
778.0151,201.1427,2.8417,2.9043
779.0561,202.2739,2.8410,2.9041
780.0969,203.4050,2.8402,2.9038
781.1376,202.3200,2.8393,2.9029
782.1779,203.4504,2.8386,2.9026
783.2180,204.5807,2.8378,2.9024
782.4952,203.1799,2.8370,2.9017
783.5349,204.3097,2.8363,2.9015
782.4509,205.3940,2.8356,2.9015
782.4513,203.9940,2.8349,2.9006
783.8517,204.0396,2.8341,2.8998
782.4525,204.0852,2.8334,2.8990
782.4528,205.5300,2.8327,2.8981
782.4531,204.1316,2.8321,2.8972
783.4911,203.0493,2.8312,2.8963
784.5287,201.9675,2.8304,2.8954
783.8078,203.3655,2.8297,2.8946
784.4843,202.0135,2.8289,2.8940
785.5211,200.9325,2.8281,2.8931
786.9180,200.9780,2.8273,2.8923
786.9183,202.4196,2.8267,2.8914
786.9186,201.0243,2.8260,2.8905
785.5236,201.0697,2.8253,2.8898
784.8040,202.4651,2.8246,2.8890
784.8043,201.0708,2.8240,2.8882
785.4793,202.5105,2.8232,2.8874
785.4796,201.1170,2.8226,2.8866
785.4800,202.5559,2.8219,2.8857
786.5140,201.4778,2.8211,2.8848
785.4361,202.5561,2.8204,2.8848
785.4364,201.1639,2.8198,2.8840
785.4368,202.6015,2.8191,2.8831
785.4371,204.0387,2.8184,2.8822
784.7193,202.6475,2.8177,2.8815
783.6426,203.7245,2.8170,2.8815
782.2520,203.7698,2.8163,2.8808
782.2524,202.3796,2.8156,2.8800
782.9255,203.8150,2.8148,2.8792
783.9570,204.9360,2.8141,2.8790
782.8367,203.8604,2.8133,2.8786
783.5094,205.2949,2.8126,2.8779
782.7928,203.9062,2.8118,2.8772
784.1818,203.9514,2.8111,2.8764
782.7939,203.9966,2.8104,2.8756
781.4064,204.0417,2.8097,2.8749
782.7943,204.0869,2.8091,2.8741
781.6759,203.0132,2.8083,2.8737
782.7053,204.1317,2.8076,2.8734
783.7346,203.0586,2.8068,2.8725
782.6616,204.1319,2.8061,2.8725
783.6904,203.0592,2.8053,2.8716
783.6907,204.4900,2.8047,2.8708
783.6910,203.1051,2.8041,2.8700
783.6913,201.7205,2.8035,2.8692
784.7191,200.6489,2.8027,2.8683
785.7465,199.5777,2.8018,2.8675
784.6755,200.6491,2.8012,2.8674
783.2921,200.6941,2.8005,2.8667
783.2925,202.1224,2.7999,2.8659
783.2928,200.7399,2.7993,2.8651
784.3189,201.8550,2.7986,2.8649
783.2045,200.7849,2.7978,2.8645
784.5869,200.8299,2.7971,2.8637
783.5175,201.8997,2.7965,2.8637
784.5430,200.8305,2.7957,2.8628
783.4739,201.8998,2.7951,2.8628
784.4990,200.8310,2.7943,2.8620
785.8799,200.8759,2.7936,2.8612
785.8803,202.3012,2.7930,2.8603
785.8806,200.9216,2.7924,2.8596
786.5485,202.3461,2.7917,2.8589
787.2162,201.0116,2.7909,2.8584
787.2166,202.4354,2.7903,2.8576
787.2169,203.8589,2.7897,2.8568
788.5955,203.9037,2.7890,2.8560
789.6181,202.8374,2.7882,2.8551
790.2850,204.2597,2.7875,2.8544
791.6625,204.3045,2.7868,2.8537
793.0397,204.3493,2.7860,2.8529
793.0400,205.7705,2.7854,2.8520
794.0613,204.7056,2.7846,2.8512
795.4373,204.7504,2.7839,2.8504
796.4580,205.8596,2.7832,2.8502
797.4786,206.9686,2.7826,2.8500
798.4989,208.0775,2.7819,2.8498
799.5192,209.1861,2.7812,2.8496
800.8939,209.2309,2.7806,2.8488
802.2683,209.2756,2.7799,2.8480
803.2878,210.3835,2.7792,2.8478
804.3073,211.4913,2.7786,2.8476
805.3265,212.5989,2.7779,2.8474
806.3455,213.7063,2.7772,2.8471
807.3644,214.8136,2.7765,2.8469
808.3831,215.9206,2.7759,2.8467
809.4017,217.0275,2.7752,2.8465
810.4201,218.1342,2.7745,2.8463
811.4384,219.2408,2.7739,2.8460
812.4565,220.3472,2.7732,2.8458
813.4744,221.4533,2.7726,2.8456
814.4922,222.5594,2.7719,2.8454
815.5098,223.6652,2.7712,2.8451
816.5272,224.7709,2.7706,2.8449
817.5445,225.8764,2.7699,2.8447
818.5616,226.9817,2.7692,2.8444
819.5786,228.0868,2.7686,2.8442
820.9489,228.1314,2.7680,2.8434
822.3189,228.1760,2.7673,2.8427
823.3352,229.2804,2.7667,2.8424
824.3513,230.3847,2.7660,2.8422
825.7205,230.4292,2.7654,2.8414
826.7363,231.5330,2.7648,2.8412
827.7518,232.6366,2.7641,2.8410
828.7672,233.7401,2.7634,2.8407
829.7825,234.8434,2.7628,2.8405
830.7975,235.9465,2.7621,2.8403
831.8124,237.0494,2.7615,2.8400
832.8271,238.1521,2.7608,2.8398
833.8417,239.2547,2.7602,2.8395
834.8561,240.3571,2.7595,2.8394
835.5176,241.7681,2.7591,2.8388
835.5179,243.1789,2.7586,2.8380
835.5182,244.5894,2.7580,2.8373
835.5185,245.9996,2.7574,2.8365
834.4617,247.0567,2.7568,2.8365
833.4050,248.1137,2.7563,2.8365
832.3484,249.1706,2.7557,2.8365
831.2919,250.2274,2.7551,2.8365
830.2356,251.2840,2.7545,2.8364
829.1794,252.3405,2.7539,2.8364
828.4753,253.7054,2.7534,2.8357
827.7715,255.0700,2.7528,2.8350
827.0678,256.4343,2.7523,2.8343
826.3643,257.7982,2.7517,2.8336
825.6609,259.1619,2.7512,2.8329
824.9577,260.5253,2.7506,2.8322
824.2546,261.8883,2.7501,2.8315
824.2549,263.2950,2.7496,2.8308
824.2551,264.7015,2.7491,2.8300
825.2659,265.7998,2.7484,2.8298
826.2764,266.8980,2.7478,2.8295
827.2867,267.9960,2.7471,2.8292
828.6481,268.0403,2.7466,2.8285
830.0092,268.0846,2.7461,2.8277
831.0189,269.1819,2.7455,2.8275
832.0284,270.2791,2.7448,2.8271
832.0287,271.6833,2.7443,2.8264
830.9763,272.7362,2.7437,2.8261
829.6170,272.7804,2.7433,2.8254
828.2580,272.8246,2.7428,2.8247
826.8993,272.8688,2.7423,2.8240
825.5408,272.8691,2.7420,2.8233
824.1825,272.8694,2.7417,2.8227
822.8245,272.8698,2.7413,2.8220
824.1826,272.9139,2.7410,2.8213
825.1903,273.9653,2.7403,2.8208
825.1905,275.3668,2.7399,2.8201
825.1908,276.7681,2.7393,2.8194
825.1910,278.1690,2.7388,2.8187
825.1912,279.5696,2.7384,2.8180
825.1915,280.9700,2.7378,2.8173
825.1917,282.3700,2.7374,2.8166
825.1920,283.7697,2.7370,2.8159
825.1921,285.1692,2.7365,2.8152
825.1924,286.5684,2.7361,2.8145
825.8481,287.9673,2.7357,2.8138
825.8484,289.3659,2.7352,2.8131
825.8486,290.7642,2.7348,2.8124
827.2028,290.8082,2.7345,2.8117
828.2075,291.9002,2.7338,2.8112
829.5612,291.9442,2.7335,2.8105
830.5653,290.8969,2.7331,2.8099
831.9185,290.9409,2.7328,2.8092
832.5733,289.6321,2.7322,2.8085
833.2279,288.3236,2.7318,2.8078
833.2281,286.9718,2.7315,2.8072
833.2283,285.6202,2.7310,2.8065
832.5311,284.2253,2.7303,2.8058
831.4417,283.1360,2.7296,2.8050
830.3524,282.0468,2.7291,2.8043
829.3071,281.0016,2.7284,2.8036
828.2621,279.9565,2.7277,2.8030
827.2173,278.9116,2.7270,2.8024
826.1728,277.8670,2.7263,2.8018
824.8236,277.9109,2.7259,2.8012
823.7795,276.8667,2.7252,2.8006
822.6921,275.8228,2.7245,2.7999
821.3439,275.8666,2.7241,2.7993
819.9959,275.9105,2.7237,2.7986
818.6482,275.9108,2.7233,2.7980
817.3007,275.9111,2.7229,2.7973
815.9534,275.9549,2.7225,2.7967
814.6064,275.9552,2.7222,2.7961
813.2596,275.9990,2.7219,2.7954
811.9130,276.0427,2.7216,2.7948
810.5667,276.0864,2.7213,2.7942
809.2206,276.1302,2.7210,2.7936
807.8746,276.1739,2.7208,2.7930
806.8329,277.2159,2.7202,2.7929
805.7914,278.2578,2.7196,2.7927
804.7500,279.2995,2.7191,2.7926
804.0558,280.6452,2.7187,2.7920
803.3617,281.9906,2.7184,2.7914
802.6678,283.3358,2.7180,2.7908
801.9739,284.6808,2.7177,2.7902
801.2802,286.0255,2.7174,2.7895
