1
2
0
0
0
0
1
2
0
0
0
0
1
337.6249,448.3570,19.2528,39.3193
338.7593,448.5599,19.2528,39.3193
339.2783,450.0272,19.2528,39.3193
2
0
0
0
0
1
376.0541,388.0385,13.9825,42.3245
376.4562,389.4565,13.9825,42.3245
2
0
0
0
0
1
368.3917,303.5767,22.8444,36.6895
2
0
0
0
0
1
447.1630,301.9991,21.8090,48.5585
443.8684,323.9115,25.9108,43.1193
441.1492,344.8701,28.6961,39.1040
2
0
0
0
0
1
301.5668,330.7613,29.7292,43.0754
2
0
0
0
0
1
269.6752,296.1324,29.7610,42.7295
2
0
0
0
0
1
344.3225,379.3586,33.2381,52.5836
341.5242,405.6026,35.8693,49.1782
340.1103,428.6393,37.0844,47.6571
296.8493,367.0282,30.6113,56.0456
294.6463,390.9170,33.9227,52.1231
289.4130,341.8551,28.0017,56.2242
287.0121,365.7704,31.8408,50.9081
285.3995,387.9663,32.5887,49.8230
2
0
0
0
0
1
311.0400,369.5233,23.7561,53.3082
286.2549,328.3981,19.9316,57.4659
281.6341,351.6450,25.0899,51.1672
279.3395,374.5266,28.7212,46.6009
306.1822,342.5803,22.9758,50.8230
301.7574,356.4442,21.3566,47.9711
299.3533,376.7625,24.1397,44.4439
297.3623,396.7598,26.3173,41.5687
324.9420,372.0007,22.0163,45.8631
322.4056,392.5811,25.0996,41.9778
345.1686,365.8082,20.2217,45.8328
343.0168,384.4048,22.8506,42.6073
2
0
0
0
0
1
392.0046,340.7380,28.1623,44.1559
388.9793,361.8185,31.8055,39.2244
2
0
0
0
0
1
483.8905,329.3955,20.5467,54.7971
517.8299,284.2046,20.0662,53.2144
515.4913,305.7632,23.1681,49.2248
548.2358,269.0302,22.5267,48.1976
545.9323,289.6938,25.3291,44.6084
570.5829,252.0698,21.8571,47.3092
567.5635,273.3975,26.4944,41.3657
2
0
0
0
0
1
577.0479,198.2447,19.3006,72.3885
573.5955,223.6999,24.0889,66.4161
2
0
0
0
0
1
446.3867,169.4623,25.7442,53.4549
441.6934,193.3333,30.7017,46.3441
2
0
0
0
0
1
