1
528.4355,60.1083,19.2281,20.0128
531.3325,68.0146,19.5462,19.9131
524.5781,81.7504,19.2805,19.3855
527.0595,91.4895,20.0619,19.2767
522.0133,107.6641,19.7358,18.8201
523.9562,110.5050,19.7358,18.8201
518.7631,126.5418,18.5999,19.7826
510.0963,143.7635,19.9014,18.2463
511.2119,145.0988,19.9014,18.2463
519.8598,165.5116,18.5823,19.0786
521.3381,166.7652,18.5823,19.0785
522.9408,168.2324,18.5823,19.0785
524.3856,169.5667,18.5823,19.0785
526.0055,170.5567,18.5823,19.0785
527.4222,171.7382,18.5823,19.0785
529.2337,172.1726,18.5823,19.0785
531.2617,173.1574,18.5823,19.0785
533.4211,174.1286,18.5823,19.0785
535.0035,175.3998,18.5823,19.0785
536.5278,176.3513,18.5823,19.0785
537.9956,177.5498,18.5823,19.0785
539.5789,178.7193,18.5823,19.0785
540.8370,179.8953,18.5823,19.0785
541.6007,181.1478,18.5823,19.0785
542.4416,182.1989,18.5823,19.0785
543.0789,182.7977,18.5823,19.0785
543.4145,182.5607,18.5823,19.0785
543.9612,182.7720,18.5823,19.0784
545.1964,183.3606,18.5823,19.0784
545.6010,183.7305,18.5823,19.0784
546.4791,184.4589,18.5823,19.0784
547.7100,185.1204,18.5823,19.0784
549.0286,185.8586,18.5823,19.0784
550.2195,186.4547,18.5823,19.0784
551.7070,187.1131,18.5823,19.0784
553.1201,187.7141,18.5823,19.0784
554.3890,188.4756,18.5823,19.0784
555.8604,189.6375,18.5823,19.0784
557.0450,190.5748,18.5823,19.0784
558.1196,191.7556,18.5823,19.0784
