150.5,53.5,40,148
147.34588300061466,40.20844685279039,36.80062324375364,153.7320145327128
146.8036662976637,47.3564737666011,35.029297637334366,156.57051477901848
144.61483611561255,45.34141147306123,33.68390397508065,157.7391123529202
143.5742897265214,46.67863503307389,32.913109229849546,157.91655275630822
141.21553150628338,48.35904696104804,31.951762825355082,157.3951603228452
139.89675830497745,50.934624986809354,31.775816595526187,157.87098953620415
137.02845055292963,53.78297541102582,31.879045100400187,157.8076756869929
132.44608105493614,54.04475052322394,32.59031877608772,154.4663036891635
128.00674456232656,57.08632383519394,33.11376431269926,151.16823288142606
125.05953946802393,61.18152864257799,33.509820616225404,148.47617715173706
130.7551392272564,67.66389306711483,32.995409236048275,146.38823644095118
122.04084262107648,63.11873553051467,34.34323164220022,139.39778070794364
131.72228487091422,71.41748786699934,33.236618437181036,138.44850857325113
124.48718409597615,65.68809714597097,32.2648949543576,134.46536498260826
132.74533873047352,70.8797904105214,30.744473192086097,134.0792367913229
124.36938234251089,63.9548558355297,30.242625943566253,133.1401687774962
131.9721358805078,69.37737618678,29.68948051776901,132.06336917512664
126.25854432576679,63.39284993170328,29.03476167218151,131.95051973021052
125.40928176679428,57.6874089434976,28.33108743857261,131.35040494885232
119.47144213557802,101.57687687974983,30.68579617948452,122.11947587889287
126.95190331515664,70.5417504747557,29.501829099047583,119.89727072151969
124.21645610755981,62.662471089280075,28.24524788981412,122.20087824361661
125.05499097463036,79.21513478471364,28.81894165409159,118.35547633219088
119.77119167890956,119.36318690929468,32.76290614312684,108.71146917536299
126.28755347996355,83.06980514407152,30.461097588611153,110.47419339170004
121.29334240718552,124.81763219275811,31.936900691334813,103.59211067981857
128.50622256173224,88.528793412942,29.861471639644655,106.18457778083209
118.0764426680487,55.67789661078433,32.21303992721542,97.85440538596202
131.03643983226337,94.84413748421169,32.059337308291596,94.83877632843112
122.9951334566747,62.92151712964933,32.65161541445007,88.97751113497074
127.65468165112269,61.68384879680973,32.64934407076279,83.99938776448298
128.83142039435384,59.87678859445578,32.08780434976046,80.44575710735104
128.18427914733147,89.84597395463764,33.382086843805226,75.89274493555129
131.9502286513794,57.251446609200954,30.914172960849506,75.24999299960248
131.88835524232712,49.78275704610481,29.402896845272714,73.8371427889815
138.17305308881672,45.5885119145121,27.94764418762569,72.6992247361679
136.2800401081245,72.64776086256785,30.188346363512455,68.03108797598291
142.07647397880527,38.250125928263046,29.2200081550757,65.49023098066885
132.37489790114736,55.803183715076194,28.128533702117196,64.05385912063603
144.25241914333938,59.40516898626181,27.155312776045353,63.969207815237375
142.2982821866563,83.13686052712386,29.65813663355462,60.07477646507763
133.30295123156145,105.501797520192,29.544049247946276,57.12509316155226
125.13302911895367,126.7148754050572,29.71413794799727,55.12332620473323
122.31839470738973,148.2077720539031,31.380534329262446,53.08721480628977
120.81910571735364,169.78475613878015,33.05993799122278,50.82765049800212
119.39759136245152,191.0682114628636,34.589331214209324,48.98343994118463
118.18428423193245,212.3869965155999,35.7047281632134,46.99360650876682
117.18329053034492,233.07041123600808,36.40741660825239,45.90504477017002
115.74403663912497,239.60706985912464,36.69772402363084,44.78586028175076
114.44792057326731,239.97197608928968,36.72670677135698,44.056047821420606
113.22656825189554,240.26880302879601,36.62769208239256,43.46239394240795
112.02104244018219,240.55155603010235,36.51851864713639,42.89688793979528
110.86173902474835,240.7945123402172,36.33787052702911,42.410975319565594
109.75474342311885,241.0184293022072,36.07342773350467,41.96314139558558
108.65275422799428,241.24728420742517,35.8213121245425,41.505431585149644
107.57099918242534,241.46436285606637,35.55097976956803,41.071274287867276
106.48919590534565,241.69177481413675,35.302853290070736,40.61645037172652
106.03733727265973,241.92365261459722,35.0117232791594,40.152694770805574
104.96159312290018,242.15346779719582,34.79721308312366,39.693064405608354
104.5161927387955,242.37852835452964,34.515572208386764,39.2429432909407
104.11953083338608,242.5447935524386,34.147941182760505,38.91041289512279
103.6995611091834,242.74368855639176,33.83796665913876,38.51262288721646
103.2734229984993,242.93403546997186,33.55145822988197,38.13192906005627
102.87904678494701,243.09264080612525,33.211914716548534,37.814718387749494
102.46295022187837,243.27854053090016,32.926165506426194,37.44291893819968
102.06540245931993,243.45845303578824,32.613657319443156,37.083093928423494
101.13863202278152,243.61403476564578,32.27315360525174,36.77193046870841
100.219206813126,243.77358517725455,31.938510057806994,36.452829645490915
99.3037222781819,243.9462873546189,31.616594643731542,36.10742529076219
98.413844389718,244.11055607458673,31.264483148069438,35.77888785082652
97.51271542833699,244.28922826955468,30.956335945979703,35.42154346089064
96.61383867305325,244.49037662489,30.66463048833254,35.019246750220034
95.72441080470657,244.6653031329581,30.37583960138585,34.669393734083826
94.84106959980686,244.824546117095,30.094969344460004,34.35090776581001
93.97602370842917,244.98735734304967,29.796376550430626,34.02528531390064
93.11515327840334,245.1709690021326,29.509089832441134,33.658061995734776
92.26347536186277,245.34394132603907,29.224002254012976,33.31211734792188
91.41031232786536,245.51743335361337,28.961739200421107,32.965133292773274
90.5661341402062,245.68971294061717,28.700662093842755,32.620574118765646
89.74143191419395,245.84156900437267,28.419675804275307,32.316861991254655
88.92699807499403,245.9974651745129,28.136566422250603,32.00506965097415
88.10719477205001,246.13404879608862,27.88292818699251,31.731902407822744
87.30026174854636,246.27268241413435,27.620140396751204,31.454635171731308
86.50183930585747,246.43297617434197,27.35734258491633,31.13404765131606
85.71245870063606,246.59950403996663,27.09481559892977,30.800991920066714
84.94185092741915,246.75627452944445,26.813475436688492,30.487450941111113
84.16643664100485,246.92981550461752,26.56047808271313,30.140368990764976
83.41062849577564,247.08595834242092,26.287130992853328,29.828083315158178
82.65796470450123,247.24256572835276,26.02593015199249,29.51486854329448
81.90932995784982,247.39671042569935,25.774746224715,29.20657914860127
81.17186077418532,247.5588779145913,25.518832851416384,28.882244170817362
80.43922280280472,247.71952492054578,25.271507929738192,28.56095015890842
79.71559920951717,247.87172971244985,25.024036156433745,28.25654057510033
79.00395455559087,248.0044311846879,24.769969344673495,27.991137630624245
78.30508493255572,248.11676199127078,24.506715868800967,27.766476017458416
77.59693055031514,248.23768902617303,24.277425394017794,27.524621947653927
76.8940231584883,248.35341776466956,24.052481204716063,27.29316447066089
76.18744058489014,248.47222306161547,23.84926612139685,27.055553876769096
75.49847511100752,248.59295582236226,23.62469093195859,26.8140883552755
74.81584564599397,248.69689784301045,23.4021210880715,26.606204313979077
74.1479531791135,248.80100498790404,23.163649085948094,26.397990024191948
73.47311406825241,248.8971882698389,22.95316200471628,26.20562346032224
72.79445846164673,249.0037569353624,22.763012453064423,25.99248612927521
72.12029890683398,249.11691604569955,22.57656772163141,25.766167908600867
71.45353967591264,249.23057656769208,22.388309091098098,25.538846864615845
70.80226856620173,249.3559024810598,22.182150176481624,25.288195037880406
70.14918912031041,249.47320591259736,21.993980427112067,25.053588174805263
69.5022449152734,249.59950263222922,21.80683921862154,24.800994735541575
68.86590422667405,249.71099319083152,21.612314796377973,24.578013618336986
68.23543460217522,249.81349973175324,21.419190413854565,24.37300053649352
67.61258876378858,249.91196683318003,21.22335869108673,24.176066333639934
66.98957788050313,250.01309599072135,21.040233568245572,23.97380801855728
66.38110185078473,250.10432358942919,20.84017342192692,23.791352821141615
65.77713660851714,250.2015963003159,20.643155027880326,23.596807399368174
65.17300362795548,250.30305073894277,20.45881293480604,23.393898522114444
64.58246653337697,250.40358639601138,20.25947299103159,23.192827207977267
63.98996515602342,250.49972511171154,20.076679202910686,23.000549776576918
63.396669987868776,250.6027161117005,19.90728797742566,22.79456777659904
62.81122773293568,250.70441909341713,19.73400096283428,22.591161813165733
62.229289811876654,250.80238020470642,19.565560369708034,22.395239590587163
61.65600497643922,250.89370872245254,19.391281527024777,22.21258255509491
61.08988161931431,250.97692962498147,19.21392377073971,22.046140750037075
60.52885977118305,251.0577163032145,19.03720350303809,21.88456739357099
59.965442896252775,251.13506161078686,18.875942820916446,21.729876778426256
59.39737667532127,251.22266377997153,18.7339417615278,21.554672440056926
58.83908610070533,251.30209726212308,18.582367930523873,21.39580547575386
58.282738609616416,251.38652252014623,18.43668758940404,21.226954959707534
57.7271516737922,251.471440249005,18.299385912830342,21.057119501989956
57.183490080587454,251.55027298504865,18.147895130885008,20.89945402990267
56.63687387194446,251.63754545625488,18.012053381581275,20.72490908749026
56.09039258791756,251.7277995349067,17.88570235611502,20.544400930186626
55.550555481362856,251.81394870827714,17.75570398941953,20.372102583445738
55.01269370159454,251.89856096825005,17.631258817702985,20.20287806349988
54.4741433296938,251.98421653876306,17.5174215719481,20.03156692247386
53.9440470997335,252.06362321671074,17.39563165934106,19.872753566578528
53.41688013126994,252.14616869185477,17.27680658373708,19.707662616290484
52.892192753200305,252.22566515471527,17.161945359474657,19.548669690569483
52.37957476913174,252.29913095460094,17.03155255767858,19.401738090798105
51.873350761457644,252.3715403580815,16.897102577745535,19.256919283837014
51.369478033609006,252.44361596432196,16.766745254824936,19.11276807135605
50.86277402386802,252.52085179546737,16.650693950581466,18.95829640906528
50.36094555660966,252.60015483396305,16.53339678312267,18.79969033207392
49.86620223189165,252.6710084215197,16.41060273344248,18.657983156960587
49.374368538020555,252.74557990896264,16.290314900262384,18.508840182074746
48.89012151681398,252.81257732233334,16.163329538422964,18.37484535533334
48.41034520552186,252.87557550120553,16.03562327458326,18.24884899758891
47.93165325930457,252.9361882948379,15.91374391229321,18.127623410324215
47.45394110719279,252.99942285659807,15.797566165726145,18.001154286803875
46.975561796681696,253.0681296692328,15.690363931420848,17.863740661534397
