253.5,66.5,23,28
250.60878783782644,66.19361602755933,22.969319886258457,27.612767944881334
249.34382152702045,66.84369178203704,23.112066238830593,27.10834519227254
246.21463081310293,69.65231224368424,23.048476604976592,26.23258256524492
242.90353156889816,69.11907761795985,22.689603797821192,26.523377228297598
239.88714658491466,69.65056495767557,22.52701821476125,26.23482199274452
237.18294203101715,69.68804632771106,22.563992730236752,26.15985925267353
236.75560841351415,69.67461078706506,22.651877785908937,26.186730333965524
234.08089900592918,69.65353403799404,22.621039626493584,26.22888383210757
233.65400755424827,68.4578296973643,22.70605710271514,26.313996231946152
230.929355257047,68.05226544417529,22.755236669243434,26.35367830577072
233.1684873207171,66.58634646029246,22.91406966569638,26.194118191007647
231.63834176350983,65.65591317537547,22.882657159889302,26.50913295073078
231.4940344701164,65.22259409659648,23.17127174667618,26.598471963263407
230.2909935168298,65.16159882279868,23.227421297804124,26.720462510859022
230.16368968255384,65.157800754606,23.482028966356065,26.728058647244396
230.081599019627,64.71031289892434,23.646210292209755,26.832737520739485
229.9360401477308,64.7205161041144,23.93732803600213,26.8123311103594
230.22251464368932,64.68589591787277,24.16326559839331,26.88157148284265
230.1297254506453,64.58755157466592,24.348843984481334,27.078260169256332
230.0530409644619,64.54633648750696,24.50221295684814,27.16069034357427
229.24867862324473,64.50635144729931,24.48429825570023,27.240660423989567
229.14840896899764,63.988013255977705,24.684837564194424,27.463059719893586
229.07999060866905,63.495925631992044,24.82167428485164,27.626299653033257
228.62464412071344,62.03599081505452,24.906710195891595,28.069198092294577
225.68044645992296,59.38694809882548,24.95784363044875,28.363916193017946
225.28701617747262,59.345870564136476,24.905419843151517,28.44607126239595
222.49812668725315,57.82886925279619,24.60517080980532,28.96091902202575
221.18919858040627,57.82600487840192,24.69443814906954,28.966647770814298
220.7820553731358,55.99179877859303,24.664337906227992,29.25751334090226
217.90844649347054,55.98099018243959,24.47280835647055,29.27913053320914
215.8020607742313,56.10685823330654,24.45737575389863,29.027394431475244
213.6464309765451,55.60690222691447,24.56108124665192,29.185795623735544
211.5008347195381,56.23548470495493,24.62415474923653,28.774254469940495
209.3211604270617,56.75454634759447,24.782080026516898,28.576415846195907
209.1311079821845,57.51068181454086,25.162184916271297,27.903904883754656
206.67606928529378,67.23768955144936,25.059816947755728,26.828855738359916
209.13136378957486,58.430157273762916,25.051382254071125,27.286380191661358
204.28397029581149,67.10068490086032,24.857823254669704,26.42590158234688
205.4594070112793,60.01056413238332,24.92951980110132,26.87824658088661
202.5712295322257,60.47297349354186,24.995792537966306,26.76915389017557
199.68935553154307,57.86027266328529,25.054005683801744,27.104097103091718
196.6729221482305,58.79912467680352,25.338270787119857,26.868850694142978
194.40441537231783,55.958876202153164,25.764929056144414,26.794850247522533
191.20956091232975,54.886478143911404,26.360924655676907,26.456626369530206
192.41359027956182,52.761454890446345,26.448182268437947,26.547812297751673
191.97178699004044,51.29627322691332,26.497206624587758,26.974428956138937
191.87107080775272,50.7285467543752,26.6986389891632,27.26781728404481
190.62900331564413,48.794363921673586,26.63321306541059,27.73676840548832
190.07394440269036,47.836477135751394,26.88715480437164,27.940189803439658
190.33251959747048,47.88899874370433,27.233387350642655,27.83514658753379
191.59722771657118,47.80635146052013,27.30559529997648,28.000441153902177
189.7200097523229,47.874255372199215,27.576255151759106,27.86463333054401
187.70701607090032,58.71089962494447,27.236832988577458,27.145310549982085
193.18511363159993,51.125155797834125,26.557574739951754,27.757804301107
192.20179436337,51.405461090645005,26.813597097095393,27.197193715485245
190.15458765789782,62.00283959324267,26.655219148750636,26.41583523487762
195.86032039340122,54.251472319552306,26.10866631325302,26.87484459463024
194.30410013370698,65.07353532330156,25.883650079496576,26.089823294287555
198.14605861086596,55.46924356328751,24.747559410570076,27.291884529489106
196.25805276569048,67.63919353572021,24.427201660286492,26.71092734030438
195.87381105002504,79.91198798685295,24.3905610114846,26.31906084202161
195.5394301802813,93.8575170460588,24.260890414638105,26.37313449529976
196.17339577292404,108.39629540344048,23.790171976447613,25.995236675955784
196.29810224877525,118.92582181646452,23.540759024745142,25.315761386678773
200.71071372325807,115.82778546754233,23.17747382284302,24.588430473289407
198.45298911828033,115.95361562265732,22.427964613479823,24.336770163059423
199.36431532138965,114.41997713045208,22.077910467100683,23.72255149787118
197.478289282686,115.01264023066643,21.523057420609806,23.258376151425487
196.6160066363689,115.56771185538351,21.132361588143404,22.853319943691567
194.94576905999247,117.9958921573575,21.01006004218268,22.15229137819984
195.06213065106087,118.52691527980693,20.777336860045875,21.769907697244278
192.6373224718821,124.84658018081143,20.26703510331276,21.190393654189208
191.84396730208027,124.93050648865096,19.895248214780917,21.022541038510155
189.98954909605894,125.82119919494494,19.738203657264833,20.529782615775094
187.5164096101637,129.6100816308677,19.61159555616538,19.927237469153226
186.0998392309009,130.08699082634084,19.331467176935977,19.59607290575797
183.69728191105597,133.13335474900725,19.23235312327728,19.020602340442288
182.67190093606933,131.3860700407835,18.87348931299475,18.900733116506117
179.87735775235026,132.06265750867206,18.513879621633148,18.73729739248895
177.98262266636758,131.51067438014266,18.196939295621927,18.66800350726867
176.41354456744853,129.78253713537683,17.851864906226442,18.641047409566795
174.33550444593357,138.35387877600755,17.410681661815246,18.738102206209632
173.8565452926175,146.89136866493132,17.230247517317316,18.738409195313345
173.38467237878794,155.9021911741511,17.041371259529352,18.83871754402714
172.67358941659194,164.90318707233118,16.768946662744547,18.9123579735529
172.23456446755816,173.60248291633195,16.52368297341852,18.925126890151404
171.77943947955387,182.5351834165766,16.31807567060648,18.913442350792227
171.3382940706148,191.4334868260075,16.091465351176087,18.85925372886667
170.84906338396036,200.27316320301017,15.969979943934566,18.779049463668496
170.6472843042818,209.0540445798238,15.82675648783061,18.71429840479525
170.42539487763818,218.0758710002491,15.727057107543734,18.605427271891074
170.44579189134149,226.80764236226085,15.686263080137099,18.428086239424864
169.9787332741055,230.82198367502087,15.546780547133611,18.35603264995824
169.57153486786245,230.8587600687654,15.294289069925268,18.282479862469206
169.15082939680005,230.8915712556493,15.07921149507733,18.216857488701397
168.46872621051745,230.91651244695808,14.872122322156955,18.16697510608385
167.79250505508355,230.93423910155008,14.665604045227834,18.131521796899847
167.36903363727598,230.9992294091413,14.481009553044721,18.001541181717432
166.9428719799486,231.05264580242917,14.311763725069223,17.894708395141688
166.51012347482586,231.11726199518128,14.164454166876952,17.765476009637453
166.06968225446494,231.2015263395174,14.041269683042557,17.596947320965246
165.63123901177778,231.2806125027784,13.923251391323664,17.438774994443193
165.19137524525507,231.35609391918447,13.816751251881213,17.28781216163107
164.74652867043838,231.4412582114248,13.728299290435656,17.11748357715037
164.31143882383378,231.51888060036546,13.628425462047097,16.962238799269077
163.88090204343524,231.59476635505848,13.527445005698704,16.810467289883054
163.44546617447676,231.66677358346672,13.444191683979833,16.66645283306658
163.01229493365935,231.7448192895546,13.363525969356195,16.510361420890767
162.5913550554414,231.81776381527658,13.26580182938648,16.364472369446847
162.17300420380963,231.88015198260757,13.170543219790849,16.23969603478485
161.76034872270955,231.93663287231445,13.070809263248645,16.126734255371083
161.35056551609412,231.99440671498604,12.972028100758987,16.01118657002792
160.93584824962392,232.06139217450573,12.889861003191351,15.877215650988537
160.52323383358288,232.12531762830062,12.810262362388809,15.74936474339877
159.90109882779592,232.16942887334895,12.707046054234763,15.66114225330212
159.49598700603462,232.2235318209328,12.624995384792758,15.552936358134371
159.09793919143544,232.28120507964732,12.534795703307292,15.43758984070537
158.7210899758898,232.33155530287215,12.408660874406387,15.336889394255714
158.34331147785753,232.38243320639276,12.291559817866315,15.235133587214488
157.9636671196611,232.41833742812437,12.185106210783276,15.163325143751251
157.5832908948825,232.45684474376813,12.08576856270176,15.086310512463744
157.205896213679,232.5096343806704,11.98604990285811,14.980731238659214
156.82870830697732,232.56471065291694,11.892388587154342,14.87057869416612
156.45423584849206,232.6187284635354,11.7997111908692,14.762543072929185
156.0801861231027,232.66248101391204,11.71250633555113,14.67503797217594
155.70655133444944,232.71334906450068,11.629982651549655,14.573301870998675
155.3377485431623,232.76323885202297,11.54359058545931,14.473522295954062
154.97403459360396,232.82654819847355,11.45288192866355,14.346903603052882
154.61743172671135,232.88300029338262,11.35477506620058,14.233999413234766
154.2652777751533,232.92488034582817,11.2544137901101,14.15023930834364
153.9104615953743,232.96616475433925,11.165200216823148,14.067670491321534
153.55248942263822,233.00780650279012,11.087723988868605,13.984386994419785
153.1978328637392,233.05850344799262,11.00868298360983,13.882993104014755
152.84654306419424,233.10992780165446,10.928580585988433,13.780144396691044
152.49527493334688,233.1606787375267,10.854186002896173,13.678642524946593
152.14605320754063,233.19957582430172,10.781223235480713,13.600848351396571
151.80130037961763,233.23938954136665,10.704074447532259,13.5212209172667
151.2727864849008,233.27469827880316,10.618536403574186,13.450603442393708
150.93077163821368,233.32536205364116,10.545796025749397,13.349275892717701
150.592075120358,233.3742176195816,10.471884436579643,13.251564760836795
150.25652665328377,233.42259226057283,10.397069488649564,13.154815478854358
149.74259526488876,233.45760953318978,10.314153378342025,13.084780933620436
149.22909312214583,233.4938795300869,10.237635294118371,13.012240939826173
148.71738812395895,233.5329391429008,10.16458310167733,12.934121714198396
148.38622907200923,233.58172406774804,10.100691475350432,12.836551864503935
148.05606042673855,233.62997214998313,10.039881782310573,12.740055700033716
147.72953071079232,233.67734308372349,9.976724054186793,12.645313832553057
147.23163540093364,233.70991038783148,9.90561764121391,12.58017922433702
146.73694391093807,233.7417189025927,9.834559860741265,12.516562194814586
146.24282457900603,233.77652854554685,9.76874225351122,12.44694290890631
145.9202985581461,233.81189295861245,9.715359970939483,12.376214082775133
145.42872078195634,233.852900487807,9.656713492315605,12.294199024386009
145.11114720295592,233.9020619662565,9.601742107935888,12.19587606748699
144.8032816878356,233.93853635454414,9.532150524728895,12.12292729091171
144.32575272022544,233.97465813297802,9.465966007527062,12.050683734043943
143.8502148381879,234.00862934866552,9.40234241401243,11.982741302668934
143.37446777697318,234.04268821512446,9.345358036776181,11.914623569751075
143.06599799038256,234.07723678334895,9.29391543055548,11.845526433302101
142.76344735465645,234.11854187972224,9.234421171303962,11.762916240555517
142.46389280502956,234.15904761008858,9.173396640707688,11.681904779822846
142.1666872198663,234.19803060750527,9.1121369024784,11.60393878498946
141.8693226000731,234.23692207372954,9.055572396571511,11.526155852540894
141.41653315136728,234.2707434526095,8.990539117225778,11.45851309478101
140.96571700302346,234.30094280762654,8.927835061935207,11.398114384746915
140.67153324782095,234.3335829756394,8.87719825438018,11.332834048721216
140.22278411686636,234.3627164356925,8.82165552033612,11.274567128614986
139.9289293648494,234.400585005583,8.777592963084281,11.198829988834014
139.63767718220927,234.43719392954924,8.732075091035345,11.125612140901529
139.34752767182817,234.47062392156928,8.688072019131695,11.05875215686144
139.06123417668553,234.50458494911558,8.639833310419121,10.99083010176886
138.62349557823575,234.5338363818791,8.589541832198579,10.932327236241786
138.18466080645962,234.5630170014812,8.546580201927114,10.87396599703761
137.74922800664248,234.59022083983746,8.501588312005287,10.819558320325106
137.3175117589355,234.61609175367423,8.453854464052487,10.767816492651534
136.88720228483405,234.6425834168915,8.40800951515195,10.714833166216984
136.6106843240332,234.67424657752153,8.35984775360156,10.651506844956932
136.3339948499735,234.70563351949272,8.31553242922487,10.588732961014541
136.0579978527757,234.73707812327882,8.273193637106951,10.525843753442333
135.78393418535003,234.76736812271088,8.230288979826865,10.465263754578272
135.3638227949081,234.7918180429249,8.188836558204457,10.416363914150223
134.9459778602767,234.8153465683459,8.147116951015606,10.36930686330825
134.52970564426127,234.84008481440839,8.106446062562512,10.319830371183219
134.11665103118884,234.86314426285108,8.063594085106361,10.27371147429783
133.70596847491538,234.88548624500388,8.020204318817855,10.22902750999223
133.29520029276327,234.90755976489785,7.981152526666298,10.184880470204273
133.02815823994553,234.9339711705528,7.944131582641031,10.132057658894396
132.7625276369065,234.9620374502551,7.90710756687684,10.075925099489798
132.49581906732126,234.9879778718263,7.8751607059482645,10.024044256347407
132.2315839436295,235.01329973710432,7.840893066215047,9.973400525791346
131.9684711592361,235.03698038993818,7.807044453077035,9.92603922012364
131.57260322895303,235.05962000047722,7.762493486094287,9.880759999045559
131.17957990711355,235.0812267517726,7.716503847290932,9.837546496454815
130.78851366444448,235.10380825422143,7.670825991176686,9.792383491557153
130.5315134268279,235.1287545841365,7.635819791380623,9.742490831727
130.27191494515773,235.15433869802143,7.6086747445669305,9.69132260395716
130.01717569694495,235.17974155395308,7.574259409485337,9.64051689209382
129.76421865089006,235.2015514223826,7.538953117083091,9.59689715523479
129.37667113785577,235.2219594450136,7.505941281915939,9.556081109972803
129.1207783685637,235.2434465844795,7.481311011133605,9.513106831041018
128.86657114311126,235.26616865741795,7.455425420235873,9.467662685164102
128.6161420265109,235.28877051135413,7.424215825596637,9.422458977291765
128.36786109270696,235.31128341548109,7.391107728577885,9.377433169037817
128.12200768063857,235.33367151801846,7.355598689119723,9.332656963963057
127.74893337860426,235.35492286257693,7.314710183525256,9.290154274846135
127.37532727976611,235.37881659526823,7.27882970492225,9.242366809463512
127.00352623114948,235.40218643343078,7.243282194743785,9.195627133138412
126.63583541699948,235.42143653872427,7.20339294367201,9.157126922551464
126.26721757348892,235.442055909259,7.169069730727875,9.115888181481987
126.02615232822876,235.46259362100886,7.1392052658720715,9.074812757982249
125.78532318707047,235.4838044512342,7.1110963520872605,9.032391097531617
125.54572387521205,235.5059202209525,7.082739713653601,8.988159558094996
125.30778726505027,235.5291974918942,7.053333082167714,8.941605016211618
125.06974204228575,235.54964429458732,7.026524348292404,8.900711410825364
124.83321670227012,235.56946074476048,6.998798824179883,8.86107851047905
124.598990387334,235.58827032349302,6.968589408685436,8.823459353013941
124.36558970392937,235.60677695963707,6.938861891945654,8.786446080725865
124.13318023319371,235.62500619286118,6.909250906560194,8.749987614277652
123.9001705196037,235.643549226896,6.882918588967227,8.71290154620798
123.66854685787203,235.6617239481749,6.8558050881185135,8.676552103650177
123.43746303027886,235.67993344363285,6.829605653613267,8.640133112734302
123.20681851309031,235.69802942481354,6.80449378160757,8.603941150372908
122.97710333697216,235.71591129211996,6.779447146912631,8.568177415760081
122.74852702293379,235.73338912276117,6.7540314804013235,8.53322175447767
122.52084941969558,235.75051332099017,6.728714320087599,8.498973358019693
122.29406474084647,235.76750763956056,6.703482378585457,8.464984720878883
122.06818763459779,235.78450359438432,6.678295637614526,8.430992811231366
121.84266561378975,235.80130335345112,6.654257706192378,8.397393293097775
121.61676868010713,235.81836528433047,6.632779268409586,8.363269431339054
121.3942861919695,235.83489950282345,6.606214595973107,8.3302009943531
121.17309199140284,235.8533753427574,6.578948771388832,8.293249314485195
120.95082939247898,235.8698819538258,6.555836902557952,8.260236092348405
120.72904037685787,235.88570968464833,6.533539531227879,8.228580630703327
120.51023728839758,235.89996967207063,6.506963937375675,8.200060655858772
120.17654423323583,235.9151350526211,6.480681998679826,8.169729894757799
119.95812335027897,235.92952712260032,6.456860762404555,8.140945754799388
119.74131707762801,235.9441463797034,6.43146541499825,8.111707240593207
119.52334432943306,235.95679618138863,6.410123144851083,8.086407637222727
122.16485425148113,235.8548605569105,6.369031913851637,8.062368946479108
121.94632072432753,235.98149947803802,6.352349580141253,8.037001043923977
121.61750869494342,235.99239280643113,6.331327558012446,8.015214387137735
121.29064126325129,236.00354678451666,6.308441220210912,7.992906430966671
120.96364180615299,236.0153398410103,6.287958600615061,7.969320317979418
120.63775440947657,236.02635682445052,6.267333144280426,7.947286351098974
120.31469560573905,236.03910078181963,6.24306746089034,7.921798436360731
119.99253315686173,236.0508952904885,6.219362046249544,7.898209419022958
119.7811578243017,236.06495916271453,6.198251498329133,7.870081674570961
119.56851426447498,236.07787535237526,6.181224384027681,7.844249295249495
119.3553048082297,236.0893647001558,6.166673107183429,7.821270599688358
119.03599569913773,236.10055710111456,6.145600418879876,7.7988857977709065
118.82525867047089,236.11187285051292,6.128650458532159,7.776254298974165
118.50687453721545,236.12169571486706,6.109648013520566,7.756608570265869
118.19190689730156,236.13148772208265,6.085640797501471,7.737024555834694
117.87740216322547,236.14004138829694,6.062777094960176,7.719917223406128
117.6708583072743,236.1519463135022,6.0425493319805,7.696107372995573
117.46416393258585,236.1648760961777,6.024008734544424,7.670247807644629
117.15088866233839,236.17666994998973,6.004756287489625,7.646660100020549
116.83552677626218,236.19057941046313,5.991698516165693,7.618841179073718
116.41653205265672,236.2022768982757,5.973864197495809,7.595446203448601
116.10393571520603,236.21271653513148,5.959132512298536,7.574566929737048
115.89967196042748,236.223862856179,5.94216160036865,7.552274287641954
115.69599290276851,236.23521047280283,5.925255139335573,7.529579054394306
115.49217312086273,236.2462714132712,5.909874201903578,7.507457173457628
115.1850284621819,236.25671551652135,5.891398203299422,7.486568966957305
114.98192225156896,236.2675630951596,5.8770068370044095,7.464873809680807
114.67536895513167,236.2788894467966,5.86090536131282,7.44222110640679
114.37060122691267,236.29029477013833,5.843057682032477,7.419410459723334
114.0657608481173,236.30164426832673,5.8272725912432115,7.396711463346533
113.7619221354849,236.31290830594367,5.81129581246465,7.374183388112671
113.4612737339926,236.32476267996717,5.790751552001579,7.35047464006567
113.1615906283925,236.3368518615183,5.7703666384043295,7.326296276963361
112.86317954422766,236.34872148802495,5.749541424521415,7.302557023950083
112.56492304953653,236.36077913560717,5.730512070363878,7.278441728785648
112.36803309812721,236.3727686347349,5.715286935190731,7.254462730530173
112.17177504894617,236.38457698539494,5.700026751388992,7.23084602921011
111.9762005907307,236.39592468201064,5.684618197615516,7.2081506359787
111.78154259325599,236.4067470747857,5.668572152584401,7.186505850428627
111.5874630605815,236.41766845130675,5.652553150112613,7.164663097386468
111.39392721162599,236.42866455510438,5.636635936629748,7.14267088979125
111.10148123490782,236.43913253167997,5.618830164809057,7.121734936640067
110.8094717403764,236.44922804466486,5.601980568580144,7.101543910670282
110.51843962214873,236.45951236017356,5.584924559114711,7.080975279652897
110.32695386021311,236.46952088830596,5.569666412888967,7.060958223388043
110.0374922050131,236.47909248338297,5.552908026632078,7.041815033234039
109.74845892448609,236.48856474071388,5.536988662000976,7.022870518572242
109.4600275401001,236.49807900604534,5.521511271668928,7.0038419879093095
109.26939659079792,236.507687353816,5.508965124173199,6.984625292367979
108.9824155159544,236.5172776246974,5.493709109171003,6.965444750605163
108.69681492284076,236.52590664139132,5.477316414764717,6.948186717217357
108.41176719260362,236.53466096663007,5.461409368155887,6.930678066739882
108.12742329633309,236.5433708502706,5.445673879935352,6.913258299458781
107.84393783889237,236.55191838806135,5.429788303477895,6.896163223877288
107.56068937886938,236.5605108151394,5.414987931073624,6.878978369721221
107.27816503378205,236.56919908949934,5.400249766889511,6.861601821001354
106.99580359008037,236.5784452719783,5.386702010277293,6.8431094560433925
106.7139866705,236.58745170364975,5.373574634718046,6.825096592700485
106.43321452761342,236.5973808406125,5.359824629953579,6.805238318775033
106.15403941693849,236.60710041412153,5.344462573471564,6.785799171756927
105.87538128181183,236.61649083102964,5.3297078946426515,6.767018337940715
105.59760395493323,236.62588445139983,5.314773097450841,6.748231097200335
105.32032248542153,236.63494866100152,5.300437155693504,6.730102677996955
105.04182729386282,236.64448243191214,5.290059789558068,6.711035136175701
104.76414260673458,236.65387570943463,5.279442769140059,6.692248581130715
104.48631044600138,236.66334385276937,5.270500848004857,6.673312294461251
104.2106058373026,236.67280166969604,5.258609269771846,6.654396660607892
104.02780580888505,236.68083379733895,5.249640942926977,6.638332405322091
103.84619544886802,236.68851191809185,5.239076511556864,6.622976163816322
103.66547910848202,236.69601547006778,5.227537422171344,6.607969059864437
103.48468697753705,236.7032089459621,5.2169842494275125,6.593582108075785
103.3047404564774,236.70975310116214,5.205523185202922,6.580493797675728
103.03305201520666,236.71534734693938,5.1930284526038495,6.56930530612124
102.76161792460046,236.72109920843693,5.181147630798194,6.5578015831261425
102.49094302227326,236.72821675742068,5.168855636531555,6.543566485158626
102.22051032455632,236.7360227043967,5.157331946174651,6.52795459120658
101.95059466330464,236.74379995972438,5.146052715562577,6.5124000805512585
101.68133679786557,236.75146680285837,5.134721882557703,6.497066394283272
101.41319398775747,236.7587177206572,5.122417298414021,6.482564558685607
101.1455224464295,236.76618870045587,5.11043575461552,6.4676225990882665
100.87888629613772,236.77361988395404,5.097653489894601,6.452760232091925
100.612932030155,236.78120696979542,5.084812867028042,6.437586060409184
100.3476861282275,236.78882255044604,5.071878094057431,6.422354899107929
100.08273985467001,236.79706592541567,5.059673847761558,6.405868149168657
99.81843013915665,236.80536045947812,5.047548357848296,6.3892790810437745
99.5543669757309,236.8133822594584,5.036282500819757,6.3732354810832135
99.29052739101871,236.82143458620965,5.0258552920393855,6.35713082758073
99.02727118245339,236.8294140147425,5.015509094067867,6.341171970515003
