99.5,237.5,27,82
100.22645236217937,236.48709199317537,26.208102054040125,83.02581601364928
105.4582111893242,236.45391293051105,25.710730645482034,83.0921741389779
107.36268852097847,237.46021311156673,25.207349625615702,84.38514742030878
110.11324547316264,237.69169289498896,26.35332665275898,83.92218785346432
109.74888439606536,238.44927142296962,27.08204880695354,82.40703079750303
111.42356893542721,238.46238599809112,27.0692777335615,82.38080164726003
113.12501128942338,238.5882868328508,27.001776830615906,82.12899997774066
114.26294793348002,238.33451618836034,26.388777387304323,82.63654126672157
116.24329608698908,238.03068534954951,25.74573459548711,81.58537618674276
116.71645680266849,237.17744959488957,24.799413164128268,83.29184769606269
117.81827988586758,234.59401976411556,24.23449927436389,83.54251052770927
118.61585025084358,236.51987208397992,24.27112544742976,79.69080588798055
119.0470232213322,232.60229642944796,23.408779506452525,81.2140808172438
120.21362387969376,228.76426079559025,22.65906446290443,82.55620699225913
121.13545164940848,226.25166291508788,22.40380197299983,84.40461665421427
124.9423259306121,225.2674637813872,22.83813457048837,84.7633986896364
128.1629170255054,221.79383240849776,24.51116491250692,83.5964489036101
125.92429462791597,222.8807816049865,25.713048045643845,83.06023134165352
124.70573988272989,222.91595565879402,26.497780635770482,82.98988323403856
127.3408403063707,223.06135260544175,26.22512725894557,82.69908934074304
126.44800191279683,225.43910024430326,26.354102310872968,81.25699753346072
132.05448261055636,221.7159263818026,26.61130670723131,80.5103696928353
132.2571635462584,223.49405471575307,26.205944835827257,80.2195084714672
132.441071622856,224.60466597521298,25.838128682632117,79.61941640575276
135.3636535677813,225.27893303868717,24.810516037942833,79.87673269385813
135.4734053124212,224.91697647844234,24.59101254866305,80.60064581434776
137.24237902110266,225.06242884243716,24.246619187554707,80.30974108635817
139.1793137281733,222.44443910199766,23.545306168842956,80.78688597409294
140.26965469821465,222.12082260540447,22.944620132249803,81.43411896727928
142.71999539212743,221.67150536579146,22.777708795824026,82.33275344650531
146.94057117805266,220.83193735691438,22.27390428153049,84.01188946425948
147.79641100572547,221.8487647446853,23.765511308433233,81.97823468871762
148.85295534086566,221.76372733210087,24.854282028298904,80.54737981881348
148.00670718913517,221.97422620845796,26.546778331759864,78.52548951057481
144.93162963112457,224.5693609437219,29.49040299410862,74.93848526688316
134.6889573855676,229.49505900773585,30.714047387888865,73.11279751274432
138.39402744365836,227.0424191115972,31.307022256348723,70.01496232038026
137.54693995549508,229.40307037527526,29.868713317272537,73.12486958153114
137.05595186943077,226.6241221207034,29.264908511663606,72.33964217972476
133.76365002303345,226.79233706888394,28.03095691104525,75.13063440072885
133.36747433448974,224.70935853851944,27.241613210138254,77.71489638346335
132.97361891191719,221.8404748629604,26.42495739108086,80.24393040617639
129.34395985471966,219.96314895109248,25.556806938801863,83.99858222991227
124.50389906092063,218.53103875185064,25.260245079435514,88.52558320288998
126.40716089913415,217.40937736536864,24.896255347108166,89.04763900380405
125.18746621060382,218.36515806375877,25.613817941166594,88.85790439002609
123.72806726314167,220.2683371125686,26.800058835798733,86.78410329269865
124.0572446321649,222.9205266082807,27.86694680363945,84.93020971304878
124.5431344781023,221.9726837242317,26.895167111764625,83.3887607738106
120.27942721874922,224.57161250233818,27.028473406377937,81.5485465072348
120.27923818234976,229.82750697294261,27.028851479176858,79.31229180041794
126.18154121465433,226.7536959841547,26.587161253645924,80.59009270410316
128.64012980258934,230.96920246470225,26.57015208337628,80.32602641900867
128.991055406629,228.79986427938888,25.868300875296995,79.7767379323617
128.89406261878395,227.0191569522762,24.453646476090327,81.72951261169035
132.61760030870073,225.14714525277418,23.447414192991005,85.47353601069435
133.50302658710834,224.76981535795798,23.32085246874656,86.22819580032677
133.61590048928952,223.48760705369574,23.09510466438423,87.1400697408351
133.4763932085933,223.17008159094948,23.374119225776667,87.77512066632762
137.82158546220109,223.0507205103483,23.0603261663217,88.01384282752997
136.61744612903405,223.83478308328569,23.795845755449378,88.11847675886159
137.2966030409297,223.56516744646848,24.12561993611856,86.96962002803548
141.64045870822474,223.00100046982647,25.50647099720953,84.74176651609253
140.05082782610268,223.88394491225665,27.01336382488479,84.64824656780101
144.54964355284943,225.1525875777278,28.209020060780052,82.11096123685877
144.47609857721596,224.4775628884147,28.356110012046976,81.77632867106368
146.2702170844185,225.45163367532305,28.133050699615126,81.51077594823352
152.42935860728002,224.82897808334826,27.53794959474665,79.40660657765315
152.20487845499895,225.79691063953405,26.353014732237803,79.10463663235255
152.77854534860262,226.07971543784328,25.205680945030455,80.1469953539803
152.41094612221065,226.50050399295748,24.33917612281485,80.90712151875144
153.41747879542595,228.92777130668455,23.922560434566776,80.84193586584486
158.72681456332907,228.81596332035247,22.830644262370214,82.6533443991107
158.5950342661526,227.90680396312305,23.094204856723223,82.87868274350006
158.94661342391757,225.3474792875101,22.391046541193226,83.19404404675265
162.34037985661115,224.667379887406,21.97287434406872,82.96190267989516
161.4556133303669,222.05828157547757,22.161208413192337,83.4365023536576
160.04285959910106,221.7758756485528,23.395290910517105,84.00131420750711
164.40883632365112,221.07025537368474,24.39872032202736,83.7899909471415
162.6049211474384,221.44900711344735,24.729905403697984,83.0324874676163
162.71978287671914,221.9013424845939,24.500181945136497,83.7615894618016
165.84372766928672,221.97738464739774,23.171723652079876,83.60950513619387
167.89927881453283,223.1514680452855,22.286324056886492,84.48704103571725
168.98227465992673,223.5657866106924,21.728893317789268,85.26696485659404
169.10880667474237,223.99421104767515,21.47582928815795,86.01910262079535
174.12301933807964,223.77791020718183,21.135877415878035,86.45170430178197
172.61981098645458,223.44603596454323,20.91359455258852,87.11545278705924
171.80040610309268,220.7086606808939,20.932988706177657,87.73195651495382
171.18347849217537,222.3081692714335,22.16684392801225,86.16136078197432
176.2565627596797,218.78783687013515,23.4295519218377,85.05282806397534
175.41025845719167,220.39417725386116,25.12216052681375,85.1162026431295
176.13570321586337,219.30648766915704,25.34180059345269,87.29158181253776
177.1295684307009,221.72471212720808,25.05943255709441,87.57122007638598
181.96070911526664,220.9030348704807,23.917379465406164,89.21457458984075
183.25674615432393,220.91942977539196,23.031109312048955,89.18178478001825
185.61396081181854,221.82143392881676,21.693926864083057,89.06639990668035
190.06401581367086,221.5187362259552,21.101962277619496,89.67179531240342
190.1046265889372,222.03733329250497,21.020740727086803,88.63460117930387
193.64478140495186,222.56563857612645,22.154122402178572,85.9352523506367
192.79944504369703,222.2228023466041,23.844795124688247,83.36808058905385
197.06942505066326,222.52635328174915,25.037047635851103,81.13894329791461
196.98990532232375,223.24184657810065,25.19608709253012,79.7079567052116
197.18398203649252,224.91024496923652,24.80793366419254,79.56175500902663
197.53171037376478,225.98523170680613,24.11247698964801,78.99784651578366
197.7952180358617,225.95736754782666,23.585461665454194,79.05357483374257
196.79899903624818,225.3102730375605,24.021663135221708,80.34776385427487
195.82001227316536,225.28463848176722,24.39699319525476,80.39903296586147
195.88565285661008,226.41369118093877,24.265712028365332,79.7312565443215
195.15377304106505,226.27712290534333,24.1510299718645,80.00439309551234
194.37321800707932,226.09494885331475,24.131956113338106,80.36874119956953
193.74085586986484,226.0145526223301,23.811693493245087,82.1145205560608
193.00562690623465,226.01524762272985,25.282151420505517,82.11313055526131
191.77120967497171,228.11837897158603,26.119995587843427,82.79983874311279
190.58209086636515,229.48931211582183,26.842038917974953,83.37036102880444
189.95425093813466,230.5322457668702,26.42013498116758,82.96207751997606
189.72351570482434,231.93794492623655,25.217580133812294,83.47872982919516
189.95612264861174,233.33152336920665,24.752366246237486,82.3407082308016
191.1914335173426,233.61014185542973,23.906146310110536,81.78347125835543
191.35882848685816,234.05248245873992,23.571356371079474,80.89879005173506
193.946394398296,233.84293849317692,23.142411245991422,81.31787798286112
192.5721811538379,232.0882244459637,24.310857599145308,81.66734580576292
196.36850062133664,232.73393452597168,24.75162044209989,81.98260600133742
196.0896509493229,233.61780738012942,25.30931978612739,81.8341798148956
198.1639894320628,235.58623342857632,26.043261029138517,79.5248671208321
199.74566913922135,238.88018782473904,26.0964437570559,76.15350047074102
199.8976058046974,240.59381930058314,25.792570426103776,72.72623751905286
204.8815575687791,242.3673418969145,24.86559349333961,70.68601342562334
206.92368468502454,240.15783998926545,23.70305229980456,69.26159116300977
200.75082095735638,240.24990506073954,23.27436026295994,69.07746102006163
205.89873328951526,238.64336259838933,21.43212824790784,69.47268172834018
206.48722556592958,234.5473919021076,20.255143695079187,69.38047614507451
203.0149378965837,235.8262316811481,20.41196132345112,69.5378996711214
200.34770262008976,235.92650141535518,20.29565145910234,69.33736020270729
208.12277157578075,233.2982860615918,19.680172664594004,70.52070206017756
212.18912496839906,232.33785449507246,19.72493031915586,71.07865445324981
211.47255195245668,233.19341367257857,19.786460798630944,70.73915165064717
215.4913797767308,233.18956708035287,19.956692520674206,70.74684483509857
214.49718443550944,231.768449765217,20.57380833418921,70.84652972751479
216.54374967367346,231.49610307011494,20.63328100526084,71.39122311771892
216.7093280481869,232.94043465667198,21.695127968844268,69.89556365721513
181.5803909751463,240.77847162286878,20.984227450431373,72.3095695412612
219.53675408905474,228.76897610735725,21.34740705335601,72.31577540334712
224.14887383608405,225.5841246801938,22.058716039397275,73.00802198333116
184.54014562713024,239.00487941675559,21.9462576552735,75.0137542564009
229.796816501691,227.53684554630914,21.020111325065336,74.45154123167715
233.15739718948328,227.27165171185734,21.516080104599236,74.98192890058074
198.93759859119513,237.62216322270154,24.247757238992094,74.72336989823826
235.3008936925519,231.27963932081147,22.353646773538735,73.84475136935161
239.09405067501788,231.29268339450294,23.525372829359178,70.89931654838452
242.15523922594338,231.1013166017504,23.16081695079643,71.28205013388957
242.238785041221,230.16660096039874,22.993725320241158,71.71326776025572
230.00611222122572,255.9432108047003,25.8400369328282,67.72192293194028
228.01701453714423,279.6271963093877,29.818232300991184,63.43506750629686
249.9363479087861,235.81561751385516,27.870169640341274,64.38800975398156
253.91575595549858,233.1833197291749,27.03208659425511,66.80431210440656
221.30710605190404,245.7997264183578,25.817397299072834,70.45497224881092
256.30331511987964,230.88539722004518,23.665608305471288,70.78770493137102
227.9098706858317,243.82760901314424,24.275601274059003,72.27151268083074
259.51222888148783,233.32332687134794,22.924698334070776,71.18942930323615
263.7723711345761,232.44071291356207,22.999774339297232,71.52209713357405
266.16605778582874,231.58214298155576,22.528396720154987,71.8005717697989
267.11040544851033,231.49684041498642,22.073638788592255,71.97117690293761
268.21337339736976,230.27105475479075,21.295658308874145,72.99479280532813
271.89449421459864,228.75463302900843,21.073412054971172,74.59963718078183
272.61576394972184,227.58488175416474,21.077384626667428,74.04611564658381
274.4051020756722,229.3220205095869,21.815034619670875,73.44938896567551
273.8892627567331,229.82047361251205,21.40262789158067,72.45248275982522
273.32166643970135,230.8840189212238,21.115496900382666,71.74771576766318
273.3716357171636,230.27914100198947,21.01555834545817,71.55045123129145
276.44334239948154,231.32941356191247,20.481636164228917,72.25465170314872
276.746923799469,230.3037995558735,19.874473364253987,72.90351704160507
277.17337094085815,229.06463307069242,19.021579081475718,73.98171489050938
279.33968159290504,228.29139380731476,18.886631745367364,74.12896876126956
280.9336927235483,227.64425315202132,18.49608635721425,75.42325007185646
281.1021792022395,227.32675070301022,18.159113399831828,76.05825496987863
283.2764545821385,227.5155971191272,18.046446878216322,75.68056213764469
287.51353689302886,227.82331635409182,17.999404837304695,75.06512366771545
290.4970760501518,228.6355096990574,17.612334733986106,74.8357390305161
290.1020722112333,229.90814933961974,17.017946511022195,75.05925155099338
289.4719083557561,230.76362810762367,16.902143851780636,74.72442438518144
293.57585955709686,231.3840290673907,16.9095936287719,74.85284782892622
292.9293807673542,232.58542845266584,16.83138768753074,75.19237609982875
294.27420679548993,232.76767526163476,16.890544827348513,74.82788248189088
292.0906473559958,233.3029031845963,17.146318177385155,75.12787514561833
294.60318118420423,234.62987178441722,17.63946916452866,75.23304726775652
293.59940579558497,235.6611770577967,18.256543735373793,74.56091292739094
296.2281340219803,237.76529746534533,18.57043182610087,73.1383443840525
294.70195029309696,237.83489542853752,18.865124195978254,71.62031091372346
295.31436286147704,237.44455234843576,19.003376157838574,71.03791997530655
294.9950134316886,237.94868442104405,19.642075017415408,70.02965583008998
293.3560682035507,234.3849753034692,20.20942003146805,70.38071045968167
292.0150479453275,236.17752361340166,21.5206324293324,68.16644195839875
290.09070808281547,236.31815442874887,21.277904444885774,69.24898289752795
289.75974817518727,234.7459338761745,20.565154493639522,71.01875423617415
288.461197115769,235.25925487018378,20.38931115363863,71.3785849775743
287.4062266583583,236.21023121518886,21.11097843679434,69.47663228756414
290.0055024487122,238.49870204056623,21.41164526257201,67.64929984005207
290.718507842645,242.91250742876025,22.694547073821077,64.23951426189332
287.2281750557378,243.18471342458776,23.028295691174844,62.365718878946126
288.4051514099836,244.13115718375968,21.982973084418585,60.472831360602285
289.94406289894596,262.85787465434413,23.955764486699497,57.1110434858215
281.4233297836302,280.36557618994345,23.50192744742447,54.58691791587779
280.2466541268402,300.97079521620765,25.855278761004445,51.94099359780837
277.25200809943885,321.42970452083824,28.22117857085144,49.67269226807536
275.6989732767267,341.9254156416427,30.112257912006456,47.56095976308201
274.6152459187288,361.84112918197843,31.064252823225665,46.62424643526279
273.76663641508645,381.11040084800527,31.544181127291232,45.821714902998934
272.64576684718656,401.2232809795513,32.57275750700743,44.41716283458524
272.1949335734548,420.57221718927286,33.47442405447091,43.193559467548006
272.0197685557099,439.5218373305504,33.82475408996071,42.647521526754815
271.3771415549989,458.53599595643,33.90772569875425,41.88995844647937
270.6895598006066,459.3706793580133,34.090880776397356,41.25864128397331
270.0898874842928,459.67531119447165,34.10496173945238,40.64937761105676
269.53883732815257,459.9034120282729,34.03095672678422,40.19317594345422
269.05058384696963,460.1274784014568,33.83958722772101,39.74504319708639
268.53569029503797,460.3462979769251,33.71149457489223,39.30740404614983
268.0512803005555,460.57443267704986,33.531255152883716,38.85113464590025
267.5978370407266,460.7138249511912,33.29903145251045,38.57235009761755
267.1246857007315,460.9014154656446,33.114263246127535,38.19716906871074
266.70289778511477,461.06055310815265,32.83553780528561,37.87889378369468
266.2860874622386,461.19954961259646,32.556253636180955,37.600900774807144
265.86886225447734,461.30981766843394,32.28658125079256,37.3803646631321
265.44392766781095,461.4240013530256,32.04006655675647,37.151997293948824
265.0087243493767,461.59520309093426,31.821578093469974,36.809593818131475
264.5679793108263,461.7561399847276,31.622976175175204,36.48772003054472
264.11160969308776,461.8800679240211,31.463790215898975,36.23986415195786
263.64673137925473,462.0071659052552,31.328011001795655,35.98566818948963
263.21392176956186,462.12752241972447,31.13420687815918,35.74495516055106
262.7904952653251,462.29646216516585,30.9284706542987,35.407075669668245
262.3622865802109,462.4570707609471,30.7408291386153,35.08585847810585
261.9700934404881,462.5891417423275,30.489139394502843,34.821716515345
261.5778506447271,462.72001723477854,30.245673500511625,34.559965530442966
261.20187267549176,462.8424032041572,29.97763373386401,34.315193591685514
260.7892760018238,462.9669720650477,29.79091783150125,34.066055869904616
260.4010761748417,463.09594910434305,29.562259425076427,33.80810179131389
259.9888833658975,463.2482057967229,29.389246742675205,33.50358840655415
259.612178146166,463.3851216505309,29.1527488042397,33.2297566989382
259.23149001259634,463.5211853724162,28.932248063397033,32.95762925516763
258.8314647031315,463.65159058839146,28.75817046507953,32.69681882321711
258.4592250154911,463.73681092391683,28.535351766307897,32.52637815216637
258.098002905503,463.8534250387721,28.296707572692604,32.29314992245573
257.7225870767087,463.9812695347033,28.093887287027464,32.037460930593376
257.36555832537164,464.1187546980906,27.861503675257197,31.762490603818826
256.9843073512373,464.24218072873884,27.685547635053275,31.515638542522357
256.61661807414407,464.34365709808446,27.489111952441565,31.31268580383108
256.2600911116122,464.4599137361637,27.276642867129247,31.08017252767258
255.87924402581345,464.59261583095656,27.11982019982411,30.814768338086843
255.5309844506107,464.7236232688906,26.904447633263718,30.552753462218742
255.18793939582565,464.83612848179297,26.6861560551971,30.32774303641401
254.830771227515,464.93537936293563,26.503093694460027,30.12924127412878
254.47219582278885,465.0469476602098,26.32885387531193,29.906104679580427
254.14485228062247,465.1401383237649,26.098399123611163,29.719723352470197
253.79914360135103,465.2825430728301,25.91125353619497,29.43491385433986
253.46338557936397,465.4006320075489,25.711618112719787,29.198735984902225
253.13679998220798,465.5067002709874,25.500495359714087,28.98659945802527
252.82063498204914,465.62097452934347,25.27520004655987,28.7580509413131
252.47745243177812,465.75262223472384,25.111089844844663,28.49475553055227
252.1614497371489,465.851090134431,24.899329232671064,28.297819731138063
251.85348647983614,465.92987217749294,24.677932864749238,28.14025564501418
251.53689817127582,466.04510449815183,24.479773879705462,27.9097910036963
251.22469915945985,466.19233704926245,24.27958156688789,27.615325901475103
250.91252829106514,466.3008264571764,24.087102857655033,27.39834708564718
250.59009198609363,466.4231147676711,23.92160030121329,27.153770464657796
250.2693729179029,466.5319775385155,23.75910462747516,26.936044922969053
249.96319470109793,466.65242500923074,23.5735042569898,26.695149981538563
249.65225854780542,466.7648928145333,23.40412590352475,26.470214370933324
249.3669914755208,466.85268851522136,23.18960850091829,26.294622969557235
249.06293450248126,466.9895983590974,23.01882683334714,26.020803281805218
248.77410389976447,467.09793435088517,22.824572229873368,25.80413129822962
248.48885518101974,467.18959531322594,22.629622771731633,25.620809373548102
248.2076257279864,467.29278963286384,22.432597464961866,25.414420734272312
247.93351028498773,467.39078289690394,22.227697891471173,25.21843420619208
247.63941505928383,467.4933053838231,22.06907635309715,25.013389232353752
247.36214546374794,467.57453407268434,21.882521929263916,24.85093185463134
247.06795014136176,467.6699837890031,21.735323921285993,24.660032421993826
246.77214730786366,467.76755017790146,21.59665707891194,24.464899644197125
246.48516497006446,467.86430803348367,21.445594577987503,24.271383933032713
246.19880995696224,467.96149191229654,21.298696094536105,24.07701617540696
245.92178741923513,468.0661598212321,21.138497973392226,23.867680357535832
245.64780781832644,468.1730831045062,20.978024319883822,23.65383379098762
245.37491895334134,468.2710781090388,20.821254005983967,23.45784378192236
245.10225405191252,468.38114869833595,20.66958429643685,23.237702603328138
244.83372662217613,468.4697988658729,20.51548156745759,23.06040226825411
244.57506657212528,468.57075960952966,20.346859914770608,22.85848078094073
244.3086910634327,468.6651171531156,20.199499340215848,22.669765693768788
244.05292141105855,468.7444372522294,20.036212373419197,22.511125495541204
243.79348059533814,468.84965215297944,19.885340637518034,22.30069569404107
243.5346648178993,468.94714742706924,19.738897445302662,22.10570514586153
243.28634742616842,469.0390480233437,19.576825687517996,21.921903953312558
243.02877895255367,469.1284042903964,19.43870025061535,21.743191419207147
242.7746440139,469.2140882722199,19.298690302249476,21.571823455560157
242.53983609944578,469.27627428358727,19.124924913319447,21.44745143282548
242.2935917731517,469.3689204831067,18.978740273111693,21.262159033786553
242.0479807521482,469.4481493325962,18.836502475216463,21.103701334807628
241.8099006133286,469.51796611979216,18.68393655719683,20.964067760415688
241.57826387066146,469.59784170041024,18.523090202872176,20.804316599179522
241.33744076975555,469.6923005464356,18.38566770052908,20.615398907128753
241.096223518764,469.76999531084135,18.254163165550743,20.460009378317285
240.85391426185376,469.8440317886913,18.1293571307532,20.311936422617375
240.61918175237295,469.928168312868,17.99369143463442,20.143663374264005
240.3904013978434,470.00476221635756,17.850902515883632,19.99047556728485
240.1481161166891,470.0897059473477,17.739784047075744,19.820588105304658
239.9110863141209,470.17012191314046,17.622568690004815,19.659756173719096
239.68408595998835,470.2415705202923,17.489665339676847,19.516858959415373
239.46077475338052,470.30975044973303,17.353726482825213,19.380499100533903
239.23970015459665,470.38383736268696,17.21760410890531,19.232325274626067
239.0051223242005,470.4677153083574,17.11296439022079,19.064569383285228
238.77670410105145,470.55571267560566,17.000283176531806,18.888574648788676
238.55750550266808,470.62297271476467,16.87369711937747,18.754054570470608
238.34553896299892,470.6812197042263,16.73675863386845,18.637560591547377
238.1223280574018,470.75365654458517,16.626305646313405,18.49268691082967
237.90449836647718,470.81922989847965,16.509105313507167,18.361540203040754
237.69037073512192,470.88784435314835,16.388410301047674,18.224311293703344
237.467581923263,470.97328201278475,16.28909741846572,18.05343597443055
237.2545765739256,471.05122284094426,16.17445927903047,17.89755431811147
237.0493409143687,471.11824064632475,16.04853501897118,17.763518707350478
236.84068462965314,471.16987056450114,15.933545560834107,17.660258870997705
236.63016300431906,471.2312291646132,15.825727260017658,17.537541670773606
236.42396877688762,471.2965494641952,15.712882827851397,17.406901071609575
236.22265866408594,471.33794044259656,15.594102244413387,17.32411911480683
236.01639177657384,471.39575145964585,15.488417841977647,17.208497080708323
235.80975944248033,471.4552650963285,15.386948620590713,17.089469807342972
235.60860876658444,471.52445496560676,15.277986034782652,16.951090068786513
235.40429116251596,471.5939402955302,15.179247741833414,16.812119408939544
235.2052177708735,471.64486967955844,15.07375755619399,16.710260640883156
235.00470911085966,471.6971738876446,14.974405051514946,16.60565222471077
234.80709852179447,471.7558718440521,14.872468388799994,16.488256311895825
234.60860969228017,471.81778849041615,14.775740272043526,16.364423019167752
234.41449615928374,471.87850603942815,14.673730639106987,16.24298792114366
234.22385924508404,471.9296888553203,14.568283829755645,16.140622289359357
234.02685094746914,471.99013457058305,14.478854106374586,16.01973085883389
233.83588750774794,472.05453505342683,14.380641580804605,15.890929893146327
233.64793046522107,472.11128531868263,14.279986355217728,15.77742936263468
233.46363037369946,472.15809205328486,14.17538828545549,15.683815893430264
233.27920721421884,472.2075072835079,14.074160945932624,15.584985432984295
233.0915851284106,472.2611079909217,13.982483468376348,15.477784018156633
232.89940189256086,472.3266788366514,13.903058145939863,15.346642326697143
232.71808743454685,472.379048065828,13.8052021278123,15.241903868344046
232.5352745090189,472.41959784358403,13.713533143718752,15.160804312831974
232.35167618618334,472.46794170437926,13.626158634768801,15.064116591241476
232.16871224431029,472.50820644032405,13.540413054010353,14.983587119351958
231.98503520120474,472.56472822136425,13.458714045351448,14.870543557271557
231.80573456415624,472.615707344767,13.371323805018156,14.768585310466035
231.62544192231843,472.6583469102066,13.288897508999652,14.683306179586793
231.4490562913013,472.6948794678469,13.20129848024558,14.610241064306305
231.26772343308784,472.735437395689,13.126127725479542,14.529125208622
231.08941513951714,472.7772603931993,13.047368651993967,14.445479213601418
230.9029084246447,472.8353935948203,12.987563828864591,14.329212810359465
230.70861062560667,472.90350839598244,12.946103700958664,14.192983208035159
230.51951197051875,472.96406609347775,12.897026599676781,14.071867813044527
230.3328643312844,473.0260178094224,12.845715638325533,13.947964381155252
230.15091300875997,473.078829779304,12.78775983726287,13.842340441392048
229.96535628662963,473.1384048525564,12.739583841347816,13.72319029488723
229.78666779407197,473.18760986391896,12.68029620080775,13.624780272162049
229.61106164351088,473.23138077839275,12.617322089844125,13.537238443214482
229.4454553155345,473.281059018431,12.536715599777672,13.43788196313798
229.28215561104307,473.3106114920849,12.454327778529128,13.378777015830178
229.1196978422794,473.3487666338164,12.372487895040225,13.302466732367222
228.9586719062229,473.38891362500584,12.290276087498187,13.22217274998829
228.79688043779475,473.4391732862872,12.212155189028252,13.121653427425544
228.63553867242794,473.4913119123377,12.135945383554455,13.01737617532457
228.47379058826567,473.5339127567962,12.063387058338474,12.932174486407531
228.3129237339382,473.58284958298754,11.99154932397645,12.83430083402488
228.15914743666536,473.62046397685367,11.908199968300975,12.759072046292685
227.9864012270509,473.67510058474244,11.865289190718716,12.64979883051517
227.82935720706308,473.71421554521817,11.793362275190441,12.571568909563613
227.6664038804012,473.7673309173896,11.735618156330794,12.465338165220816
227.5116440882303,473.7993312959644,11.664063633548356,12.401337408071177
227.36111031136986,473.8208768660925,11.58619295951321,12.358246267815014
227.21590981908824,473.8318290327542,11.499565167551252,12.336341934491712
227.06874448310188,473.8512698019946,11.418585054288856,12.297460396010775
226.92072694185538,473.87012966052487,11.34120322493769,12.259740678950225
226.76884257596532,473.90247377199887,11.273373927569239,12.19505245600227
226.61996274087994,473.93216063764237,11.201623341088172,12.13567872471521
226.47112095823834,473.95796845846985,11.131863937824718,12.08406308306034
226.32105244462318,473.9868846851722,11.066472701869358,12.026230629655654
226.17256602433977,474.0079605206937,10.999859452359214,11.984078958612644
226.02320074048825,474.0337313840763,10.936721208737083,11.932537231847355
225.87501843728242,474.05975092323143,10.873025380697655,11.880498153537186
225.72631721618632,474.0811341734258,10.812192440468744,11.837731653148314
225.57790197538762,474.1120579646483,10.752422621639464,11.77588407070347
225.42730553413378,474.14221633088493,10.698930559926083,11.715567338230175
225.27694768057552,474.1737160047302,10.64675282913099,11.652567990539659
225.1284004990217,474.2051965896692,10.592766103064271,11.589606820661642
224.9809230663016,474.23594192340244,10.53848045415247,11.52811615319518
224.83311601999554,474.2598653299333,10.486676467214629,11.480269340133383
224.6861880090777,474.2869761902018,10.434684813375931,11.426047619596387
224.54227577613312,474.3126412529934,10.378334286447405,11.374717494013245
224.39854951471955,474.33431370253567,10.323308916308042,11.33137259492865
224.25211693509954,474.36634539174776,10.275247857856677,11.267309216504435
224.1020578612457,474.39849870261304,10.236203082558218,11.203002594773945
223.95756153939288,474.4269109648802,10.187656273275083,11.146178070239582
223.81398355034747,474.4546207170314,10.138931142585449,11.090758565937248
223.66814015895548,474.4852672332214,10.096376119505072,11.029465533557207
223.52558744826376,474.5076377150917,10.04887225867986,10.984724569816693
223.38421715329207,474.5274945141524,10.0004570801228,10.945010971695213
223.243161197285,474.54789992992465,9.952802961567473,10.904200140150701
223.10198085426265,474.56915981506455,9.906792346511958,10.861680369870887
222.96042846706783,474.5961288539816,9.862920994309597,10.807742292036732
222.80604790395674,474.639199934648,9.846244887351364,10.721600130703994
222.65961572622868,474.6691757180417,9.8152795157842,10.66164856391658
222.51606653565014,474.691402853543,9.77997545976108,10.61719429291394
222.37669303266085,474.7088553521735,9.737574847516559,10.582289295653075
222.24120323089872,474.7265992154261,9.688625723016168,10.546801569147739
222.10609723884556,474.7455235224689,9.640241212292981,10.508952955062279
221.97236176521244,474.76097675343493,9.590475751340676,10.478046493130151
221.8253025629233,474.77899821387757,9.568631717818093,10.442003572244886
221.6792648348855,474.8047699211507,9.545654104737332,10.390460157698628
221.53181541352336,474.83613335188977,9.526668870956659,10.327733296220472
221.38234778231939,474.86018468942615,9.513000012207137,10.279630621147659
221.23785390991287,474.88194086372977,9.490351244665568,10.236118272540475
221.09712133890548,474.9050111731905,9.461218828413598,10.189977653619035
220.9622719678098,474.9336609844903,9.42150311444989,10.132678031019372
220.83828326654077,474.95748022424686,9.361591576080887,10.08503955150632
220.71514368956744,474.980079524941,9.301677554458802,10.039840950117997
220.58781812978273,475.0013481468316,9.25179329276545,9.997303706336803
220.45728833704277,475.02432690924485,9.209774335051252,9.9513461815103
220.32882961868904,475.0436182513211,9.164998344194062,9.912763497357819
220.2007087517594,475.0589916630448,9.12086058438949,9.882016673910403
220.07319767635624,475.07510352634654,9.076684847266584,9.849792947306925
219.94519434437407,475.090230155352,9.034698914439415,9.819539689296045
219.81706861009926,475.10835418293516,8.994097558350989,9.783291634129728
219.6893450994287,475.12521377208526,8.953902963799278,9.749572455829446
219.5659398654059,475.1413150413323,8.906237150857953,9.717369917335374
219.4390907335863,475.16950892368175,8.86671981553746,9.660982152636548
219.31204126850915,475.19313508604796,8.829110945150104,9.61372982790409
219.18473207941648,475.21103518827846,8.793356602569366,9.577929623443126
219.0577432380648,475.2322153988535,8.75808865607286,9.535569202293033
218.92836427657485,475.2542309294341,8.728822531397405,9.491538141131821
218.80099446818926,475.2766539270749,8.69669019121227,9.446692145850179
218.67565514722793,475.2939883427733,8.661707313088595,9.412023314453421
218.55106486640557,475.3109760476733,8.626323518600891,9.378047904653432
218.4245943550536,475.3290536256217,8.59579292373794,9.341892748756539
218.2990437812503,475.3469731034152,8.564471928118405,9.306053793169607
218.17391883694597,475.3634183376541,8.533356799649296,9.273163324691836
218.04889537526304,475.38074450133183,8.503046595108737,9.23851099733631
217.924263086652,475.398634112401,8.472976587135017,9.202731775198004
217.79960493254393,475.42225063826345,8.443994597742453,9.155498723473109
217.67684592246934,475.4462329345846,8.412411871290876,9.107534130830842
217.5555998629997,475.4661967285789,8.379053624881353,9.06760654284219
217.4325132756461,475.4858169722233,8.35052974418123,9.028366055553466
217.31108527617945,475.50558268939716,8.319754392815842,8.988834621205628
217.18774625156982,475.53020179216753,8.293907155118434,8.939596415664921
217.06452156341928,475.5558794907658,8.269010400820063,8.888241018468381
216.94656914205734,475.5680827578012,8.234766305385774,8.863834484397511
216.82834283719953,475.5794162127235,8.201995173861862,8.841167574552921
216.71140894583428,475.5938568460257,8.16751388396016,8.812286307948648
216.58693216102353,475.6134734656592,8.149117226331397,8.773053068681635
216.4614094263755,475.63405977985997,8.133717114285108,8.731880440280044
216.33758121534723,475.6497178826833,8.115815339446675,8.700564234633411
216.21310766984212,475.6619060465001,8.09997758433805,8.676187906999711
216.08483605102876,475.6738555804344,8.092368201104401,8.652288839131156
215.95601213165028,475.6861832992704,8.086357512382842,8.627633401459239
215.8333063326994,475.6959374446427,8.068591163120981,8.608125110714607
215.7105599809962,475.7198613214383,8.051492776446752,8.56027735712339
215.5973808428653,475.7374091567445,8.016279050498717,8.525181686511011
215.4847235168606,475.75311504288396,7.981129079597121,8.493769914232116
215.37080734991852,475.76709452564825,7.949545587875231,8.4658109487035
215.25861755802117,475.77870234435215,7.915447583741269,8.442595311295689
215.14479900016175,475.79116191520774,7.885511167164046,8.417676169584546
215.032387506626,475.800587973841,7.853625243357933,8.398824052318034
214.91964882049368,475.8101089201839,7.823194536811411,8.379782159632258
214.80801375066702,475.82054309510977,7.791337328338002,8.358913809780434
214.69653842197056,475.83021571051984,7.7599925901869495,8.339568578960316
214.58462560311438,475.8389271327573,7.73032290659415,8.322145734485414
214.47248146103772,475.84889186814155,7.701859364102986,8.302216263716899
214.3613127899546,475.85857351997237,7.67220835587005,8.28285296005521
214.24939315430225,475.8693357436665,7.644832829303141,8.261328512666987
214.1369948138963,475.8780595989838,7.6191858208024685,8.243880802032422
214.02495676242125,475.88690089238816,7.593498282379928,8.226198215223675
213.91241817189695,475.89539226089653,7.569496201676844,8.209215478206927
213.80068967996004,475.90383409258493,7.544520597922692,8.192331814830085
213.68902880348406,475.91314513250506,7.520070403676734,8.17370973498989
213.57779372482597,475.9230227540374,7.495448013051329,8.15395449192525
213.46640461110061,475.9360616618341,7.471833508459414,8.127876676331775
213.35531413159657,475.9497637326826,7.448404056751612,8.100472534634804
213.24315355810916,475.96541968355734,7.427914841268731,8.069160632885342
213.13265332156192,475.9801928403395,7.404919119162447,8.039614319320956
213.02147822962777,475.99581773275315,7.384099653682832,8.008364534493657
212.9103020995916,476.0108253892244,7.364100746654824,7.978349221551173
212.7991958987187,476.02488884909985,7.3447481773302234,7.950222301800315
212.69077362984137,476.0397429063086,7.320774225139064,7.92051418738279
212.58282052933808,476.0539172601163,7.2967065965496465,7.892165479767469
212.47339289742,476.0661587545361,7.276412982001018,7.867682490927769
212.36509894771305,476.07862120743977,7.254556635936039,7.842757585120502
212.25699486416676,476.08969864870073,7.23305693902971,7.820602702598494
212.1491225358049,476.1015237937094,7.211781235551862,7.796952412581171
212.0415775329467,476.1132202955218,7.190558146884058,7.773559408956459
211.93492909903603,476.1232408834802,7.168244336374883,7.753518233039594
211.82848464238631,476.1306271026488,7.146190056281441,7.738745794702398
211.72255752281075,476.1394365437418,7.123682296679211,7.721126912516381
211.61709673731815,476.1491867195739,7.1008746817080475,7.701626560852219
211.51141455509253,476.15705819152356,7.079176789811137,7.68588361695283
211.40563697123667,476.16564562267126,7.058260401207934,7.668708754657431
211.30034032462967,476.1753152332488,7.0369827361481425,7.649369533502456
211.19492255875275,476.18663132031435,7.016587401221145,7.626737359371327
211.09026457221455,476.1981360648063,6.995349886237759,7.60372787038741
210.98630257265583,476.208749524998,6.9734170610323725,7.582500950004011
210.88248998080059,476.2203022489855,6.951865365729301,7.559395502029005
210.77885441925005,476.2300569389473,6.93066276987817,7.539886122105417
210.6748235794214,476.23875700670686,6.910892285297008,7.52248598658629
210.57089241699936,476.2481848809328,6.8915083348253745,7.503630238134404
210.46790134419277,476.2567787715248,6.87084662907804,7.486442456950392
210.36419242442366,476.2659895365703,6.852217392192206,7.46802092685933
210.26064640551436,476.2757739933388,6.833845999877382,7.448452013322346
210.15811497630747,476.2852403948142,6.814042848684059,7.429519210371606
210.05516692713792,476.29473810393546,6.795683242074287,7.41052379212905
209.9526407134183,476.30470519637583,6.777068261962982,7.390589607248329
209.8499265688668,476.31313749451584,6.75943613435272,7.373725010968312
209.7476952622133,476.3209687315336,6.741381845428815,7.35806253693287
209.64578129782015,476.3290300949064,6.723224381521342,7.3419398101871955
209.5441523149969,476.3369548344509,6.705037281341541,7.326090331098151
209.4427169192969,476.3456231980057,6.686999552740772,7.308753603988626
209.34115543287535,476.3540557442725,6.6697713430133065,7.291888511455033
209.23954360712963,476.3616210620023,6.653180910852617,7.2767578759953695
209.13724259458428,476.3707357061357,6.638468778011912,7.2585285877286285
209.034576944293,476.38100893824407,6.625004193763001,7.237982123511829
208.93336869784562,476.3896652799281,6.609159302293507,7.220669440143745
208.83180011487573,476.3990992858345,6.594557122482833,7.201801428331049
208.73042423535753,476.4078568220299,6.580096012586825,7.184286355940225
208.629751540363,476.4172871734264,6.564731688606276,7.1654256531471905
208.5297704262121,476.4251435970586,6.548522705792375,7.149712805882869
208.42771279496432,476.43538471028876,6.536969669469032,7.129230579422505
208.32893952101006,476.44507419610414,6.5193509973273756,7.109851607791733
208.2288550695615,476.45426639054944,6.504937156657238,7.091467218901142
208.1290231069982,476.46328266817164,6.490534290512114,7.073434663656763
208.02878793203655,476.4738094721961,6.477448146185792,7.05238105560783
207.9303209939258,476.4832326000029,6.461361944035904,7.033534799994154
207.83123348447046,476.4917357205397,6.447066664613297,7.016528558920641
207.73400720300788,476.49941987437404,6.429541524990426,7.001160251251959
207.63655587582062,476.50777352183155,6.412984960823493,6.984452956336947
207.539267048329,476.5155440429666,6.396627331189865,6.968911914066802
207.44249171956955,476.52319893938864,6.379745297530797,6.953602121222675
207.34597140757054,476.5307086005501,6.362860570855611,6.938582798899811
207.24930498764974,476.53940469122904,6.346770920079281,6.921190617541973
207.15203968609586,476.54878674546916,6.33240620702742,6.902426509061737
207.0542829870236,476.55894785352285,6.319545376279889,6.882104292954264
206.95825069349203,476.57108336288,6.303757163271116,6.857833274239961
206.86019269034912,476.58177503296446,6.292649950183366,6.836449934071071
206.76341823407654,476.5911113736807,6.279485727360737,6.817777252638583
206.6666782969358,476.60014878007195,6.266753046586974,6.799702439856128
206.57000857029186,476.6090025596014,6.254364342585868,6.781994880797228
206.47301549721487,476.6186800530145,6.243095535184949,6.762639893971032
206.376922470525,476.62730660851537,6.230507716606543,6.74538678296928
206.2805486988387,476.6362451647785,6.218950685648227,6.727509670443021
206.18424291204934,476.6455193986301,6.2077203224950885,6.708961202739812
206.0876458507752,476.65513808133255,6.197540430541114,6.689723837334891
205.99127925560802,476.66437299972074,6.187361583026267,6.67125400055856
205.89542343648256,476.67352994040033,6.176611187162534,6.652940119199307
205.79985069467423,476.6818066920796,6.165751308508895,6.636386615840857
205.70451251795913,476.6903634797913,6.154853251853392,6.619273040417387
205.60987183194007,476.69928099230935,6.1430005208119125,6.601438015381271
205.51601162098487,476.70744090536226,6.130053587922858,6.5851181892754465
205.42194616419977,476.71657849873327,6.117977638187193,6.56684300253342
205.32733452088272,476.7261841870362,6.1074712391478885,6.5476316259276
205.23351240412967,476.7349387724896,6.095852652907276,6.5301224550208055
205.1398210395912,476.7433686143346,6.084430533421125,6.513262771330776
205.04608808685748,476.7522534050298,6.0735363056184,6.495493189940406
204.95246731410302,476.76157288045357,6.062868265723782,6.476854239092838
204.85915725882063,476.77095888150063,6.052039337334806,6.45808223699878
204.76662299352617,476.7796249356179,6.040124023964491,6.4407501287641855
204.67475886547766,476.7879609456551,6.027328396960727,6.424078108689882
204.5826033747582,476.79614115546764,6.015579123929603,6.407717689064734
204.49100532469106,476.80362930655974,6.003157121765445,6.3927413868804885
204.3991105873343,476.81167457887193,5.991759700275529,6.376650842256189
204.30800141964227,476.81901642314085,5.979223495832448,6.361967153718284
204.21712094384185,476.82695572319943,5.9666583563744044,6.346088553601129
204.12622248243557,476.83440006863515,5.954576771221122,6.33119986272967
204.03584387222193,476.84115995390835,5.941879922883463,6.317680092183262
203.94489034199404,476.849067043657,5.930745723890608,6.301865912686038
203.85404992716656,476.85661823302854,5.91980916539282,6.286763533942869
203.76431513658625,476.8634531325782,5.907070971793857,6.273093734843701
203.6758374750394,476.8690791836715,5.892234330747099,6.2618416326570365
203.58744935428103,476.8751246946267,5.877629928084385,6.249750610746556
203.49905279956263,476.8816640331509,5.863463145078959,6.236671933698208
203.40988441767752,476.8890286700864,5.851269261341845,6.2219426598272
203.32107896039165,476.89637608392877,5.838773258130889,6.207247832142446
203.23238089736202,476.902781908497,5.826490453422704,6.19443618300597
203.1445853815709,476.90831721710975,5.812797725030246,6.183365565780486
203.05695272658238,476.9132312306329,5.7991696125530465,6.173537538734241
202.96907517591987,476.9193267496465,5.786401189090137,6.161346500707052
202.88173165020712,476.9252914484744,5.772957897551221,6.149417103051213
202.79382146927622,476.93334952084956,5.76104772350352,6.133300958300854
202.70570040333007,476.942655122602,5.7500002127522025,6.114689754796004
202.6187150312206,476.949941452424,5.737147513121555,6.100117095151942
202.530589443877,476.95719925467597,5.7270069823612735,6.085601490648061
202.44280862333574,476.9635829557621,5.7165647231893555,6.072834088475764
202.354747524638,476.97045020319035,5.707048291435436,6.059099593619297
202.26785387044467,476.9775732368587,5.695562668971843,6.044853526282645
202.18071476290413,476.98389080307476,5.684972897471881,6.032218393850434
202.0939018062826,476.98939049627705,5.674096371833591,6.021219007445904
202.0069857082222,476.9956978793194,5.663770655161715,6.008604241361281
201.92037087202755,477.0014691744595,5.653203454917575,5.997061651081066
201.83365994401245,477.00718715011715,5.64317654854151,5.985625699765691
201.74767698057187,477.0121556169536,5.63203158393841,5.9756887660928
201.6620765312188,477.01633960623127,5.6204537661927585,5.967320787537503
201.57668402901479,477.02069299897283,5.608774572227867,5.958614002054278
201.49185545315544,477.0257414796179,5.596288953106258,5.948517040764134
201.40661965952745,477.0301360817657,5.5849737274349405,5.93972783646857
201.32139972219497,477.03592187158387,5.573943736350855,5.928156256832278
201.23614148331822,477.04172074053685,5.56334625512896,5.916558518926282
201.15155173176433,477.0472571727092,5.551761250443589,5.905485654581639
201.06691142813432,477.0528097523205,5.540634271272103,5.894380495358918
200.98189043138322,477.0576890323548,5.530618835219314,5.884621935290438
200.8973514672989,477.0615440417104,5.519950804024102,5.876911916579151
200.812838116089,477.065884962747,5.509521363331659,5.868230074505979
200.72868478614046,477.0688467591801,5.498673098589545,5.862306481639897
200.6451622354744,477.07174271969114,5.48682804834196,5.856514560617757
200.56139907998974,477.07524731304653,5.475742761356666,5.849505373906895
200.4783090255974,477.0780784780262,5.463596789225958,5.843843043947538
200.39504027703234,477.08153123979224,5.452089540585184,5.836937520415482
200.3114736750576,477.08502664513605,5.441468618756649,5.829946709727866
200.22808479658278,477.0886948733715,5.430770130756922,5.822610253257078
200.14485989872395,477.09231902081575,5.4200281976262765,5.815361958368513
200.0614134980021,477.0971965421905,5.410013105821122,5.805606915619063
199.97765487098778,477.10211931788837,5.40093389168761,5.795761364223244
199.89404098294105,477.1057889457233,5.3918631673478465,5.7884221085534335
199.81077140625584,477.10978133641055,5.382362526701845,5.780437327178943
199.7271428702446,477.11368139792563,5.373855421516666,5.772637204148684
199.64349172930366,477.11848664941687,5.36565047333397,5.76302670116627
199.56007392550273,477.1230439209486,5.357259256153157,5.753912158102765
199.4763064473249,477.12827471409,5.349843011237783,5.743450571819938
199.39293396224434,477.13357978054415,5.341917938587755,5.73284043891173
199.30955300156035,477.13896060243906,5.334301381683332,5.722078795121916
199.22710859245768,477.1434242356672,5.325100751154547,5.713151528665515
199.14455221474913,477.1474391484044,5.3164096183359035,5.7051217031912165
199.06156013195445,477.15319342164946,5.308853350377909,5.69361315670104
198.97920603596756,477.1580573589086,5.300320841852866,5.683885282182839
198.89667645126778,477.1638831801038,5.2924267552640245,5.67223363979233
198.814559970608,477.16920084126383,5.284013799313369,5.661598317472351
198.73296915839714,477.17364152383675,5.274849221671526,5.652716952326541
198.65148853373188,477.17801202228867,5.265748537913793,5.643975955422649
198.56851379652542,477.1824660935803,5.259917141739499,5.63506781283947
198.4871120500417,477.186336982687,5.2511714988991365,5.627326034626033
198.40559983592752,477.1901353188174,5.242906610790876,5.619729362365196
198.32418636794614,477.19384149060465,5.234694147357594,5.612317018790679
198.2428128857202,477.1975488023722,5.226647919006697,5.604902395255657
198.16179235220702,477.2010592425071,5.218139394938057,5.597881514985864
198.08043564684493,477.20562512399687,5.210548014716849,5.588749752006268
197.99919075510314,477.2103863977879,5.202996191641815,5.57922720442425
197.91769209713303,477.2158514712963,5.196220558566045,5.568297057407438
197.83628990132092,477.22100431639285,5.189530306272207,5.5579913672143135
197.75418191197974,477.2264249746194,5.184518843262055,5.547150050761138
197.67227650592324,477.2318266103722,5.179351118574145,5.536346779255666
197.59057429972626,477.2369498876046,5.174027796766778,5.526100224790807
197.5084515662082,477.2433674379546,5.169790116267102,5.513265124090778
197.4280306841402,477.2489583571886,5.162416529984713,5.502083285622806
197.34790066359037,477.2532211345882,5.154752989637372,5.4935577308235475
197.26835212030804,477.2576607285492,5.1461813653863295,5.4846785429015785
197.1890326335521,477.2613122410817,5.137426440284664,5.477375517836587
197.10980547807475,477.2653282782782,5.128739948530586,5.469343443443574
197.03059470823015,477.2693238393233,5.120284086565603,5.461352321353343
196.9516875381934,477.2731726416407,5.111480125048314,5.453654716718574
196.87262651710824,477.2767752971569,5.1032439074780935,5.44644940568621
196.79365769248997,477.2805137028717,5.0950666344471784,5.438972594256598
196.71485169849302,477.2842063179551,5.086810343808769,5.431587364089698
196.63606756836617,477.28784404347743,5.078756793747999,5.424311913045134
196.55745267977957,477.29157573544893,5.070606295360461,5.416848529102139
196.47888133648496,477.29520582016414,5.062614716860318,5.409588359671699
196.40042344485764,477.2992274385553,5.0546365481319775,5.401545122889417
196.3222671884573,477.30314059858665,5.0463074407294854,5.3937188028266405
196.24406421133892,477.30740260929065,5.038326291842945,5.385194781418725
196.16582667758288,477.3113970284796,5.030674145026951,5.377205943040818
196.08776022076185,477.315737921332,5.022926149060429,5.368524157335971
196.009723231392,477.31958116193493,5.01537786837874,5.360837676130183
195.93139471777738,477.3241534919912,5.008652568802537,5.35169301601769
