147.5,110.5,34,33
150.96316099192794,111.89974770933142,32.404210391172356,34.475948227194024
152.45380216316678,115.75342092742642,31.529137061090168,35.1934378405861
156.62394017855436,115.86306353823008,30.54133202376962,36.02450561804376
161.11849818818516,116.29065829231165,29.931347475946573,36.21670754381042
161.8619665499773,116.13021628794462,29.48493608803221,36.537591552544484
161.76297879160606,116.66274851222482,29.682911604774688,36.51076786110355
162.20337704002804,117.18447278527074,29.843147933973484,36.50835214105446
163.2343181102916,118.27584911168137,29.868439172782047,36.41277286756895
164.35647408361623,118.7397900511441,29.709178964721836,36.52741685793798
168.19647122218387,118.16166724738846,29.321179048921902,36.64194898525845
167.85328823085726,113.59426127054587,28.970356215436986,37.47925040983858
163.52183581817388,109.6281635971259,28.234529728835675,38.10132140292557
159.2645161952215,105.9315456185985,27.373273912043835,39.243960651515934
159.1614866349988,102.94887765760683,27.57933303248923,38.939787965704376
157.45491125169127,76.87676852966676,27.86132695810707,37.85433992463161
155.74715880371494,71.82609309612789,28.181141591603357,37.636723250188254
151.75238120344073,67.86885119510112,27.90010236423914,38.31443692781829
147.122929818477,66.72848176882135,27.803331691639166,38.51613723759395
139.81958421641374,66.27309477579111,27.836175991498855,38.38592215906394
131.91942518053892,65.84612636338503,28.0431836463328,38.20030495608174
131.73149326321877,65.06402655827421,28.4190474809731,37.68423597910203
131.5931864381659,64.54316259501061,28.695661131078857,37.687526820835274
131.5963285990885,63.6087799591401,28.68937680923365,37.470283746588436
131.99944699392302,61.09811386740186,28.922727756640853,37.29367724468402
144.31280997649642,65.16353730789463,28.23193615881697,36.44767995375329
149.67566239127828,69.13173813773419,27.6714339470315,36.643440388296796
153.99314067442316,78.71672191470279,27.119404347528057,36.670424380477144
161.1719839508406,86.52229783365539,26.78615112622225,37.08719635003369
164.0723795085668,98.3144956409058,27.000983517072292,36.562690843025656
166.17411392611706,120.79785141987065,26.79018408177086,36.51351003283548
169.70853795589724,124.891346521288,26.679086061747757,36.27823416090051
169.63045651402288,121.47386032079623,26.835248945496456,36.19322648313631
168.38389153999293,113.73266743593295,27.348707695876456,34.84840707258352
167.34202684554384,84.23552685444655,27.477036357988162,34.202966068569
166.60133519689265,58.43610103408333,27.98852587412943,34.39744730775665
165.37466035046842,51.51501594821546,28.479556822710244,34.50338626961878
164.63810839789235,50.34548193873974,28.961938124582574,34.86100908201056
161.6319641269121,50.06114046821233,28.950155294254447,35.429692023065364
162.18398471964733,53.0733997363578,28.858685426620333,35.480601393792575
161.2619288004352,72.66964469795434,28.67904804001062,35.75122135876296
159.50924548177142,92.15473512642333,29.14505270299365,35.279625510188865
183.50063969241435,70.7436966886379,28.79259673712779,34.52501524569462
165.07785117903126,113.0015194984032,27.786160651696605,34.678346324500204
164.01805122464106,126.09074508459645,27.94137076183993,34.036962534395215
163.5323346430286,100.18281045301957,27.937948019910124,34.185468824351176
162.20649384503403,91.94412669594436,27.65837776237663,35.02949311971406
161.407284739577,88.49765837948542,28.271293042867285,35.0239092396681
160.9860468799736,88.84162053782781,28.118413042234316,35.33134064282307
160.4406449220315,93.09127190295101,28.211623640954755,34.81278444988621
157.27256027909516,111.81335558808851,27.609754142336868,35.032256195417474
156.08563493962416,127.13634898806882,28.014093752936958,34.91369095475626
155.30519214674828,141.36256968351225,28.585480883552755,34.167206307676395
155.29665853930408,156.3306705039418,28.60254809844119,33.848609107192125
155.8846031192379,169.5346331200777,28.409273860296913,33.97128676145293
159.01035827143946,158.76739085540407,28.046129478643724,33.91509624071742
157.77183384310032,135.93572660944068,28.57383351168945,32.79414896546268
157.59291757474773,124.1401563700921,28.93166604839463,33.20480723090308
156.67365929662645,114.64369732846542,28.814285619174488,33.6167039522612
155.54003642426633,110.14450570623029,29.116655929254925,33.773147740852366
151.47483911710916,105.84466301351951,29.329357081973605,34.455139664678285
150.46424245311644,109.48885891717046,29.34321224129947,34.19243144768508
149.00118090021962,117.78435394228495,29.269837855328372,33.598761353534606
146.620109873571,133.00900323831345,29.084631188572505,33.823024825806726
145.64511752101922,145.59879598789422,29.054678053431477,33.39266232970303
145.53790365120403,143.7506756618006,28.2862764849789,34.14041505764141
141.46606696251212,128.37684324152053,27.591803677109088,35.42759261402293
136.76964430480552,98.63848871141629,28.070043926381462,34.48308955927692
133.40007114429716,86.3269059467795,27.922634894654582,35.49520816485813
129.63576938817823,76.55523141352793,28.472765965040423,35.100064540355376
125.01127991561047,71.42835107928326,28.723670770416696,35.35596505355666
123.5831518212577,73.69626299408303,28.55659913308221,34.85124499201052
121.51767007310258,89.81654746265015,28.698291107084856,34.52484823333711
121.02283611645778,106.5327358337525,28.69337661499307,33.91369086871758
120.43230793488395,122.43170162510822,28.889352132990478,33.63834633081406
124.14630997561478,147.09038990135724,28.349193311463207,34.50384238640954
124.69359242308516,139.89801359264854,28.243252930151826,34.0592272993866
125.06421911092903,123.21067501893526,28.482071643189002,33.13138134144221
132.1494814756221,103.54244047759884,28.85554293206265,32.714261307538294
139.66986634232512,88.20237471805504,29.320805952802424,32.382327318334376
145.34852049867217,75.35496304233817,29.620343453472724,32.82065140747846
152.61238680574303,72.38682463039406,28.85460823660631,32.85892934682013
156.7019687478465,75.4899007707219,28.446285445434892,33.45226302257052
161.57834569928542,79.75617364284611,27.459378633530036,33.68556436929506
164.88388290194857,87.71891985523673,27.57994987046984,33.14669055540765
172.81283986995996,113.88400461613598,27.00715588584601,34.31444086350566
176.41840699166954,117.62131598708565,26.543873367781394,34.55164866486862
176.09850916512602,111.21092684741525,27.183669020868408,33.93150455016386
175.902821893605,95.82363718820494,27.575043563910455,33.954853666454056
177.13039576632428,83.88534480118686,28.02291097739806,33.63964544943901
180.46236369447692,72.62238682055205,29.11942499993335,33.854268009041874
180.31985932978503,71.9520765055422,29.404433729317113,34.20387797655429
180.89253295485787,75.48199947153428,29.260079061371204,34.150980119968175
179.98741682407564,90.93993640466269,29.074598340975815,34.168657474088846
179.02843082510856,108.05762533274203,29.002272825302143,33.76833734926267
180.09200400261685,138.60556523938192,27.8629273990738,34.903916049641225
176.8222244874078,141.46322136371896,27.494198978721606,35.10999304448457
173.65352218990483,130.53533477967954,26.94313207873808,35.31628437116791
169.94713889743608,118.3881488571844,27.508190468444592,35.15455551890447
166.3306170990346,108.14565963463673,27.846398631701238,34.95502766336101
162.11347848109895,97.93169398436136,28.381366829477656,34.647272738912676
161.41626645276907,94.82277193156506,28.78444085691824,34.91701666919009
159.1004717051073,95.89179911031536,28.405981816386863,34.78298172603144
158.06815431167746,104.00007873906522,28.482948357638055,33.473934310595645
156.1132326326718,116.42188411760465,28.49316301244005,33.00300294857496
153.92271410523477,131.75621615120633,28.035238591241153,33.30369232823887
150.38194454846396,124.23215276491436,27.396167838959013,33.87567560240335
143.306797906858,103.05753341869053,28.056605168220702,32.86466301429687
139.10673465700265,92.43174044615391,27.82894662118473,33.984750516961164
134.83178963864793,85.01787293920944,28.60094433871276,34.228937432384924
130.08894893859608,78.6062561120647,29.190539011615154,34.20226803627254
126.59969972644375,79.32278861493012,29.186315825415345,33.766734689185185
123.2255532643021,87.54746580937373,28.999496189740178,33.169066151631554
122.23569581248158,100.46390761678344,29.022247423798074,32.776710241393445
121.24226902612784,116.07357554056841,29.063575349407525,32.68578474739154
122.18096626000678,130.81739974365513,29.130205908140553,33.33052425182722
123.83978214227588,124.14593666651794,28.761806236942338,32.910367303848474
123.24865762364935,109.60016264967109,28.97338943928421,32.88194029020727
123.81341115348589,98.30821935290115,28.81749576616423,33.07271899302546
127.39240580956996,93.77045421504275,28.478017210897278,33.38159258129784
132.84621919684884,90.50357003724883,28.277808235312296,33.10154961026663
135.3229587352225,94.37340919741843,28.15361679028019,33.08873150067181
137.48771598452916,103.16520431972326,28.642418597043285,31.887416694342022
138.3735186196264,117.50470343319164,28.776579811356637,31.794915735022336
150.1916943157,128.787902770744,28.026285164271048,32.11457380497921
162.15837829780386,146.12914583366117,27.756739812741692,32.45454514590886
165.5709586079879,138.3664095967013,27.563991112352056,31.872731528452242
168.82921976104723,118.02227912916156,28.530639284599772,31.40355483251696
171.8740535454586,107.0020153150796,29.04599287664009,31.741870074988086
172.636574844868,98.92740173222398,28.47800407628618,32.578236465260666
175.9872312288269,89.9753897243053,28.503505223208837,33.18473898579411
176.09775142161783,89.85858929986678,28.282464837626947,33.418339834671144
172.4409526178702,94.30295489448586,27.829467954090447,33.267027447843695
170.06834157951963,109.30158546366101,27.76870791317349,33.06685543872551
167.38119551656737,124.58311917720751,27.40021018749542,33.13200055340636
165.45609730515827,137.73189363813503,27.44162992800982,32.54369423710206
165.03290745155354,124.02795062758555,27.344213493917053,32.58149216043543
164.05268974165267,107.84431873860721,28.361838464325956,32.89320065903681
164.47382491390192,96.51897518237946,27.519568119827433,34.33619138830691
162.8619248999851,89.65964969738411,27.825488422893354,34.43807030938126
161.46896284010828,84.85610958386467,28.65312239496278,34.25369979799916
161.06135153213575,87.05750779136062,28.478668411711098,33.809609779794144
157.68834530493982,95.18821166699982,28.364546268613,33.22850967992128
155.791809261047,107.9487668306437,28.28076643711956,32.906936827947746
152.93926641764358,123.43275688196248,28.20846944058103,32.75166436981876
153.63549069929599,122.23269707986093,27.77535623309063,33.233113262393125
153.79647698616526,109.19274274800354,27.45338365935211,33.3983758991018
149.84870055889135,92.49654907765745,28.648876512841852,33.29046323450389
145.8039710239591,83.27120449394376,28.940433750433314,34.19587327931691
139.13570529978625,80.02357031031909,28.369210700947463,34.73067543320987
128.08223921560355,92.12558789560136,27.65012134034992,35.33753322890939
124.1584755012425,106.34204101981157,27.57698512976268,34.62694971807159
124.06143829167122,107.37910780778873,27.771059548905253,33.5308315344309
121.17025841630294,133.55709046373985,26.80319175620594,33.24805012903372
120.68551518529675,148.78850647337777,26.82835192459694,33.003659505641004
121.25881792482535,149.8604280402215,26.622727367441456,32.74177821575692
121.82181016871135,142.84425377074692,26.430374569636527,32.76965140520008
123.81468529448235,129.2374629230616,27.099357547073208,32.985780372494354
126.01745344161417,122.96380069890343,27.419255069179183,33.24697689824969
130.83379153997663,119.25631468827928,27.32928969254807,33.02778026342294
141.43188463345527,119.44867465817694,27.970347023245623,32.64306032362758
145.6983017271646,125.23376535637871,28.022005219350163,32.51886877192162
153.0863972171994,134.42695371335017,27.5369419363797,32.23458714097097
154.49424845620686,149.70202132735304,27.542910046525375,31.782271520011346
165.08887107503512,163.9592335925787,26.8941472251108,32.2112540306282
172.34458932704788,163.30529745980988,26.330485591986186,31.659422980045665
176.54702514075524,144.30138150240734,27.048238202874295,31.35223309397886
180.0677600423487,132.95619555778808,27.359311187634464,31.984976619375956
184.92443287427557,124.3405574936221,26.984422455055185,33.340875964541326
191.61588779602903,117.79302647043883,27.831792479878377,33.154343467133046
195.51451140511872,114.72253444137709,27.710519148514706,33.53834711014473
195.40497584731546,119.79172412824015,27.92959026412126,33.0345366000091
194.0075541891592,133.3820506516102,27.84676416062967,32.71213147144047
190.5786846894183,147.12278956729293,27.081194209646124,32.86514858551198
182.89187801380058,150.6548351847117,26.424866734515007,34.28749661169204
165.2931548378152,141.39768990802202,26.32084779505753,34.67400769109476
161.04485352355917,125.77385081658262,26.192800981528105,34.2979712531546
152.97851244382574,101.3846377661319,27.117957370835217,32.70146824040195
148.5943157543411,89.63827915937786,27.417245175227393,33.60990392170447
144.92777006038511,79.44777773410351,27.071779161156538,34.79451326729615
139.85647640461505,75.39243776042872,27.49063863363163,35.1262109433937
139.2305834251028,79.21026072300438,27.758167035528402,34.380367918136606
138.22559683338517,94.4151138356256,27.813801480204447,34.26291214366142
137.60228360517843,110.2738399243724,28.08416167208241,33.785980431304715
141.20104586362604,118.19035861184642,27.699723241906963,33.52571125457327
141.51805541804995,112.61645116013267,28.028792287013687,33.11646831054578
141.45583981558158,104.0258983270223,28.153223491950417,32.98006543782142
143.02498693889729,96.49071328072824,27.900864606789312,33.620758723058046
145.61088235787236,92.73368347356188,28.535856042753156,33.39244197217209
149.6545810027615,92.21433423528762,28.244448845917976,33.4566416871027
157.257778727136,104.20788101865281,27.600107382336823,33.7396380956521
156.65337333819005,118.83750117098111,27.844148338603127,33.42349243976485
156.06784226811615,134.45947147493732,28.05136642548441,33.022561536381566
156.22310983945133,155.33149486962554,27.740831282814035,32.60139783783716
160.46985661103133,158.6243091760111,26.8433401874044,32.66227136684762
160.50540243114284,154.47232419018215,26.77224854718142,32.54246225210324
160.29093182689928,139.87987850486928,27.201189755668512,32.80484059461075
160.00289976690087,132.91442226810435,27.777253875665316,32.57656030770717
159.34189188801292,131.93135985183764,28.149567420904205,32.64328071516648
158.99816731646075,132.35056485875396,27.880302974950656,32.76158429039174
158.55694576415232,146.74695429113433,27.808529490631543,32.59530309371053
157.68471808193948,161.61573159906715,27.651995964903218,32.32307627523215
157.61764511138836,178.93982104798425,27.78614190600547,31.65072218084916
158.28472007241967,199.27694793414648,27.387510825592972,31.203778599480515
158.4775874533759,213.1811881557691,27.00177606368056,31.0615392072794
162.67244268664217,203.72019903705984,25.922657383169067,32.62086195289787
162.1195075682929,185.3783550381699,27.02852761986761,32.487135970949566
161.92715957306262,171.554369178119,27.41322361032813,32.98332124176233
162.62062544451837,160.2490057790937,26.026291867416663,34.69151973897337
163.2953359743154,149.0404688107492,24.676870807822596,36.12612515898002
162.377762231296,138.9637123753938,25.558744150658818,35.30760687923403
161.27479156374358,139.70806992103834,25.85379242524429,34.77433831820461
160.90599588221522,144.55702025599797,26.591383788301044,33.64611605755868
160.69312417166293,158.56750529519474,27.017127209405572,33.08797884437686
163.12180456057524,168.42766249109206,26.886412859885024,32.27425016579838
164.11315446524947,150.80113369219984,26.765108217259176,32.16079959585365
163.69284904991252,123.51629360705383,26.6787250834359,32.03783586081197
162.82457634414197,102.41355028225969,27.49156360128486,31.752805400561243
163.27552454267797,88.9740604384228,26.58966720421283,33.457561415013544
162.877219488676,82.48874051320246,27.386277312216794,33.21110796662873
159.78045047400929,82.21398701301963,26.907508275975534,33.76061496699438
157.33505408140618,96.26873712891869,27.028908968244924,33.31358887422977
156.2744135354283,111.04664422454246,27.252217666269953,33.176346788909534
156.3049669963155,131.2554824131032,27.1911107444955,32.67912415644496
160.3636380842679,134.8581047318694,26.608548965944287,33.0086599162662
152.99285741103628,122.90704483742299,26.3501071098583,33.47327470117576
149.42114610303358,108.05569047514166,25.970094350581626,34.96310076843072
146.3018645909864,98.81405261707226,26.466887812922785,35.264106205684406
143.52612355275073,94.36541697906799,27.170016793448546,35.43434190899092
140.13506482739515,92.41431620139593,28.049661228598147,35.40156145396064
136.50994341808956,100.88822855503061,28.317028924671142,34.41459416963568
134.96871642372895,114.91116058597241,28.439286381823457,33.99723106906188
133.96985403250216,127.95188316813464,28.47245549571658,33.45500959602393
135.33042802708422,136.52722796588517,28.67464612393263,32.86990549901066
139.7208311248238,134.43101386187573,27.642979375938012,33.1877639832873
143.65130407714767,106.67724721841782,28.39475481408665,33.1910930610712
146.56081288745915,98.73018782914512,28.390458846326304,33.57928743198304
147.45095561578847,94.31397613977701,28.56026516346827,33.63629782861645
152.2160897947537,90.32634317656866,27.837915232861675,33.782302930745274
159.59673956458835,88.15881137007554,27.61563047790608,33.27102828216028
162.35650469054465,101.14649585602635,27.842962711364898,33.156540494430416
164.51055119099235,114.08450691457371,27.373711820054602,33.192702617034996
176.38623275522517,124.55736549258839,27.43986473888735,33.20639958262825
180.87668612620288,127.8812446310614,27.04477188239175,34.190475870535366
184.13104391680707,121.42928827588229,26.312206930316744,34.57939555110457
184.17065239112804,91.92084134478144,27.189700801096052,34.2802186091898
184.00315683167025,85.30412847142752,27.524691920011602,33.98378014490996
184.65839515649637,82.05846481268529,28.148817753691716,33.70399877073109
187.31779311748005,81.76192766846677,28.6684866365396,33.3239955916989
187.8014042545054,82.0075942121764,28.676835455557878,33.80823359734858
191.45500241097068,95.12749319902602,28.251947839913726,34.11448345603987
193.37973922216082,108.92946241565775,28.32672664883082,33.98031204185803
199.7685412296315,120.0459078607484,27.311556957437876,34.29208693847783
203.50064053013438,123.67120796689521,26.627403012578217,34.79010919035121
203.30706925598886,117.26507981574926,27.014545560869227,34.09142762294668
203.14692621491739,89.17253506114926,27.334831643012205,33.5961578269107
202.86384353448983,83.03763258041695,27.900997003867296,33.40837830093879
198.72071524376048,80.21840327565201,27.50650505418565,34.22419883761289
191.4546044048312,80.48790186263801,27.47827242410761,34.65589861750334
187.46788069428027,82.98303070019193,27.63686111529291,34.54992764859337
183.1148297950012,100.86974764917635,26.564907469676704,34.95529889406953
179.55603404553995,116.3891107216839,25.949963540686316,34.84671446070607
175.75092377108166,126.28387903431835,25.921290220184325,34.15441250898363
172.25231780966692,121.588224075605,25.36769931659733,35.05106924669176
167.74899233723517,111.01170854826954,25.83859990861535,34.39051606631303
163.54640579609023,88.39957915199935,26.67499961216373,34.20213458640475
163.34312031969637,83.83042271040378,27.08157056495145,33.771835417104526
160.61074832901568,81.933704801741,27.761952744151163,33.73778179270079
160.2003386157208,82.95761719803106,27.615416124163318,33.624669093276005
157.75630746973368,88.13282411023694,27.687231746099236,32.90674860894077
155.26178754477903,114.76389028032438,26.956168889539633,33.03224152914258
152.40172671103943,129.95944807215255,27.015367820292976,32.83271387469077
152.3558168535537,134.98675726978917,27.107187535264423,33.13322832411305
148.93309299567912,130.78639394734427,26.37279044259562,33.954110160584854
138.00446252019222,119.76923051106061,27.370694518570474,33.23277498769881
119.26894769536767,104.94985698264506,27.664252972074628,33.32019878605574
116.3496822882614,98.9412553215181,27.7466722543327,33.825179044400734
116.05748217701536,97.92550124901246,28.331072476824804,33.91978025621107
115.61547525342498,98.48168412739042,28.23574610692461,33.786754716536116
114.22366800733583,103.07014244101528,28.092099125820052,33.39162250913486
118.08603790832808,128.74250437288896,27.138795186735646,33.316341607345244
122.6766884903949,136.89625516596814,26.514747802761757,33.172541605933006
129.9491795889222,141.441420830347,26.04717985860742,33.467153112442105
133.88122760995043,136.96415457071225,25.666370039635485,33.06757785285603
142.42487117812857,112.84655356599956,26.118103017612754,32.378144806508715
146.18535760925405,88.25723685727482,26.876059668620204,32.80308220143665
150.47585461216764,80.976435923194,26.743091597371894,33.28464084530013
155.5416017391496,77.20850419785029,26.994654577593252,33.26918994385281
159.5500816151326,76.0910703538265,26.55969517990495,33.60855754333099
163.27366388777602,79.48587443836607,26.67976717362628,33.44028134588399
167.08294758615517,104.93958692427506,25.67812291547088,33.5776920147167
165.98645294760766,118.26072993647367,26.008938050871045,33.00584397404704
168.20711327635217,121.90230484520575,26.206278411947853,33.14455178628809
167.7887475485753,118.32663864688647,26.109949149809957,33.76445915908509
164.67823530055463,102.80542254242164,26.685119026705024,32.81371519285283
163.93779277868828,80.91803798273111,27.23025803318945,32.608420561562994
161.5127430138471,77.09282548395883,27.373410637548822,32.72773047859087
161.46719999673917,77.19420466728732,27.46449667176474,32.524972111933884
160.77073910119418,78.06190801962215,26.96966776026193,32.67731610985697
157.22366086329185,90.2959593102056,26.55784958344808,32.60363114970015
150.87341315471443,111.16480539286155,25.30144687462418,32.736633362324554
148.9728712140491,124.97127526174097,25.454096501354332,32.486950534069244
147.94744186735235,125.76660026862518,25.6834042316082,32.71785148344043
144.35786402074848,118.73427507900787,25.51827685520051,33.011971107146024
144.08074365428584,107.71758334395942,25.15267197287684,33.88890542651726
143.73055770482065,100.09342473239788,25.85304387180721,33.374134384399234
144.21261578459618,100.43834433286366,25.819757199805753,33.61512467101729
147.6406572197268,107.50334053209082,25.50144734732865,33.4946458821004
147.9009742084589,115.4250441050053,25.907751414538822,32.482247451062456
147.65192574472144,124.68830665139251,26.405848342013787,31.399036638571957
148.4664364904448,149.82966126347176,25.686290564564104,31.13683168425157
147.98209541107903,163.85185323226597,25.761150174792633,30.80094675025639
147.42047415922374,175.55716933250605,25.99453540222568,30.52660373299284
