69.5,48.5,26,39
68.9921469542498,47.77147582641966,26.01570609150038,38.438557269807426
69.61387591153438,47.842669669711015,25.782551629024077,38.29616958322473
70.16653571444219,47.90335468347314,25.681523744224716,38.17479955570047
70.136585051249,48.168166902284774,25.741425070611076,37.645175118077205
70.1060931364916,48.27894372968947,25.8024089001259,37.423621463267814
70.06995409088084,48.477647346065645,25.874686991347403,37.026214230515464
70.05675772603459,48.593856658415206,25.90107972103991,36.793795605816335
71.21710273436615,48.40807362754728,25.54756647334366,37.1653616675522
71.24386346010184,48.532500176464566,25.4940450218723,36.91650856971762
71.73220782537389,48.613431613719406,25.49607573812045,36.75464569520794
71.60062692504425,48.78985144632937,25.759237538779743,36.40180602998801
72.0976226979291,49.251922165761464,25.74056663866541,36.452985236779185
73.21125621667352,49.230742756609345,25.46487377162903,36.49534405508343
74.28122719438738,49.24934320490138,25.268688263045313,36.458143158499354
75.21981427495906,49.792700952485845,25.327664156403518,36.339502690581206
77.28957740912158,49.764117773345355,25.057169606791433,36.396669048862194
77.15015838659656,49.98686607243602,25.336007651841456,35.95117245068086
78.18953428035148,49.94416923547998,25.18030860051544,36.03656612459294
81.64737347952135,50.84967125072944,24.98636559210351,36.146057919787665
83.13057624126441,51.39023450263254,24.896050213790772,36.02362813103926
86.77479368030802,51.72807255327846,24.29510404313186,36.30330755938003
90.25060333831594,52.165228033021094,23.990754644640553,36.37860658811254
90.54449974435714,52.43749805844061,24.348643260254676,35.83406653727352
94.48906778927785,53.447297863304925,24.00698367964491,35.70133605485282
98.82970855313835,55.3223972762205,23.747622363511276,35.69421287861604
103.19899988442882,55.76000440684297,23.39122105605014,35.7503521012733
109.41038954649001,56.24989503055302,23.00988988827867,35.696836096649434
113.05157929205406,56.723161678682146,23.080329570926978,35.669405197113235
112.69961695373524,56.90353001714369,23.7842542475646,35.30866852019015
118.40349951311991,57.22860962448354,23.490437967263933,35.58467170871617
121.68982142495851,57.06950651892396,23.395802881200744,35.90287791983533
125.45570586484565,56.37614717942732,23.29307528284474,36.36096643865134
128.63568472655015,55.85240627381246,23.46958840381916,36.47466670068342
131.32141529855076,55.44312559975255,23.728728074873757,36.35479457962728
131.3629747905522,55.332724985197984,23.645609090870902,36.57559580873641
132.6720668167264,55.372976771191475,23.856079092252973,36.495092236749436
135.00429725738218,55.37175115297045,23.91755478660997,36.497543473191485
135.86757872093662,55.45435145319189,24.08348858907271,36.33234287274859
137.17751241240302,55.57440929485985,24.303209056635808,36.09222718941268
138.08949249621529,55.529432840651246,24.37238589997866,36.182180097829885
138.0409318148672,55.63243481578305,24.469507262674842,35.97617614756628
138.00197739044228,55.75867909230654,24.547416111524697,35.723687594519305
137.8721475296645,56.39323831414289,24.807075833080265,35.39963195254046
137.86084503365328,56.495501857008016,24.829680825102656,35.19510486681021
137.8264416360025,56.6057740058513,24.898487620404257,34.97456056912364
137.83771906596726,56.70519408429666,24.875932760474704,34.77572041223293
137.87574585939237,56.74985233260111,24.799879173624493,34.68640391562403
137.93519606948456,56.7759407982513,24.680978753440094,34.63422698432365
137.96665138124783,56.884406774907646,24.618068129913585,34.41729503101095
138.03494926086287,56.78291214578341,24.48147237068347,34.620284289259416
138.03747483360056,56.80082976196404,24.476421225208135,34.58444905689817
138.04351499796965,56.78739604581486,24.464340896469913,34.611316489196525
138.04712575133047,56.77660336578566,24.457119389748286,34.63290184925492
138.481029448783,56.80884436818236,24.516407580142673,34.568419844461516
138.91429074796062,56.817183827304994,24.576982188324553,34.551740926216254
138.9685778333686,56.72886068562231,24.468408017508587,34.728387209581626
138.95928662777717,56.6910409126349,24.486990428691453,34.80402675555645
138.94604271787,56.7140720841903,24.513478248505812,34.757964412445645
138.93740839887806,56.73208136762801,24.530746886489684,34.72194584557021
139.0069039295453,56.728943174362264,24.391755825155194,34.728222232101714
139.02662710921948,56.66021461313802,24.35230946580684,34.86567935455021
138.9932257077174,56.6964758448868,24.419112268811023,34.79315689105265
138.92357778132788,56.684988290970395,24.558408121590038,34.816131998885446
139.4726353992632,56.628938962185416,24.39182998716862,34.928230656455405
139.43703920280916,56.694917588195864,24.463022380076644,34.796273404434515
139.29444222551118,56.80395676615908,24.74821633467266,34.57819504850808
139.2483900061217,56.84242873038741,24.84032077345162,34.50125112005142
139.24737548354958,57.34131448098144,24.842349818595835,34.43489131504492
139.2900996076211,57.27272343012514,24.756901570452765,34.57207341675751
139.70538237186116,57.33878281744983,24.857448691738863,34.439954642108134
140.13546945553344,57.38862058431276,24.928038600320896,34.340279108382276
140.10784969569738,57.30723273904567,24.983278119993003,34.50305479891646
140.17118072913104,57.13593551872216,24.8566160531257,34.845649239563485
140.14475307115157,57.099715298423554,24.909471369084656,34.91808968016069
140.58289412008827,57.002697225403004,24.97205383161159,35.11212582620179
140.4840161403933,57.46148482335384,25.169809791001537,35.13738349785513
141.05315045146068,57.270622147255075,24.978012198797213,35.51910885005266
141.06337934827616,57.04535348113866,24.95755440516627,35.96964618228548
141.43086805519096,57.03458823761228,25.17813443034493,35.991176669338245
141.47341701556417,56.8187221790377,25.093036509598505,36.42290878648741
141.44623734202395,56.6805100222797,25.14739585667895,36.699333100003415
140.96651013882098,56.762814987110204,25.137142788736245,36.5347231703424
140.93870202646445,56.71777493900409,25.192759013449315,36.62480326655464
140.5241983991169,56.737980499985625,25.052431997964092,36.58439214459156
140.1268036074289,56.785438591056504,24.88081946225021,36.4894759624498
137.86354164554209,56.808333513826895,24.596698057597145,36.44368611690903
137.40467771340337,55.93926605475424,24.557696948295185,36.268363087895466
135.53511097638977,56.09647380115163,24.483061824544,35.95394759510069
135.56676841588163,56.17612459567364,24.419746945560277,35.79464600605667
134.64939029159345,56.124150685217955,24.366465652811506,35.89859382696803
131.780184235442,56.09074382537453,24.436665348846073,35.965407546654895
128.90791869418337,56.06843738285344,24.49996299657037,36.01002043169707
126.1432905409905,56.15265864246554,24.337658522197724,35.84157791247288
123.04263236827047,56.10838108059308,23.93541537795001,35.93013303621779
123.16915673275156,55.69479461846197,23.68236664898786,35.81928420053916
120.42184356240558,55.878202292960346,23.584106055451365,35.452468851542406
116.65842151182042,56.52764199062358,23.710940760348194,35.07859063075012
112.54059215749362,56.65252630696661,23.653258541442433,34.82882199806406
108.84239224827512,57.029749559856,23.7155454949493,34.07437549228527
104.83389743755879,56.644987371544055,23.57480036118291,33.93748489610927
102.37758829101648,56.785384446609804,23.977307358665847,33.65669074597777
98.75345708368374,56.172732690333106,23.990239097141895,33.97757792400748
95.2104630362473,55.15321490714528,23.800343691365278,34.19764261522072
89.92792492260209,54.688922346931676,23.44928902856483,34.2165501614737
86.37420953691736,54.538540494461145,23.32346200315553,34.51731386641475
82.77625512807,54.448031308920974,23.266539637850588,34.69833223749509
82.08692227286576,54.53374320032131,23.736821692652356,34.526908454694414
78.83423644479063,53.88752838969954,23.847014276799793,34.90574106565185
75.59029560676159,53.326192614410886,23.886960512265286,35.1072789818588
73.2499638177288,53.38896284488263,23.94346032936251,34.981738520915314
70.91287335062474,53.40509968146178,23.998258697778397,34.949464847757014
70.94541210095406,53.254955059304024,23.933181197119737,35.24975409207252
70.95696676717955,53.126680790321984,23.910071864668765,35.5063026300366
68.67868651356187,52.612886044646665,23.81050680026663,35.602667007059736
68.17033677313658,52.566597741385806,23.896184382341737,35.695243613581454
68.08724740904816,52.51985819395124,24.062363110518586,35.788722708450585
68.05949322075281,52.62298968515029,24.117871487109277,35.58245972605249
67.99374277866642,52.536497819569554,24.249372371282064,35.75544345721396
67.99871507408551,52.06321269039354,24.2394277804439,35.76140915751417
68.00775346964191,52.00775905936259,24.221350989331093,35.87231641957608
67.92779148431876,52.054561720755885,24.381274959977393,35.778711096789486
67.83617752380965,52.10197391720437,24.56450288099561,35.683886703892526
68.19946861117879,52.23807343015495,24.782665876605197,35.41168767799137
69.11220539562443,52.198327062478285,24.845673808040818,35.49118041334469
69.18842901577804,52.09185507606179,24.69322656773361,35.70412438617769
69.17737404106325,52.038451178215205,24.71533651716319,35.810932181870854
69.20188709321624,52.03540762675523,24.66631041285719,35.81701928479081
69.64125047429822,52.08707523985824,24.736021656278094,35.713684058584796
70.1333581668153,52.14351288195269,24.699837721927864,35.60080877439589
70.62454626817845,52.23798738086613,24.663190821014577,35.411859776569
70.62299681305896,52.281516522988426,24.666289731253556,35.32480149232442
71.03801358580805,52.35970048650377,24.777262681673122,35.16843356529372
71.06827247558186,52.30952166122318,24.71674490212549,35.268791215854904
