58.5,100.5,28,23
58.93258393339203,100.29632398984552,27.73920027924548,22.40735202030897
61.10119613162516,99.62419610192825,27.344939532313113,22.17442233632996
62.872660600468244,99.73553600959877,26.917086594088588,21.9517425209889
63.081566443303586,99.88797419380327,26.49927490841791,21.646866152579925
65.58435033806063,100.31355199694426,26.0371689410687,21.552954183325436
67.3132909621536,100.74223477898583,25.573761880279594,21.444207166091473
68.64784887295677,101.19774866271729,25.123824492670185,21.2729055432942
71.84051155129914,101.9030606145889,24.578720822263367,21.322337061120457
71.61770687338796,102.35630655851016,24.301933778589884,21.138241572773776
72.54645829052546,102.71641438752334,23.874750115725348,21.13318550045263
74.96186485142161,103.37074129012406,23.294682460340184,21.24144685072025
73.5989466032407,103.88478305534728,23.215838939266696,20.91453332463264
73.29439652163644,104.32269501568506,23.130208886953795,20.733439619478506
72.29832794748249,104.87253950004947,23.050821226918764,20.324258920197305
71.7407402936556,104.94914239906096,22.80052721637444,20.17105312217434
70.80693758947034,104.37563787271695,22.638929643170364,19.965260187145923
69.86195334773706,105.5217735503799,22.51709287980371,19.684794078653262
69.98371940045514,106.97431643379986,22.27356077436753,19.436597743453703
69.77529338522486,106.64788028873224,22.03393986563798,19.4329970943988
68.84355718088409,107.32045287188896,21.939308046829236,19.39325474641222
68.88154902233732,107.9990675749655,21.863324363922764,19.337220734972195
68.90115244806935,108.42785325998393,21.824117512458706,19.128171890426792
71.54360738235616,109.77177689251181,21.69575550705646,19.018598556956718
73.01400605090126,108.35210171674133,21.318255409918137,19.29465166854581
72.68854584179215,111.786242107449,21.329801002053657,18.82011914795733
76.51792370722549,108.98628105098017,21.254725151433842,18.732281350709858
79.60537814284247,108.5320959128381,20.744446268399344,19.011248294971836
85.10655383914641,107.94392414602336,20.382822775505918,18.935741487458436
90.26863705461653,108.54370239460324,19.964018586556406,18.974355270547534
93.46565937190172,108.57044660717922,19.701506164897218,18.92086684539558
95.7445408821225,108.87806676285086,19.40111014687417,18.913821820112066
97.86289575360989,109.93136888600704,19.38800829458672,18.617335241237154
97.33272494419845,109.34904891586379,19.251392747415004,18.585018015529048
99.41156398296572,110.99937353500417,19.264495866349513,18.2634982032976
99.65766661652746,111.42593338473422,19.363230070485166,18.00131797509666
101.19541357105199,111.79296854970917,19.229337927993665,17.855567998458277
101.27427226437038,111.80637693589487,19.07162054135687,17.82875122608686
102.53881964993207,112.14963303225886,18.866628991887335,17.72326483877234
104.39675210266863,111.66822955813073,18.607654879994207,17.53377485583524
104.77586898908982,112.29454658832756,18.41851466549769,17.419327912133305
106.07051559743411,110.92871667576476,18.08650397769436,17.329384576152357
108.12823115459678,112.66600508536187,17.87496352499915,17.20099975264111
108.4988484159325,112.11633545190136,17.686080884432556,17.19563525535244
110.50815537486763,112.94549593299796,17.512600495531636,17.185228662717556
111.61034913807717,112.74576890832381,17.493878673964407,17.03826628585286
111.88831650655173,113.12005613782574,17.48174541009743,16.833493299931142
113.14793354452351,110.80863781813999,17.66437809814007,16.592969764127467
115.25056213271084,109.03242613287999,17.774479539842098,16.36945434383038
115.1756359896134,109.69986186174766,17.924331826036997,16.10975472887851
115.72015995529554,107.62855715749566,17.906842667952326,15.966129044263928
117.84741018186646,103.94931895485617,17.918051819266786,15.859613641744392
119.8622978114562,102.37364555354995,17.61006979182966,15.820851960006262
119.7698364185222,110.54690111551182,17.268709904075354,15.789103718373106
123.89427172437155,98.93038934232464,17.347281064594597,15.60119728038447
124.02841238967977,106.31597782155447,17.07899973397814,15.35338209626161
123.43511452579683,114.685528066615,16.73389925644464,15.462939864433864
123.08688995912763,122.73913561403442,16.416472258343955,15.577742872620242
122.19762956389836,131.02223049402525,16.179782554430595,15.637039691206805
121.38185750012444,138.7873688857416,15.807190308020798,15.638819805945943
120.80798609489408,146.48610614938582,15.46930016921815,15.592885754379044
119.9780011542129,154.10665364001275,15.172600793222792,15.515977517647261
118.9051847202657,161.6362617592962,14.901847987988576,15.438352452477861
118.31249018252092,169.11267728980033,14.653897793677768,15.296693846073339
117.73426219851794,176.69665507746942,14.395446652777947,15.221080765730333
117.37323099513267,184.0094456901906,14.18479566729422,15.052557120228627
117.00509975739753,191.20230189040197,14.000298041124953,14.938626295219132
116.64219841391218,198.5049086689919,13.814758334676835,14.914891032740234
116.2622870667379,205.78077764952266,13.669876052068663,14.838432702986513
116.3236714310644,213.00330767833344,13.547107323415666,14.756746870765511
116.39444734703827,220.18677612432137,13.405555491467936,14.649912689179281
116.26965880610659,225.72511294417566,13.213422834934725,14.549774111648649
115.92173258378486,225.7831747058355,13.03509715973204,14.433650588329009
115.57160174867201,225.8388275787825,12.870481806313009,14.322344842434983
115.21801375953082,225.90155561995238,12.721496042954724,14.196888760095227
114.87052138728069,225.96217095758215,12.568976074158215,14.07565808483573
114.52135431962806,226.020039467549,12.428444628972283,13.959921064901984
114.17364578080148,226.07841271079252,12.293082076727742,13.84317457841495
113.82621157181067,226.1386751681717,12.165123329613522,13.722649663656645
113.26882368603866,226.19773768319155,12.057408226010843,13.604524633616931
112.71640558187944,226.25580141193254,11.950420604404428,13.488397176134928
112.16661936065306,226.31074522452423,11.848708372356834,13.378509550951552
111.81685825671559,226.37110308912875,11.754037849773448,13.257793821742519
111.47500908243849,226.43125402385513,11.650317991852306,13.137491952289746
111.13433164274126,226.48906643776837,11.551305805454387,13.02186712446328
110.79090780254776,226.54186781357706,11.464541835448347,12.916264372845905
110.44982348255462,226.59326646922062,11.379151461166435,12.813467061558734
110.10898422488377,226.64526356650336,11.299192603440568,12.709472866993282
109.77583630145331,226.6984284600108,11.209636224446161,12.603143079978366
109.44537759269298,226.7506939960313,11.12086596500898,12.498612007937414
109.11788771052728,226.80093141474626,11.032241629015813,12.398137170507479
108.7934925569684,226.8493322570728,10.943380804889442,12.301335485854406
108.28891978484532,226.89809368936824,10.854819370117012,12.20381262126353
107.97250211516715,226.94696332776746,10.761709358155242,12.106073344465063
107.65756191941651,226.99603761196298,10.671655846818766,12.007924776074027
107.34476582255964,227.0418796578144,10.583240577411681,11.916240684371212
106.85305661644843,227.08962180936962,10.50415785922046,11.820756381260791
106.539770026201,227.13197038105545,10.427889892374246,11.736059237889089
106.2340641769294,227.17590126660753,10.34152850061517,11.648197466784934
105.75372937226123,227.21905511599766,10.263772050999293,11.561889768004663
105.27472774979337,227.2571154951738,10.191097718650514,11.48576900965243
104.79871053441093,227.29519443749945,10.119484957783843,11.409611125001103
104.50090855827418,227.3255690109436,10.037311584123467,11.348861978112788
104.20443385614088,227.35623568953434,9.956997460442455,11.28752862093134
103.90883246980802,227.39101192107304,9.879409454006787,11.217976157853885
103.44665908076365,227.42554147714227,9.807531022927135,11.148917045715436
102.9876409866814,227.46063542467866,9.736005974373004,11.078729150642689
102.52660627611733,227.49824122527374,9.675213732086648,11.003517549452491
102.07321005173621,227.5314041564651,9.605562257892581,10.93719168706977
101.6221316809151,227.56524257153833,9.537705084929907,10.869514856923313
101.17204672390044,227.6016434125919,9.474267792921804,10.796713174816178
100.72403911825063,227.63855528368174,9.413108492663236,10.722889432636517
100.2794235226559,227.67526503949213,9.35153596011743,10.649469921015758
99.99082301253469,227.71404641433637,9.299115730451357,10.571907171327277
99.5436463660863,227.75850891925745,9.255162114004174,10.482982161485115
99.25993303967954,227.79586889833254,9.20121570134065,10.40826220333489
98.97543651514577,227.83457577899952,9.15287998345977,10.330848442000944
98.69276170859467,227.87212019187214,9.104849312204847,10.25575961625569
98.25500981579322,227.9077213621173,9.066082786843797,10.184557275765407
97.97947912460474,227.93694483015014,9.01108069401521,10.126110339699702
97.70656971864987,227.9679336619805,8.954409162592068,10.064132676038954
97.43507163639708,227.99850786277335,8.898651118248056,10.002984274453302
97.16207946982402,228.0281760453391,8.849562426168077,9.943647909321777
96.89064295213471,228.05765699064432,8.800774143656604,9.884686018711363
96.6204104887263,228.08655546073481,8.752968235122566,9.826889078530346
96.35263971685508,228.11588306260205,8.703561855149577,9.768233874795913
96.08643881464829,228.14581250509355,8.654416463362484,9.708374989812926
95.82369037545777,228.17587261454673,8.601795917662558,9.648254770906554
95.56182131021595,228.2060112763817,8.550965586854218,9.587977447236575
95.30108414689796,228.23047697174627,8.501368080011693,9.539046056507472
95.0415402598066,228.25450806076122,8.452488870375998,9.490983878477522
94.78339950819768,228.27825411198936,8.403858304507738,9.443491776021288
94.38396026033868,228.30166669679437,8.359912621070972,9.396666606411266
93.98648196745614,228.3256913229976,8.316333254509738,9.34861735400478
93.72921317616755,228.3515872564094,8.274731984508279,9.296825487181202
93.47325701845097,228.37705053475338,8.233443533894084,9.245898930493222
93.21872032510551,228.40219709768115,8.192217381250332,9.19560580463771
92.96743468958957,228.4254608907946,8.14736868569862,9.149078218410798
92.57945279829025,228.44946815106914,8.106520165851737,9.101063697861722
92.19335063387646,228.47312424225197,8.066107304980024,9.053751515496042
91.8125627261338,228.49340625202956,8.019207442089497,9.01318749594091
91.43256064642416,228.51254086398845,7.974874159047573,8.974918272023077
91.05391563265435,228.53157832802418,7.93173511004331,8.936843343951653
90.67676485047151,228.5506160641832,7.889449713851137,8.8987678716336
90.29948062857287,228.56943441165183,7.851232452158479,8.861131176696334
89.92358970717079,228.5879661191718,7.813814282989733,8.8240677616564
89.68247789975467,228.60500999496745,7.7722516791358345,8.789980010065122
89.44232728134084,228.62205024328316,7.731154094623243,8.7558995134337
89.20281278658662,228.64155470004457,7.691156623947345,8.716890599910881
88.9641994047536,228.6609511316991,7.65184701239531,8.678097736601801
88.7271239095132,228.67800406171128,7.611923012207143,8.643991876577452
88.49053611726559,228.6962919488956,7.573359314184681,8.607416102208788
88.25421825643232,228.71622135753105,7.536624549628837,8.567557284937884
87.88979503894542,228.73585478724047,7.505033340321078,8.52829042551907
87.65548207418172,228.75612371589716,7.468929866048321,8.487752568205678
87.4221377936976,228.7760324948669,7.433301923891565,8.447935010266153
87.18977500372114,228.79418388494432,7.398086341472044,8.411632230111374
86.8353524179283,228.81589603717381,7.360399498774173,8.368207925652356
86.48430427501094,228.83677896435992,7.319793416737834,8.326442071280148
86.13498987883057,228.8563272168045,7.27961255572677,8.287345566391018
85.78718810044106,228.87574067862516,7.240154624917784,8.248518642749678
85.44035897498975,228.89858358017534,7.202452319331807,8.202832839649316
85.09610713000194,228.92130303399415,7.163530997829032,8.157393932011676
84.75307129043543,228.94292179930954,7.126160289523827,8.114156401380935
84.41159588451421,228.96391749259695,7.089474484714757,8.072165014806092
84.07283538117086,228.98700128556166,7.051073797112878,8.02599742887669
83.73581647262321,229.0096951522949,7.013181424269489,7.980609695410207
83.39991789757569,229.0310516057957,6.9769792099570145,7.937896788408583
83.06661262558804,229.05271674065327,6.939315641236528,7.894566518693452
82.73548867217188,229.07079432702767,6.90111358863618,7.858411345944661
82.40577267550458,229.08875308714747,6.863611961083924,7.822493825705081
82.07468360930491,229.10991252962552,6.83232814953373,7.780174940748968
81.86088797836543,229.1297511108378,6.799925214468327,7.740497778324439
81.53371947937434,229.14952615736547,6.767672495230665,7.70094768526905
81.208066416465,229.16898991696553,6.735777363024725,7.662020166068969
80.88339897270755,229.18669046040011,6.705253328165129,7.626619079199748
80.44636518916951,229.2047882115827,6.67699230235784,7.590423576834619
80.0109369948746,229.22268905764537,6.649574421893265,7.5546218847092845
79.6876764530706,229.2417171777985,6.625371751638192,7.516565644402979
79.36813804321366,229.26051443565012,6.596657287080678,7.478971128699759
79.04937295348749,229.278733529617,6.569523842781806,7.442532940765994
78.73206586119329,229.2968140290869,6.542472383741576,7.406371941826203
78.41703627060002,229.31352191519485,6.5138470913722,7.37295616961028
78.10346344897118,229.3292800641075,6.485237235840197,7.341439871785005
77.79081336085662,229.3455534257877,6.457621754461801,7.308893148424595
77.47955722461698,229.36163708869813,6.430058433836982,7.276725822603764
77.16996574322326,229.37740717099658,6.401985709787944,7.245185658006821
76.86105738245185,229.3933827772192,6.375361914720252,7.213234445561609
76.5526920096666,229.40892565223496,6.350416900056723,7.1821486955300715
76.24578521750776,229.42418429862403,6.3251986347369815,7.151631402751962
75.93972392867407,229.44018768309272,6.300919936014791,7.119624633814545
75.6349732722014,229.4555775322749,6.276674787485804,7.088844935450213
75.3314221992221,229.47074651947264,6.252626575188348,7.058506961054729
75.0298109628634,229.4831635910601,6.227264790221295,7.0336728178798165
74.72853892059715,229.49708380048216,6.203597548648858,7.005832399035668
74.4283592112313,229.51082888563877,6.180177201437096,6.97834222872246
74.1296079015689,229.52451990586485,6.156303465576496,6.950960188270275
73.83156304540343,229.5382045225,6.133436955402744,6.923590955000028
73.53533503376117,229.55048857099365,6.109307964811088,6.899022858012712
73.24034029495913,229.56177815558968,6.085013821095462,6.876443688820626
72.94589675446447,229.5744639791308,6.061834028625446,6.851072041738394
72.65285400628456,229.5856417456104,6.038145908875008,6.828716508779247
72.36073364626097,229.5967606028512,6.014790290308224,6.806478794297622
72.06974835305179,229.60778812020786,5.9913203897663365,6.784423759584295
71.77967465619726,229.61875848842305,5.968180147293116,6.762483023153862
71.490397265786,229.63071615994068,5.945579016025354,6.7385676801186225
71.20252350843998,229.6425077315882,5.9223683497319275,6.714984536823606
70.91560004871013,229.6542010517977,5.899468628121384,6.691597896404569
70.62963040018433,229.66580127771982,5.8768487593050835,6.668397444560331
70.34461161869713,229.67730842757507,5.854492538628763,6.6453831448498395
70.06004789904071,229.68905784471787,5.8333702625453165,6.621884310564287
69.77641389399872,229.7006802115088,5.812495920089567,6.598639576982431
69.49341418243054,229.71224976513398,5.7924366282878275,6.575500469732041
69.21159492826766,229.7238999308033,5.772056010028536,6.552200138393422
68.93067724949576,229.73542704911176,5.751934758289209,6.52914590177648
68.65035686311715,229.74676769593268,5.732657537139314,6.506464608134663
68.37093091397027,229.75797757555785,5.713572181275858,6.484044848884281
67.996232851152,229.7688815573007,5.69499778290124,6.462236885398647
67.62283218210283,229.77900104904714,5.6763704195936295,6.441997901905731
67.25064384852236,229.78891643439673,5.657766276905114,6.422167131206566
66.87945670109858,229.7988398679887,5.639580847624129,6.402320264022581
66.50933413491636,229.80804105361952,5.621661534980011,6.383917892760939
66.1406624580992,229.81600282971795,5.6031290920670065,6.367994340564118
65.867021669982,229.82508296980845,5.5851344528429,6.349834060383077
65.59405030359568,229.83431461934512,5.5675098260852485,6.331370761309781
65.22841243106475,229.84133915956798,5.549636002484804,6.317321680864024
64.86366477619333,229.84837681947036,5.53199756344382,6.303246361059267
64.59277378619083,229.8573061813358,5.5149310437175485,6.285387637328445
64.32265450456424,229.86618646440675,5.49797138633659,6.267627071186487
64.05328794543927,229.8749997375378,5.481146867373794,6.250000524924435
63.78490008177103,229.88385300008258,5.46399281925293,6.232293999834851
63.51609452528328,229.8933291098668,5.449321571617756,6.213341780266384
63.24856491070955,229.90219294532739,5.433684486930108,6.195614109345232
62.9817978947953,229.91113513968105,5.418097720428291,6.177729720637907
62.715895532353606,229.91974628802316,5.402362031650673,6.16050742395369
62.451179906729216,229.92699032345593,5.385809624731208,6.146019353088165
62.18693858072863,229.93412954629335,5.369777494661785,6.131740907413322
61.923320661505294,229.9412513902816,5.35393269870063,6.117497219436834
61.75060851606195,229.94831223393737,5.338252262545032,6.103375532125233
61.48787302015798,229.95616279803443,5.32347615114182,6.08767440393115
61.22546367195757,229.9643225127762,5.309487689085937,6.071354974447627
60.963954464758146,229.97198191165796,5.295129772589634,6.056036176684074
60.70307625546563,229.97958627989863,5.280911936205994,6.040827440202776
60.442904660082554,229.9869479604756,5.266671100855897,6.026104079048845
60.183293743490836,229.9943626589778,5.252677684778984,6.011274682044437
59.92430355125325,230.00173022732713,5.238804634395802,5.9965395453457235
59.666101942765835,230.0086206998897,5.224706065809013,5.982758600220596
59.408382970471365,230.01647310992135,5.210960372422322,5.967053780157282
59.15115087249123,230.0242088076586,5.197631523607808,5.9515823846827995
58.89451847952654,230.03193908508035,5.184462972401002,5.936121829839268
58.63858578197779,230.03943288282167,5.171246528751353,5.921134234356637
58.38303249001858,230.04756667617838,5.158603095056758,5.904866647643241
58.128045270713166,230.05576183640633,5.14619127806379,5.888476327187357
57.873662193305606,230.0638672722595,5.133929513527983,5.872265455480977
57.6199176150602,230.0718893619309,5.121733538941392,5.856221276138221
57.36692235296562,230.07983046037447,5.109370815005129,5.8403390792510494
57.11481247277927,230.08654857543934,5.0965696989525915,5.82690284912131
56.863239969671525,230.09314063277566,5.083933579120757,5.813718734448697
56.61221867864565,230.09969168807658,5.0714151386837365,5.800616623846864
56.36176966830513,230.1062103633805,5.058962774496688,5.78757927323897
56.11206884636048,230.11309818496835,5.046218486765424,5.773803630063297
55.86292647165031,230.11999900497958,5.033610103564487,5.760001990040842
55.6143489303026,230.12694499254812,5.021119529047216,5.746110014903774
55.366338414231066,230.13383514987308,5.008740915410903,5.732329700253834
55.11867044254114,230.14087607663706,4.996912653572594,5.718247846725906
54.87156002848529,230.1480279385437,4.985192277419322,5.703944122912608
54.624661989211106,230.1551868997141,4.974275278993556,5.689626200571801
54.462211426981405,230.1623383807998,4.9634944684443765,5.675323238400365
54.30012822254719,230.16942145756218,4.9527675669587605,5.6611570848756445
54.138409052506624,230.17643725654318,4.9420952572444845,5.647125486913665
53.893455105863744,230.18336790256683,4.932002292062166,5.633264194866346
53.64870101717977,230.19039696320877,4.922638973435225,5.6192060735824665
53.40478452287136,230.19718980515103,4.912703923659591,5.605620389697955
53.161402667701374,230.2039190588744,4.902808570177711,5.592161882251227
52.91858382468262,230.21053391703663,4.892888351823427,5.578932165926771
52.67656147264926,230.21720902113992,4.882466872432421,5.565581957720156
52.43524145328141,230.22354611253937,4.871762136235928,5.552907774921276
52.19435883721433,230.22984934449084,4.86128617840237,5.5403013110183315
51.95398490952552,230.23609915329203,4.8508822895208885,5.527801693415915
51.796420080694666,230.24177263987792,4.839298128188528,5.5164547202441785
51.63917063510327,230.24736570301556,4.827805948203308,5.505268593968899
51.482370673478485,230.25243105134146,4.816129618600642,5.495137897317084
51.32597737550608,230.2575589965448,4.804327968237236,5.48488200691044
51.16987434739891,230.26267463657814,4.79264168609269,5.474650726843704
51.0140443748867,230.26779092585957,4.78110074892128,5.4644181482808625
50.857985599595175,230.27362907675663,4.770704263496575,5.452741846486753
50.702232905500274,230.27941242982504,4.7603905359858185,5.4411751403498965
50.46590965801079,230.28585830070068,4.751341666449373,5.42828339859866
50.23065512485331,230.29181650302797,4.741189482756004,5.41636699394406
49.99588359603198,230.29772571445494,4.731113091285588,5.404548571090122
49.76156239104477,230.30347410988347,4.72116965623753,5.393051780233065
49.52765552566634,230.3091833335183,4.711409805785934,5.381633332963411
49.29374681660052,230.3150514992879,4.702653442560929,5.369897001424215
49.06030231981435,230.3208693433303,4.693935010715814,5.358261313339445
48.82732047750359,230.32664785435642,4.68525112750694,5.346704291287132
48.594807133959556,230.3323767272929,4.6765847900014625,5.335246545414166
48.36297261212574,230.33789925778282,4.667509896509458,5.324201484434334
48.13163103655714,230.34335459855933,4.658398642738432,5.3132908028813555
47.90071564541983,230.34877127134953,4.649380052025145,5.302457457300933
47.670239602289556,230.3541455320418,4.640419749832839,5.291708935916419
47.44035656250199,230.35938638346397,4.631203681496661,5.281227233072063
47.210815417422324,230.3645726298586,4.622233946948752,5.270854740282808
46.98171259085905,230.3697227663341,4.613300785936814,5.260554467331792
46.75295235806079,230.37486864669938,4.6045905329909,5.250262706601232
46.524611907514085,230.37997587161763,4.595937706010155,5.240048256764752
46.296877700417895,230.38513522331445,4.586963029184944,5.2297295533710875
46.069541111462236,230.39023997232715,4.578104063261171,5.219520055345693
45.842630438782805,230.39531276705557,4.569293575279334,5.209374465888845
45.61613433218416,230.4003149927456,4.5605489651339965,5.199370014508805
45.39013132019457,230.40509230126602,4.551703448468825,5.18981539746793
45.164530556702715,230.40983739688463,4.542922650033237,5.180325206230773
44.93931661661205,230.4145441447539,4.534231315519709,5.170911710492187
44.71458290896875,230.41835734174984,4.525434762949203,5.163285316500296
44.49021352224769,230.42216150579858,4.516686783753391,5.155676988402837
44.26619789805245,230.42596256344325,4.508005327065112,5.14807487311349
44.04252707481181,230.42966386105115,4.499404836606994,5.140672277897707
43.819352571570214,230.43395688268743,4.490569114533414,5.132086234625139
43.59655281320563,230.43822719734803,4.481807631376165,5.123545605303932
43.37412414273715,230.44254656007038,4.473122024737961,5.114906879859246
43.152069276648795,230.4468688416699,4.464507776683743,5.10626231666019
42.93017825452683,230.45174812677973,4.456381651447878,5.096503746440542
42.70868328279014,230.456590674082,4.448307553502406,5.086818651835972
42.4875856341751,230.46139618749734,4.44027702198363,5.0772076250053155
42.26689920086584,230.46617505983104,4.432256736230923,5.067649880337924
42.04676415184995,230.47074505024938,4.423963389484279,5.058509899501235
41.82700974771818,230.47529210050322,4.415732166563124,5.049415798993576
41.60763414195468,230.47980912756606,4.4075616423552555,5.040381744867863
41.38863484003718,230.4842963897936,4.399451097804771,5.031407220412805
41.16989037440396,230.48876798038944,4.391637818501415,5.022464039221115
40.95143921277127,230.49333326927209,4.38402912494744,5.013333461455833
40.73328797717279,230.49789167323797,4.3766106502280495,5.00421665352404
40.515505676345505,230.50241682120208,4.369234594885398,4.995166357595856
40.29810773373261,230.50689774303729,4.361864982265082,4.986204513925448
40.08126600929225,230.511225594435,4.35415367186557,4.977548811130016
39.86478087597781,230.51552254895515,4.3465021100675125,4.968954902089701
39.64867483552315,230.51974646486187,4.338859549680258,4.960507070276283
39.43292182213848,230.52394364306448,4.33127089994183,4.952112713871032
39.21751960370718,230.52811430585908,4.323735548638717,4.943771388281848
39.00249443132921,230.53217681142863,4.31619596720537,4.935646377142755
38.787810986250236,230.53622302837098,4.3087129423601676,4.92755394325806
38.573468484161104,230.54024628868135,4.30128381059598,4.919507422637332
38.35945306088255,230.5442975333837,4.2939315762777905,4.911404933232584
38.14595541442311,230.54835191229077,4.286273748967765,4.903296175418487
37.93280233726937,230.55238452665995,4.278671723160866,4.895230946680123
37.71999178999093,230.5563939802448,4.271124873010741,4.88721203951039
37.43539871040196,230.56050902479467,4.2637343471894615,4.878981950410639
37.151265060225995,230.56459996078368,4.256408605479216,4.8708000784326195
36.86758428669014,230.56869226461816,4.249153613707364,4.862615470763663
36.584337311793576,230.57287038576473,4.242003163181728,4.854259228470538
36.30155898792044,230.57701937453515,4.234891484934963,4.845961250929702
36.01924234075487,230.58113955947752,4.227826432280668,4.837720881044961
35.73738064856573,230.58523182074566,4.2208148907697955,4.829536358508668
35.45590355858931,230.5893761898891,4.2139906758199475,4.821247620221787
35.17489063257713,230.59349083136235,4.2071891168560445,4.813018337275286
34.89433045899109,230.5975766526427,4.200427900963475,4.804846694714653
34.61408305729633,230.60171101291155,4.193980832146144,4.796577974176911
34.33427945858762,230.60581454753006,4.187571732717904,4.7883709049398755
34.05492466521237,230.60988953130254,4.181184345348397,4.780220937394932
33.77600792903438,230.61393612397592,4.174835237344219,4.77212775204815
33.497800924295746,230.61771152752755,4.16797508931647,4.7645769449449045
33.220023786254906,230.6214634008479,4.16116276429122,4.757073198304234
32.94267438552908,230.62519248281865,4.15439654011192,4.74961503436272
32.6657500831895,230.62889895960382,4.147675915644496,4.742202080792372
32.38924374126904,230.63253487871248,4.141009443010787,4.734930242575031
32.11315402678739,230.63614961098418,4.13438757278455,4.7277007780316715
31.83747848661671,230.63973984705635,4.127809727180121,4.720520305887302
31.561917706482934,230.64358504004824,4.121868877541979,4.71282991990351
31.286774391321597,230.64740422035692,4.115950394502953,4.705191559286168
31.01203343779286,230.65121570743455,4.110079828488179,4.697568585130902
30.737703417658704,230.65500140732263,4.1042360131275135,4.6899971853547475
30.533323369343407,230.65851215102072,4.097750999185063,4.682975697958543
30.3292414258311,230.6620005117426,4.091307810038216,4.675998976514794
30.12545468712582,230.66547817252643,4.084908154997414,4.669043654947142
29.921962325562365,230.6689359909883,4.078550602658472,4.662128018023379
29.718733480334425,230.67247585875467,4.072293006754291,4.655048282490686
29.515799442671714,230.67599362076862,4.066075608587925,4.648012758462783
29.31286442400177,230.67947098792555,4.060485998415103,4.6410580241488955
29.110235899616367,230.68291773500272,4.0548752993669455,4.6341645299945595
28.90788498170543,230.68634278235882,4.049299454336992,4.627314435282353
28.70581328092634,230.68974644393253,4.043751549946139,4.620507112134922
28.504022482775238,230.69312903175265,4.038224884554766,4.613741936494722
28.302436852119673,230.6965102207046,4.03286794882843,4.606979558590829
28.101153459070765,230.69982802426495,4.02747831627573,4.6003439514701085
27.900157273247807,230.70311730331628,4.022081726371982,4.593765393367472
27.699499998540364,230.7063895440071,4.016572453960137,4.587220911985827
27.499124083941258,230.7096271037515,4.011069431977582,4.580745792497018
27.299015821070267,230.712845314122,4.005596552509784,4.574309371755972
27.099236567325438,230.71590156738893,4.00002785337567,4.568196865222135
26.899716689951916,230.71894171971974,3.994492146883337,4.562116560560521
26.700447242893564,230.72196624193063,3.9890042428472006,4.556067516138717
26.50143417049962,230.7249748091828,3.9835485023628228,4.550050381634376
26.302685805749256,230.7278531210968,3.9781052305688047,4.544293757806366
26.104205772320547,230.73062218284565,3.972654471082262,4.538755634308685
25.905969230252023,230.7333799709383,3.967236107060033,4.533240058123414
25.70797650198187,230.73612475487678,3.9618468892904994,4.527750490246445
25.510224957545603,230.73885834203935,3.9564894686087912,4.522283315921294
25.312694579398297,230.74156238535704,3.951201311619127,4.516875229285935
25.115401578673435,230.7442554450596,3.9459439213146927,4.5114891098808325
24.91834485454887,230.7469375401846,3.940717000120128,4.506124919630807
24.721522934468773,230.749610043812,3.9355210099707967,4.50077991237598
24.524935157552544,230.7522715967182,3.9303548948609044,4.4954568065636105
24.32858937805407,230.7548485359336,3.9252004928887807,4.490302928132786
24.132472426587434,230.75741599464405,3.920075715034406,4.48516801071188
23.93658329274413,230.75997397038108,3.9149802776589393,4.480052059237856
23.7409209708791,230.76252246244434,3.909913900963154,4.474955075111333
23.54548446013412,230.76506147183844,3.9048763089221508,4.469877056323105
23.350286275362272,230.76755461720956,3.8998402074151644,4.464890765580879
23.15531070301307,230.7700390425603,3.8948326896162757,4.459921914879376
22.960556786137055,230.77251473816878,3.889853485669345,4.454970523662445
22.7660235720107,230.7749816961002,3.8849023292946456,4.4500366077995945
22.571710112163704,230.77743991014674,3.879978957730257,4.445120179706515
22.377623041979234,230.77984260310637,3.875067952524727,4.440314793787265
22.183766089873323,230.78219538540895,3.8701561030620124,4.435609229182112
21.990122757826065,230.7845410971862,3.865271808408922,4.430917805627575
21.796692183528595,230.78687970646521,3.860414812401964,4.426240587069549
21.60347350768034,230.78921118332624,3.8555848621506197,4.421577633347505
21.410465874031402,230.79153549984255,3.8507817079884052,4.416929000314892
21.217722739332288,230.7937922419037,3.8458964836058467,4.4124155161926195
21.025188209089283,230.79604317496637,3.841038645848629,4.4079136500672425
20.83286148089994,230.79828824914975,3.836207944368547,4.403423501700514
20.640741754511936,230.80052741682655,3.8314041318461927,4.398945166346914
20.448828231876117,230.8027606325642,3.8266269639516763,4.394478734871596
20.19245466564706,230.80530503066146,3.8218181044055646,4.389389938677096
19.93637953943804,230.80783823064277,3.817035906826668,4.384323538714438
19.680605472769766,230.8103498654654,3.8122720357079234,4.379300269069199
19.4251265670318,230.81285062154623,3.8075344420139015,4.374298756907521
19.169941424285856,230.81534054567337,3.802822889386528,4.369318908653252
18.915048655580847,230.8178196850387,3.798137144427548,4.364360629922585
18.66044285886528,230.82031701727993,3.793485020734816,4.359365965440132
18.40612827011057,230.82280312244592,3.7888581443427456,4.354393755108141
18.152103496115412,230.82527805946813,3.784256292175225,4.349443881063721
17.89836715310306,230.8277418873492,3.779679243900963,4.344516225301598
17.644917979536825,230.83025039541693,3.7751265561358234,4.339499209166174
17.391757973079915,230.8327469296015,3.7705982060550967,4.33450614079696
17.138885717201845,230.83523156823992,3.7660939829257525,4.329536863520188
16.886299805715442,230.83770438925114,3.7616136785411105,4.324591221497732
16.63399218222659,230.84020694492696,3.7571704081078012,4.319586110146093
16.381970353770303,230.84269704858824,3.7527504658382886,4.31460590282355
16.130232899790446,230.84517479321104,3.748353654500128,4.30965041357789
15.87877841066983,230.84764027095562,3.743979779146701,4.304719458088734
15.627561444353743,230.8501243610404,3.7397167336225543,4.299751277919228
15.376624450476445,230.8525956923841,3.7354748167755703,4.294808615231752
15.125966041590221,230.85505437011926,3.7312538682014362,4.289891259761487
14.875551019367975,230.8575101940493,3.7271213725629053,4.284979611901431
14.625410933238312,230.85995346456346,3.723008205247159,4.2800930708731055
14.3755444501278,230.8623842850441,3.718914238021557,4.275231429911793
14.125950247067378,230.86480275770646,3.7148393434713927,4.270394484587079
13.876612419890954,230.86720206862316,3.7108125774057754,4.265595862753674
13.627543103792725,230.8695893037199,3.706804209639953,4.260821392560227
13.378741019848132,230.87196456102953,3.702814122443717,4.256070877940924
13.13020489863748,230.87432793749272,3.698842198767536,4.251344125014558
12.881925276000635,230.876690408187,3.6949047305543172,4.246619183626044
12.633909457557667,230.87904107853,3.690984784956913,4.241917842939998
12.38615620357774,230.8813800436709,3.687082256148586,4.237239912658218
12.13866428337356,230.88370739770536,3.683197038784585,4.23258520458926
11.89144479288317,230.88602517554364,3.6793043926773215,4.227949648912726
11.644484915182984,230.88833150690175,3.6754292418553134,4.223336986196521
11.39778343589318,230.8906264829891,3.6715714753506274,4.218747034021826
11.151339149510619,230.89291019401878,3.6677309828539095,4.214179611962409
10.905117824061632,230.89519127763506,3.6639737252432276,4.209617444729875
10.659150314247904,230.89746119511534,3.6602323304908153,4.205077609769311
10.413435462643957,230.89972003478343,3.6565067131768823,4.200559930433146
10.167972119939082,230.90196788400428,3.652796788065795,4.196064231991452
9.922750159198742,230.904208067238,3.649120441452885,4.191583865524032
9.677777220541065,230.90643740338913,3.645459290484895,4.187125193221721
9.433052184196768,230.90865597734543,3.6418132567395185,4.182688045309141
9.188573938113683,230.91086387308337,3.638182261899298,4.178272253833229
8.944341977609957,230.91305881581377,3.6345650283258135,4.173882368372465
8.700184614001065,230.91528823433555,3.6313024464935495,4.169423531328896
8.456271782891104,230.91749462763804,3.628036177060811,4.165010744723903
8.212607256612086,230.91969496381864,3.6247560601447764,4.160610072362731
7.969179260347478,230.92188481631035,3.6214857835515146,4.156230367379269
7.726042520378005,230.92405786371503,3.618113965693905,4.151884272569913
7.483142699827505,230.92622059445625,3.6147537089426787,4.147558811087471
7.240478801869229,230.92837308718234,3.6114049879728447,4.143253825635304
6.998049835732611,230.93051541973406,3.6080677766977787,4.138969160531852
6.755819371154095,230.93266408760766,3.6048129393169646,4.134671824784693
6.513821222600834,230.9348026402366,3.6015683513921024,4.130394719526794
6.272054439201598,230.93693115356618,3.5983340048648884,4.126137692867636
6.030518075534383,230.9390497027854,3.5951098906816865,4.121900594429178
5.850069282552736,230.94102847720904,3.5916367318451026,4.117943045581925
5.669788230881167,230.94299862717045,3.5881789613372854,4.114002745659076
5.489705995734479,230.9448717802616,3.5846728874139986,4.110256439476818
5.309787167922703,230.94673797663853,3.58118263697047,4.106524046722956
5.130031102407821,230.94859724631118,3.5777080929262155,4.10280550737761
4.95043715775478,230.95044961933283,3.5742491394084563,4.099100761334319
4.77100358845525,230.95232114349974,3.5708078770507297,4.095357713000526
4.5917320382048965,230.9541854424396,3.5673819475978816,4.091629115120777
4.412639824531993,230.95597999663767,3.5639353074225166,4.088040006724697
4.233706130601476,230.9577684136067,3.5605041050154522,4.084463172786636
4.054930356854318,230.95955071254005,3.5570882271022644,4.080898574919883
3.876311906767429,230.96132691283535,3.55368756155928,4.077346174329297
3.697850186842995,230.96309703408505,3.550301997398794,4.0738059318299085
3.519535878950277,230.96490208938297,3.546948880049226,4.070195821234032
3.3413786849058376,230.96670047135663,3.5436104919469753,4.066599057286748
3.1633779935593127,230.9684922104602,3.5402867271419605,4.063015579079588
2.9855331971909544,230.97027733712687,3.5369774807440417,4.0594453257462595
2.8078436914920566,230.97205588176394,3.533682648909356,4.055888236472132
2.630308875545378,230.9738278747483,3.530402128826863,4.0523442505033795
2.452838123609098,230.9757015799139,3.5273158750980613,4.048596840172181
2.275522923342139,230.97756722859168,3.524241021876146,4.044865542816618
2.0983626531510797,230.97942487708514,3.5211775156165914,4.041150245829716
1.9213566953008971,230.9812745811561,3.518125302862064,4.03745083768778
1.744504435884386,230.98311639603145,3.5150843302491435,4.033767207937097
1.5678052647918543,230.98495037640959,3.512054544514785,4.030099247180822
1.3913170509465842,230.98675043056343,3.5089189419715465,4.02649913887312
1.2149813264689873,230.98854297974768,3.505796394027837,4.02291404050462
1.0387974726443965,230.99032807450914,3.502686813033893,4.01934385098173
0.8627648748153232,230.99210576493212,3.4995901121369526,4.01578847013575
0.6868829223453299,230.99387610064386,3.4965062052722167,4.012247798712266
0.5111412695717021,230.99554372381155,3.49345448517714,4.008912552376902
0.3355442043810646,230.9972053585806,3.4904152843361986,4.0055892828387885
0.21897840394228085,230.9989658162489,3.487591688425555,4.0020683675022175
0.0435591896345664,231.0006959713224,3.4847966733604188,3.9986080573552125
-0.13173258847035063,231.00242169300617,3.4820419474856887,3.9951566139876626
-0.30688229076891016,231.00414042897793,3.4792958825001983,3.991719142044128
-0.42325351940454037,231.00582083701102,3.476869191416468,3.9883583259779467
-0.5984999071799522,231.00755658360626,3.474881073949045,3.9848868327874754
-0.773617698106837,231.00928560849175,3.4728926484919453,3.9814287830164985
-0.9486072343204421,231.01100794891013,3.470903991423997,3.977984102179748
-1.1234688574813647,231.01272364192442,3.4689151779008593,3.974552716151154
-1.2982029087600617,231.0144327244167,3.466926281867771,3.971134551166572
-1.4138546722690846,231.01608205082564,3.4640947782732496,3.967835898348723
-1.5294152657642055,231.0177249193559,3.4612738719530265,3.9645501612881993
-1.6448850287442107,231.0193613711017,3.4584635021519814,3.9612772577966213
-1.7278318042682148,231.02099144679835,3.4556636085364296,3.958017106403302
-1.7264250036526008,231.0226152944724,3.4528500073052015,3.954769411055226
-1.7250195299927114,231.02414033477572,3.4500390599854227,3.951719330448538
-1.7236215116929943,231.02574068051845,3.4472430233859885,3.9485186389631215
-1.7222288488926243,231.02733490540817,3.4444576977852486,3.9453301891836747
-1.7208415083562623,231.0289230472967,3.4416830167125245,3.9421539054066015
-1.7194472642503926,231.0303376804452,3.4388945285007853,3.9393246391095755
-1.7180584086096589,231.0317485094492,3.4361168172193177,3.93650298110161
-1.716678097772738,231.03315928769433,3.433356195545476,3.9336814246113305
-1.7153030834949858,231.0345662092108,3.4306061669899717,3.930867581578399
-1.713938570195592,231.03607057927874,3.427877140391184,3.9278588414425117
-1.712579229272526,231.0375698149619,3.425158458545052,3.924860370076177
-1.7112250285190864,231.0390639409793,3.422450057038173,3.9218721180414082
-1.7098759360080837,231.0405529819438,3.4197518720161675,3.918894036112421
-1.7085319200886886,231.04203696236158,3.417063840177377,3.915926075276837
-1.7071929493833262,231.0435159066316,3.4143858987666524,3.9129681867368107
-1.7058589927846126,231.04498983904497,3.4117179855692252,3.910020321910075
-1.704530019452335,231.04645878378454,3.40906003890467,3.9070824324309124
-1.703205998810473,231.04792276492446,3.406411997620946,3.9041544701510547
-1.7018869005442632,231.04938180642975,3.4037738010885263,3.9012363871405076
-1.7005726945973005,231.05083593215585,3.401145389194601,3.8983281356883115
-1.6992633511686837,231.0522851658484,3.3985267023373673,3.8954296683032323
-1.6979588407101975,231.0537295311428,3.395917681420395,3.8925409377143896
-1.6966591339235348,231.0551690515641,3.3933182678470697,3.8896618968718224
-1.695356434720216,231.05649750422901,3.390712869440432,3.887004991541971
-1.694058551304443,231.05782247877676,3.388117102608886,3.884355042446492
-1.6927654542152208,231.05914398055165,3.3855309084304417,3.8817120388967
-1.6914771142414688,231.06046201505129,3.3829542284829377,3.8790759698974013
-1.6901935024193784,231.06177658792225,3.3803870048387568,3.876446824155476
-1.688914590029801,231.06308770495585,3.377829180059602,3.873824590088277
-1.6876403485956681,231.06439537208408,3.3752806971913363,3.871209255831851
-1.6863707498794391,231.0656995953755,3.3727414997588783,3.868600809248989
-1.6851057658805826,231.06700038103145,3.370211531761165,3.8659992379371015
-1.6838453688330846,231.06829773538203,3.367690737666169,3.8634045292359307
-1.6825895312029868,231.06959166488244,3.3651790624059736,3.860816670235097
-1.6813382256859555,231.07088217610925,3.362676451371911,3.8582356477814845
-1.6801420564724692,231.07233110433688,3.3602841129449383,3.8553377913262263
-1.6789496333651008,231.0737747877427,3.3578992667302017,3.852450424514591
-1.6777609410577767,231.0752132573594,3.3555218821155535,3.8495734852812094
-1.67657596427425,231.07664654396658,3.3531519285485,3.846706912066844
-1.675394687769262,231.07807467809343,3.350789375538524,3.8438506438131284
-1.6742170963296654,231.07949769002133,3.348434192659331,3.8410046199573675
-1.6730431747755081,231.0809156097863,3.3460863495510162,3.838168780427407
-1.671872907961081,231.08232846718172,3.343745815922162,3.8353430656365664
-1.6707062807759274,231.0837362917607,3.341412561551855,3.832527416478634
-1.669543278145819,231.08513911283853,3.339086556291638,3.8297217743229277
-1.6683838850336963,231.0865369594953,3.3367677700673926,3.826926081009413
-1.667228086440575,231.08792986057804,3.33445617288115,3.824140278843886
-1.6660758674064209,231.0893178447034,3.3321517348128418,3.8213643105932147
-1.6649272130109918,231.0907009402597,3.3298544260219836,3.818598119480638
-1.6637821083746487,231.09207917540942,3.3275642167492974,3.8158416491811242
-1.6626405386591372,231.09345257809161,3.3252810773182744,3.8130948438167875
-1.661502489068339,231.09482117602383,3.323004978136678,3.810357647952361
-1.6603679448489943,231.09618499670464,3.3207358896979886,3.807630006590722
-1.6592368912913977,231.09754406741575,3.3184737825827955,3.8049118651684775
-1.658109313730065,231.0988984152242,3.31621862746013,3.8022031695516003
-1.6569851975443755,231.10024806698445,3.313970395088751,3.7995038660311184
-1.6558645281591868,231.10159304934058,3.3117290563183737,3.79681390131886
-1.654747291045426,231.1029333887284,3.309494582090852,3.794133222543247
-1.6536334717206551,231.10426911137742,3.3072669434413102,3.79146177724514
-1.6525230557496149,231.10560024331312,3.3050461114992298,3.7887995133737378
-1.6514160287447424,231.10692681035874,3.3028320574894847,3.78614637928252
-1.6503123763666685,231.10824883813737,3.300624752733337,3.7835023237252434
-1.6492120843246934,231.109566352074,3.2984241686493867,3.780867295851986
-1.648115138377239,231.1108793773974,3.296230276754478,3.778241245205237
-1.6470215243322828,231.112187939142,3.2940430486645655,3.775624121716034
-1.6459312280477696,231.11349206214993,3.291862456095539,3.7730158757001475
-1.6448442354320054,231.11479177107284,3.289688470864011,3.770416457854312
-1.6437605324440314,231.11608709037375,3.287521064888063,3.7678258192524985
-1.6426801050939783,231.1173780443289,3.2853602101879567,3.7652439113422345
-1.641602939443405,231.1186646570295,3.28320587888681,3.7626706859409675
-1.640529021605617,231.11994695238377,3.281058043211234,3.7601060952324685
-1.63945833774597,231.12122495411836,3.27891667549194,3.757550091763283
-1.6383908740821556,231.12249868578039,3.276781748164311,3.75500262843922
-1.6373266168844711,231.12376817073905,3.2746532337689422,3.7524636585218842
-1.6362655524760736,231.12503343218737,3.2725311049521473,3.749933135625247
-1.635207667233219,231.12629449314386,3.270415334466438,3.7474110137122616
-1.6341523310294714,231.1275527240524,3.268304662058943,3.7448945518951864
-1.6330941401902672,231.12881107503333,3.2661882803805344,3.742377849933366
-1.6320391404449859,231.13006525506646,3.2640782808899718,3.739869489867068
-1.6309873178823628,231.13131528679662,3.2619746357647257,3.7373694264067647
-1.6299386586509668,231.1325611926993,3.2598773173019335,3.734877614601393
-1.6288931489592788,231.13380299508245,3.2577862979185577,3.7323940098351276
-1.6278507750757623,231.1350407160879,3.2557015501515245,3.7299185678242
-1.626811523328919,231.13627437769313,3.253623046657838,3.727451244613748
-1.6257753801073374,231.13750400171264,3.2515507602146747,3.724991996574707
-1.6247423318597265,231.13872960979964,3.249484663719453,3.72254078040073
-1.6237123650949443,231.1399512234474,3.2474247301898886,3.7200975531051537
-1.6226854663820134,231.141168863991,3.2453709327640268,3.7176622720179875
-1.6216616223501272,231.14238255260852,3.2433232447002545,3.7152348947829457
-1.6206408196886475,231.14359231032276,3.241281639377295,3.7128153793545087
-1.6196230451470932,231.1447981580025,3.2392460902941864,3.7104036839950214
-1.6186082855351203,231.1460001163641,3.2372165710702405,3.7079997672718212
-1.6175965277224933,231.1471982059728,3.2351930554449866,3.7056035880544003
-1.6165877586390482,231.1483924472442,3.2331755172780965,3.7032151055116005
-1.6155819652746481,231.14958286044558,3.2311639305492963,3.700834279108839
-1.6145791346791312,231.15076946569732,3.2291582693582623,3.698461068605366
-1.6135792539622498,231.15195228297424,3.2271585079244995,3.696095434051551
-1.6125823102936052,231.1531313321069,3.2251646205872104,3.6937373357862047
-1.6115882909025727,231.15430663278303,3.2231765818051454,3.6913867344339257
-1.6105971830782213,231.15547820454876,3.2211943661564426,3.689043590902479
-1.6096089741692274,231.1566460668099,3.219217948338455,3.6867078663802033
-1.6086246493067227,231.15780691681252,3.2172492986134453,3.6843861663749475
-1.607643199937331,231.15896411657405,3.215286399874662,3.6820717668518834
-1.606664613483512,231.16011768492848,3.213329226967024,3.679764630143051
-1.605688877429057,231.16126764057597,3.211377754858114,3.6774647188480616
-1.6047159028263556,231.1624138322571,3.209431805652711,3.675172335485779
-1.6037457551692311,231.16355644927472,3.2074915103384622,3.672887101450546
-1.6027784221038321,231.16469550992713,3.2055568442076643,3.6706089801457153
-1.601813891337302,231.16583103238372,3.203627782674604,3.668337935232552
-1.600852150637599,231.16696303468603,3.201704301275198,3.666073930627915
-1.5998931878333156,231.168091534749,3.199786375666631,3.66381693050197
-1.598936990813491,231.16921655036202,3.197873981626982,3.661566899275926
-1.5979835475274213,231.1703380991901,3.1959670950548427,3.6593238016197964
-1.5970328459844676,231.1714561987749,3.194065691968935,3.657087602450183
-1.5960848742538576,231.17257086653595,3.192169748507715,3.6548582669280862
-1.5952162002476578,231.17369073934717,3.1904324004953155,3.6526185213056515
-1.5943664251056826,231.17479828026828,3.188732850211365,3.650403439463466
-1.5935546687528963,231.1759113439682,3.1871093375057926,3.6481773120635674
-1.592744313792196,231.1770210668178,3.185488627584392,3.645957866364443
-1.5919353622341275,231.17812746481542,3.183870724468255,3.643745070369156
-1.591050011327316,231.17922669500444,3.182100022654632,3.641546609991101
-1.5901668203677086,231.18032260404772,3.1803336407354172,3.6393547919045397
-1.5893398934604328,231.18141234910152,3.1786797869208656,3.6371753017969586
-1.5885146024700203,231.18249885043656,3.1770292049400406,3.63500229912686
-1.5876816617600182,231.18358206644675,3.1753633235200365,3.632835867106522
-1.58685044246823,231.18466206457617,3.17370088493646,3.6306758708476305
-1.5860209428923344,231.18573886034042,3.172041885784669,3.628522279319152
-1.5851931612738284,231.18681246915475,3.1703863225476567,3.626375061690526
-1.584367095799228,231.18788290633495,3.168734191598456,3.6242341873301243
-1.5835015112572433,231.18895356685564,3.1670030225144865,3.622092866288691
-1.5827200987001273,231.19002537626292,3.1654401974002546,3.6199492474741666
-1.5819399994164645,231.1910940500898,3.163879998832929,3.617811899820408
-1.5811612152439571,231.19215960295588,3.1623224304879143,3.6156807940882385
-1.5803837479337584,231.19322204939314,3.1607674958675167,3.6135559012137
-1.5796075991518694,231.19428140384653,3.159215198303739,3.611437192306934
-1.5788327704805163,231.19533768067447,3.1576655409610326,3.609324638651067
-1.5780592634195083,231.19639089414946,3.1561185268390166,3.6072182117011016
-1.5772870793875802,231.1974410584586,3.1545741587751603,3.6051178830828072
-1.5765162197237124,231.19848818770419,3.1530324394474247,3.6030236245916214
-1.5757040936293791,231.19952359041173,3.1514081872587583,3.60095281917653
-1.5749190209348782,231.2005648738752,3.1498380418697565,3.5988702522495752
-1.5741354251019568,231.2016031508604,3.1482708502039136,3.5967936982792037
-1.5733121611151009,231.20264126169104,3.1466243222302017,3.5947174766179053
-1.5724907437039328,231.20367635412813,3.1449814874078657,3.5926472917437255
-1.5716845694627424,231.2046985261658,3.1433691389254848,3.590602947668385
-1.570880136653455,231.20571776596324,3.14176027330691,3.5885644680735176
-1.5700774420509345,231.20673408724886,3.140154884101869,3.586531825502302
-1.5691857857716232,231.20758379077995,3.1383715715432463,3.584832418440116
-1.5682966748669631,231.20843207708796,3.1365933497339262,3.5831358458240636
-1.5674100975814298,231.2092789449208,3.1348201951628596,3.5814421101583913
-1.5665260422305234,231.21012439310275,3.1330520844610468,3.5797512137945153
-1.5656444972002972,231.21096842053328,3.1312889944005944,3.5780631589334404
-1.5647654509468882,231.21181102618593,3.1295309018937765,3.57637794762815
-1.5638888919960492,231.212652209107,3.1277777839920984,3.574695581785963
-1.5630148089426845,231.21349196841456,3.126029617885369,3.5730160631708614
-1.5621431904503873,231.21433030329712,3.1242863809007746,3.5713393934057858
-1.561274025250979,231.21516721301256,3.122548050501958,3.569665573974901
-1.5604073021440517,231.21600269688707,3.1208146042881033,3.567994606225834
-1.5595430099965133,231.21683675431407,3.1190860199930266,3.5663264913718784
-1.5586811377421343,231.21766938475292,3.1173622754842687,3.564661230494173
-1.557821674381097,231.21850058772807,3.115643348762194,3.56299882454385
-1.556964608979548,231.21933036282792,3.113929217959096,3.561339274344154
-1.5561099306691517,231.22015870970372,3.1122198613383034,3.559682580592535
-1.5552576286466488,231.22098562806863,3.1105152572932977,3.5580287438627107
-1.554407692173415,231.22181111769666,3.10881538434683,3.556377764606704
-1.553560110575022,231.22263517842157,3.107120221150044,3.5547296431568496
-1.5527148732408043,231.22345781013613,3.1054297464816085,3.553084379727777
-1.5518719696234236,231.22427901279082,3.103743939246847,3.551441974418365
-1.5510313892384402,231.22509878639318,3.1020627784768804,3.5498024272136717
-1.550193121663885,231.22591713100658,3.10038624332777,3.548165737986834
-1.5493571565398327,231.22673404674953,3.0987143130796655,3.546531906500947
-1.5485234835679809,231.22754953379453,3.0970469671359617,3.5449009324109135
-1.547692092511228,231.22836359236737,3.095384185022456,3.5432728152652713
-1.5468629731932573,231.229176222746,3.0937259463865145,3.541647554507993
-1.5460361154981201,231.22998742525988,3.0920722309962403,3.5400251494802633
-1.545211509369825,231.2307972002889,3.09042301873965,3.538405599422232
-1.5443891448119265,231.23160554826262,3.088778289623853,3.53678890347474
-1.5435690118871177,231.2324124696595,3.0871380237742354,3.5351750606810253
-1.5427511007168262,231.2332179650058,3.0855022014336524,3.533564069988404
-1.541935401480811,231.23402203487504,3.083870802961622,3.5319559302499273
-1.541121290898733,231.23480062618341,3.082242581797466,3.5303987476331753
-1.5403102285272803,231.2355948378858,3.0806204570545606,3.528810324228416
-1.5395013450864357,231.23638768168854,3.0790026901728713,3.527224636622894
-1.5386946310367688,231.23717915788419,3.0773892620735377,3.525641684231609
-1.5378900768943997,231.23796926681223,3.0757801537887994,3.5240614663755494
-1.537087673230624,231.23875800885835,3.074175346461248,3.522483982283265
-1.5362874106715452,231.23954538445378,3.0725748213430903,3.520909231092427
-1.5354892798977045,231.24033139407433,3.070978559795409,3.5193372118513615
-1.5346932716437163,231.2411160382397,3.0693865432874325,3.5177679235205663
-1.5338993766979039,231.2418993175129,3.0677987533958078,3.516201364974205
-1.533107585901939,231.24268123249922,3.066215171803878,3.5146375350015826
-1.532317890150482,231.2434617838457,3.064635780300964,3.5130764323085963
-1.5315302803908255,231.24424097224042,3.063060560781651,3.511518055519173
-1.5307447476225409,231.24501879841165,3.0614894952450817,3.509962403176683
-1.5299612828971243,231.24579526312732,3.0599225657942486,3.508409473745336
-1.529179877317648,231.2465703671942,3.058359754635296,3.506859265611557
-1.5284005220384125,231.24734411145732,3.056801044076825,3.5053117770853426
-1.5276232082646013,231.24811649679918,3.0552464165292026,3.503767006401603
-1.526847927251937,231.24888752413926,3.053695854503874,3.5022249517214785
-1.526074670306341,231.24965719443318,3.052149340612682,3.500685611133645
-1.5253034287835954,231.2504255086722,3.0506068575671907,3.4991489826555964
-1.5245341940890047,231.25119246788253,3.0490683881780094,3.4976150642349118
-1.5237669576770636,231.25195807312474,3.047533915354127,3.4960838537505037
-1.5230017110511245,231.25272232549307,3.046003422102249,3.4945553490138512
-1.5222384457630664,231.2534852261149,3.044476891526133,3.4930295477702127
-1.5214771534129694,231.2542467761501,3.042954306825939,3.4915064476998245
-1.5207178256487877,231.25500697679047,3.0414356512975753,3.4899860464190806
-1.5199604541660268,231.25576582925916,3.0399209083320535,3.488468341481699
-1.5192050307074232,231.25652333481005,3.0384100614148464,3.4869533303798685
-1.5184515470626248,231.2572794947273,3.0369030941252495,3.485441010545381
-1.517699995067875,231.25803431032463,3.03539999013575,3.483931379350748
-1.5169503666056972,231.25878778294484,3.0339007332113943,3.4824244341103006
-1.5162026536045834,231.25953991395937,3.032405307209167,3.4809201720812757
-1.515454210555437,231.26026947820353,3.030908421110874,3.4794610435929383
-1.5147106177486978,231.26103026534267,3.0294212354973955,3.4779394693146823
-1.5139689188035015,231.26178962565567,3.027937837607003,3.4764207486886782
-1.5132291057809302,231.26254756137294,3.0264582115618603,3.474904877254114
-1.5124911707873478,231.26330407474427,3.0249823415746957,3.473391850511456
-1.51175401262369,231.26402755863938,3.02350802524738,3.4719448827212362
-1.5110187103361417,231.2647498707302,3.0220374206722833,3.4705002585395954
-1.5102852563111901,231.2654710113107,3.0205705126223803,3.4690579773786285
-1.5095536429767868,231.26619098070938,3.0191072859535737,3.467618038581249
-1.5088238628020876,231.26690977928885,3.017647725604175,3.4661804414222863
-1.508095908297195,231.26762740744522,3.01619181659439,3.464745185109564
-1.5073697720129022,231.2683438656075,3.0147395440258045,3.4633122687849713
-1.506645446540438,231.26905915423725,3.013290893080876,3.461881691525517
-1.505922924511213,231.2697732738278,3.011845849022426,3.4604534523443684
-1.5052021985965673,231.27048622490406,3.0104043971931347,3.4590275501918826
-1.5044832615075219,231.27119800802168,3.0089665230150437,3.4576039839566173
-1.5037661059945266,231.27190862376682,3.0075322119890533,3.456182752466336
-1.5030507248472151,231.2726180727555,3.0061014496944303,3.454763854488993
-1.5023371108941574,231.27332635563315,3.004674221788315,3.453347288733714
-1.5016252570026156,231.27403347307413,3.0032505140052312,3.4519330538517576
-1.5009112655619774,231.27474321522473,3.001822531123955,3.4505135695505564
-1.5001990376339005,231.27545177741715,3.000398075267801,3.449096445165709
-1.4994885661094037,231.27615916047796,2.9989771322188075,3.4476816790440687
-1.498779843917755,231.27686536526062,2.99755968783551,3.446269269478767
-1.4980728640262315,231.27757039264495,2.996145728052463,3.4448592147101182
-1.4973666656386522,231.27827865800185,2.9947333312773043,3.4434426839963037
-1.496662201282853,231.27898571802757,2.993324402565706,3.442028563944865
-1.4959615778329511,231.279678610812,2.9919231556659023,3.4406427783759934
-1.4952627203297764,231.2804015117168,2.9905254406595527,3.4391969765664134
-1.4945655734711853,231.2811230674129,2.9891311469423707,3.437753865174239
-1.4938701303583017,231.28184328032245,2.9877402607166035,3.4363134393551293
-1.4931763841301837,231.28256215287925,2.9863527682603674,3.434875694241485
-1.4924843279635684,231.28327968752848,2.984968655927137,3.4334406249430742
-1.4917957796319468,231.28398675265072,2.9835915592638935,3.432026494698557
-1.4911073792192933,231.28468686409732,2.9822147584385865,3.4306262718053695
-1.4904206423716608,231.28538575426688,2.9808412847433217,3.4292284914662075
-1.4897359986079592,231.2861124309902,2.9794719972159185,3.427775138019636
-1.4890530125831452,231.28683767053735,2.9781060251662903,3.4263246589253034
-1.4883697789155697,231.28752820292826,2.9767395578311393,3.4249435941434645
-1.487688186918129,231.28821755938787,2.975376373836258,3.4235648812242676
-1.4870082301259369,231.2889057412771,2.9740164602518737,3.422188517445841
-1.4863299021083882,231.28959274997547,2.9726598042167764,3.420814500049084
-1.4856531964689423,231.29027858688082,2.9713063929378847,3.4194428262383614
-1.4849781068449077,231.2909632534089,2.9699562136898154,3.4180734931821957
-1.484304626907227,231.29164675099304,2.968609253814454,3.416706498013945
-1.483632750360265,231.29232908108375,2.96726550072053,3.415341837832476
-1.4829624709415965,231.2930102451486,2.965924941883193,3.4139795097028194
-1.4822937824217963,231.29369024467158,2.9645875648435926,3.412619510656828
-1.4816266786042311,231.2943690811531,2.9632533572084623,3.411261837693817
-1.480961153324852,231.2950467561094,2.961922306649704,3.4099064877811998
-1.480297200451988,231.29572327107243,2.960594400903976,3.408553457855113
-1.4796348138861428,231.2963986275895,2.9592696277722856,3.407202744821033
-1.4789739875597898,231.29707282722282,2.9579479751195796,3.4058543455543866
-1.4783147154371719,231.29774587154944,2.9566294308743437,3.4045082569011482
-1.477657329712951,231.29841717422744,2.955314659425902,3.403165651545135
-1.4770001948331144,231.2990741104015,2.954000389666229,3.4018517791970035
-1.4763445948302634,231.29972999703764,2.9526891896605267,3.4005400059247175
-1.4756905238475042,231.30038483499575,2.9513810476950084,3.3992303300085105
-1.4750382419397878,231.301037882262,2.9500764838795757,3.397924235476024
-1.4743881740111766,231.30170957727606,2.948776348022353,3.3965808454478945
-1.4737396210148495,231.30238008952026,2.947479242029699,3.3952398209595107
-1.4730925771337013,231.30304942097285,2.9461851542674027,3.3939011580542684
-1.472447036581026,231.30371757362207,2.944894073162052,3.3925648527558505
-1.4718029936003216,231.30438454946565,2.9436059872006433,3.391230901068715
-1.4711604424650975,231.30505035051073,2.942320884930195,3.3898992989785715
-1.4705193774786829,231.30571497877358,2.9410387549573658,3.3885700424528538
-1.4698797929740366,231.3063784362794,2.939759585948073,3.387243127441184
-1.4692416833135575,231.30704072506208,2.938483366627115,3.385918549875831
-1.4686050428888973,231.3077018471639,2.9372100857777945,3.3845963056721597
-1.4679698661207745,231.30836180463547,2.935939732241549,3.383276390729078
-1.467336147458789,231.30902059953527,2.934672294917578,3.3819588009294734
-1.4667038813812379,231.30967823392967,2.9334077627624757,3.3806435321406445
-1.4660730623949347,231.31033470989263,2.9321461247898695,3.3793305802147255
-1.465443685035027,231.31099002950543,2.930887370070054,3.378019940989106
-1.4648157438648168,231.31164419485657,2.9296314877296337,3.3767116102868426
-1.4641892334755822,231.31229720804146,2.9283784669511643,3.375405583917066
-1.4635641484864004,231.3129490711623,2.9271282969728007,3.374101857675382
-1.4629404835439712,231.31359978632787,2.9258809670879424,3.3728004273442633
-1.4623182333224425,231.3142493556533,2.924636466644885,3.371501288693441
-1.461697392523237,231.31489778125984,2.923394785046474,3.370204437480286
-1.4610779558748797,231.3155450652749,2.9221559117497593,3.3689098694501856
-1.4604599181328266,231.31619120983154,2.920919836265653,3.367617580336916
-1.4598432740792957,231.3168362170685,2.9196865481585914,3.366327565863006
-1.4592280185230977,231.31748008912996,2.9184560370461954,3.3650398217401003
-1.4586141462994688,231.31812282816534,2.9172282925989377,3.3637543436693114
-1.458001652269904,231.31876443632922,2.916003304539808,3.3624711273415704
-1.457390531321993,231.319404915781,2.914781062643986,3.3611901684379717
-1.456780778369256,231.32004426868494,2.913561556738512,3.359911462630111
-1.4561723883509803,231.3206824972098,2.9123447767019606,3.3586350055804184
-1.4555653562320594,231.32131960352876,2.911130712464119,3.357360792942489
-1.4549596770028328,231.3219555898193,2.9099193540056656,3.3560888203614057
-1.454355345678926,231.32259045826297,2.908710691357852,3.354819083474057
-1.4537523573010935,231.32322421104527,2.907504714602187,3.3535515779094536
-1.4531507069350604,231.32385685035547,2.906301413870121,3.352286299289034
-1.4525503896713676,231.32448837838652,2.9051007793427353,3.351023243226971
-1.4519514006252168,231.32511879733477,2.9039028012504335,3.349762405330472
-1.4513537349363164,231.32574810939997,2.9027074698726327,3.348503781200071
-1.4507573877687294,231.32637631678503,2.901514775537459,3.3472473664299223
-1.450162354310722,231.32700342169596,2.900324708621444,3.345993156608085
-1.4495686297746126,231.3276294263416,2.8991372595492253,3.3447411473168045
-1.448976209396623,231.3282543329336,2.897952418793246,3.3434913341327896
-1.4483850884367295,231.32887814368627,2.896770176873459,3.3422437126274858
-1.4477952621785166,231.32950086081632,2.8955905243570332,3.340998278367344
-1.4472067259290304,231.33012248654296,2.894413451858061,3.3397550269140845
-1.446619475018633,231.33074302308754,2.893238950037266,3.338513953824957
-1.4460335048008588,231.3313624726735,2.8920670096017176,3.3372750546529977
-1.4455191995175225,231.33204446286157,2.891038399035045,3.3359110742768245
-1.445005664798654,231.3327249813388,2.890011329597308,3.334550037322392
-1.4444929000225666,231.33340403322202,2.888985800045133,3.333191933555978
-1.444016329942413,231.33407885961478,2.888032659884826,3.3318422807704278
-1.4435144674225426,231.33475880243418,2.8870289348450853,3.33048239513162
-1.4430133045546363,231.3354372883728,2.8860266091092726,3.3291254232544047
-1.4425411319987536,231.33610789461076,2.885082263997507,3.32778421077849
-1.4420694900830169,231.33677709716295,2.8841389801660338,3.3264458056741213
-1.441570167835797,231.33745069889795,2.883140335671594,3.3250986022041076
-1.4410715470944364,231.3381228652081,2.882143094188873,3.323754269583808
-1.440573627599698,231.3387936009805,2.881147255199396,3.322412798039008
-1.4400764090784908,231.33946291108077,2.8801528181569815,3.321074177838443
-1.4395798912440627,231.3401308003532,2.8791597824881254,3.319738399293587
-1.4390840737961912,231.34079727362078,2.8781681475923824,3.318405452758449
-1.4385889564213714,231.34146233568532,2.877177912842743,3.3170753286293633
-1.4380945387930024,231.3421259913276,2.876189077586005,3.315748017344787
-1.4376008205715705,231.34278824530745,2.875201641143141,3.3144235093850916
-1.4371091006612338,231.3434493401327,2.8742182013224675,3.3131013197345953
-1.436618070698349,231.34410904300668,2.873236141396698,3.31178191398664
-1.4361260654150045,231.34476685086412,2.872252130830009,3.3104662982717588
-1.4356347610361175,231.34542327649626,2.871269522072235,3.3091534470074984
-1.435145817514107,231.3460788303888,2.870291635028214,3.3078423392224203
-1.4346575624864786,231.3467330109779,2.869315124972957,3.30653397804415
-1.4341683397293463,231.34738531892847,2.8683366794586926,3.3052293621430433
-1.433679816221361,231.34803626314203,2.867359632442722,3.303927473715913
-1.4332171483832101,231.34868046991568,2.8664342967664203,3.3026390601686586
-1.4327462064650318,231.34932500705528,2.8654924129300636,3.301349985889456
-1.4322758657743044,231.34996821795426,2.864551731548609,3.3000635640914613
-1.4318222172818766,231.35060845127512,2.8636444345637533,3.2987830974497396
-1.4313303090202485,231.35124942170904,2.862660618040497,3.297501156581926
-1.430859848466492,231.3518883352236,2.861719696932984,3.296223329552811
-1.4303900020263993,231.35252593937292,2.8607800040527986,3.2949481212541296
-1.4299207696708827,231.35316223844308,2.8598415393417653,3.293675523113858
-1.4294521513575835,231.35379723670198,2.858904302715167,3.292405526596029
-1.4289841470310405,231.3544309383997,2.857968294062081,3.2911381232005694
-1.4285167566228565,231.35506334776844,2.857033513245713,3.2898733044631325
-1.4280499800518633,231.35569446902252,2.8560999601037267,3.288611061954937
-1.4275838172242854,231.3563243063587,2.855167634448571,3.2873513872826052
-1.427118268033901,231.356952863956,2.854236536067802,3.2860942720879986
-1.4266533323622024,231.35758014597596,2.8533066647244048,3.284839708048057
-1.4261890100785546,231.3582061565627,2.852378020157109,3.283587686874637
-1.425725301040351,231.35883089984281,2.851450602080702,3.2823382003143515
-1.4252622050931696,231.3594543799258,2.850524410186339,3.281091240148411
-1.4247997220709259,231.36007660090377,2.8495994441418517,3.2798467981924615
-1.4243378517960241,231.3606975668518,2.8486757035920482,3.278604866296429
-1.4238765940795084,231.3613172818278,2.847753188159017,3.2773654363443576
-1.4234159487212112,231.36193574987288,2.8468318974424225,3.2761285002542544
-1.4229559155099003,231.36255297501103,2.8459118310198006,3.2748940499779318
-1.4224964942234242,231.36316896124958,2.8449929884468483,3.2736620775008496
-1.4220376846288565,231.36378371257902,2.844075369257713,3.2724325748419605
-1.421579486482638,231.36439723297323,2.843158972965276,3.2712055340535544
-1.421121899530719,231.36500952638946,2.842243799061438,3.2699809472211037
-1.4206649235086972,231.36562059676845,2.8413298470173944,3.268758806463108
-1.4202085581419566,231.36623044803454,2.840417116283913,3.2675391039309423
-1.419752803145804,231.36683908409566,2.839505606291608,3.2663218318087024
-1.4193156383536483,231.36745114151404,2.8386312767072965,3.265097716971924
-1.4188864507110819,231.36806309776725,2.8377729014221638,3.2638738044654922
-1.4184577139026675,231.3686738541316,2.836915427805335,3.262652291736812
-1.418022682996243,231.36928071840182,2.836045365992486,3.2614385631963714
-1.4175881472753682,231.36988639183852,2.8351762945507364,3.26022721632297
-1.4171180404592878,231.3704910114559,2.8342360809185756,3.2590179770882
-1.4166486475617484,231.37109442024155,2.8332972951234967,3.25781115951693
-1.4161799675513411,231.3716966221404,2.8323599351026822,3.2566067557191696
-1.4157092345204294,231.37229625467418,2.831418469040859,3.2554074906516357
-1.4152392321054108,231.37289469086483,2.8304784642108216,3.254210618270364
-1.4147628776204,231.3734902068489,2.8295257552408,3.2530195863021847
-1.414287299279194,231.37408453569518,2.828574598558388,3.2518309286096523
-1.4138484565680038,231.3746740108555,2.8276969131360077,3.2506519782890253
-1.4134101723060322,231.37526234161345,2.8268203446120643,3.2494753167730943
-1.4129768489151118,231.37585277585288,2.8259536978302235,3.2482944482942666
-1.4125440521874701,231.37644206624392,2.8250881043749403,3.2471158675121745
-1.4121117821593607,231.37703021631867,2.8242235643187215,3.2459395673626714
-1.4116800388563087,231.37761722959527,2.8233600777126173,3.244765540809476
-1.4112488222932364,231.37820310957798,2.822497644586473,3.243593780844053
-1.41081813247459,231.37878785975724,2.82163626494918,3.2424242804854986
-1.4103879693944619,231.3793714836098,2.8207759387889237,3.241257032780422
-1.4099583330367134,231.3799539845986,2.8199166660734267,3.2400920308028307
-1.4095292233750962,231.380535366173,2.8190584467501925,3.238929267654012
-1.4091006403733732,231.38111563176878,2.8182012807467465,3.2377687364624195
-1.4086725839854366,231.38169478480822,2.817345167970873,3.2366104303835574
-1.4082450541554268,231.38227282870008,2.8164901083108536,3.235454342599865
-1.407818050817848,231.3828497668397,2.815636101635696,3.2343004663206028
-1.4073915738976843,231.38342560260912,2.8147831477953686,3.233148794781737
-1.4069656233105148,231.38400033937708,2.8139312466210296,3.2319993212458265
-1.406540198962626,231.38457398049906,2.813080397925252,3.2308520390019093
-1.406115300751125,231.3851465293173,2.81223060150225,3.2297069413653894
-1.4056909285640495,231.38571798916104,2.811381857128099,3.228564021677923
-1.4052670822804798,231.38628836334635,2.8105341645609596,3.227423273307307
-1.404843761770646,231.38685765517633,2.809687523541292,3.226284689647367
-1.4044209668960363,231.3874258679411,2.8088419337920727,3.225148264117844
-1.4039986975095051,231.38799300491786,2.8079973950190102,3.2240139901642846
-1.4035769534553777,231.38855906937104,2.8071539069107554,3.22288186125793
-1.403155734569556,231.3891240645522,2.806311469139112,3.2217518708956043
-1.4027350406796208,231.3896879937002,2.8054700813592417,3.220624012599604
-1.4023148716049365,231.3902508600412,2.804629743209873,3.2194982799175893
-1.4018952271567517,231.39081266678878,2.8037904543135035,3.2183746664224744
-1.4014770571723485,231.39137236481704,2.802954114344697,3.2172552703658917
-1.401061435943865,231.3919331029525,2.80212287188773,3.2161337940950405
-1.400646320176993,231.39249279021394,2.801292640353986,3.2150144195721397
-1.4002317097653434,231.39305142975033,2.800463419530687,3.2138971404993333
-1.399817604594221,231.3936090246985,2.799635209188442,3.212781950603025
-1.3994040045407234,231.3941655781831,2.798808009081447,3.211668843633774
-1.3989909094738402,231.3947210933169,2.7979818189476804,3.2105578133661954
-1.3985783192545493,231.39527557320056,2.7971566385090987,3.2094488535988597
-1.3981662337359146,231.39582902092292,2.7963324674718293,3.2083419581541897
-1.3977546527631814,231.39638143956083,2.795509305526363,3.2072371208783617
-1.3973376009206646,231.39693041340553,2.7946752018413292,3.2061391731889426
-1.39690201334984,231.39748204801785,2.79380402669968,3.2050359039642875
-1.3964670731485103,231.398032642178,2.7929341462970205,3.2039347156439835
-1.3960569226283288,231.39857981192645,2.7921138452566576,3.202840376147108
-1.3956472810509584,231.39912597071444,2.7912945621019167,3.2017480585711158
-1.3952381481797074,231.39967112154403,2.7904762963594147,3.200657756911934
-1.3948295237709503,231.40021526740568,2.7896590475419005,3.199569465188627
-1.3944214075742145,231.40075841127836,2.788842815148429,3.198483177443299
-1.394013799332267,231.4013005561295,2.788027598664534,3.1973988877409947
-1.3936066987812001,231.4018417049152,2.7872133975624003,3.196316590169601
-1.3932001056505143,231.40238186058014,2.7864002113010287,3.1952362788397477
-1.3927940196632045,231.40292102605764,2.785588039326409,3.1941579478847113
-1.3923884405358404,231.40345920426984,2.784776881071681,3.1930815914603152
-1.3919833679786497,231.4039963981276,2.7839667359572995,3.1920072037448337
-1.3915788016955999,231.40453261053057,2.7831576033911998,3.190934778938895
-1.3911747413844775,231.4050678443673,2.782349482768955,3.1898643112653846
-1.3907711867369685,231.40560210251533,2.781542373473937,3.1887957949693493
-1.3903681374387367,231.40613538784106,2.7807362748774733,3.1877292243179003
-1.3899655931695023,231.40666770319993,2.7799311863390046,3.1866645936001197
-1.3895635536031186,231.40719905143652,2.779127107206237,3.185601897126964
-1.3891620184076487,231.40772943538443,2.7783240368152975,3.1845411292311705
-1.3887609872454423,231.40825885786643,2.7775219744908846,3.1834822842671606
-1.3883604597732084,231.40878732169452,2.776720919546417,3.1824253566109486
-1.3879604356420918,231.40931482966997,2.7759208712841836,3.181370340660047
-1.3875609144977457,231.4098413845833,2.7751218289954913,3.1803172308333734
-1.3871618959804035,231.41036698921442,2.774323791960807,3.179266021571156
-1.386763379724953,231.41089164633257,2.773526759449906,3.1782167073348444
-1.386365365361006,231.4114153586965,2.772730730722012,3.177169282607014
-1.3859678525129695,231.41193812905436,2.771935705025939,3.1761237418912764
-1.385570840800115,231.4124599601439,2.77114168160023,3.175080079712188
-1.385174329836649,231.41298085469242,2.770348659673298,3.174038290615157
-1.3847783192317802,231.41350081541682,2.7695566384635604,3.1729983691663555
-1.384382808589788,231.4140198450237,2.768765617179576,3.1719603099526257
-1.3839877975100892,231.4145379462093,2.7679755950201783,3.1709241075813943
-1.3835932855873048,231.41505512165972,2.7671865711746095,3.1698897566805786
-1.3831992724113256,231.41557137405076,2.766398544822651,3.1688572518985003
-1.3828057575673771,231.4160867060481,2.7656115151347542,3.167826587903795
-1.3824127406360844,231.41660112030735,2.764825481272169,3.1667977593853234
-1.382020221193536,231.41711461947395,2.764040442387072,3.1657707610520855
-1.381628198811346,231.41762720618343,2.763256397622692,3.1647455876331314
-1.3812366730567176,231.41813888306126,2.762473346113435,3.1637222338774724
-1.3808456434925047,231.418649652723,2.7616912869850094,3.1627006945539957
-1.3804551096772733,231.41915951777432,2.7609102193545465,3.1616809644513784
-1.3800650711653615,231.419668480811,2.760130142330723,3.1606630383779986
-1.3796755275069401,231.42017654441906,2.7593510550138802,3.159646911161852
-1.3792864782480714,231.42068371117477,2.7585729564961428,3.1586325776504656
-1.3788979229307687,231.42118998364458,2.7577958458615375,3.15762003271081
-1.3785098610930544,231.42169536438539,2.757019722186109,3.1566092712292195
-1.3781222922690166,231.42219985594434,2.7562445845380332,3.1556002881113026
