275.5,137.5,23,26
277.52343959263357,133.1192493959622,22.580872194416692,26.048582241935836
279.98105067718404,132.03065190719371,22.257637566277158,25.929783448992083
279.52076005426574,132.77405111354352,22.41991284987981,25.20129099852648
279.90263244732006,133.77307024110317,22.405788430189418,24.70249347624381
276.9770706990832,137.30636667561407,22.323773884999937,23.56903864888522
271.788444029483,142.80836542411805,21.861203126189107,22.682210310021
270.40546398578505,152.50594886191212,21.119956769908683,22.225958230285286
269.62463364797406,149.78479772923384,20.633945604295196,22.890359532758954
269.7289072054746,160.39992122896197,20.425398489294004,22.2158670432105
274.77235872532776,153.25287300856832,20.409015207541643,22.41123582286239
277.9897187067412,150.57934101377649,20.04164833006009,23.03924741273303
279.9609607939811,142.7052603992627,20.16733574299584,23.192750890000852
279.49687565364405,143.69465937055014,20.41308568334271,22.57879362808042
279.27981882653285,131.94992749264938,20.847199337565147,22.379463679856926
278.4683076205252,118.39669630758037,21.108965901601806,22.260809090421578
276.7162346213173,102.74250792457649,21.19847009712704,22.154481269836563
275.0136954434774,87.0718296383966,21.190137739072547,22.09245927583973
274.65073573567247,87.67578355159871,21.234478483976353,21.56613012014153
274.5462435136797,74.43088929831835,21.443462927961882,21.769127960476588
278.72907497526364,66.44361483396703,21.243900936474127,22.091983436792248
281.15178995171743,58.050969305830556,21.17542638396776,22.4991416916895
283.28330393619234,51.32084265479717,21.03865537172929,22.892914630836856
282.5013581788,52.3481148713149,21.219183552194348,22.221733532121153
282.1367289789215,52.88633944814928,21.264378568914267,21.829347761489444
282.3909578934491,63.26644176006124,20.755920739859032,21.427946504634207
286.54804581468085,64.71368509765209,20.413246436688752,21.190627009216918
286.76394355749017,74.73762353676848,19.9814509510701,20.797265583721874
287.551713032278,69.90780007483838,19.690216768305245,21.466779139906574
287.04270061496175,79.91222578919218,19.41226021660956,20.897648506122408
286.56981817297924,89.96047554359862,19.088637188169326,20.476661639590755
286.6279061760958,99.72631229609227,18.97246118193622,20.257359126917464
286.7542624235034,110.05711385908508,18.71974868712096,19.9801727013575
286.9457501582283,119.85446851823386,18.336773217671194,19.885199914199454
287.0768528686898,129.56232851793402,18.074567796748195,19.726994852961948
287.197272390272,139.42910751236485,17.833728753583785,19.633650585022686
286.9803897994857,148.76002759749076,17.677626701848506,19.257694647315336
286.52320844182094,157.98977074197026,17.428938358802846,18.82549976317113
286.4125956438629,166.95373715594076,17.07933383093506,18.593300772530085
286.2933605466399,175.78108255065757,16.756156749843708,18.349675524753238
286.42398274020127,184.75110218311872,16.494912362721013,18.096207353361063
286.5533213101484,193.33478617094767,16.236235222826785,17.811318582474378
286.42191886705,201.7651465560742,15.963001614291214,17.56779114892449
286.57246895434344,210.04024216313852,15.661901439704405,17.382275709754378
286.69618888888886,218.2476098442863,15.414461570613573,17.09387669969898
286.5694502544906,226.3174688823066,15.15616732105506,16.819075692662317
286.4803417486896,234.21955565885094,14.831007466375016,16.61958499431573
286.3566409327884,241.99382696608123,14.58332444518972,16.418666622473193
286.23582059094656,249.6332050342928,14.336958729198543,16.26810887597514
286.10645597183304,257.2045529083682,14.11395832805838,16.059031948206698
286.20741511700993,264.6717628611999,13.91204003770466,15.847079700976167
286.3114683525078,272.0231932282164,13.70393356670888,15.664612971443281
286.40031005390716,279.279088711439,13.526250163910113,15.482232622841286
286.46413319702316,286.68883589468504,13.398603877678223,15.272876014638385
286.5329001173429,294.02299365735547,13.261070037038781,15.045460274126363
286.60489059578305,301.03801885494414,13.117089080158436,14.82748001346555
286.67899716790276,307.94369542548435,12.968875935918904,14.651967568301426
286.53927331091086,314.7554726372914,12.813551673354901,14.506344417668512
286.41189277927697,321.50648919625286,12.638284675819296,14.335181184654658
286.26864982424,328.17157881754434,12.500201788704095,14.166634654933345
286.13382339279275,334.7467229007623,12.35010951510372,14.028445719842574
285.9994895527307,341.26203369832496,12.203577134858481,13.869025996162602
285.8556136048835,347.69869185659405,12.08094632693055,13.717573491918015
285.73779589137285,353.22358958666183,11.910510283957132,13.552820826676314
285.8070553274614,353.3057692559672,11.771991411780006,13.388461488065502
285.88494695202894,353.38535263982453,11.616208162644934,13.229294720350913
285.96132995668677,353.46430723230935,11.46344215332936,13.07138553538133
286.0281041279505,353.5414798468666,11.329893810801906,12.917040306266841
286.09328839117313,353.6166743508445,11.199525284356573,12.766651298310938
286.1632741175734,353.6914031537322,11.059553831556048,12.617193692535592
286.23300190536065,353.7610084261854,10.920098255981559,12.477983147629152
286.2928585125237,353.8321452406435,10.800385041655481,12.335709518712935
286.3544353299251,353.9001848394563,10.677231406852634,12.199630321087414
286.4143890536692,353.96671395313837,10.557323959364432,12.066572093723233
286.46758172668194,354.0315704953872,10.450938613338982,11.936859009225556
286.5211712012094,354.09087260522665,10.34375966428399,11.818254789546687
286.576918252578,354.15361814755704,10.232265561546832,11.692763704885895
286.6312823647593,354.2149194555009,10.123537337184302,11.570161088998251
286.68431258875387,354.2748128720819,10.01747688919516,11.45037425583617
286.7311394950003,354.33352579906983,9.923823076702226,11.332948401860353
286.77915879637686,354.38630522970703,9.82778447394913,11.227389540585909
286.82882125462044,354.4416243513267,9.728459557461942,11.11675129734661
286.8776208442393,354.495523397632,9.630860378224307,11.00895320473604
286.92068800141976,354.54837181073526,9.54472606386333,10.903256378529472
286.96388597842684,354.5993565910544,9.458330109849193,10.80128681789125
287.0062487432814,354.6493699509209,9.373604580140057,10.701260098158116
287.0516719201659,354.69829592580373,9.28275822637105,10.603408148392585
287.0959691477817,354.74630506933363,9.194163771139372,10.50738986133275
287.13962178358514,354.7926130852871,9.106858499532512,10.414773829425782
287.1780081141091,354.83913169052965,9.03008583848468,10.321736618940689
287.2157347727392,354.88457880379593,8.954632521224452,10.230842392408134
287.2524137959829,354.9291248273143,8.881274474737053,10.14175034537143
287.29289104485645,354.9713211168032,8.800319976989924,10.057357766393537
287.3321104849828,355.0127375073903,8.721881096737183,9.97452498521942
287.37032355596693,355.0534920575141,8.64545495476897,9.893015884971812
287.4033862488266,355.0949983666497,8.579329569049612,9.81000326670067
287.4361750869494,355.1351424691228,8.513751892804091,9.729715061754435
287.46888303927324,355.174038023271,8.448335988156426,9.651923953458013
287.5048844461284,355.21081599222924,8.376333174446012,9.57836801554157
287.5404334154619,355.247997231269,8.305235235779028,9.50400553746203
287.5745683837428,355.2847079974342,8.236965299217166,9.430584005131577
287.6040646075638,355.32208871374417,8.177972851575213,9.355822572511697
287.6332493645571,355.35865577807107,8.119603337588638,9.282688443857824
287.66202286553954,355.39442383316594,8.062056335623817,9.211152333668082
287.6911988153253,355.4274842804594,8.003704436052153,9.145031439081242
287.7221784790063,355.4603169499308,7.941745108690241,9.0793661001384
287.7523813919224,355.49282818038625,7.8813392828580415,9.014343639227436
287.7824129166526,355.5234771297625,7.821276233397565,8.953045740474964
287.81177609208174,355.5537209802857,7.762549882539341,8.892558039428613
287.83654005878594,355.58443878664275,7.713021949131009,8.831122426714506
287.8609918991909,355.6146621244232,7.664118268321103,8.77067575115361
287.8853342921783,355.6441831829038,7.615433482346249,8.711633634192378
287.90912918609234,355.67292392598705,7.567843694518189,8.65415214802594
287.9325789681793,355.7011278491204,7.520944130344176,8.59774430175928
287.95821274514765,355.7294638929377,7.4696765764075925,8.54107221412465
287.98334941342915,355.75731646539043,7.419403239844564,8.485367069219146
288.0080678393105,355.7845239393532,7.369966388081834,8.430952121293506
288.03249646766915,355.81081947656963,7.321109131364536,8.37836104686072
288.0564538718863,355.8367219455967,7.273194322930304,8.326556108806544
288.078702318911,355.8617380500882,7.228697428880831,8.27652389982353
288.1000974260618,355.886815610371,7.1859072145793075,8.226368779257955
288.1205935344468,355.9117043848267,7.144914997809252,8.176591230346563
288.14076134413335,355.93581030160374,7.1045793784361,8.128379396792543
288.1606435093841,355.9595028059618,7.064815047934684,8.08099438807642
288.1831624745923,355.98203140158046,7.019777117518328,8.03593719683904
288.20481876410474,356.00512652219953,6.9764645384933495,7.989746955600956
288.2250944128491,356.029325592952,6.935913241004697,7.941348814096015
288.24548204214904,356.05329392880947,6.8951379824047505,7.893412142381042
288.2654217724246,356.0766252545472,6.855258521853686,7.846749490905582
288.28207569413036,356.0993020096877,6.8219506784421755,7.801395980624703
288.30061098216936,356.1216292154297,6.784880102364097,7.756741569140587
288.31583573733894,356.14505532413415,6.754430592024969,7.709889351731673
288.33362149203333,356.1659175398491,6.718859082636138,7.668164920301831
288.35129049063477,356.1868239634033,6.6835210854333145,7.626352073193427
288.36820588605076,356.2081788384001,6.649690294601367,7.583642323199814
288.38536476101393,356.2286276086893,6.615372544674965,7.542744782621446
288.4041400242648,356.2469620506636,6.577822018173234,7.506075898672773
288.4226874174858,356.26534351768856,6.54072723173121,7.4693129646228185
288.44089771191057,356.28353651407895,6.504306642881743,7.432926971842102
288.4586880367003,356.30173487327926,6.468725993302232,7.396530253441508
288.476166920055,356.31972615260696,6.433768226592867,7.360547694786112
288.493370242522,356.3375724077002,6.399361581658835,7.3248551845996275
288.51027535067436,356.355181156732,6.365551365354068,7.289637686536008
288.5254250281313,356.37339894742905,6.33525201044034,7.253202105141926
288.5403784390406,356.39133244252974,6.305345188621648,7.217335114940488
288.5551378679189,356.4089885852933,6.275826330864981,7.182022829413458
288.56963217031205,356.4265237473915,6.246837726078757,7.146952505216978
288.5839450765055,356.44378830469674,6.218211913691958,7.112423390606574
288.59807844655296,356.4607888330597,6.189945173596943,7.078422333880538
288.61271991346985,356.4769411009458,6.160662239763187,7.046117798108453
288.6268081598532,356.4930710894176,6.132485746996347,7.013857821164792
288.64169752193476,356.50831551321846,6.102707022833315,6.983368973563129
288.65648403126204,356.5230592527626,6.073134004178753,6.953881494474815
288.67044401516307,356.538208658031,6.045214036376761,6.92358268393803
288.6849866707875,356.5526209218069,6.01612872512779,6.894758156386137
288.69920645426623,356.5673989039637,5.987689158170373,6.865202192072633
288.71326550987663,356.58156127198305,5.959571046949545,6.836877456033893
288.72660217678146,356.5959528380284,5.93289771313997,6.808094323943241
288.73974266594126,356.6101737998051,5.906616734820349,6.779652400389782
288.75178002848924,356.62476822140377,5.882542009724322,6.750463557192513
288.7635893475637,356.63889755755525,5.858923371575407,6.72220488488953
288.7759730980101,356.65267930671365,5.834155870682604,6.694641386572651
288.78823647527645,356.6658080789438,5.809629116149947,6.668383842112307
288.80032736872,356.67879296688875,5.785447329262873,6.642414066222484
288.8122991846458,356.6916798593326,5.761503697411247,6.616640281334742
288.8240215765551,356.7045021718061,5.738058913592663,6.590995656387846
288.8351508864437,356.71760152507113,5.715800293815441,6.56479694985775
288.8460229350819,356.7305370878033,5.694056196538985,6.538925824393316
288.8567694720235,356.74330355038677,5.672563122655883,6.513392899226482
288.86846070470034,356.7552585863933,5.649180657302119,6.489482827213376
288.8800160636935,356.7670896529103,5.626069939315864,6.465820694179441
288.89138172910845,356.7788858316262,5.6033386084859105,6.442228336747526
288.9025503856607,356.7908073191503,5.581001295381453,6.418385361699338
288.91368878552544,356.80271334172454,5.558724495651952,6.394573316550929
288.9247755241568,356.81434611227905,5.53655101838921,6.371307775441882
288.9353804053164,356.8256284681162,5.515341256070111,6.348743063767604
288.9460147343249,356.836660657117,5.4940725980531315,6.326678685765998
288.95656677030934,356.8477648791861,5.472968526084122,6.304470241627715
288.9669764842721,356.8587574375858,5.452149098158617,6.282485124828485
288.9774344927507,356.8697857850949,5.4312330812014,6.260428429810225
288.89384568270435,356.8816767935682,5.41440584805818,6.236646412863639
288.90306214118215,356.89188008375424,5.3959729311026425,6.2162398324914685
288.91273307193575,356.900315307942,5.376631069595442,6.199369384116014
288.92222958643083,356.9088229006672,5.357638040605223,6.182354198665656
288.9313417640747,356.9174566146722,5.339413685317522,6.165086770655694
288.94043222420197,356.9275712098625,5.321232765062917,6.1448575802750325
288.9479605418382,356.9381522614551,5.3061761297905266,6.123695477089765
288.9558047852994,356.94879516371986,5.290487642868132,6.102409672560306
288.96360929201825,356.9592886910487,5.2748786294304315,6.081422617902645
288.97099311650715,356.9695766195365,5.260110980452668,6.060846760927021
288.97831202409964,356.97972533773145,5.245473165267618,6.04054932453708
288.98577952610856,356.9897793096953,5.230538161249822,6.020441380609429
288.99284036935256,357.0001046052302,5.216416474761805,5.99979078953954
288.9998351201588,357.01028598990916,5.202426973149278,5.979428020181724
289.0083101577342,357.01985716498905,5.1854768979985675,5.96028567002188
289.01659933865346,357.0291340469151,5.16889853616004,5.9417319061698075
289.0248009683689,357.0385774757381,5.152495276729145,5.9228450485236985
289.0330607351729,357.04793749657495,5.135975743121044,5.904125006850086
289.0412344727161,357.0571034482644,5.119628268034754,5.88579310347123
289.049370055962,357.065931265228,5.103357101542834,5.868137469543961
289.05740040053627,357.07476085687125,5.08729641239434,5.850478286257525
289.0650976544703,357.0838405256401,5.071901904526321,5.832318948719777
289.0725674987363,357.09286324555455,5.056962215994316,5.814273508890925
289.07995474214204,357.1017446650292,5.042187729182845,5.796510669941699
289.0873249947323,357.1105119477292,5.027447224002393,5.778976104541589
289.0948894595451,357.11884004317915,5.012318294376739,5.762319913641656
289.1023957833284,357.12684690083387,4.997305646810113,5.746306198332228
289.1098484157145,357.1352966510818,4.98240038203791,5.729406697836432
289.11592213087937,357.14387060076683,4.970252951708123,5.7122587984663395
289.12202494811385,357.1524076358332,4.9580473172392345,5.695184728333657
289.1279513616781,357.16088425660865,4.946194490110718,5.678231486782652
289.1342415253242,357.1689758977129,4.9336141628184516,5.662048204574139
289.1404420346952,357.1770460908989,4.921213144076561,5.645907818202247
289.1465996348364,357.18503078642146,4.908897943794181,5.629938427157076
289.15227788198524,357.19288743670387,4.897541449496436,5.614225126592308
289.15825753601814,357.20063726893085,4.885582141430579,5.598725462138282
289.163754688584,357.20845916339925,4.874587836298896,5.583081673201486
289.16950964034186,357.2162598747265,4.863077932783151,5.567480250546942
289.17523133801905,357.22397883587377,4.851634537428876,5.552042328252423
289.18077064369953,357.2316440831515,4.840555926067841,5.536711833697068
289.1863940565911,357.23901733198966,4.829309100284688,5.521965336020714
289.19202222032686,357.24660790723885,4.8180527728132105,5.506784185522287
289.1979775810707,357.25387272083594,4.806142051325586,5.492254558328064
289.20388471888936,357.26106565264087,4.794327775688187,5.477868694718276
289.2097635665452,357.2681990599695,4.7825700803766,5.463601880060951
289.2149751018804,357.2755250674592,4.772147009706183,5.4489498650816
289.22071897500837,357.28260209448064,4.760659263450176,5.4347958110387165
289.22702347298315,357.2893088596111,4.748050267500598,5.421382280777866
289.2332165819932,357.29590197561254,4.735664049480552,5.408196048774982
289.23914864070673,357.3029060190069,4.723799932053435,5.394187961986127
289.24519296845693,357.30923757442264,4.711711276553027,5.381524851154709
289.2511819728491,357.31557014216185,4.69973326776866,5.368859715676286
289.25717902285857,357.3219036245541,4.687739167749836,5.356192750891751
289.26311734761697,357.32818765695004,4.675862518232966,5.343624686099929
289.26887933072294,357.33485830049,4.6643385520209915,5.33028339902
289.2746702927369,357.3414024310607,4.652756627993111,5.317195137878538
289.28039203314694,357.3473318765363,4.64131314717303,5.30533624692733
289.28606619176026,357.3534096952407,4.629964829946436,5.29318060951856
289.29168676719166,357.35943982071717,4.6187236790835495,5.281120358565696
289.2973046592058,357.36536042024653,4.607487895055326,5.269279159506911
289.302845179997,357.3711283647584,4.596406853472935,5.257743270483165
289.3083128181128,357.37655982907756,4.585471577241307,5.246880341844846
289.313674821417,357.38195149873144,4.574747570632907,5.236097002537165
289.31898762264893,357.38731013397336,4.564121968169097,5.225379732053275
289.32429062987933,357.39271859186147,4.55351595370829,5.2145628162771125
289.32949075393145,357.3982965333138,4.54311570560402,5.20340693337245
289.33466187038067,357.4040011327246,4.532773472705595,5.191997734550793
289.339807446767,357.4096585299415,4.522482319932935,5.180682940116979
289.34353369009466,357.41555364343344,4.515029833277644,5.168892713133172
289.3477906018473,357.4213346786135,4.506516009772319,5.157330642773033
289.352083503538,357.4270100619541,4.497930206390977,5.145979876091843
289.35665784456387,357.432629135228,4.488781524339227,5.134741729543971
289.36099257795854,357.43827874773575,4.480112057549777,5.123442504528498
289.3652479764658,357.44389047486794,4.47160126053524,5.112219050264162
289.36990161804584,357.4491756552058,4.462293977375245,5.101648689588339
289.37406811467537,357.4546968226157,4.453960984116214,5.090606354768649
289.37812020141814,357.46009557714984,4.44585681063067,5.079808845700302
289.3822892226966,357.46546611439203,4.437518768073703,5.069067771215893
289.3864139251132,357.47079005898996,4.429269363240606,5.058419882020087
289.3905017808208,357.476086865052,4.421093651825302,5.0478262698959755
289.39458981413196,357.48131945256324,4.412917585203001,5.037361094873511
289.39871754197054,357.4865202303656,4.404662129525822,5.026959539268784
289.40281616889894,357.49167073993397,4.396464875668984,5.016658520132028
289.4069039049978,357.49677406848394,4.388289403471318,5.006451863032071
289.41094395396544,357.5018229930378,4.380209305536074,4.996354013924386
289.41518194556056,357.5068633243482,4.371733322345814,4.986273351303583
289.4194113314453,357.51169545099816,4.363274550576301,4.976609098003693
289.423677003852,357.51630527316286,4.354743205762957,4.967389453674239
289.4278523993821,357.520998839104,4.346392414702724,4.958002321792015
289.43201177229787,357.5256743001243,4.338073668871185,4.948651399751348
289.4360317838721,357.53041098487245,4.330033645722691,4.9391780302551025
289.43999947934617,357.5351660133489,4.322098254774559,4.929667973302277
289.4439007075186,357.5399565755968,4.314295798429708,4.920086848806344
289.44775250296317,357.54473071304335,4.306592207540568,4.910538573913277
289.4519907666003,357.5491965509102,4.298115680266242,4.9016068981795415
289.45617419157253,357.5534870010256,4.289748830321835,4.893025997948857
289.46035143110566,357.55751540239066,4.281394351255569,4.884969195218707
289.4644343435614,357.5613160963363,4.273228526344189,4.877367807327318
289.46848552141176,357.56513026358675,4.265126170643339,4.869739472826519
289.4725059418592,357.5689375880252,4.257085329748515,4.862124823949506
289.476559280902,357.57273633964076,4.248978651662931,4.854527320718517
289.48059934546745,357.5766291217759,4.240898522532038,4.846741756448192
289.4845884943068,357.5807106846047,4.232920224853231,4.8385786307906
289.48854766234393,357.5847365184242,4.225001888779049,4.830526963151585
289.49239455420724,357.58856071808907,4.217308105052429,4.82287856382184
289.49625823466425,357.59230469431566,4.209580744138443,4.815390611368734
289.50003786752154,357.59593071208053,4.202021478423793,4.808138575838976
289.50383221630096,357.5995271996165,4.194432780865037,4.800945600767003
289.50758034098715,357.60316751213253,4.186936531492619,4.793664975734972
289.51128931191573,357.6066842876291,4.179518589635412,4.786631424741855
289.5150108995261,357.61031096549135,4.172075414414778,4.779378069017261
289.51867918518144,357.61412182723103,4.1647388431040415,4.771756345537951
289.52231403487474,357.61809853199844,4.157469143717488,4.763802936003067
289.52592254972825,357.62204972796405,4.150252114010431,4.755900544071848
289.5295713541326,357.6256573394951,4.142954505201734,4.748685321009777
289.5332127065422,357.6296129064928,4.135671800382493,4.740774187014406
289.5368098265289,357.63333503883564,4.128477560409099,4.733329922328667
289.54036619566506,357.6368713799528,4.121364822136767,4.726257240094381
289.54389698297274,357.6403908659724,4.114303247521401,4.7192182680552435
289.54741778824854,357.643938823439,4.107261636969866,4.712122353122067
289.5508884693179,357.6475215416016,4.100320274831101,4.704956916796804
289.5543260829823,357.65108586679946,4.093445047502295,4.69782826640104
289.5577140285584,357.6544974728715,4.086669156350078,4.691005054256893
289.5610783867699,357.65789282298493,4.079940439927113,4.684214354030175
289.56441444837435,357.66131721003535,4.07326831671824,4.677365579929307
289.567770655393,357.664714289919,4.066555902680919,4.670571420161975
289.5710608058555,357.6679731951443,4.059975601755934,4.664053609711366
289.57436559024757,357.671209557359,4.053366032971811,4.657580885281936
289.5775466649221,357.6746400051172,4.047003883622683,4.650719989765526
289.58063786103304,357.67821742410024,4.040821491400845,4.643565151799545
289.58370145046104,357.6817880520266,4.034694312544864,4.636423895946764
289.58674736880727,357.685341589143,4.028602475852363,4.629316821714048
289.5897633823744,357.6888876320435,4.022570448718225,4.622224735913075
289.59276101630695,357.69241071599504,4.016575180853066,4.615178568009891
289.59571735384037,357.6958949369883,4.010662505786197,4.6082101260234785
289.59865753986776,357.6993601653088,4.004782133731421,4.601279669382397
289.60161364036185,357.7027818721853,3.998869932743225,4.5944362556294225
289.6045568779587,357.7061878241801,3.992983457549511,4.5876243516397155
289.6074819372481,357.70957234092873,3.9871333389707253,4.580855318142517
289.6104078755702,357.71291155963456,3.9812814623265007,4.574176880730819
289.61332148697625,357.71620368013953,3.9754542395144568,4.5675926397209174
289.61621822470664,357.71947724239504,3.9696607640536676,4.5610455152098766
289.619047132225,357.72279372359077,3.964002949017002,4.554412552818483
289.6218593692969,357.72608960176706,3.9583784748730935,4.5478207964658495
289.62461046082683,357.7293679982036,3.952876291813303,4.5412640035927545
289.6272762052879,357.7326567874909,3.9475448028911067,4.534686425018202
289.6296363363235,357.7360151669782,3.9428245408199363,4.52796966604362
289.6319796927801,357.73934731649297,3.9381378279068144,4.5213053670140555
289.63428144149384,357.74266356482997,3.933534330479246,4.514672870340108
289.6366349868281,357.7459682616817,3.9288272398107447,4.508063476636648
289.6387918350181,357.7492878747997,3.924513543430737,4.50142425040065
289.6412938492628,357.7524877362801,3.919509514941254,4.4950245274397895
289.64402459785686,357.7556266689243,3.914048017753176,4.488746662151411
289.6467549059726,357.7587197659844,3.9085874015217237,4.482560468031202
289.64938004303684,357.76181989884515,3.9033371273932698,4.476360202309653
289.6519829398368,357.7648958796985,3.898131333793374,4.470208240603042
289.65452078981036,357.76794739098966,3.893055633846141,4.464105218020733
289.6571837681898,357.7707402135219,3.8877296770873553,4.458519572956272
289.65982833152117,357.77352791084354,3.882440550424584,4.452944178312918
289.6624457538383,357.7762537473482,3.87720570579024,4.447492505303537
289.665027122019,357.77888311062674,3.8720429694289233,4.4422337787465
289.667603659415,357.7814837569528,3.866889894636833,4.437032486094406
289.67013881594835,357.78416166838434,3.861819581570229,4.431676663231275
289.672662306601,357.7868580036582,3.856772600264914,4.426283992683573
289.67516243509914,357.78949036539814,3.8517723432686792,4.421019269203782
289.6776615582772,357.7923235826953,3.846774096912557,4.4153528346093545
289.6800049643801,357.7953131047661,3.84208728470679,4.409373790467813
289.68224019644515,357.79819917750336,3.8376168205766326,4.4036016449933095
289.6845341220625,357.8010668022836,3.833028969341981,4.397866395432904
289.68658555662614,357.8039501752914,3.8289261002146837,4.392099649417196
289.68915540639296,357.8065414550098,3.8237864006810303,4.386917089980421
289.69170339729015,357.80944763575667,3.8186904188865682,4.381104728486697
289.62969467786166,357.8123232131459,3.8136531835432486,4.37535357370821
289.6321527928163,357.81521175705205,3.8087369536339253,4.3695764858959105
289.5701882714176,357.818054245931,3.8039493904613133,4.363891508137903
289.5725437009563,357.8209188255618,3.7992385313838337,4.358162348876411
289.57504707988664,357.8237662175051,3.7942317735231175,4.35246756498971
289.5775183475856,357.8265282408368,3.789289238125195,4.34694351832643
289.579959196054,357.8292952824282,3.7844075411884646,4.341409435143592
289.58239931451936,357.8320294935334,3.7795273042577495,4.335941012933137
289.58479089813204,357.834825397408,3.7747441370323833,4.330349205184047
289.58712924980443,357.8376090975175,3.770067433687626,4.3247818049650695
289.5895276204264,357.84028966901553,3.7652706924436488,4.319420661968923
289.59191127211193,357.84294675923246,3.760503389072622,4.314106481535049
289.59429142509407,357.8455076353183,3.7557430831083236,4.308984729363331
289.5966350822144,357.84819911279203,3.7510557688676203,4.30360177441593
289.5989105694335,357.85037728596274,3.7465047944294736,4.29924542807452
289.6011897170256,357.85252006591617,3.7419464992452527,4.294959868167672
289.6034461216763,357.85465754641734,3.737433689943794,4.2906849071653435
289.6057839210325,357.8573380915157,3.73275809123137,4.2853238169685754
289.60793439234766,357.8599306893223,3.7284571486011533,4.280138621355328
289.61014491086866,357.86240822401896,3.724036111559124,4.275183551962114
289.5494182677762,357.8646213174466,3.7195922089786992,4.270757365106759
289.4887496633067,357.8668264785533,3.715172003470633,4.266347042893334
289.49099771066074,357.869320486242,3.7106759087626204,4.261359027516002
289.49317369882857,357.87170881213353,3.706323932426907,4.256582375732884
