145.0495,127.4945,82.7009,191.7911
140.1784,120.4698,86.4960,192.9606
144.3223,151.9529,86.2392,177.0462
148.1111,147.0503,80.0735,175.1867
147.3983,144.6071,77.5060,170.3611
149.7771,144.9686,75.1068,168.2730
139.7694,140.3407,74.7925,165.0579
138.3920,136.5623,74.1768,164.5253
137.5489,137.6165,72.6006,162.4806
136.6160,149.9924,68.0177,165.6634
132.3425,142.9753,67.0322,165.6498
131.1501,152.3005,65.7764,163.5406
129.4953,148.0551,64.6450,161.7952
129.6378,142.4115,63.3633,160.2082
125.5333,154.1168,62.8624,156.8417
122.8844,137.1897,61.4606,155.6712
119.3507,134.4115,61.4623,156.8107
118.1362,146.5296,60.1945,155.8825
119.1483,155.7844,59.9705,155.3645
133.6167,201.9163,59.5580,150.4490
118.1887,150.1253,59.3340,150.5329
119.1966,160.3088,58.2833,149.7899
134.6947,212.7073,71.7215,130.9543
108.6172,159.1155,68.2272,136.6601
124.7463,165.5586,61.1949,143.9864
110.6692,162.0377,62.1416,144.5264
126.4369,175.9961,59.2189,145.2043
158.8871,230.7581,72.9356,133.9977
108.1831,179.7590,68.3920,141.6069
139.7304,233.1481,70.8515,135.0241
111.7637,192.9337,66.7877,145.8108
109.7139,156.8572,66.0105,144.5181
125.6581,189.3930,61.6681,146.1543
111.7545,162.3455,62.2337,144.4021
125.8827,176.9369,58.4964,147.4299
141.9778,228.1707,58.3182,144.7835
113.6057,163.3438,61.0928,142.1060
129.4933,195.0441,58.2907,142.2809
159.7262,246.6024,69.4557,131.8668
110.5882,182.2337,67.2523,137.9237
127.4197,227.0490,60.1146,139.2763
120.2625,180.3415,60.4408,139.0896
136.2569,231.8216,55.5466,139.1546
121.6978,170.2381,55.5466,140.1319
136.6572,221.5232,51.7422,141.7715
121.6441,166.2965,53.2191,139.9741
137.1859,218.0906,54.4777,136.4916
169.0491,263.1401,66.6521,123.8404
217.7765,271.4687,75.3734,110.5532
132.7043,178.6860,71.8439,119.4821
158.5070,214.7801,80.8513,110.4035
194.9399,257.4502,86.3760,105.1838
170.0267,162.9590,79.5863,109.9970
162.4835,214.5092,88.4620,99.5612
176.0389,253.1157,91.0947,94.7200
205.7316,289.0900,87.8524,97.8002
203.4859,251.9764,88.9136,99.6448
203.9612,296.7726,86.8433,100.3323
189.0441,206.4793,85.3881,104.9474
175.9159,189.8622,90.1535,99.5354
180.4420,189.1600,90.1728,98.8860
182.1816,183.9449,90.7067,96.0547
185.1363,176.6572,88.5993,93.4399
186.2834,183.9739,86.4608,93.3294
174.6769,182.3622,84.4411,93.5344
170.6442,181.5599,84.1319,92.7666
137.8174,206.7411,83.2391,89.8868
179.3289,164.4665,70.7819,103.6408
176.4229,208.9629,77.1954,93.3477
168.5317,178.1451,68.3493,104.4836
171.5794,169.6044,62.4291,114.9212
183.3027,151.7141,57.9032,116.5350
173.8256,201.9950,67.4082,103.8337
174.2943,164.4300,61.6339,111.0849
164.3356,211.7732,71.1995,98.6316
178.8544,171.3652,61.5430,110.9183
180.0005,152.9163,57.5995,112.4664
171.3178,202.0593,67.1655,100.2182
176.7385,166.8512,59.3684,110.6267
167.9445,214.2759,69.1233,96.9637
137.0545,220.8263,70.2044,91.3236
174.8700,168.6168,60.2890,104.4161
168.0135,215.1923,68.0379,93.0380
126.1027,231.6867,70.4003,86.6460
171.4601,184.3585,62.1554,100.7227
181.4231,162.2084,55.7039,106.3665
173.1872,187.9235,54.8404,107.9281
185.2339,172.6709,51.1603,113.3708
173.8084,219.9087,62.6068,97.4633
179.8226,181.6829,55.5634,106.9913
182.6803,164.8383,54.1112,107.5406
180.5706,189.2614,53.1861,109.0696
185.1546,175.5030,49.8656,113.8175
186.5145,163.3980,51.5476,108.5031
178.0915,208.1430,60.2079,97.9201
183.6080,184.9359,54.3317,105.5120
187.9608,169.8438,52.5684,105.0766
180.0509,215.1430,60.2725,94.6477
137.4050,242.7866,66.5494,86.9747
133.6495,261.3083,70.4315,78.3417
162.0876,298.7463,72.0183,76.4923
201.6099,306.5268,70.6853,75.5561
230.2573,312.6342,74.7753,75.4581
212.6192,293.1718,66.8399,78.7316
220.6385,328.9423,69.5369,74.9544
223.1582,301.4615,68.3315,79.0982
220.7607,332.8330,69.2823,73.6537
224.0688,306.4539,68.7112,73.8776
226.9627,276.4787,69.0938,74.0285
224.2603,316.9144,70.5711,72.8041
226.8827,289.8236,69.7016,77.2382
223.9174,328.4004,71.6309,72.0699
226.3971,300.6928,70.0723,76.7825
204.6434,312.9978,66.1442,73.8077
231.6087,315.9959,69.8617,73.1322
222.3142,297.5872,64.9516,77.2163
244.6878,325.9533,69.8019,70.9493
221.9844,309.2358,65.2583,72.4724
248.7077,287.4490,65.0180,74.0283
223.8391,319.4855,63.0266,72.5669
227.6211,296.1225,61.9826,76.3094
249.4544,324.5930,66.0863,71.1216
227.5350,307.5118,62.0302,71.5426
241.2113,281.8258,64.3137,74.1075
227.1409,317.2168,63.2892,72.1185
231.4157,292.7464,62.2593,76.3465
230.9086,323.9678,62.5863,70.8216
233.0284,298.7547,62.4597,74.6594
233.8228,271.2420,64.2533,74.4145
233.2865,307.9528,64.0835,71.7954
234.4612,280.4527,64.8398,73.3681
234.1263,316.9449,64.7040,70.9718
236.4446,290.7898,64.5828,74.8546
210.7102,322.1819,66.7093,73.6951
232.8227,295.1948,64.6133,78.5364
234.1120,267.3697,65.8231,79.2568
235.3552,305.0129,64.7378,76.8697
230.9200,282.1637,56.3160,83.5003
259.4682,289.9839,59.8560,81.5928
230.7805,297.9056,59.6371,80.0401
231.5198,272.2924,61.5761,80.8630
229.8604,310.7999,64.7359,76.5009
231.2782,285.0467,65.6619,80.6775
158.2097,214.9950,68.7705,83.4124
185.2277,246.3549,70.7953,81.7278
220.6010,278.9599,67.8323,84.3477
208.0801,322.9938,74.3520,77.4588
220.0046,292.3412,69.0941,77.6605
183.0223,298.0101,69.2684,78.1242
220.5957,298.9732,69.9069,75.5849
209.0308,275.3786,58.1121,81.8204
190.8953,313.5588,61.0233,78.4271
210.6001,287.5022,62.0393,77.2069
205.4169,269.1498,52.4460,83.2505
201.2641,307.5737,58.0536,76.6504
213.5631,284.2856,54.1149,77.5476
179.9747,287.5991,59.5470,73.3402
213.6734,288.5545,62.2572,72.7656
203.5258,269.2396,52.5101,78.3305
197.7561,302.5640,56.0206,73.7276
209.5767,280.2344,53.6764,75.1401
175.1323,286.7954,58.2726,73.2241
207.6517,287.1255,61.1725,72.7099
179.9541,266.2003,62.5340,72.0489
202.3998,289.0193,61.1391,71.3805
202.9577,265.2886,61.4291,76.9835
195.5450,300.2547,66.1579,70.0764
197.5977,270.2873,65.4083,72.2452
198.2745,308.2556,66.5436,73.3068
198.0134,275.3027,70.1222,70.6039
197.1291,244.5402,70.9812,71.5952
167.7085,264.9787,69.8261,72.9886
194.6391,242.1874,69.4429,77.1977
164.7215,267.9053,68.1463,76.4934
192.3765,246.0565,69.2058,77.9354
161.1411,277.8671,71.3114,76.5661
180.1293,247.8421,71.6251,79.5688
143.4655,251.4993,71.0567,82.0220
165.6015,279.8498,76.2409,77.0259
139.7511,253.2083,71.8315,83.1917
161.7196,292.0660,77.7704,82.1960
146.2584,257.2582,78.9615,80.0214
110.9048,262.2104,82.2881,81.2344
153.2585,259.6291,82.0095,82.5529
125.9130,238.0804,78.3634,85.3481
126.1715,202.5393,79.1619,86.2187
104.8902,243.2896,79.3806,88.1589
103.8521,211.1005,81.9160,88.2544
147.8623,218.5970,79.9576,94.6098
110.5558,232.2605,81.1885,93.6033
146.1320,209.7316,80.1885,99.2388
112.7296,247.6285,81.8580,97.9510
68.9869,252.2881,82.2647,99.8942
112.9512,258.5775,83.5820,100.3309
79.0714,229.6501,83.2904,98.9677
116.6711,269.5462,84.9258,98.8783
141.4419,230.0280,83.9999,101.3375
139.2822,279.1118,88.3060,94.6491
140.0410,237.7766,88.2309,93.0006
174.7299,274.3320,86.0760,91.2809
155.6469,235.0570,83.8807,93.4784
155.2781,280.4920,86.4146,90.0384
155.9980,239.4050,86.1373,88.8442
199.2554,243.3922,83.7751,91.2407
155.6270,250.0876,82.3552,93.5202
191.3304,219.1481,81.8883,93.2204
190.5562,268.1062,82.8189,90.7519
104.9945,172.5363,82.3657,89.4194
135.7534,210.0069,81.5874,90.7434
171.5440,247.8965,80.5060,92.7957
215.0974,254.6897,81.8552,92.3623
172.2199,261.7841,82.5664,94.6154
216.2961,267.9444,82.3770,94.1137
195.4283,230.0059,82.8501,93.6798
216.8987,278.3342,83.6169,92.7193
216.9137,236.3247,84.3143,90.7209
216.7647,283.1379,85.1451,88.1749
218.4605,242.9106,85.6870,86.3143
198.3483,287.4233,83.9642,89.0419
222.7976,249.1512,83.2543,90.2112
179.3043,256.7267,82.1796,91.7708
223.1295,263.3424,81.0022,92.4690
222.9313,221.4597,81.6508,90.1971
222.2712,271.3651,80.8510,88.0196
223.3728,232.5309,80.7580,87.8299
223.0211,280.5607,80.6069,86.7003
138.8641,176.3178,79.0121,88.5931
171.0261,213.7020,77.6722,90.0901
205.4915,251.4525,77.3481,90.4724
246.4933,258.2701,78.2993,90.4797
156.6848,162.4689,74.9837,96.2653
187.9865,202.1836,75.3970,95.0433
221.3997,241.5797,76.4074,93.3003
264.8265,247.1065,78.6698,91.3153
235.2059,217.2124,78.4455,90.7605
269.9888,252.3766,80.1842,88.1344
239.2650,226.2115,78.4025,87.9237
274.6047,260.9017,80.8071,84.2493
255.5647,222.9219,80.8103,85.0200
255.7773,269.7243,81.2325,84.1828
279.3908,230.6298,81.0712,82.7267
281.4879,269.8186,84.2237,77.5500
243.1631,274.5388,79.1092,82.7725
286.2992,273.5013,80.2475,81.1425
247.9334,279.6604,77.2348,83.6051
291.1552,279.1502,78.6995,81.1198
274.2390,322.2278,77.3547,83.0435
298.0735,285.5221,80.2447,80.7151
267.6429,318.6588,77.2604,84.5798
302.3676,284.9277,79.8141,80.8237
273.6054,317.5525,77.1461,83.8924
297.0310,280.5771,78.6254,81.9504
297.7773,325.6262,78.7824,82.2221
267.3733,298.1342,77.3479,83.8903
308.5376,303.1133,78.2197,86.2408
270.2998,308.7849,78.2879,87.8251
312.7195,311.3720,79.1698,90.1976
271.8685,313.6817,80.8229,90.0923
306.2516,287.3636,81.5467,90.6343
264.0194,295.3460,82.9057,91.6693
301.0431,268.2064,84.1211,91.7463
259.8784,275.2415,84.5668,93.8581
287.9993,234.2231,86.0663,91.5880
256.8873,275.6914,84.2157,93.5220
295.5009,241.4224,83.4573,92.5913
254.3870,247.5541,84.1969,95.2800
296.0704,210.4734,83.2841,91.7990
264.7351,246.6578,82.7784,93.0991
269.5025,204.6556,84.3866,87.3755
271.4809,252.0526,84.3226,87.8796
255.9899,212.9074,82.3085,88.2458
257.3663,259.7104,82.4543,87.8281
261.3497,220.3418,83.3681,84.7531
261.8642,265.1885,82.8140,85.4823
264.2727,225.9877,83.3205,83.3364
287.5055,270.0799,81.8578,88.4475
290.8230,230.5305,85.1230,83.9595
273.0013,275.1773,82.7455,86.3379
299.9480,237.6179,84.5697,85.7396
248.6122,217.4930,68.6128,97.7516
270.8858,246.6315,68.6069,92.5261
299.3200,278.4286,69.5315,89.6940
339.3060,281.0299,70.5737,91.1163
325.2671,237.6516,73.1856,88.1338
352.7910,267.1154,73.0187,86.1652
398.9691,238.4916,64.7516,93.4177
416.6620,266.7506,69.8157,92.2879
420.0079,305.3091,69.3759,89.6128
457.0699,301.7058,75.8822,84.2478
488.7127,304.1798,76.9551,82.7012
521.3307,331.9839,79.5525,85.7584
557.5161,319.9233,81.2148,85.4115
