400.5,48.5,87,319
393.4310421276617,50.528796323444624,86.93675333980337,316.18024725870487
379.06283184558663,54.20752221027476,86.34362380295921,313.5126245937295
345.7441858346171,79.18399780605219,86.31402465082193,310.49938244369577
307.1480951010099,90.20452248213445,85.79493917730723,308.644022586347
266.3053769430103,94.68320061835476,85.46465616287652,307.4943469143479
230.12232158753756,92.3488267806554,85.16665564212352,306.462923370511
200.90632154087803,99.21204137318833,84.7290831959431,304.61742714845695
177.50293367954515,106.67606963787478,85.01317270499497,305.22205074692226
174.23225971648102,119.59914368110242,84.79203154647098,305.77105352351475
177.83978872434295,130.34190902272528,84.59537207498832,306.45568471704695
183.84065429156166,135.57769595143577,84.74020457714015,307.2046272361208
194.110936436611,141.38911380781911,84.84554675471263,306.1814656729632
219.7869594772635,163.8515419431888,85.05638982483626,305.2778180381878
250.9270077390154,149.23716205353884,85.23452887745366,303.37287792624375
284.590921733817,136.26167443121108,86.25935774534919,301.9602872411035
308.0980211495468,115.2709966936776,85.63860851153905,304.012650197733
326.8910696825509,100.69952727490707,85.58246957570259,303.88246538196336
350.4459583682184,94.38898712029058,85.9609623430919,303.58779592306337
373.1724896929127,88.56592719562599,86.42907801793609,303.1476308045482
388.56837267884356,92.73165176816457,87.54759241417912,303.34274865952636
400.3114716618294,94.61060160199344,89.143146628745,305.539779995523
404.6039281302102,97.14718731372173,90.4738720595081,308.5013581152655
404.07605954931466,94.08621946691582,90.33810048562455,311.2071117742491
401.7876727681938,91.72178173962709,90.54048867271561,313.8710355183529
394.85399384782716,89.33115841054618,90.98534589604938,316.30355158191264
393.8529628882954,83.98584826873108,91.59279511443826,318.0468518497559
392.6679865521044,84.04312209621884,92.87578733756047,320.77765301125277
387.36769662087875,88.33322067221556,94.41436620558481,323.6888997040818
381.7654572416652,97.08610473327963,95.7136883958546,326.40724263079835
378.1211999863651,106.0089218411722,96.9112498981566,329.4937967892199
375.43168487863556,117.06365554973146,97.69270927861044,331.88685610781346
362.81472451519596,118.9133505188828,98.84705807316723,333.8240646112531
358.00106268812124,109.51420858836516,99.8787970365224,336.0353946612781
378.97349212694814,99.53643413532978,99.23739550406853,338.3951872347227
406.1279054810434,99.5474053043722,99.09410100091813,338.7374569595811
445.9146400795067,117.90264106061707,99.12043395894968,338.7774695945414
498.532260448717,175.38188998203276,99.13783936990335,338.738280007619
531.9405856193686,112.5099410786404,100.24617034763756,342.30720753335265
522.2747340567583,115.96889608738871,101.00584746215905,342.4642612782577
503.69619437742347,131.8737147476842,101.0064521604047,342.46363335334075
469.0149221841267,131.37461342591632,101.03888937991974,342.41479576073004
431.76558475812857,116.62425438636595,101.75101655528907,343.3619831519895
417.58706028572726,108.35629502147773,102.66036813654256,343.60607207422294
397.8938990471871,110.33146103946925,104.28810537313615,345.6572439905356
387.0289456440771,129.54642424961565,104.50267039366389,348.1587309617436
378.0444007123107,132.18443114990077,103.90541487350123,349.1803797373685
369.0940628035825,132.68253895639063,104.5621772348172,348.7558532791996
373.6945041701724,132.6355536165707,104.67706959259795,348.61714480060766
384.81680286413155,128.3921908385558,104.35164848891313,348.81287205462297
408.23596110134014,141.15248968995724,103.97257943261768,346.7876466369805
435.51849142391393,153.24409706647813,104.00701148858525,346.3475815975964
471.66455210175184,119.34955558278853,103.45673555409661,346.6499083793402
482.26264332245944,117.81662646213559,104.07666073970992,346.8692666843412
475.7840485602866,108.75109403267456,103.30657190912706,350.01246749735475
474.21700166496845,83.78492102718133,102.95752619976942,351.9897326138605
472.680734469836,58.408709424771274,102.63272320793655,352.0540317161199
448.4929525969925,48.12813867296225,102.65543853023496,351.8955061750909
403.8812919520428,42.76322146115743,103.70315538430373,351.6583694633719
381.39797341117054,36.12520182534411,104.72713453114736,350.6067514588115
375.28039316301977,50.12773334743321,105.0793026207662,351.36479257813437
371.05624090518324,60.15943420015674,105.2007538932788,349.6520804508002
357.55082223004706,69.20004268010737,105.38529494210344,348.5097764710707
336.84389033832514,73.72586170167037,105.82558660061932,346.3121571842204
336.6636360996707,73.50365711740656,104.36033064924041,344.0802382583991
329.5213803275293,70.87207068454578,102.8339432992502,342.37996952394707
304.64906860619703,75.5333834521362,101.5644310200058,341.02835039109874
261.72581520359523,78.6152755577643,102.34718742312522,341.81644506464363
232.03776222788636,56.20928823308475,102.05096272654492,338.28611401485205
250.65968284517356,45.96981575511063,99.57812201897397,337.2077269488674
274.8762741477303,38.19383212624044,98.63223742269345,336.29495959446376
290.9025959113112,31.163616340629403,98.51486018494629,333.9377113250834
283.6482863118705,41.50229070151212,98.2631891148414,333.39522155087343
276.58581231593473,44.64711124912478,97.08821847171438,331.15402387379265
294.4871830674734,65.21922245387788,96.88042295663197,329.06499900529457
292.06199952113565,56.64270652623864,96.21914791193514,327.8215232625476
280.1636908983104,64.29802877899297,96.29838497651068,327.07353604414163
263.22330966041443,68.67532306010662,96.38645809430994,325.92614794405273
255.78999830716532,68.07067725820139,95.82871142736528,324.82885385683727
270.8246246055882,74.44904025978042,95.59036452475827,324.1769397612843
268.74248140664594,72.43537864776914,95.26935754599916,323.3271882286781
268.8770009430424,69.88004529365304,94.67283194750422,321.8813133177068
264.5507238889062,63.97250045057149,94.59716234689145,321.009586952791
256.6466874020657,50.47021779539122,93.94309882191028,319.3985687086101
237.50924043255947,56.65115548311155,93.99384563077709,317.27122493574547
221.74982326085117,67.00238059387937,94.42134439173316,313.58770397476803
222.5110518978496,59.923267000188304,93.57730367093237,313.1545847796241
220.7767816950111,49.248766016434644,92.63188740774387,313.3856065366956
205.11396641433691,47.31153893719747,91.34479084263396,311.7609492709237
219.28579085067472,68.81923266271986,91.32159080250581,311.74044540049823
286.94572902436875,143.56354521283023,91.32172212160994,311.74017655800657
287.61257842808976,90.10578604139559,90.45017679178045,310.05078637912186
289.2391107911199,93.92450232805422,89.97396439911752,308.8665764413222
269.1489426330666,97.53694334359682,89.94182687447123,308.55765146484123
233.4676886557638,102.51649267639851,89.67478616295084,307.27973499674056
218.25932704148997,112.83871960565494,89.55655045426936,306.5373195891025
211.56503888748273,124.42522125839571,89.54931748616173,306.3285787380179
211.10036040498622,134.39253795887865,88.99463840390045,305.47440226655016
249.5606551027202,194.5060645021118,88.9992156353617,305.4551762401987
269.73024108231215,139.5354558443782,88.04534530002265,305.4364765080735
295.6376218034664,120.23866937475188,87.91373050716449,305.24569608627695
315.00776075192266,106.51441920886003,87.02103269077014,303.0908818765074
329.99913964643383,91.22096659213366,85.409570891334,302.0098857759251
330.42825045763226,61.53838704747329,84.49759043602663,300.61700520248314
306.4483213310993,67.9699652212947,83.98984575598118,299.04873088523664
270.87112235822684,52.776438574022876,83.98678858021319,299.041947642787
222.0427353508836,79.4561784694829,83.98309709342429,299.01817885258123
162.0089541890247,33.4450519327402,83.97744567028178,298.9603319964162
156.9059966807011,35.85193534098957,83.51336584772602,296.1872145198364
219.5893247945536,111.59999261416232,83.51353963385829,296.1869197796317
232.57909739056322,58.61566755623522,83.2730293531545,294.59728607277907
252.12784250352635,58.27901255380834,83.28553783503601,294.34604553876284
254.48811985577694,66.98403992808662,83.26224410803859,291.18542375866076
265.08345473422276,66.31170856507552,83.25790273952512,289.3225399092871
273.10626930611164,68.98301386124274,83.43626328851158,287.2463153120982
257.45065186215965,92.59561868560354,83.41675176266085,286.8573112890421
226.07688562402214,89.27459763401743,82.85473876772373,285.62813779955854
237.2858420126479,120.37506306867334,82.81113136200553,285.38670557376065
294.3355772480653,168.60360076434995,82.8150972471098,285.37920661554085
321.51849122020593,106.44517936183323,82.31273738251079,284.60844782514596
313.82920440042443,104.27909529442849,81.97846701606326,283.2880531816948
315.4880299990754,106.92288152838336,80.90363266268363,281.5308035495443
332.81864247154573,101.2941387678764,80.61457276926706,281.27777071891114
330.84205561393,102.36704431305856,79.89723089245653,280.53679896628654
305.5811565675667,116.48504776022776,79.8840725740412,280.49841214103003
282.69257858463357,104.60802243683347,79.50427922900572,278.4301610182282
316.400262148031,149.66023411688394,79.50839950212445,278.4020802183003
331.7112045853552,117.1254688338667,78.88288724097421,277.0063250081916
327.80970345461037,122.35381765507191,77.79496714041562,275.1326080723228
308.93217633004514,122.85433629348739,77.91160464614723,273.0409497269894
302.6073137949893,120.94379497212566,78.2193601446015,271.13527108064693
283.53742048065976,129.6009233670302,78.056692079127,270.6918026977437
247.57433951641372,135.3315159319958,77.97165012333008,270.4412094832546
215.48541696542105,137.5535313029548,77.51387015654358,269.307244823322
191.9420324611898,138.75517830979257,76.97664593788501,268.4256413380927
176.80518864870768,147.40373226953687,76.96537260468493,268.955926120393
180.29990190158424,141.07256898444155,76.27067324884875,268.35681738964854
210.10248177672923,138.45212391007018,76.22463829551721,268.36254272291757
248.0794219410231,140.89252492916037,76.23773755228581,268.34395014914213
272.0369494832278,131.15168968141535,75.94132181257847,268.0944945902046
301.9937530068335,121.35701631031293,75.88339664061634,268.0014924163166
325.78705473639246,116.01617439464536,75.21213343048517,267.96954946242016
341.98209808177404,106.1486776629302,75.39019515662196,268.72610236614537
327.68602427938976,96.2397934030117,74.31442548312134,266.96860519995323
298.25823437820634,93.45505757710947,73.76803346360012,266.59647016666634
257.15086371086045,100.1416213615303,73.73166863103103,266.1030360690436
208.8239755070501,100.69918039862691,73.73366229241452,266.0903350139823
171.6865993638354,73.17946198639137,74.05983309966129,264.7284493185517
156.84457571187056,82.73174437493671,74.11987386617616,265.76270300766856
161.13790338772174,93.6170850139288,73.30308329677365,263.380053085229
189.70046070637463,123.8165332878277,73.30424202006215,263.3463544570792
199.1524382669594,103.5808450009967,72.54957201963968,262.94561546046464
232.34493334087526,132.71449559742547,72.57179258813945,262.87397464209107
247.301414150979,108.87829366944607,72.34222980936742,262.15414130125276
263.08012806353383,109.75295096493608,72.39471612875298,261.83830519879774
257.5693227787429,111.32479126274643,73.08093800860273,260.84394407580186
252.86961718943593,111.19334402279503,73.73056749220301,260.50377956950115
253.63232058351352,115.00134475852627,74.48627782977489,259.98192427341877
288.89286737949806,149.32752584947846,74.54404326454448,259.8348518587608
327.2564648191108,133.305118851771,75.44574417643501,257.69455319461485
344.1641761948389,101.18005576814639,75.6007588333524,257.18466458962405
357.38722681444176,90.13999308210373,75.6547142770955,257.16544011633226
365.0494605071564,86.23611299169613,75.83038940060806,257.1177343138147
355.1155887384089,84.38115764418919,75.46797540260647,256.85000373476043
330.1554096309457,84.99417471154058,75.46516252433507,256.853096890758
299.12160250174225,93.12038293574889,75.46455947108024,256.8478246420201
253.13024460249315,94.38949055429856,75.47256084055486,256.82911228556725
207.11515859427695,86.91780947211473,75.08819655154895,257.4637422603535
205.6539445695564,87.55201251722963,74.87247825565844,257.0133346381851
227.7254455124065,101.75826724319046,74.90831898422005,257.1560441272307
221.51464036477546,105.09956519452271,75.36951441717773,258.0466623909423
220.56126396393222,113.3986086127868,76.48101175822922,258.7546920617549
226.36892767648988,121.12848636338902,77.18662587192298,259.45417128966665
217.2562153465075,117.79556742415829,77.09573783380314,260.0040449842082
190.84823535976977,116.90171937331775,77.08602236883034,260.01422047462114
160.36853631223642,115.31183552184137,77.38601280064621,260.00912171155073
159.97784802703055,114.34573646908044,78.25282384602222,260.22425955388076
173.17387786457408,114.09421762164925,78.08443434919326,260.24355132691176
202.29707785297958,107.06727600292075,78.07110480800277,260.2317469864113
228.05402357045662,106.03732789599613,78.14098167166918,260.46889714037394
243.09810312957433,110.55447974137891,78.74275609643507,260.20506436442315
248.47175686842687,114.4649681121266,79.44868436932843,259.38107726492325
262.062668628538,111.99580393889508,79.63799362812532,259.14637351156216
271.31839573259606,110.30607257206785,79.87776142712029,258.52610646913274
249.93103723858206,105.6126103155475,79.61095814426311,258.3039470717009
227.912349368577,112.81654904013692,80.09441981050735,257.0369736677667
218.228674067805,121.14262587540176,79.78554904618626,256.92004871860246
219.639527127443,132.26852869491276,79.26252671218369,256.28366882943664
283.0109298332619,187.1024627927868,79.60129379343036,255.76860720091145
299.14878021117846,141.37878628664038,78.62250187896437,255.84144091664973
307.5513875258418,139.72676135835277,78.40842901342454,254.78407891476246
313.9844209330029,126.02263549644073,77.90100251058425,254.94213970802775
332.0351821229407,119.69600644522045,77.48170803548336,254.57867958925638
319.4682731656183,118.67713710893696,77.45181720106066,254.53557512797255
306.14647860132703,200.8465038642588,77.46798012217907,254.50894898880168
224.61185557467553,111.28874641917048,78.08877596502239,252.9830376555865
193.78798806779855,99.33610931838223,77.2544255718914,251.02593818935873
183.93046402026457,117.61579427855895,76.42525238063705,251.02206219554932
241.6219096857369,177.85750626436322,76.42587226072887,251.02100389042516
267.8912176054848,213.64883540872245,76.42626006208486,251.01496243911242
281.1001677733477,139.1109556083499,75.80057583012004,250.35457356555003
297.60942175649603,139.45218848063018,75.58745118840918,250.0199704345796
343.3542260981398,189.7600307575401,75.58974941795518,250.01551624826095
351.34516095514437,153.44094666710126,75.08926610267685,249.52787490033182
362.294032214383,151.5690110923465,74.28124114446027,248.7838545136699
347.67684056511905,158.62132237209244,73.18812168720801,247.42549557736913
331.1279762377826,158.6632023234239,71.62429126889464,245.87375150599834
307.6833062139726,160.47479759763118,71.27614830877351,245.29216364393034
277.4109944118156,159.59340526100647,70.67497652508179,244.8074614023285
252.81152007681797,146.67881600380045,70.02223045787713,243.6902596426234
256.7090695261521,157.09267540242405,69.78762184283272,243.19849146183688
323.73095012676515,169.6024396934268,71.9250051432766,240.3897487639216
359.1332607423689,149.03219529843113,72.0860300460663,239.84806235189635
383.55807639326457,172.81644823333022,72.08603604245239,239.8475285474547
426.57198058463337,160.00832693578997,72.20658460252365,239.49481602918527
459.9234295000314,190.73979843341203,72.20662352701474,239.4945324510899
476.6628868836325,138.11462364147005,72.2644064849232,239.62047244793786
478.70072129785154,129.4983828928714,71.75025963780385,240.24540517631937
471.5534299509899,120.7844814586395,70.75702033676055,240.96977253432783
457.8988479160572,111.86394133707012,70.1210065238519,240.05772618685182
430.6813437469206,148.84851466572724,70.12088891393445,240.05251911756054
377.6893306037043,127.31349705823368,70.12096426317866,240.05163470064633
375.9142435162408,204.0749204674553,70.16229904042359,240.0034361035908
300.9026355724253,176.2327207349437,70.34966386936252,239.82079371784485
260.24700684863615,122.0716022004881,70.34293768012138,239.82779076975928
241.95058308559916,127.3447615784039,69.28713773288911,241.16718702948185
237.22977480920903,144.6011559518969,69.2705865359862,241.1936345368045
272.6132681145167,185.32869766646598,69.27077214268307,241.1910025280365
294.10277294449344,149.32067444282205,68.66556452386119,241.60361498621432
308.90432088176055,147.61709409977337,68.65884511906168,241.61040592353783
311.39851959027203,141.5373861251705,68.63110651743835,241.66650612901827
293.31541136006774,135.25064426045645,67.65899944183003,242.36578915729032
259.6845457878029,135.55885110354004,67.46305867445173,242.5587450363376
236.54074983280256,175.33162262614815,67.47144547921545,242.42306953665727
203.6595148620221,219.9281678305374,67.47188137729407,242.42224457797104
119.78906923466192,125.3906940270137,68.05046807176,242.69069207837026
99.49151822074933,118.49420232327421,68.35801541421897,243.89352240382993
98.55783675387161,116.78398227673476,69.42976461057663,245.87056695286512
110.28764933247281,113.08225645163003,69.84167889228681,246.79329041025585
149.3517960204303,157.34244094417377,69.85815858708787,246.74506316079493
169.54208127692505,121.40357715063685,70.08068199141059,247.5428796335219
196.0845569360123,128.25903147133533,70.41095628929084,247.40470755420208
235.63421919989167,126.26384315803199,71.7942759905054,246.38006985530785
259.6644094491479,111.03040316447203,73.04297579433637,247.06689379677675
278.12324521673406,109.10881682922991,73.47095712068754,247.63588112766757
289.4470926877098,107.11931360613373,74.48520291672749,248.86965389121556
291.792976552655,106.46856473481114,75.31905939181375,250.61444811656378
278.60937604285937,99.60143892765191,74.58931355064209,251.58383270170287
253.8875277831349,94.92323796549908,75.01382326215555,252.41092633907977
221.7263339684501,94.47307331175791,74.97744447954688,254.24077435797986
197.58615555915455,91.781056014666,75.46185013820038,255.51112288735732
162.68943444556345,93.65050843787924,74.81797246467656,257.59819835320496
150.39297264212468,100.80011844802169,75.02254209442468,259.81675027236224
167.4729903371714,101.89754918475248,75.23227231772546,259.82330152592255
207.57175589912327,146.93438202308835,75.25972977687061,259.76025171963374
229.0301593654914,123.01956162873526,74.8866709576282,259.3164596868777
256.4311764453447,127.3785053148423,75.62126904591335,259.5890116941464
274.2401255934995,131.88736673661504,75.413506726887,260.9535195964372
277.9298025781683,137.76535809000862,75.88930435329311,262.0452420991891
280.8140293948761,137.04953412652628,76.16042897384595,263.06014884422336
268.877394851552,134.73837764396026,74.84491837531455,264.0819934397919
243.72212569775695,129.81503020565378,74.98619785181484,266.0393984960127
229.17708366079228,130.8846465699953,75.05991855687422,267.7221532957342
237.69409723612964,132.08725088206452,74.57630724064103,267.33421215961533
273.0900964611039,147.71853713435985,75.011633078309,265.4580003182725
276.0873659780174,116.13929645466274,76.37372094355047,265.19758932449315
254.07563524233842,116.56057518559302,77.2710995785807,265.2875081207429
234.75070051522215,120.384808111085,78.51276277408877,266.12124414314184
236.16318108287638,118.07167880401741,79.55664626265701,267.17102901017637
228.97514177109403,116.19452035443626,77.90886085482221,267.60736922785765
191.4442725934228,140.75351029268023,78.63402440731673,269.05088865657444
127.15129215321721,130.6721160696598,79.14903915066004,270.80550686170295
111.81718879545524,133.0958037652101,81.00278253892864,271.46495286204464
97.05139992177305,137.21538726886683,81.53944489668565,271.9750915117759
76.2282692506517,142.4080800093813,82.66192640440374,272.0334554923446
78.05285354827112,137.9976832751753,82.28161343680294,271.8153848842078
111.52677652333102,139.18091194945052,81.76640305916511,272.2939534053359
149.79234006763954,136.9625783151285,81.54630915145322,272.92006080677527
171.76425706977048,121.64696578682361,80.0386905971041,274.26576935320304
191.68717025995284,107.17102982188052,79.10703765331354,275.74895836735857
207.46378063687462,92.90000179826953,77.84374212099033,277.892798102656
212.4762782853629,87.5331375344864,77.70868405632143,279.4273769745922
197.6575268995341,87.28710341220517,76.64819287595104,279.8761217138242
163.00827919987543,90.49129338825381,75.42050020469202,281.4645158781904
136.87076765430976,85.64988123160217,75.67929515354791,282.478701384343
140.10599617533438,86.84739128239289,75.95699038851703,283.77980477605644
166.3225190928035,126.2295720125446,76.1522256815054,282.550659374095
208.05420368718745,155.76511967709203,76.74445366929892,281.05816888872295
241.31290297493652,104.47499276440436,78.16411676280445,280.5938647388954
245.4904496459768,105.87145959602617,78.94366129919013,281.51306919817335
252.42378806696394,114.54621391834695,80.14871895296793,280.01655486704783
279.1189967176417,123.94863379381277,81.29612996439427,278.9228349769273
277.39760149463456,124.31397149562903,80.81684686248468,277.36925111446163
253.4477740848502,119.82229668280829,81.83618916857361,278.02960762847425
266.3684457886254,152.04969049562825,81.92687072270722,274.1248151057609
307.4951211150661,153.7627583696959,81.70297668904317,274.1606917470494
335.3953594989069,114.94258808214278,81.81787627621587,276.72942650778543
337.67250012932016,110.77306878686059,81.55317995116799,279.47605621971
344.64992595821207,105.2816318996176,81.95850857496279,281.05388377722664
348.6329493395923,123.42787848598724,81.1904406018008,277.707633717919
325.695338422534,134.5672365000746,81.17066927473402,277.3686705104569
248.56249102209384,151.9479024648882,81.17088924461264,277.3681075006139
180.39988676978044,94.04546276833739,81.60733230832787,278.5075096739101
154.6097822182026,99.88300279721878,82.03264616517076,280.79705053404405
129.055366185316,131.6738684515038,81.3496839198467,279.2908712821447
100.7489643184629,130.27973638118675,80.61560483098441,279.66071985390886
90.22596628246984,144.21690535586328,79.42546354035306,279.81408223078165
94.08948994602841,139.84055261203486,79.29370909910146,282.4333908840707
141.83451583366949,194.8992875217167,80.17829088784096,280.1995413135171
162.07280769513784,161.6964576524913,79.49895232210004,278.7696287611884
196.70610867595713,201.3772514478301,80.31407594251256,272.1434353363798
210.64446141978675,138.45360202329041,78.79981958015189,274.1551165255317
244.61801847423493,165.86471897837816,78.82482624966096,271.64333520905427
259.1875799495433,131.54232732768375,77.67021534852354,273.9455333384023
255.83537615369107,115.45118692541953,76.96349587320381,274.84877692213655
239.4228459986106,116.02246126019344,77.16376866579793,273.2730916974911
210.40312212785554,103.93865999141127,77.55672957305904,272.4371441521859
183.03713058931365,101.8191578782185,78.19173049999308,271.7342317833094
174.03389265978944,101.87123901452415,79.22303341300616,271.9685272837838
182.8984580892921,112.10034220516138,79.24740695077608,271.8002039627022
220.19490155494674,136.88378530735,79.25026487683034,271.7918549754982
243.63298587965306,136.623367028591,79.05719424742063,271.1686780506813
264.6941524280256,133.9170039649078,78.74755661404889,270.77394120594704
292.3499821588662,131.3610808332861,78.25214197401216,270.87689050266874
304.9345944435571,128.97758259745532,78.23633318244732,270.38095024047396
305.09634050680546,127.07703716796118,78.76830225596225,269.92580058892827
304.8865811179618,123.20003082825878,78.19095344053751,270.5532754041541
301.88387671343196,115.388886247606,78.13153203251738,270.6837756968646
300.5051983375637,111.70646294826213,78.59331304740732,271.0197669397462
309.6990848188952,115.81469933978263,77.91468269680044,270.92976749295275
344.9736329560961,144.54783909196567,77.92354314445228,270.8906748066854
363.7379207851411,95.25158778049098,78.82301169965868,270.3563377912419
340.5375453471727,92.86442023170645,78.91073878485355,269.6721849962635
328.9829449983543,93.04940711494092,78.85935942808248,269.2175964015201
