197.5,203.5,170.0,149.0
271.5,284.5,167.0,154.0
277.5,286.5,167.0,148.0
298.5,293.5,161.0,140.0
315.5,285.5,159.0,152.0
319.5,283.5,168.0,153.0
334.5,285.5,163.0,145.0
349.5,286.5,167.0,150.0
344.5,274.5,162.0,148.0
308.5,262.5,168.0,145.0
265.5,255.5,165.0,145.0
244.5,259.5,160.0,147.0
229.5,254.5,170.0,148.0
244.5,253.5,169.0,145.0
271.5,259.5,172.0,146.0
318.5,266.5,170.0,147.0
376.5,272.5,156.0,137.0
389.5,278.5,171.0,145.0
369.5,283.5,158.0,141.0
309.5,280.5,171.0,142.0
262.5,283.5,165.0,141.0
243.5,280.5,160.0,143.0
237.5,271.5,166.0,138.0
248.5,258.5,158.0,139.0
266.5,259.5,153.0,137.0
273.5,256.5,164.0,142.0
283.5,259.5,162.0,141.0
297.5,270.5,161.0,135.0
301.5,290.5,162.0,137.0
302.5,314.5,161.0,139.0
317.5,343.5,159.0,147.0
323.5,351.5,163.0,141.0
315.5,342.5,158.0,134.0
302.5,321.5,156.0,140.0
286.5,315.5,152.0,135.0
270.5,289.5,160.0,135.0
278.5,259.5,154.0,144.0
292.5,268.5,151.0,139.0
307.5,300.5,160.0,142.0
333.5,326.5,148.0,133.0
341.5,325.5,157.0,146.0
342.5,319.5,150.0,144.0
327.5,291.5,151.0,140.0
289.5,260.5,160.0,138.0
248.5,257.5,153.0,134.0
214.5,261.5,154.0,142.0
207.5,277.5,156.0,143.0
214.5,288.5,155.0,145.0
226.5,288.5,149.0,137.0
249.5,285.5,146.0,139.0
275.5,284.5,153.0,140.0
298.5,291.5,141.0,137.0
321.5,314.5,145.0,130.0
347.5,331.5,145.0,132.0
368.5,333.5,141.0,136.0
371.5,333.5,153.0,137.0
349.5,328.5,150.0,129.0
298.5,310.5,143.0,121.0
244.5,269.5,151.0,136.0
259.5,279.5,150.0,129.0
301.5,279.5,149.0,131.0
329.5,273.5,142.0,132.0
342.5,284.5,154.0,137.0
359.5,294.5,143.0,133.0
357.5,315.5,152.0,132.0
356.5,334.5,140.0,136.0
335.5,347.5,146.0,137.0
336.5,350.5,141.0,135.0
340.5,344.5,139.0,130.0
316.5,329.5,152.0,136.0
298.5,325.5,141.0,139.0
287.5,317.5,147.0,141.0
295.5,312.5,141.0,135.0
309.5,305.5,143.0,132.0
314.5,295.5,148.0,137.0
307.5,262.5,151.0,137.0
323.5,239.5,145.0,135.0
334.5,242.5,153.0,137.0
350.5,264.5,152.0,145.0
345.5,305.5,161.0,140.0
347.5,341.5,153.0,136.0
338.5,352.5,139.0,136.0
302.5,352.5,154.0,125.0
279.5,328.5,139.0,127.0
255.5,302.5,142.0,123.0
242.5,273.5,146.0,133.0
250.5,252.5,146.0,137.0
263.5,265.5,149.0,132.0
269.5,296.5,160.0,134.0
275.5,328.5,154.0,133.0
269.5,351.5,163.0,138.0
272.5,349.5,151.0,140.0
277.5,336.5,152.0,137.0
289.5,321.5,155.0,135.0
309.5,289.5,150.0,142.0
308.5,297.5,143.0,137.0
297.5,305.5,149.0,135.0
296.5,295.5,147.0,137.0
283.5,282.5,145.0,130.0
259.5,267.5,145.0,130.0
241.5,256.5,153.0,138.0
256.5,266.5,145.0,138.0
295.5,290.5,146.0,127.0
321.5,296.5,153.0,135.0
319.5,305.5,151.0,138.0
300.5,329.5,142.0,130.0
247.5,337.5,157.0,130.0
210.5,327.5,155.0,127.0
202.5,301.5,157.0,129.0
208.5,273.5,166.0,136.0
240.5,270.5,158.0,133.0
283.5,279.5,160.0,132.0
313.5,286.5,163.0,136.0
324.5,284.5,150.0,134.0
319.5,272.5,147.0,132.0
299.5,254.5,139.0,126.0
263.5,245.5,146.0,125.0
244.5,250.5,153.0,131.0
243.5,251.5,150.0,132.0
261.5,236.5,146.0,128.0
307.5,225.5,159.0,131.0
363.5,223.5,156.0,125.0
375.5,216.5,150.0,132.0
362.5,215.5,157.0,141.0
335.5,223.5,146.0,137.0
298.5,253.5,146.0,123.0
267.5,284.5,165.0,137.0
262.5,293.5,160.0,140.0
270.5,295.5,158.0,133.0
277.5,284.5,154.0,129.0
294.5,263.5,149.0,134.0
312.5,244.5,153.0,136.0
313.5,242.5,157.0,136.0
309.5,253.5,159.0,139.0
297.5,259.5,149.0,137.0
275.5,251.5,140.0,132.0
248.5,231.5,152.0,134.0
232.5,213.5,149.0,137.0
209.5,224.5,146.0,133.0
205.5,245.5,147.0,129.0
227.5,253.5,147.0,130.0
255.5,251.5,154.0,137.0
294.5,243.5,144.0,136.0
333.5,246.5,153.0,130.0
359.5,266.5,142.0,128.0
351.5,275.5,154.0,140.0
335.5,281.5,146.0,132.0
310.5,281.5,152.0,137.0
279.5,282.5,153.0,135.0
238.5,282.5,161.0,139.0
223.5,279.5,159.0,145.0
237.5,272.5,160.0,147.0
275.5,263.5,148.0,136.0
286.5,241.5,158.0,132.0
286.5,202.5,164.0,148.0
304.5,191.5,158.0,146.0
329.5,200.5,155.0,148.0
332.5,225.5,162.0,139.0
347.5,241.5,156.0,143.0
351.5,245.5,154.0,141.0
351.5,244.5,151.0,146.0
349.5,247.5,152.0,136.0
336.5,259.5,152.0,139.0
321.5,278.5,137.0,131.0
297.5,297.5,149.0,138.0
295.5,303.5,154.0,135.0
302.5,295.5,154.0,134.0
312.5,272.5,149.0,134.0
319.5,250.5,146.0,140.0
330.5,239.5,148.0,139.0
340.5,248.5,146.0,137.0
345.5,262.5,146.0,142.0
332.5,275.5,141.0,133.0
305.5,291.5,143.0,133.0
290.5,300.5,147.0,141.0
279.5,302.5,154.0,139.0
269.5,302.5,155.0,146.0
272.5,298.5,157.0,142.0
288.5,280.5,155.0,140.0
327.5,257.5,145.0,142.0
363.5,245.5,156.0,145.0
386.5,239.5,151.0,141.0
366.5,251.5,159.0,135.0
333.5,261.5,159.0,129.0
283.5,256.5,157.0,141.0
242.5,268.5,160.0,138.0
230.5,273.5,156.0,145.0
244.5,277.5,148.0,145.0
266.5,275.5,151.0,140.0
293.5,258.5,149.0,139.0
318.5,237.5,147.0,141.0
347.5,234.5,152.0,145.0
381.5,241.5,147.0,141.0
400.5,252.5,155.0,144.0
393.5,258.5,147.0,141.0
327.5,248.5,170.0,142.0
262.5,241.5,172.0,139.0
240.5,239.5,156.0,142.0
257.5,240.5,142.0,138.0
285.5,231.5,156.0,146.0
293.5,227.5,151.0,133.0
283.5,229.5,154.0,139.0
284.5,256.5,164.0,157.0
294.5,311.5,177.0,147.0
318.5,352.5,161.0,143.0
322.5,372.5,164.0,148.0
319.5,370.5,160.0,145.0
307.5,347.5,166.0,136.0
298.5,308.5,153.0,143.0
282.5,287.5,157.0,136.0
282.5,262.5,165.0,149.0
314.5,262.5,155.0,144.0
340.5,257.5,172.0,159.0
368.5,273.5,156.0,145.0
368.5,278.5,160.0,145.0
361.5,291.5,157.0,145.0
340.5,303.5,159.0,148.0
320.5,304.5,168.0,151.0
318.5,298.5,162.0,147.0
306.5,289.5,165.0,139.0
294.5,277.5,162.0,139.0
274.5,258.5,170.0,139.0
276.5,234.5,154.0,137.0
285.5,235.5,157.0,141.0
316.5,244.5,161.0,141.0
328.5,264.5,164.0,143.0
336.5,292.5,162.0,139.0
351.5,319.5,155.0,135.0
342.5,337.5,161.0,140.0
321.5,345.5,163.0,147.0
300.5,351.5,162.0,139.0
281.5,338.5,157.0,142.0
266.5,326.5,167.0,144.0
267.5,297.5,167.0,142.0
282.5,269.5,159.0,140.0
294.5,233.5,160.0,137.0
321.5,199.5,160.0,146.0
351.5,202.5,158.0,135.0
363.5,210.5,155.0,139.0
375.5,224.5,153.0,132.0
373.5,239.5,157.0,142.0
364.5,260.5,156.0,135.0
354.5,278.5,152.0,135.0
339.5,298.5,146.0,132.0
313.5,315.5,147.0,133.0
292.5,315.5,152.0,138.0
275.5,307.5,145.0,136.0
239.5,287.5,150.0,140.0
233.5,271.5,151.0,146.0
252.5,251.5,166.0,150.0
296.5,234.5,151.0,146.0
314.5,232.5,146.0,147.0
321.5,245.5,160.0,138.0
323.5,260.5,152.0,140.0
308.5,269.5,153.0,143.0
281.5,274.5,156.0,146.0
284.5,274.5,154.0,141.0
316.5,274.5,157.0,152.0
350.5,270.5,149.0,142.0
358.5,259.5,158.0,135.0
369.5,240.5,154.0,146.0
387.5,236.5,158.0,140.0
395.5,227.5,159.0,152.0
382.5,237.5,155.0,148.0
339.5,262.5,160.0,147.0
317.5,277.5,160.0,138.0
322.5,279.5,151.0,148.0
309.5,276.5,165.0,149.0
293.5,278.5,155.0,148.0
287.5,285.5,146.0,140.0
289.5,287.5,163.0,145.0
320.5,279.5,172.0,159.0
379.5,270.5,187.0,159.0
447.5,265.5,161.0,149.0
486.5,262.5,153.0,141.0
472.5,264.5,170.0,151.0
413.5,266.5,183.0,158.0
353.5,270.5,182.0,156.0
307.5,278.5,188.0,160.0
288.5,287.5,172.0,149.0
294.5,288.5,158.0,139.0
292.5,288.5,164.0,142.0
290.5,278.5,159.0,139.0
288.5,272.5,164.0,144.0
309.5,275.5,161.0,140.0
337.5,277.5,168.0,140.0
375.5,278.5,158.0,149.0
379.5,274.5,171.0,149.0
375.5,270.5,160.0,147.0
349.5,272.5,170.0,145.0
295.5,264.5,183.0,147.0
242.5,248.5,179.0,146.0
224.5,221.5,164.0,144.0
237.5,201.5,159.0,146.0
249.5,183.5,156.0,140.0
235.5,201.5,155.0,137.0
218.5,251.5,155.0,138.0
207.5,293.5,163.0,136.0
215.5,321.5,159.0,141.0
222.5,327.5,162.0,157.0
221.5,321.5,164.0,150.0
224.5,321.5,166.0,147.0
240.5,322.5,155.0,145.0
256.5,302.5,155.0,148.0
274.5,264.5,153.0,154.0
275.5,238.5,158.0,143.0
287.5,234.5,153.0,146.0
303.5,260.5,154.0,139.0
306.5,279.5,166.0,142.0
296.5,283.5,164.0,141.0
283.5,264.5,170.0,146.0
286.5,239.5,168.0,138.0
306.5,221.5,157.0,147.0
309.5,209.5,170.0,145.0
301.5,195.5,168.0,144.0
291.5,190.5,170.0,151.0
308.5,187.5,156.0,142.0
307.5,172.5,160.0,155.0
296.5,189.5,170.0,161.0
288.5,271.5,182.0,154.0
289.5,300.5,170.0,159.0
296.5,312.5,165.0,156.0
289.5,304.5,171.0,149.0
285.5,287.5,170.0,160.0
287.5,271.5,168.0,152.0
285.5,248.5,165.0,153.0
285.5,212.5,162.0,158.0
303.5,206.5,156.0,152.0
313.5,204.5,167.0,156.0
346.5,204.5,164.0,168.0
366.5,203.5,165.0,155.0
367.5,201.5,165.0,154.0
358.5,214.5,167.0,163.0
352.5,222.5,176.0,154.0
346.5,226.5,163.0,157.0
317.5,237.5,165.0,154.0
279.5,263.5,174.0,154.0
260.5,285.5,175.0,155.0
251.5,296.5,184.0,159.0
261.5,295.5,169.0,159.0
256.5,292.5,168.0,155.0
252.5,275.5,168.0,160.0
259.5,269.5,162.0,156.0
267.5,274.5,169.0,156.0
288.5,277.5,165.0,154.0
308.5,269.5,186.0,165.0
351.5,260.5,180.0,166.0
395.5,251.5,179.0,164.0
415.5,250.5,183.0,160.0
406.5,234.5,173.0,159.0
377.5,234.5,177.0,152.0
335.5,229.5,175.0,162.0
300.5,225.5,167.0,156.0
274.5,227.5,179.0,155.0
270.5,230.5,176.0,164.0
261.5,230.5,176.0,160.0
247.5,238.5,180.0,171.0
243.5,242.5,185.0,163.0
264.5,241.5,184.0,175.0
295.5,235.5,178.0,162.0
317.5,222.5,177.0,168.0
340.5,221.5,189.0,169.0
370.5,207.5,178.0,165.0
370.5,187.5,184.0,168.0
353.5,188.5,184.0,168.0
341.5,201.5,181.0,165.0
334.5,219.5,202.0,174.0
340.5,258.5,188.0,166.0
335.5,293.5,177.0,161.0
321.5,307.5,184.0,175.0
305.5,305.5,190.0,176.0
299.5,284.5,186.0,176.0
302.5,278.5,175.0,166.0
287.5,264.5,195.0,180.0
289.5,257.5,188.0,176.0
285.5,245.5,187.0,168.0
280.5,229.5,185.0,173.0
275.5,233.5,189.0,165.0
276.5,248.5,192.0,176.0
293.5,273.5,188.0,178.0
