298.5,160.5,48,80
297.9544381152492,166.00356670302293,47.61993410332468,78.88429502170466
299.73520235708673,168.6129786742776,47.475894719629125,77.78798935525677
299.0213350101022,172.81171030761786,47.02325661809232,76.8491326330066
300.97371103295654,176.42133232616,46.70288100550539,75.90530007727091
303.4929573175921,181.65549798994059,46.2955543104984,75.3473840659824
305.376519602976,182.70325502685608,46.152890913969955,74.3931698911126
308.81872179495315,188.18500111262364,45.813139209028485,74.02752307901427
311.1130463144005,188.94641496788014,45.75147204623108,73.60021782254306
317.86296147626024,194.023669998435,45.79785296327091,73.05662131672602
316.0177328497202,188.44817516326677,45.48265345655081,72.99784079590727
327.24789117832614,203.6918698283966,45.5391231031467,72.77352373248134
315.9935325884728,186.8834262364241,45.31863202277218,72.8105726172947
324.95295779037895,201.67277174205117,45.35897072858444,72.57714158170778
313.29224089501736,188.23153508858655,45.263712169146515,72.65982371452873
317.0089563100066,197.24720272766743,45.20681781821939,72.43219526936004
310.1435292804048,196.31745317773363,45.05016873228243,72.44236784151931
310.2503613939572,202.0120866614003,44.91638048390452,72.5842111472309
306.0870343549176,201.68819470956677,44.903414970539565,72.79917466344409
306.03536997545586,206.647773569817,44.983972740353074,72.80652527137576
299.8470901345407,201.9203935100503,45.2218080558711,72.76807492585104
305.1249464093406,202.80110653566598,45.30327820148729,72.69972658155307
300.04179855826135,202.7740424089117,45.431429229461756,72.57472515448899
299.02449920851615,201.59368476782646,45.59219053232689,72.1647545392432
291.397729761341,196.81597388404305,45.67142790676601,72.08488356928578
296.6726234663005,196.5461039526873,45.47203329449252,71.96534280879408
298.63440828685725,196.37270781118553,44.73341226393554,72.22449024885928
301.6094890600897,205.81437603936737,45.05230318478619,71.86290362496055
312.08793032922114,213.28207293793736,45.55317716816596,71.40301098107861
314.64442970748274,216.48944597087677,45.59090190418371,71.44812931217737
332.3695739514292,230.05530507102551,45.6585809808794,71.4474953680513
336.0371736016521,222.77552093618283,45.619435199410404,71.51261736550303
345.47671180045614,230.50155931288026,45.42430615223523,71.96216001668051
350.31171485060355,238.48627987977736,45.01722068708193,72.57184134809184
344.80210589490775,232.81463981652524,44.85719981658575,73.19442250477445
360.0078145200872,252.3814051544031,45.08916690128851,73.1471557624972
338.5783604512284,242.1203587706128,44.802406121815864,73.51958843652022
330.47280676343786,238.91792354714,44.873273241576506,73.3996432281202
312.6885270689436,238.52549988283047,45.38930309790893,73.28957533582441
295.4773917297527,228.36443142755382,46.114471672821004,73.13159539836226
282.46336616022563,230.4958409829494,45.97726270024907,73.81934050399414
269.38888537926516,229.57298319591055,46.364573281503745,74.03038454815719
261.82095858449276,222.64880277949254,46.74093098989181,73.8881369389321
252.30686304359708,216.92075793225553,46.574685194459185,74.10587156649324
240.39390497582679,207.49946746729654,46.574549682751936,74.50365334902733
240.16988612122643,203.76191927325746,46.40132013010956,74.7609018789064
242.8948557834541,201.52283704163113,46.28021790150862,74.90745433749206
250.27902733768133,199.07666572345315,46.1954838457773,74.781395883863
255.24174936737103,193.215423737451,46.34240976489716,74.60862091971232
273.89608017441134,205.54295112884367,46.9305920367279,73.89824318006266
287.68240655467605,200.08054720259761,46.93393634891796,73.87633331532875
312.4349174612581,213.04528496374795,47.14393300937113,73.58662350421241
313.13815096347685,210.58141728392155,47.14579729692848,73.58539398874106
328.81306586966343,220.64924266726405,47.14578363151558,73.58666050518119
331.0702475666873,190.40501432742496,47.12591807710574,73.62978727183216
349.1086755762546,211.19908226905721,47.25153596011599,73.5096701691434
359.18085554912363,212.10997838276774,47.25202469192496,73.50906027979569
371.70983852062875,205.121908634854,47.251854528521214,73.50903969060425
386.9161897740813,212.64779122345809,47.251977049563735,73.50859867323987
402.520016867238,216.65677143876331,47.25202578247552,73.50781064872585
417.05095389589144,212.10576900991614,47.25218123341789,73.50774317408066
438.55959959970806,233.74300148808402,47.25388110999173,73.5064132239729
431.8291414067791,214.97473076715653,47.25390109547035,73.50649246956355
454.44618014466965,242.01867000554245,47.266211643753756,73.49810145912782
437.23003966349245,224.63264328350436,47.26593100787113,73.49859178551944
429.96485413326997,236.0209100417129,47.266070064642385,73.4984817368161
424.39326480895534,244.13909010344975,47.266259728855196,73.49824851754137
392.6311077482061,234.53191201722615,47.72702105002039,73.4217136811601
384.06457398193595,236.157443506633,47.7274548953883,73.4191285601871
370.775945878387,236.6894601287598,47.55682886963427,73.3463659079686
344.3560547242614,222.6030781571814,47.54999461753855,73.37229551476531
342.2239998536197,225.9007027094182,47.16119225255519,73.32159652810249
334.0954754713979,223.58635794908784,46.99626872741585,73.38938456349814
318.53199351595237,214.23786636448736,46.998152670880486,73.37855761870873
322.62462989265964,229.78631164594788,47.01214664849999,73.36432204568152
296.631750077137,209.7941882349309,47.008298234023044,73.3863713517474
290.96080114308535,204.25828774538556,46.53751760496326,73.62660774523285
285.4832006498436,201.71478294754448,46.14536285468385,73.138672132579
282.27945188320933,200.31474073484904,45.54492714418065,72.76395209552891
276.6909289870716,198.24878983270284,45.35086469236795,72.33585321311686
275.85024498956096,198.60942643588078,45.3731627167417,71.93867329673371
274.4779729325562,197.7035076810362,45.51474754311041,71.3815326254268
273.53612573970486,199.66317720001655,45.97491215992228,70.39419133028807
272.12723113925796,203.17731348911863,46.27085600551003,69.73511170541501
267.744685169454,200.18168635757144,46.68827836538317,69.20737863695904
269.5517574585306,208.6126905978408,47.78960974049237,67.93621806912765
259.50287796906935,197.44633740140202,47.17161207617099,68.63675443056489
266.9251550039857,204.6322440638035,47.804224324965794,67.4900322663872
273.620373974402,216.35779194163177,48.11288572558654,67.27772617497115
261.25782371018676,198.01527115524698,48.04946366876834,67.52847572036953
268.2867988613868,209.45076618557658,48.23658477196916,67.44511843094392
259.6673238300988,197.90673830749193,48.01356992716377,67.97911231192754
264.032817965144,204.62267682677606,48.32644622864665,67.84882691763192
269.20369922051594,218.05373954815383,48.517935667601634,67.77720868118595
247.846410474617,188.16555824982078,48.72962309930786,67.76526760780965
262.45004058949337,202.43961196494413,48.914751394684735,67.78870939314687
260.32268226695606,200.02787812826477,48.96414688250569,67.74406756282994
256.00943541479285,200.8150833910299,49.41185956611503,67.51037571026234
255.36177301997435,202.16880654551136,49.59221882458701,67.45129335883713
254.75384328857567,199.86503691421368,49.20157649318917,68.22168067780439
253.4216414926252,193.52739694120532,49.00622130620818,68.73165023124596
248.38924017318647,190.4640056013319,49.30386346031824,68.71928613427866
254.8379620628841,192.58006494969624,49.36560201627792,69.1958433542807
249.91571773987084,193.13215230563048,49.79784347339908,69.19585620424223
250.2565820731362,190.59667515038706,49.74960207369679,69.27589766561884
250.1526746099252,190.53265037472028,49.706644630799445,69.53885405763396
260.15655350592147,204.16504996202286,49.949283265718044,69.68020782283904
260.026721982632,207.0321085448521,49.631140683641945,69.93062964373331
262.18838776412673,217.46081057851262,49.28228987511209,70.24168664186006
253.87469886098955,190.81484820868133,49.26845752229894,70.33687776258334
260.9935042565337,200.3174931565614,49.94077506575264,69.46071086519363
266.0583645172575,202.18317236378536,50.42117886075226,68.8308409620622
261.6193665591401,195.11022919288462,49.990476659849094,68.78415991246605
266.7280015851532,194.7214339104012,49.280600582079266,68.55718866372395
268.1062980591268,192.67998263861136,48.295411801002054,68.31499157184507
272.0645133160011,190.1139078813472,47.105293350104596,68.82937187886554
275.0827299313767,186.36217851974484,45.880456770564564,69.57053100025651
277.9577681290792,183.45652446586217,44.58305857386674,70.54904155059333
280.5479041247514,180.90511108609658,43.51325739952585,71.46784813602994
285.2918935996418,181.77172510188103,42.550049141845165,72.08136914755038
287.2555506922976,185.1167151284335,42.01702791141984,72.25634025754064
292.24221702077364,187.36373280585167,41.84025762613729,71.82083923494064
296.66591929039936,192.70157368337627,42.24613758713109,71.15031977178172
295.4958755246701,191.00053897886204,42.224180108022225,70.98088809954672
294.9270446424448,190.0265362510884,42.19638750976566,70.76748660723392
292.3272457629304,189.39813127666633,42.1848184124998,70.48593004841742
310.3129525883671,203.0394106691109,42.26261365492475,70.40657874910634
281.7172260806845,175.12443314865976,42.26264684782463,70.4066588640517
297.9174474754656,188.53874486039047,42.55824003503292,69.87815439525112
307.74654574246756,196.50646074952385,42.55911534977067,69.87727921515393
277.6558373292526,165.35860739181004,42.55912091745952,69.87728821350186
299.11005191646643,189.47597859066926,42.59552236118471,69.84296691664399
285.9354409554922,170.13743967360568,42.595526325759074,69.84296038521431
301.0668538717438,184.94529526104918,42.78033674713641,69.60369435847312
284.4472698595057,168.06072992585325,42.78035255127714,69.60367314420382
306.5539091287536,191.85005492523914,42.81767511678196,69.56465321862919
280.48575042024004,145.03946483532644,42.81754166244041,69.56504566148439
303.2132459842858,169.76393822572214,43.24695288067875,68.924019762657
306.2420289124782,176.6160720191599,43.24702884703118,68.92379768490905
293.9329236656208,157.32154167370558,43.246921594915406,68.92382663177027
314.24313258305415,179.94064770783936,43.26044419854164,68.9101254126726
294.81418184613943,160.01268725985258,43.2604411660778,68.91012314832773
315.3083890445106,183.36198272005302,43.264213165140205,68.90637803121774
289.8212785543586,148.88284614969095,43.264197133348866,68.90641576654257
313.1501228515083,172.48225536249223,43.74246743679355,68.3466547761546
288.89380727004954,161.58203054806225,43.74247368816123,68.3466465960247
307.08756159180064,183.91245669953827,43.74998731660662,68.3401680312173
281.0859748173617,152.9901815755939,43.74997874431445,68.3401859878522
300.5479727677506,175.25330281438525,43.80214961644868,68.29461090002928
279.52950731791634,161.43249737051633,43.80201246211211,68.29461218630483
286.31034795344164,174.04601404576994,43.804636592643234,68.26078937046522
276.67134806592276,166.26183972794038,43.79873218409847,68.25851571405987
280.02061967484474,178.1848183145858,43.84798619843661,68.07884744696901
276.8700621315093,177.08273286131242,43.85760365329229,68.05635371129922
274.0377213221346,177.74559939813622,43.88388823699126,67.98879211246208
268.1969434681654,175.53034693318102,43.85322063446702,67.94030279209787
287.6403395477972,197.0248303534584,44.206129020820605,67.70731422571977
282.40299442447787,191.7407504974368,44.21456106530342,67.68736310956623
289.6982151072569,197.76387886411305,44.37736539209236,66.93361386907826
310.26544950970833,211.05223302564497,44.78396435046566,66.3661506815438
298.09662105892016,202.3409899287004,44.7822901691065,66.36607750369798
312.3326941372259,212.39252688315932,44.996493470219875,66.03975013989714
333.54485574656206,236.61414962788004,45.00860397559019,66.03516529394261
324.5259536490126,225.50459922472552,45.008573916758024,66.03522884351077
345.87821716858707,247.6536322266171,45.045250410054265,66.04333387566228
343.9209040607133,230.23161841624108,45.040571773281705,66.0497475885437
362.8521393769818,253.19880988074604,45.08018164118881,66.07513099840769
358.0434106539029,212.1218241489669,45.07980829337445,66.07830665206603
376.11916724299454,233.11163895106256,45.08375617344224,66.07499331018973
366.67905160465267,193.7647647254333,45.08156530244033,66.08281118375713
386.091647514555,217.32353281564352,45.150101973744256,66.02695559359148
358.07553241321085,175.7463968945294,45.150101828073765,66.02695896186106
379.5845262939018,200.61169982653655,45.15064279038827,66.02654381422693
345.2027181288794,164.67726618460847,45.15063886365291,66.02658129051486
347.58314051574604,179.68169468615395,45.15064277843701,66.02657624402558
329.56884076739294,186.07138102657626,45.15064495414488,66.02656359016922
309.3776852411942,183.52238556068795,45.15064789282645,66.02654487707807
309.6032811383984,200.0593328665448,45.15071707042842,66.02647980227414
277.2720340199444,190.59758118375655,45.15067624726508,66.02645891364368
280.9469338735364,212.817104365502,45.13425637835914,65.96312229801742
272.8050531543513,214.9904575401336,44.994220538567156,66.46637543793477
262.23590920043927,213.99312349214568,44.65510747083503,67.5011500666399
276.2750141659946,228.90285210580618,44.53673529080892,67.55053656999816
271.0585469496636,229.77566119401047,44.467245696179525,67.79437394428388
284.6328647783896,238.30552224708623,43.6334917209913,68.55699938029241
289.46707391192797,245.91270584748867,43.3886636753916,68.66954830800988
289.88357819323284,241.28194215746737,43.38912003717756,68.66927629171288
303.87489259977684,236.6018120713033,43.38945378803138,68.66942751768224
331.9271667170678,252.17099259046293,43.46624678500775,68.72525335355813
349.0984184245846,272.3951564526665,43.47307623593249,68.75768147472014
353.5661096626038,267.6631059575317,43.439285836357776,68.84925759850921
374.2949888761601,281.73910304227644,43.521974297013855,68.84710077736622
370.9907975142487,229.03438054435284,43.49808118791297,68.88604389217284
383.72021743731517,243.07034227894763,43.46046105212084,68.5781541716452
369.68567352196385,227.05953531147273,43.456283313952405,68.57958669225484
375.7133802512397,237.2119627957768,43.45588278279378,68.57622531061006
349.1358475649035,210.1390262514697,43.45553076751664,68.57631348602757
355.3984213728126,225.9939166274662,43.455634361059275,68.57615917962607
322.85801051683063,195.4928086357107,43.45266796382492,68.58310300658155
320.9489811471598,203.58852923421003,43.45461407607764,68.57337753560081
296.6031221525832,202.17372396674023,43.53021352188734,68.53533414218248
289.5157799875157,197.23870085251622,43.53430146841952,68.52986546395263
289.5328896236107,201.87884357980485,43.534569884888896,68.52949449215077
253.89068611194722,192.30488406048622,43.552046983840434,68.55653060225035
261.8107518811557,203.65246231242202,43.55488576007896,68.55359649800144
236.94955431857122,191.8894761319053,43.554858467516475,68.55351625493813
251.27757076349025,212.3919556064967,43.558317075096305,68.55070945252663
222.51611183811895,190.434445156728,43.55796435969776,68.55060866157623
230.48241645123505,203.96882806107277,43.57003826411656,68.53672828744914
217.77477231879178,195.3947218925602,43.574338316373705,68.53319487036536
210.62465607358737,189.60785643069664,43.47668200395047,68.58614909173464
217.9778054229868,199.12265666209404,43.56203669281876,68.57769053257447
219.76955944819755,200.14923058473119,43.589987427833435,68.52534059563135
236.73543795563683,218.10071746868437,43.612063401185075,68.51883149381368
248.95740083935215,232.57267029667136,43.648759792780666,68.46810702166606
249.81130453566274,216.08306575230608,43.53448037319339,68.61156692585554
271.6193040609652,229.6406889118773,44.02295296606395,68.23841449880787
283.65587658318043,221.77892266159947,43.017898976496944,69.13390139190375
296.47503822519474,226.2588896641264,42.34098636030543,69.94304032073671
307.43679310886404,223.8735767680215,42.53028062150379,69.78720229017134
326.995927962453,234.15101717051886,42.60361989124706,69.75682047202942
339.9541996953267,250.4797541187644,42.60343283676626,69.75691306224033
322.6681512952363,197.41277264448934,42.60331675485411,69.75711293238598
343.8344268800456,222.1726512225201,42.73707234948675,69.68340139083735
315.94647683390764,211.40477635288698,42.73711737838047,69.68346341708092
328.9603665256506,226.52995066959232,42.74134774500079,69.68016485684123
308.1994528906759,205.48953235225875,42.74132670277757,69.68020439606164
314.081039989968,210.0820209553027,42.74446900099151,69.67525322147796
299.28825735682966,200.67179498414666,42.7442327730721,69.67520037364505
317.93774214760754,210.26417892559905,42.76906025889592,69.64579243818837
293.41958298997196,195.64334063143372,42.76710363326969,69.64731324150839
313.1695139842856,206.44366392020146,43.372330873580225,68.8270494736249
307.4899019029037,206.63147141134607,43.372295177644396,68.82692499288063
321.3175148871348,215.72033114742067,43.41206580234859,68.7848931933138
314.9381069701431,202.8983374536418,43.41192013907771,68.78488192074433
334.91584484969,217.52464911634146,43.45783267115522,68.73789495495754
322.18453106165316,194.83261768464945,43.45775863036415,68.73794646125177
338.3298371608972,212.1166478941463,43.47665986146687,68.73144707603127
329.3875190805778,196.28814266807962,43.47648924032126,68.7314729111915
341.67249224531827,212.05143424372244,43.47843339202376,68.72985579591065
330.36961470605314,165.88114463869977,43.47830809048067,68.73002919205189
350.7042688545151,190.3734432070659,43.529360505225604,68.67351257499838
331.9819742794011,168.89372754304114,43.529303632842485,68.67354062719816
349.11516012675634,189.45942129261374,43.53644641328668,68.66724503261096
331.0342913746216,162.0691054225823,43.53638613467018,68.66730841491814
348.9213996274452,184.05714369462504,43.73313921314829,68.48207755929164
334.6838721755732,173.3337311805446,43.72768707393824,68.4829029785187
344.5420964099209,190.38110529587948,43.7040850076801,68.43618403202984
336.5706323993877,199.98932946548334,43.63097070284265,68.45457658060609
335.2333226190172,206.74836012871384,43.58636093771159,68.41878222069747
338.79456187570855,230.38047242222007,43.64251298818202,68.39803622416912
321.3977062538559,224.95888822904666,43.643085880665836,68.39719346296347
343.1856013701247,249.86925980522247,43.970539770010646,68.2185952517854
327.13657415131865,261.33747253060346,44.021373621488664,68.20049538218248
337.5274759438186,277.1238321370394,44.03087235953473,68.1953020568935
337.4205923224216,306.6940510737195,44.03762040572838,68.20282700847986
323.630045906453,317.48127112754537,44.03762056272545,68.2028273553677
343.2030415818153,343.9860416288603,44.87464789064669,67.49276738983868
365.2088200517801,371.476722964685,45.47647992268561,66.8176603962693
382.1476869159037,404.6693602014271,46.55118177039135,66.17438395132748
382.73814586140776,375.3205075694728,47.70426744453623,64.94167888310797
379.9904777813045,405.4768835322553,48.43505609687284,64.4568417011153
379.6298422549444,379.88474843210565,49.45136068692577,63.62685469020818
366.72751992458575,357.33241078256293,49.85259562964613,63.32058584630457
367.3896624443241,391.46730657056315,50.2773424719296,63.616457622556894
368.7315007855731,365.26336737837227,50.70074036124774,62.73122630850288
370.5862349856242,345.41465149070336,50.70101858976302,62.73139464407137
353.6424272354265,339.64788399090594,50.701018965715335,62.731392691188255
358.9796787965093,332.69432934542397,50.701014698653,62.73139794607634
374.5150826818625,328.95154136587564,50.70101349818925,62.731401357427764
381.90077055866226,327.36220925488954,50.70101358125798,62.731401979455256
384.6154004673456,327.55864029896435,50.70148498508644,62.731325251955006
386.3085713804644,327.23876081693584,50.701839323512225,62.73134373302164
366.0448973432153,290.0874886687701,50.70193402488995,62.73142771144875
352.2590644237039,226.54252609349635,50.70051976197463,62.7356075757482
375.85637335114876,253.554401194005,50.709303403641414,62.72820949079194
394.3308477765612,271.2301822064789,50.70902596853099,62.72859061775585
416.5153395143038,258.15530591270976,50.782430245535984,62.69562332213517
395.3471845640912,204.30697455305,50.78215562113378,62.69643201147026
419.36100613780735,229.66332158565538,50.696514441121394,62.73944040884628
394.7036112473281,213.66904470079191,50.69651046447292,62.73944400418656
399.6103775339711,221.67610202167177,50.696508904466235,62.73944587341383
379.32659759097396,190.3661751847817,50.69649836814648,62.739455056122466
376.17667688029326,197.42853664433954,50.69649071279229,62.73944812268596
349.32613948588755,169.6464301559401,50.69649011049104,62.7394493271249
367.9820106764573,189.0626247092993,50.696525543299835,62.73943927116883
317.60415103939476,156.88634441137228,50.696523481993424,62.73944806657204
332.61404910851684,173.28334200166654,50.696558137566484,62.739437306453716
300.94519445404654,170.76698032854304,50.696556327549914,62.73943380466435
279.2662410956481,170.30065362288815,50.69655246561288,62.73942894392226
257.2141543160091,168.3155429256255,50.69655135683963,62.739427419993106
