561.5,311.5,22,51
558.8448005407986,310.30177887365573,21.741734236753437,51.02191150004386
553.8832285218687,310.5767973794563,21.61087847386818,51.26651214294898
552.7555951796136,310.6495121510003,21.848769301091288,51.333296556550295
545.7304026385028,314.698817395302,22.55444923835044,51.4845155025249
537.8820304030362,314.4659288048063,22.632494812455988,52.226668994305136
538.5612846203308,315.25460138238554,22.903377046646458,53.067424778717
532.288278124742,316.07700496431096,22.507173759672355,53.488130366364985
530.0732860785055,316.17327593258943,21.916392011790588,54.0328423078862
528.9503990442538,315.83705765774016,21.376491508013377,54.47755395304207
524.74636094777,317.61903533815655,20.855210965903275,55.01044673739168
523.3589791524552,320.4052642710281,20.77675506107913,55.40737577649527
519.3785107342009,323.8868084848153,21.20933717945746,54.6092932972348
512.9416454750254,315.26539322952345,21.23630063440025,54.32204062968874
507.3720592710622,316.1423201057323,20.547829562073478,54.504453812896614
506.8912934945518,316.2954581362455,19.963187086211615,54.49200060946812
503.86931439664113,315.9653821648218,19.345027927581413,54.81246152292982
500.09802651739875,315.5584075012083,18.839866899774325,54.79721692353313
498.78530326517506,316.00674097331137,18.342593593570584,54.91037056202146
497.0891941387421,316.81110002659597,17.86743643153578,54.93480325499607
493.0595259477094,319.48323186785416,17.478641819193577,54.765276651586575
490.6724598066629,319.19991933769506,17.21332240197485,54.54165315975797
485.08894115094364,318.0327617074245,17.00988242321757,54.38809243494566
480.845871725324,318.12316625486403,16.697864799841497,54.3175377210396
480.8361893959779,319.0541547819851,16.477691456485413,54.31521755620706
477.41337683648385,317.9629280316074,16.145592677969084,54.22093141818632
474.56460166524954,316.95719279181844,15.868856025748588,53.82309772424654
474.99600773654623,323.13659289871447,15.882191152563578,53.08574041762246
470.1463035330639,318.77434785200126,15.709011824157326,52.67562572740552
469.7609512820447,325.7427862143517,15.88770233130089,52.28702652181514
465.4175209900202,324.2292933005476,15.999695326751713,51.94757953336219
459.4728822283122,314.5717876313063,16.026487467410238,51.85340010329525
459.2970969075031,303.88707296303505,16.015375191747676,51.73144671608863
462.0700771600467,311.98532805101223,16.036919145000596,51.66627558972573
454.9153093352531,308.39301821688883,16.051492593396812,51.54940282454427
455.2674066328433,321.0407881228163,16.25845563300571,51.18128366591351
449.40183271217415,314.02602824966783,16.234222007042405,50.988102544550586
448.9812763434784,329.5902909376463,16.499383895643735,50.655676631204315
441.2074827420319,315.95307113150784,16.81674691338017,50.274517251423795
441.0822101502781,335.25147735135914,16.91546644826738,49.866985868108245
437.71197833739427,317.48556648818925,17.028251509059537,49.00958586120384
435.414263763576,324.25414866000375,17.46211051152831,47.96122450223265
430.4159566650878,320.7498024632029,17.60418331673031,47.67147270348674
425.67227631286175,320.9195924361261,17.53137628545204,47.33081665947303
422.9410019466273,319.20166933439003,17.25921180732334,47.31037521982588
423.6211711888273,326.8899643256588,17.472590267113056,46.36685583602178
418.13594375822856,320.53005334583094,17.13342065219703,46.316754442393744
414.41340193002304,322.5146294282108,17.0911522547717,46.06312891415308
414.55614109069273,326.5837041104756,17.465876677001216,45.48702710896889
408.77701651035727,325.2478667414671,17.321309127014317,45.30345877499195
404.09305413150565,324.9488371292022,16.983897852015126,45.58363614534703
403.3352906767199,331.6534031334485,17.10772846275389,45.13283934669093
399.4042149553399,324.68905206192613,16.85258910888653,44.9304765627402
396.1189528239919,330.7969796925985,16.814287485039603,44.63005925806644
393.3824862734772,324.6032474550753,16.730636063444724,44.66889797094464
397.92283508197505,338.92633125283874,17.289021962340815,43.946636781882304
388.92970209143493,338.2081114199658,17.330567916128928,43.799712145234245
388.2651421329848,342.676485681146,17.405323594043537,43.531124913039
379.63196825185713,341.70671583963275,17.417444072047065,43.45230298738966
379.8987555345758,347.86847478940905,17.673095972308996,42.984330783760136
371.9003762181257,339.77501497926517,17.48454610966806,43.10635727872817
367.86081694396063,340.1290971559782,16.99936083416648,43.000454455292676
364.0038749074552,339.9052606603713,16.95223992022531,42.51965197267112
366.1492412482667,345.90977031180336,16.986497131096954,41.99337969997927
369.3266707708232,354.4434112824794,17.124956751568604,41.69429510837686
355.32601644687924,334.0482903795605,17.21938397963356,41.68912432869237
365.3464450915687,346.77136233684473,17.78404082099856,41.054653199641905
347.4066119241818,338.52589046710216,17.800351005599037,41.072893016280815
348.07629396992206,346.66015176473684,18.210088363136357,40.28559782293263
340.4156704945628,337.0923115900541,17.850926166513638,40.35960339922221
339.1630021534885,345.1070430892063,17.7193422468239,39.582571022835396
335.92048083588895,347.0563922754417,17.680882707357124,39.120217174639905
335.969115390373,345.7502669554556,17.500255351750518,38.911846212689646
330.46457451583035,346.31499585046004,17.450472654923512,38.336602220826535
325.29479017328333,345.28953580603076,17.393408122984987,37.905135816951
322.4716893883381,348.014302329788,17.237688540139555,37.50818364646548
319.5393525803886,349.04949423501466,17.231715937171188,36.93668546453142
314.19810646052633,338.572748423453,16.940449647825435,37.29263519308495
318.89675801180283,350.3645807828917,17.1562293268117,36.952991534359214
309.3221900685016,333.20970356899846,17.088698135283447,37.01298988305611
311.8158469195946,342.451033202754,17.44353166309491,36.4846573013347
305.0803905673251,339.20799975657184,17.220879423678507,36.41477422404838
307.0883280377348,347.7606816152294,17.42781472647486,35.95945534688278
297.6828260810693,333.4935693798577,17.37572291796018,36.02663617829211
302.87286249887677,343.98794839076504,17.857326745533967,35.67663026487613
292.1212096354261,335.0432552808479,17.773098606187318,35.748144622596826
296.11830908244093,344.2552678766117,18.248538335519378,35.28302542539492
286.0183115856444,332.22818619461407,18.123788835557384,35.44919438577357
291.71752438618256,342.28103681721944,18.633212577686656,34.84941537508688
280.0508046171586,333.11134720948326,18.456784274739853,34.975072584431274
289.2659091717169,344.28058322536185,18.87608970200241,34.46228530307508
277.7156945573064,336.06524601038444,18.867635103952342,34.44851301443504
284.1149573662125,344.3913949397954,19.269093503306472,34.118319077863084
272.6155563902747,337.3014509999778,19.270019738958144,34.100546286278345
279.0700167609503,345.6187446787647,19.682001370767914,33.79297730515034
264.06468706198285,333.98646241084094,19.677873645717774,33.802236024069956
269.8688938012713,343.9689477049648,20.13291173915878,33.37072501646935
256.84957338273824,334.4227702482035,19.78327224437977,33.81383164621053
260.40077703316956,344.6072340161811,19.933155918688016,33.67992764299816
252.01328995031767,338.4207486527693,19.583790680747974,33.72050026572727
255.83699418579118,346.9443623558463,19.774512955817826,33.339588616705264
244.2030962344685,333.2235451738151,19.73769044775637,33.38486543838196
246.96347223107142,341.73743541807494,20.054019309431297,32.99253025796685
237.4348109929809,333.4750143714409,19.584427129240257,33.35992666608841
241.18496448204857,343.1366221998084,19.8538119872577,33.035215168384795
230.78221229307206,333.91786713455133,19.504771729618657,33.29353420068758
234.98073566745975,344.21950474553637,19.878287832463904,32.84737755223281
223.65113240415252,334.7124773637378,19.623078521381156,33.21078102266628
231.89243296001007,346.34946075958175,19.94549352145203,32.87940523431823
217.48452710141433,333.4044689548087,19.76794473402725,33.10544684486094
216.85600675628513,341.2066626632263,19.78643006743014,32.93231482852576
214.97146789100827,342.2089572229879,19.602125290546965,32.72367272471655
211.2368008418596,342.4532935107162,19.42561151717414,32.43699420378167
204.44934134997814,338.87147253009766,19.199068901768,32.40365010079957
205.5854923344498,344.8902417399618,19.161927990641303,31.92580089748939
200.2501009721854,341.90596039397894,18.917312135777337,31.714556343406148
204.51853985985716,349.2943522543489,19.065578683063563,31.511166493525458
196.3137926797048,340.11434737326607,19.062028759460766,31.51340468960231
197.99687535116072,346.7490111575462,19.164770030505167,31.241689717094573
189.0860675375493,339.80298586280657,19.160770717699833,31.24011418078553
192.12827016970198,345.89861359113723,19.18807467806235,31.208639047252593
181.24666149209884,336.31722364741466,19.186077798682952,31.210921759402563
190.1390625308877,346.59924632613644,19.279714235710376,31.14660524768518
179.76958176335273,338.4117629314049,19.27963784082625,31.146609512986174
179.13765408511614,342.99345861328925,19.277425237124575,31.090805463827518
173.93931365166364,343.0196229793693,19.276430074822414,31.090911462099484
166.8509890136034,341.9873258890471,19.271691478019985,31.091895531619436
167.06871566778014,346.75940901144395,19.275071353983897,31.083698443488093
157.75480057666599,338.44038660265136,19.23942344833342,31.128998600785504
161.28598238459483,346.9650346155064,19.429054000665445,31.099842540873674
153.04389534087565,336.5186767831505,19.42461272564206,31.10386197408725
157.71655325458005,346.51398257551233,19.640816161094754,30.917257849447076
149.74845565959532,340.10769165662344,19.609129010743292,30.947244715809916
154.74089057557393,348.0138416874445,19.719679125271632,30.855329154847855
147.67411934549796,346.33765700761256,19.719485990444856,30.855237591770237
147.31626071045858,348.88418505175184,19.717601185391693,30.849887456810052
135.02806308767626,339.08888140299024,19.71755617315786,30.849896303727647
127.54346125659809,338.2469605031937,19.55332761041806,30.86118422941549
131.7305064186772,345.1622888186214,19.42481668082798,30.83172555085122
123.50476206734011,338.055565158018,19.41296514792541,30.846679664436525
128.0308702071689,345.5807493455784,19.608238615469492,30.691185343475894
128.01500154482795,349.1365642265511,19.586552245484473,30.65908353637881
118.01782290914996,338.7201036477637,19.58317859470504,30.66243664399652
119.36501718607833,344.6718856782225,19.64386205069078,30.565052138695734
109.82775792458936,342.3027906877932,19.638846128928403,30.553948791472962
112.25116824426645,349.25857332964154,19.65531732987923,30.5470574888504
100.9262128979246,337.16014001932234,19.654900420486165,30.548327587323847
108.74059989688436,348.87658938098997,19.674591897795835,30.418716343495277
96.73860159123278,334.3705185024809,19.672990587589688,30.42178113722411
103.02865673687393,344.9947651628219,19.98240946729028,30.296068256774582
93.25500470829215,337.8531966659763,19.9736054719513,30.29946759875788
97.13388845412754,346.3722735424207,20.18199259914575,30.22783439884298
85.1526584598687,336.1539010865432,20.1812138686794,30.229305338674074
93.88323968640135,345.7180109764179,20.262134558401577,30.124513597974314
80.94703859292844,331.77956116485785,20.26209668114062,30.124576106503923
82.00517852258454,340.21631844883586,20.222393568752622,30.09246326781345
78.92549497898638,339.3307090871171,19.84524228380972,30.1226967009271
81.9592067580127,345.2901816706171,19.851732575765652,30.017173351250317
72.85238010066895,330.97276943520666,19.845716920557216,30.023879993277486
81.27943464781335,343.7631817839542,19.896766977065216,29.956560877348224
76.37692430681017,344.834903661944,19.856384995255514,29.946421271743176
68.07994596384634,335.6768433629129,19.84987636582437,29.96053657796059
73.49662663871898,345.45574976568827,20.050902424612843,29.87532163998738
74.14095755673496,350.75103584347744,20.04069402637779,29.870859812440234
66.25645767977201,344.69143169557566,20.040534999063752,29.871264024865543
66.05666501453332,350.63460542586904,20.02948862334361,29.868668351028685
55.86284491438469,333.2575708607807,20.02907066716186,29.869727622641808
59.60426874429666,345.3093674218086,20.084085979541094,29.80248451804564
57.466914966474064,343.2706777740108,20.061794321695878,29.794243110648924
55.88829172688916,344.36310828564734,20.008627628515097,29.834068136200298
53.07221388687252,341.5475457234001,19.860895627739033,29.962832671522662
58.96726092660149,349.1821364314355,19.696339837812406,29.906552121505342
50.355194550658325,331.34689125882835,19.678814805380025,29.942496779818974
56.32275930414552,341.3384197221436,19.91132678900056,29.802205627726785
50.73734935964996,341.3413641604799,19.89903948515085,29.85891509482335
52.6048163465819,344.7069234812755,20.073361258995227,29.55101984715364
51.70201595411045,339.7707396508355,20.053907809353472,29.507967102873376
45.36572248430511,334.78330705387174,19.8407655769442,29.537270997337078
54.2106842084775,344.04525141668563,20.116084803602263,29.209799882598762
44.74850031763182,331.4416207659457,20.057027585681023,29.37507296879057
52.807413975339244,341.9685954808469,20.28106367018602,29.0958876731344
55.294396395535585,347.0827201374975,20.397382039734676,28.965795039288917
44.049509172471275,331.687958113415,20.386247320646227,29.059544118311596
52.58238242200909,342.427057407876,20.628254602352467,28.78299305232942
54.54303892097951,346.97249925781887,20.728685348361243,28.71604887427405
44.87354333377597,334.188904753365,20.714308479965528,28.809948155173544
52.49158200340223,344.3402935456415,20.958318109145857,28.52386283232049
49.41658744124892,342.17371523458263,20.981478749391982,28.5205086235741
49.81620814271287,344.7508457631053,21.11293013863134,28.40735551632502
48.9153840238796,343.37950385980196,21.29406358626175,28.451791876980522
46.85244090428425,344.67785815402664,21.40455482012672,28.391782383079672
52.33745299203796,348.5968574864108,21.498487400936895,28.441733898699695
47.83539210331915,341.8846367516646,21.494610797169518,28.44504707699995
50.164300651468395,344.9118009490985,21.764233785283068,28.31097330952963
45.1231775092681,339.4902133117957,21.776829524543906,28.29753722707871
54.75641298803128,348.2761941800774,21.90059227133464,28.115843099719168
42.22817724828958,330.5227049443258,21.89941840963505,28.12067856275923
51.76004531184773,341.46322928074443,22.01880134990473,27.995814743226006
56.013027833894014,347.0980238833239,22.219402580163525,27.86114417380173
46.00619673570473,335.61869994298763,22.218342012052883,27.863867599575347
55.5540312674845,346.653667604015,22.212182738194954,27.81444827687853
44.26501819750746,334.74286197523236,22.20983073172173,27.81984562173128
53.54614347959746,345.782867060456,22.22740245799119,27.80575744171957
53.50250378533152,346.43860677672916,22.213575343706093,27.783784867744977
52.85728497760797,346.68386820460216,22.20136554335764,27.760250787679475
48.38183961439953,340.1562508809807,22.186224584335474,27.76433555600581
56.59006625598448,350.4123425107693,22.15967159732114,27.719771965081826
45.58245294348707,335.3379703316587,22.15958655902127,27.71983982894449
55.01748824704048,345.7911016780538,22.192655423605412,27.728664560126113
45.622994318689635,339.5995884427458,22.18210284406011,27.727326982599717
54.111595919321026,348.62154516025663,22.199726650242283,27.68694620010792
51.41942189126068,342.1441973135755,22.19557139955942,27.68746966215772
53.132212696495976,345.977065128218,22.159235636177034,27.629942256741632
54.901755483758386,348.4717453661145,22.156444606752146,27.623353752466564
44.3722079729798,333.22920838090823,22.15401377391574,27.62664840817909
54.77690364803267,344.3306115899258,22.179590431686027,27.59281971296355
46.64310069091575,339.5200819577136,22.17667086299004,27.59116760709853
54.95608039740447,349.18335005245217,22.153602303045982,27.552573779606266
45.39114561174113,333.07638077675006,22.151099183851453,27.555013958185043
54.93517657963575,344.1036546651709,22.177076724608263,27.541291627374196
59.25658255538433,350.2742519295411,22.194990062133094,27.544379318197564
50.22821544712413,337.3907487857588,22.19409213265648,27.545115012614936
54.38260811542685,345.25612745088347,22.286630099950905,27.52658290526942
56.314716115272205,348.1096323183621,22.295087886628174,27.51237868367064
58.113535982276915,348.68923812157453,22.291166473590554,27.50321111286287
48.637462720797586,335.2826894424272,22.28851309914897,27.505949583311043
57.640754003595404,345.7971728829516,22.28253780382223,27.525204438903017
48.04264669071222,337.423542880406,22.269043001781807,27.530888179221524
56.41827868696053,346.81780363682003,22.26309841661403,27.504705457575607
57.03395469348021,347.810440516014,22.260301937752555,27.49738435910853
57.964854799922165,347.7418856429739,22.258051398422786,27.493530473163226
49.23140069557156,341.21081900813635,22.247665206750554,27.49428850679197
57.742790511345056,350.7180537779785,22.265705223659253,27.45617144822849
49.385041542232635,338.31479408719605,22.265057839003898,27.45642660666056
58.46240289694168,348.5587946437706,22.267767008973806,27.445875049769338
51.73235550632451,337.89203082103614,22.267442695251482,27.445921223267888
56.13336375139116,343.86216876924897,22.30673253946281,27.3762504228947
63.36157961064207,352.1314403768346,22.32368949142739,27.37121906893537
53.24203582001195,337.6889650403309,22.323611725956656,27.37132073786047
58.7975654973456,344.319190586686,22.375095731676023,27.318136416250617
51.89839700812065,343.5698514116714,22.36841675845601,27.310237405868058
61.459330969005116,354.10915469121954,22.388093788916297,27.330891963007293
54.328650646953136,342.54120384614066,22.387932170474897,27.330980107880773
58.93840158193033,348.07422766959564,22.40325727371503,27.29466505975924
51.944108436697455,342.0622446259006,22.402508107581397,27.29434640490824
56.31221382178361,347.04942149264195,22.415842115323255,27.241712930596847
57.53352017603132,349.3478315449293,22.410402174283544,27.238112097263905
58.3284050776868,349.88699865283326,22.408697274836626,27.236155607241322
49.21532764740063,337.9914691280159,22.408203846588265,27.2363106325935
58.21303595587986,348.83661612754804,22.42093978524798,27.236500792153524
61.18863182155799,351.9934959696262,22.42017182226621,27.23550269545474
54.73181814819753,340.6923248859125,22.420051586651507,27.235619938611897
59.54840656378944,346.2806170767221,22.460720274191665,27.155265982847826
51.2751269417201,341.14012969586213,22.457418977750876,27.152493954913993
60.86434062887226,351.9579945187895,22.473048442419138,27.146154456439454
53.43589782415948,339.7786518747367,22.47276164286174,27.14646989783914
62.8164027079158,350.7371936010306,22.466829894576534,27.134262969507265
53.478657923674035,343.9441488270261,22.46677164451401,27.13419417550103
63.4316613776036,354.78999353039274,22.48034038713028,27.147906395364892
52.80969654028392,343.02610902955075,22.48033539196376,27.147908293223473
62.72810180258333,353.55915403858165,22.503393656924697,27.151937011790785
53.079070266732366,342.3687887450422,22.503385914894597,27.15194562713952
62.841031726526,353.2504254097219,22.514456273207465,27.150430527074146
52.762596967537824,342.7832750125853,22.514438226096512,27.150452996461116
62.53754340564462,353.73264257353276,22.5292489130842,27.157980013163986
52.93017834400249,341.5855812232332,22.529221280498902,27.158016574190903
62.526559674904846,352.44793467462557,22.539916303766766,27.159769239391625
52.35255144488098,339.36050235229715,22.53990594684366,27.15977749473986
62.28739077473125,350.8521880452261,22.562537252479988,27.050845359876984
64.64584974445569,352.65026129945903,22.562530024838757,27.0506710695372
56.832166424143935,342.9847305500498,22.562516633845284,27.050693547058547
66.5197357869056,354.093283744463,22.561362818511622,27.064882533397622
58.91651194917354,345.58606695679765,22.56135076305441,27.064897059315598
64.4312150663352,350.6814609318869,22.572507917251347,27.048677941113258
56.66466721731618,343.919744589388,22.572385153882443,27.048699483474184
62.013214424945716,350.145969128929,22.610662254834715,26.986855904596887
55.2233641121686,344.8911882792156,22.61034239603835,26.986869657275776
64.96699579159326,356.0771360644207,22.61184833894555,27.004201545771583
57.77856706798625,347.81728653202003,22.611822207078557,27.00422205676636
61.334909108286716,353.54172665292236,22.60859217524573,27.008237332837616
54.914333141864475,344.81780429531676,22.608411971867326,27.00854954902839
64.47157749687813,356.07233303240787,22.60660300936713,27.029642832544916
56.55227775246379,344.911904498662,22.60656284722303,27.029696220722645
65.94274586175537,355.99173305242886,22.60665000106003,27.05373359846818
57.67264921646847,346.6530771937189,22.606611120301924,27.053774572663457
62.204173427741416,351.0197887518164,22.619732759923618,27.035754529951326
56.93811889706673,348.36819171762903,22.615054333081666,27.036432143438525
57.93207357665597,348.9957989231023,22.589202175602054,26.9853006841038
60.33428794583536,351.64611729207684,22.59242669825452,26.959380693748063
62.364067363301544,354.52910626947397,22.58750207412538,26.95438346972813
56.8604334101894,352.07209179750475,22.58736335949749,26.954438828248843
59.50862994919086,355.75275348998287,22.58114622902698,26.95006641036182
61.79939048443246,361.8833894514264,22.58009342672831,26.950636086387107
62.258724714242625,361.7114423627164,22.58007748858377,26.950639379725406
63.08364069068284,362.00921541508467,22.580068352596122,26.950640732617483
60.06691391424614,353.9015621522045,22.580045546806666,26.95065172142895
63.08740707126324,359.1609145518823,22.57957616723971,26.950774432594784
56.10455616397508,353.1456896675938,22.579563449272158,26.950781006549136
64.24802187292629,362.9829462224874,22.57733989068808,26.95501140907876
55.62752122130365,352.8327976787885,22.57732228380251,26.955054469349708
63.774777343347,363.006991551068,22.57373573919179,26.96214390817018
61.32001981639358,357.96922132590805,22.57365010244268,26.96223715622781
60.239104399766035,357.22067110387576,22.57361625103585,26.962258278575607
59.278854069619676,355.8205115986816,22.573589160814965,26.962275326445074
62.55758938519497,363.0192585082654,22.573421481277386,26.962411219767496
63.88867653500157,365.11060162684095,22.573320950746098,26.9624757164798
65.8745185737076,368.7179487156916,22.5731581649335,26.96273133284151
65.8581434427066,366.34128888519183,22.572817129252257,26.963217859827527
60.65192628317571,360.24600146594156,22.572802290383102,26.963237648069683
61.19409844565778,358.9623524194552,22.572795424241136,26.96323984015912
72.12230796499628,370.5029626559626,22.537542485659,26.855279735896957
68.05272959830342,364.8650564544975,22.53749559442336,26.855320596823255
71.43591305477764,368.82613764898525,22.537279587666436,26.855706078470103
72.97184388097499,372.6928507335638,22.536980894110275,26.85586633774437
69.24348965680184,370.1329240065306,22.536951074940063,26.855907788177845
71.40799259513453,378.4194996852694,22.53681209827986,26.856126178127443
66.77356581645805,369.8399402510588,22.536140965476605,26.85662052766878
70.03807167723537,376.0017080531197,22.53516788789778,26.858689660396003
70.32978977933632,374.75189058321826,22.53479111611614,26.85898423643165
70.66088911923667,371.2249937261682,22.534451366633117,26.85921543755136
66.11491394989034,370.12265902463963,22.534440314399347,26.859233102869354
69.03389789901188,376.0553723781334,22.53294051707059,26.862233000100492
68.96904482453982,374.8582297814252,22.532512301436206,26.86257860836426
69.3563654721384,373.1104419025984,22.53152485393845,26.863447547400586
71.67731977954455,381.46131991959,22.531435215337805,26.863584086443
65.36918264797995,374.7864247625365,22.53108418489848,26.863899373256206
70.46252891754425,377.51769198407214,22.529633984965606,26.866602130735217
69.26328302656266,377.13492838001963,22.52925307438045,26.866942634155933
68.0960189878417,376.93971559649907,22.5289820937787,26.867184148688168
68.08449398654523,377.00824355524696,22.528530905417444,26.867560856853444
67.86620836668038,377.03361541594035,22.528068047014337,26.867926080175902
67.30799158503243,377.4202112331861,22.527547745074106,26.86833795223576
66.5508212438165,377.9486463423245,22.52706862615439,26.868740981220373
73.99056757800865,387.28379144695236,22.52469697016116,26.8734606335266
71.75715507220721,383.2262635010419,22.52362196017734,26.87418354817941
70.84429777359202,384.47500862030165,22.522375210232276,26.87501120684486
68.36102103704103,380.2116303485947,22.521897212593956,26.87540074678503
67.55742206751776,381.43916912027044,22.520830528137434,26.876233748206182
72.10658386443464,384.7493521036263,22.518588329489646,26.878741359777703
69.64790892927459,381.03233215166273,22.5178536050662,26.879323034268122
69.03027679751324,382.512308738214,22.517148179500918,26.87989689173542
76.4944540519873,390.8869877739551,22.516168614479884,26.881597983505465
77.73068327152164,392.70823734401915,22.508876130652787,26.88542530107253
79.5501944709395,394.8049229936142,22.501876695234937,26.88994470326657
74.32869173646594,388.3547617239873,22.501861172372106,26.889964405648737
72.90581576059678,385.94202493059635,22.501819301606425,26.890049986741666
73.05955283342612,388.1980510527624,22.501767997423098,26.890111429202243
