141.5,73.5,27.0,34.0
221.5,153.5,26.0,33.0
221.5,152.5,27.0,34.0
221.5,153.5,27.0,33.0
221.5,153.5,27.0,33.0
222.5,152.5,26.0,33.0
222.5,152.5,27.0,33.0
222.5,152.5,27.0,33.0
223.5,152.5,27.0,34.0
223.5,152.5,28.0,34.0
224.5,152.5,27.0,34.0
224.5,152.5,27.0,34.0
225.5,152.5,27.0,34.0
225.5,152.5,28.0,34.0
226.5,152.5,28.0,34.0
227.5,152.5,27.0,34.0
227.5,152.5,28.0,34.0
228.5,152.5,28.0,34.0
229.5,152.5,28.0,34.0
230.5,152.5,28.0,34.0
233.5,151.5,28.0,35.0
233.5,152.5,28.0,35.0
235.5,151.5,28.0,35.0
236.5,151.5,27.0,35.0
237.5,151.5,29.0,35.0
239.5,151.5,28.0,35.0
240.5,150.5,28.0,36.0
241.5,151.5,28.0,35.0
242.5,151.5,28.0,35.0
244.5,151.5,28.0,35.0
247.5,151.5,28.0,35.0
247.5,151.5,28.0,35.0
248.5,151.5,28.0,35.0
250.5,151.5,28.0,35.0
251.5,151.5,27.0,35.0
252.5,151.5,27.0,35.0
253.5,151.5,27.0,35.0
253.5,151.5,28.0,35.0
254.5,151.5,28.0,35.0
254.5,151.5,29.0,35.0
255.5,150.5,29.0,36.0
256.5,150.5,28.0,35.0
256.5,150.5,28.0,36.0
256.5,150.5,29.0,36.0
256.5,150.5,29.0,36.0
256.5,150.5,29.0,36.0
256.5,150.5,28.0,36.0
255.5,150.5,29.0,36.0
254.5,150.5,29.0,36.0
253.5,150.5,29.0,36.0
251.5,150.5,29.0,36.0
251.5,150.5,29.0,36.0
249.5,150.5,30.0,37.0
248.5,150.5,29.0,36.0
247.5,150.5,29.0,37.0
245.5,150.5,29.0,36.0
243.5,150.5,29.0,36.0
241.5,150.5,30.0,37.0
240.5,150.5,29.0,36.0
238.5,150.5,29.0,36.0
234.5,150.5,29.0,36.0
233.5,150.5,30.0,36.0
232.5,150.5,30.0,37.0
230.5,151.5,29.0,36.0
229.5,151.5,29.0,36.0
227.5,151.5,28.0,35.0
225.5,151.5,29.0,36.0
223.5,151.5,29.0,37.0
221.5,151.5,30.0,37.0
220.5,151.5,29.0,36.0
216.5,151.5,28.0,36.0
215.5,151.5,29.0,36.0
214.5,152.5,29.0,36.0
212.5,152.5,29.0,35.0
210.5,152.5,29.0,36.0
208.5,152.5,29.0,36.0
206.5,152.5,30.0,36.0
205.5,153.5,29.0,36.0
204.5,153.5,29.0,35.0
202.5,153.5,29.0,35.0
199.5,153.5,30.0,36.0
200.5,153.5,29.0,36.0
199.5,154.5,29.0,35.0
198.5,154.5,29.0,35.0
198.5,154.5,29.0,35.0
197.5,154.5,29.0,35.0
197.5,154.5,29.0,35.0
196.5,155.5,29.0,34.0
197.5,155.5,29.0,34.0
196.5,155.5,29.0,34.0
196.5,155.5,29.0,35.0
197.5,155.5,28.0,34.0
197.5,155.5,28.0,34.0
197.5,155.5,29.0,35.0
198.5,156.5,28.0,34.0
199.5,156.5,27.0,34.0
199.5,156.5,28.0,34.0
200.5,156.5,27.0,33.0
200.5,157.5,27.0,33.0
201.5,158.5,27.0,32.0
201.5,157.5,28.0,33.0
201.5,157.5,28.0,33.0
201.5,157.5,28.0,33.0
201.5,157.5,28.0,33.0
201.5,157.5,28.0,33.0
201.5,157.5,28.0,33.0
201.5,157.5,28.0,33.0
201.5,157.5,28.0,33.0
203.5,158.5,28.0,33.0
203.5,158.5,28.0,33.0
205.5,158.5,28.0,33.0
205.5,158.5,28.0,33.0
208.5,159.5,28.0,33.0
209.5,159.5,28.0,33.0
211.5,158.5,28.0,33.0
211.5,158.5,28.0,33.0
212.5,158.5,28.0,33.0
213.5,158.5,28.0,33.0
215.5,158.5,28.0,33.0
217.5,158.5,28.0,33.0
218.5,158.5,28.0,33.0
218.5,158.5,28.0,33.0
220.5,158.5,28.0,33.0
221.5,158.5,28.0,33.0
222.5,158.5,28.0,33.0
223.5,157.5,28.0,33.0
225.5,157.5,28.0,33.0
226.5,158.5,28.0,33.0
226.5,158.5,28.0,33.0
227.5,158.5,28.0,33.0
229.5,158.5,28.0,33.0
229.5,158.5,28.0,33.0
230.5,157.5,28.0,33.0
232.5,157.5,28.0,33.0
232.5,155.5,28.0,34.0
232.5,155.5,29.0,35.0
233.5,155.5,28.0,35.0
233.5,156.5,29.0,34.0
234.5,156.5,29.0,34.0
234.5,156.5,28.0,34.0
236.5,157.5,28.0,33.0
236.5,157.5,28.0,33.0
236.5,157.5,28.0,34.0
236.5,157.5,28.0,34.0
236.5,158.5,28.0,33.0
236.5,158.5,28.0,34.0
237.5,159.5,27.0,33.0
237.5,160.5,27.0,33.0
236.5,161.5,27.0,33.0
236.5,161.5,27.0,33.0
237.5,163.5,26.0,32.0
236.5,162.5,27.0,33.0
236.5,164.5,27.0,32.0
237.5,164.5,26.0,32.0
237.5,165.5,26.0,32.0
236.5,166.5,26.0,31.0
237.5,167.5,26.0,31.0
236.5,167.5,27.0,32.0
237.5,169.5,26.0,31.0
237.5,170.5,26.0,32.0
237.5,171.5,26.0,32.0
237.5,171.5,26.0,32.0
237.5,172.5,26.0,31.0
237.5,172.5,26.0,32.0
237.5,172.5,26.0,33.0
237.5,172.5,26.0,32.0
236.5,173.5,27.0,32.0
237.5,173.5,26.0,31.0
237.5,174.5,25.0,30.0
236.5,173.5,26.0,31.0
236.5,173.5,26.0,31.0
237.5,172.5,25.0,31.0
236.5,172.5,26.0,31.0
236.5,172.5,26.0,31.0
236.5,172.5,26.0,31.0
235.5,171.5,26.0,31.0
234.5,170.5,27.0,32.0
234.5,170.5,26.0,31.0
233.5,169.5,27.0,32.0
232.5,168.5,28.0,33.0
231.5,167.5,28.0,33.0
232.5,167.5,28.0,33.0
231.5,165.5,29.0,34.0
231.5,165.5,29.0,34.0
230.5,163.5,29.0,35.0
229.5,162.5,30.0,35.0
229.5,161.5,30.0,35.0
230.5,160.5,29.0,35.0
230.5,160.5,28.0,34.0
229.5,159.5,29.0,35.0
229.5,158.5,29.0,35.0
230.5,158.5,29.0,35.0
230.5,158.5,28.0,34.0
230.5,158.5,28.0,34.0
230.5,157.5,28.0,35.0
230.5,157.5,28.0,34.0
230.5,157.5,29.0,34.0
230.5,157.5,28.0,34.0
230.5,157.5,28.0,34.0
230.5,157.5,28.0,34.0
230.5,156.5,29.0,34.0
231.5,156.5,28.0,34.0
231.5,156.5,28.0,34.0
231.5,155.5,28.0,35.0
231.5,155.5,28.0,34.0
231.5,155.5,28.0,34.0
232.5,155.5,28.0,34.0
231.5,155.5,29.0,34.0
231.5,155.5,28.0,34.0
230.5,155.5,29.0,34.0
230.5,155.5,28.0,34.0
230.5,156.5,27.0,32.0
229.5,156.5,27.0,33.0
228.5,156.5,27.0,33.0
226.5,156.5,27.0,34.0
224.5,156.5,28.0,34.0
222.5,156.5,29.0,34.0
219.5,156.5,29.0,34.0
217.5,156.5,29.0,35.0
215.5,156.5,28.0,34.0
209.5,157.5,28.0,34.0
209.5,157.5,28.0,34.0
207.5,157.5,28.0,34.0
204.5,157.5,28.0,34.0
202.5,158.5,27.0,33.0
199.5,157.5,28.0,34.0
196.5,157.5,29.0,34.0
194.5,157.5,29.0,34.0
192.5,157.5,29.0,34.0
190.5,157.5,28.0,34.0
187.5,157.5,28.0,34.0
187.5,156.5,28.0,34.0
185.5,157.5,29.0,33.0
185.5,156.5,29.0,34.0
184.5,156.5,28.0,33.0
183.5,156.5,28.0,33.0
183.5,156.5,28.0,33.0
182.5,157.5,28.0,33.0
181.5,157.5,28.0,33.0
181.5,157.5,28.0,33.0
180.5,157.5,29.0,33.0
180.5,157.5,28.0,33.0
180.5,157.5,28.0,33.0
180.5,158.5,28.0,32.0
180.5,158.5,28.0,32.0
180.5,159.5,28.0,32.0
180.5,159.5,28.0,31.0
180.5,160.5,28.0,32.0
181.5,160.5,27.0,31.0
181.5,160.5,27.0,32.0
182.5,162.5,27.0,31.0
182.5,161.5,27.0,33.0
182.5,162.5,28.0,32.0
183.5,163.5,27.0,32.0
182.5,164.5,27.0,31.0
182.5,164.5,26.0,31.0
181.5,164.5,27.0,31.0
180.5,164.5,27.0,31.0
179.5,164.5,27.0,32.0
178.5,164.5,27.0,31.0
175.5,164.5,27.0,31.0
175.5,164.5,27.0,31.0
173.5,164.5,27.0,31.0
172.5,163.5,26.0,31.0
170.5,164.5,27.0,30.0
167.5,164.5,27.0,31.0
165.5,163.5,28.0,31.0
164.5,163.5,27.0,31.0
162.5,163.5,26.0,31.0
159.5,163.5,26.0,31.0
154.5,163.5,26.0,31.0
154.5,163.5,26.0,31.0
150.5,163.5,27.0,31.0
147.5,163.5,27.0,32.0
144.5,162.5,28.0,32.0
141.5,163.5,27.0,31.0
138.5,163.5,27.0,31.0
135.5,163.5,27.0,31.0
132.5,164.5,26.0,30.0
129.5,163.5,26.0,31.0
123.5,163.5,26.0,30.0
124.5,163.5,26.0,30.0
121.5,163.5,26.0,30.0
118.5,163.5,27.0,31.0
116.5,163.5,26.0,31.0
114.5,163.5,26.0,31.0
112.5,163.5,27.0,31.0
110.5,163.5,27.0,32.0
108.5,163.5,27.0,31.0
106.5,163.5,27.0,31.0
103.5,163.5,26.0,32.0
102.5,163.5,27.0,31.0
101.5,163.5,27.0,32.0
99.5,163.5,27.0,31.0
99.5,163.5,27.0,31.0
97.5,163.5,27.0,31.0
96.5,162.5,27.0,32.0
95.5,163.5,27.0,31.0
94.5,162.5,27.0,32.0
93.5,162.5,28.0,31.0
92.5,162.5,28.0,31.0
92.5,162.5,27.0,31.0
91.5,161.5,28.0,32.0
92.5,162.5,27.0,31.0
91.5,161.5,28.0,32.0
91.5,161.5,28.0,32.0
91.5,161.5,28.0,33.0
91.5,161.5,27.0,32.0
91.5,161.5,27.0,32.0
91.5,161.5,28.0,32.0
91.5,161.5,28.0,31.0
91.5,161.5,28.0,32.0
91.5,161.5,28.0,31.0
92.5,161.5,27.0,31.0
92.5,160.5,28.0,33.0
92.5,161.5,28.0,32.0
93.5,161.5,27.0,32.0
93.5,161.5,28.0,32.0
94.5,161.5,28.0,32.0
95.5,162.5,28.0,32.0
98.5,163.5,28.0,32.0
98.5,163.5,28.0,32.0
99.5,164.5,29.0,32.0
102.5,164.5,28.0,33.0
104.5,165.5,28.0,33.0
107.5,166.5,28.0,33.0
109.5,169.5,29.0,32.0
113.5,170.5,28.0,32.0
116.5,172.5,28.0,32.0
120.5,174.5,29.0,33.0
127.5,179.5,29.0,33.0
127.5,179.5,29.0,33.0
130.5,182.5,29.0,33.0
134.5,185.5,28.0,32.0
136.5,188.5,29.0,32.0
140.5,190.5,29.0,32.0
142.5,193.5,29.0,33.0
145.5,195.5,28.0,33.0
148.5,198.5,28.0,32.0
151.5,200.5,28.0,32.0
156.5,204.5,28.0,31.0
156.5,204.5,28.0,32.0
157.5,206.5,28.0,32.0
159.5,207.5,29.0,32.0
161.5,209.5,29.0,31.0
164.5,210.5,28.0,32.0
165.5,212.5,28.0,31.0
167.5,212.5,29.0,32.0
169.5,213.5,29.0,33.0
170.5,214.5,28.0,32.0
174.5,216.5,28.0,32.0
173.5,216.5,29.0,32.0
175.5,216.5,28.0,33.0
177.5,217.5,28.0,32.0
178.5,218.5,28.0,32.0
180.5,218.5,28.0,31.0
181.5,218.5,28.0,32.0
183.5,219.5,28.0,33.0
183.5,220.0,29.0,33.0
185.5,220.0,29.0,33.0
188.5,220.0,28.0,32.0
188.5,220.0,29.0,32.0
189.5,220.0,29.0,32.0
190.5,220.0,29.0,32.0
191.5,220.0,29.0,33.0
192.5,220.0,29.0,33.0
192.5,219.5,29.0,32.0
193.5,218.5,29.0,33.0
193.5,216.5,29.0,33.0
193.5,215.5,29.0,32.0
195.5,212.5,29.0,33.0
194.5,212.5,29.0,33.0
195.5,211.5,29.0,32.0
196.5,210.5,28.0,32.0
196.5,209.5,30.0,33.0
197.5,208.5,30.0,33.0
198.5,207.5,29.0,33.0
199.5,206.5,30.0,33.0
200.5,205.5,29.0,33.0
201.5,204.5,29.0,33.0
202.5,203.5,30.0,33.0
202.5,203.5,29.0,33.0
203.5,203.5,30.0,33.0
203.5,202.5,30.0,34.0
203.5,202.5,30.0,33.0
204.5,200.5,31.0,35.0
204.5,200.5,31.0,35.0
204.5,200.5,31.0,34.0
204.5,199.5,31.0,34.0
205.5,199.5,30.0,34.0
204.5,199.5,30.0,34.0
205.5,198.5,29.0,34.0
205.5,198.5,30.0,34.0
205.5,198.5,30.0,33.0
205.5,197.5,30.0,34.0
207.5,197.5,31.0,34.0
208.5,196.5,30.0,34.0
209.5,196.5,30.0,34.0
211.5,196.5,30.0,34.0
213.5,196.5,29.0,33.0
217.5,196.5,29.0,33.0
216.5,196.5,31.0,34.0
219.5,195.5,31.0,35.0
222.5,195.5,29.0,34.0
226.5,195.5,29.0,33.0
227.5,194.5,30.0,34.0
231.5,194.5,29.0,34.0
234.5,192.5,29.0,35.0
238.5,191.5,29.0,34.0
241.5,190.5,29.0,34.0
246.5,186.5,30.0,34.0
247.5,187.5,30.0,35.0
249.5,185.5,30.0,35.0
252.5,184.5,30.0,35.0
254.5,184.5,30.0,34.0
256.5,183.5,30.0,35.0
258.5,182.5,30.0,35.0
260.5,182.5,30.0,35.0
260.5,182.5,31.0,35.0
262.5,181.5,30.0,35.0
263.5,181.5,30.0,35.0
262.5,181.5,31.0,35.0
262.5,180.5,31.0,36.0
262.5,180.5,30.0,35.0
261.5,180.5,31.0,35.0
261.5,180.5,30.0,35.0
260.5,179.5,31.0,36.0
260.5,179.5,30.0,35.0
258.5,179.5,31.0,35.0
257.5,179.5,31.0,36.0
255.5,179.5,30.0,35.0
255.5,179.5,30.0,35.0
253.5,179.5,30.0,35.0
251.5,179.5,30.0,35.0
251.5,179.5,29.0,34.0
250.5,179.5,29.0,34.0
249.5,179.5,29.0,34.0
249.5,178.5,29.0,35.0
249.5,178.5,29.0,35.0
249.5,177.5,29.0,35.0
251.5,177.5,29.0,34.0
251.5,177.5,29.0,34.0
251.5,176.5,30.0,34.0
253.5,175.5,29.0,35.0
254.5,174.5,30.0,35.0
257.5,174.5,29.0,34.0
258.5,173.5,30.0,34.0
261.5,172.5,30.0,35.0
263.5,171.5,30.0,35.0
266.5,171.5,30.0,35.0
272.5,170.5,30.0,35.0
272.5,170.5,30.0,34.0
275.5,169.5,30.0,35.0
278.5,170.5,29.0,33.0
281.5,170.5,29.0,33.0
285.5,169.5,28.0,33.0
287.5,169.5,29.0,34.0
289.5,169.5,30.0,34.0
292.5,169.5,29.0,33.0
295.5,169.5,28.0,33.0
299.5,169.5,28.0,33.0
299.5,169.5,28.0,33.0
300.0,168.5,29.0,33.0
300.0,168.5,29.0,33.0
300.0,167.5,29.0,33.0
300.0,166.5,29.0,33.0
300.0,164.5,29.0,34.0
300.0,163.5,28.0,33.0
300.0,162.5,28.0,33.0
300.0,160.5,28.0,33.0
300.0,157.5,28.0,34.0
300.0,157.5,29.0,34.0
300.0,156.5,29.0,33.0
300.0,155.5,29.0,33.0
300.0,153.5,29.0,34.0
300.0,152.5,29.0,34.0
300.0,152.5,29.0,34.0
300.0,151.5,29.0,34.0
300.0,150.5,30.0,35.0
300.0,150.5,30.0,35.0
300.0,150.5,29.0,35.0
300.0,150.5,30.0,35.0
300.0,151.5,29.0,34.0
300.0,151.5,30.0,34.0
300.0,151.5,29.0,34.0
300.0,152.5,30.0,34.0
300.0,152.5,29.0,34.0
300.0,153.5,29.0,34.0
300.0,153.5,29.0,35.0
300.0,154.5,29.0,33.0
300.0,155.5,29.0,34.0
300.0,155.5,29.0,33.0
300.0,156.5,29.0,32.0
300.0,156.5,28.0,33.0
300.0,157.5,27.0,32.0
300.0,158.5,28.0,32.0
300.0,158.5,28.0,32.0
300.0,159.5,28.0,31.0
300.0,159.5,27.0,31.0
300.0,160.5,26.0,31.0
300.0,160.5,27.0,31.0
300.0,161.5,27.0,31.0
300.0,161.5,28.0,31.0
300.0,161.5,27.0,31.0
297.5,161.5,28.0,32.0
296.5,161.5,28.0,32.0
295.5,161.5,27.0,31.0
293.5,161.5,27.0,32.0
291.5,161.5,27.0,31.0
290.5,161.5,27.0,31.0
287.5,161.5,27.0,31.0
287.5,161.5,27.0,31.0
286.5,161.5,28.0,31.0
285.5,161.5,27.0,31.0
285.5,160.5,27.0,32.0
283.5,160.5,28.0,32.0
283.5,159.5,28.0,33.0
283.5,160.5,28.0,31.0
282.5,159.5,29.0,33.0
283.5,159.5,28.0,32.0
283.5,159.5,28.0,32.0
283.5,159.5,28.0,32.0
282.5,159.5,29.0,32.0
283.5,158.5,28.0,33.0
283.5,159.5,28.0,32.0
284.5,158.5,28.0,32.0
284.5,158.5,28.0,32.0
285.5,159.5,27.0,31.0
285.5,159.5,27.0,31.0
286.5,159.5,27.0,31.0
287.5,158.5,28.0,31.0
287.5,158.5,28.0,31.0
287.5,158.5,28.0,31.0
289.5,158.5,27.0,31.0
289.5,158.5,27.0,30.0
290.5,158.5,27.0,30.0
291.5,158.5,26.0,30.0
