118.5,57.5,82,98
114.77275287893059,63.13697469259154,81.79013359193688,96.11051133720665
112.08739826979763,63.80130506937826,81.65558088141142,94.31508364527207
112.02946298474407,64.55164126846535,82.04829196576294,92.34933397334936
112.47674653821483,64.91439983386356,81.96492935939051,90.72519313249768
113.04702339424405,65.25384254977564,82.0083604725543,89.2235030778833
112.54543308716748,66.19179724022237,81.86108584838507,87.99321860139571
113.05906843596244,67.91683819303745,81.80145434603992,86.92697856848088
113.79878568647749,68.58156274438588,81.84811538501248,85.65168340078796
115.01812890261743,67.54744704542395,82.10334641027687,84.15348941632405
111.10382483575651,68.3636467022515,81.2600566619646,83.45647367030793
112.37201409771075,70.5065208353777,80.63541834874924,82.9268805420305
113.43781293875328,69.17322078778905,80.00940165542991,82.16485610577908
114.3682778792226,68.7325764767065,79.5840707409085,81.46371563954632
114.15213094536936,69.34203287435292,78.90099752749725,80.8892483373439
113.0036816610912,69.36172522427674,78.36105552227569,80.39912348921277
114.94572846857896,67.87467569402854,77.92615146309922,79.87833808474397
114.7880971763307,68.53454633045791,77.6349984608022,79.21522432403927
113.40754228845861,69.35821250480033,77.08333044571701,78.71276298386647
113.17773407626177,68.26616561938646,76.47746473824283,78.3557318832128
115.44627352220095,68.45733999831208,76.11795778131834,78.03521567042262
111.42914934725954,68.31037379267084,75.47235945840754,77.61423713952698
114.56336463223258,68.06063983040087,75.19139745005702,77.14166817943486
110.64524658316518,67.69564145191453,74.63328390748234,76.60959352936632
112.82727948407485,69.87784505581024,74.48682895952314,76.12867092232516
110.30481534151438,69.83787339648329,74.24801083844486,75.37488303557876
111.80249482212943,71.77621627713778,74.06056495867648,74.9134258388257
109.56532002706297,70.64355290862119,74.00308570022764,74.17670226130191
111.35274812896064,74.73821743225002,73.56096123389713,73.80788509910496
108.4659615288839,72.35726046520496,73.35544214444768,73.06714356242969
108.97947927616906,77.4313630883386,72.57553758648127,73.21154456814013
108.7195577567927,71.64368541096887,72.34500275137574,72.36800455953886
106.48042478293775,75.69671352281375,71.38165117275963,72.3928455278121
110.62846175992968,81.00161575506564,70.99579734187154,72.53770576845548
107.68062245394927,72.39240637928089,70.94635042212396,71.76990585108767
104.44470178992418,76.69572520713054,69.94894419590457,71.83265312130496
103.34063385128636,73.21276644295126,69.19016173671174,71.59808428794142
106.28614282438772,78.31114489294464,68.7700349787964,71.81104627395246
102.28993370723107,72.6945442823549,67.74911580131007,71.73767788650491
105.45963651042686,77.95537218958259,67.29398265169311,71.98277347915679
101.17166660731547,73.7108377417766,66.57042832586636,71.85931419644031
109.48355165655019,80.94759178537839,66.75872867072208,72.1843212009986
97.63564870812039,73.21244785715524,65.70016703510076,72.52266108858754
108.46837362107918,86.91108727638859,65.76850407664622,72.84167734603372
100.28815138826742,71.73004448490411,65.47456088039567,72.28281680061126
101.09091999422489,78.08909127326038,64.97532406697081,72.63577132681472
97.1792790624578,72.72273858560015,64.62101495850214,72.34885592052389
102.39573725078152,77.94319825876241,64.57560209383766,72.57489231386138
94.1394983607715,73.07884804902724,63.468803097657,73.09739341268384
103.64223301738114,75.2184588419855,63.78759956279296,73.44527750399547
93.36872073723649,69.76328441462253,62.782452791781495,73.5073205435026
109.43286773360464,88.07859355215655,62.75138965394207,73.53433940502885
100.84429647147203,69.03997234505417,62.58273746522188,73.00329372225762
111.18885124686486,87.16825987838615,62.5119577456545,73.11070840603155
100.6649047013219,68.80626828164068,62.051416461999885,72.50228707791653
113.57943666128611,88.62348712013616,61.99221058642455,72.5333939016517
103.40393297583222,69.27866839870782,61.85578801981332,72.2674140428579
110.20697389753046,86.14226097828015,61.555933637378615,72.52112221878569
102.61111802746575,67.73868585029362,61.18407863159739,72.27639556566295
110.53861473643882,81.29501792655506,61.20934920073617,72.52800376552176
101.01955559765055,69.541101552617,60.453493169740874,72.89161114635114
117.16985953991092,86.1236265667263,60.64535240505373,72.68291967328726
110.72541639303526,69.4382923608211,61.077835078984535,72.20244999322456
118.61866353734715,82.393238822697,61.17735598630698,72.2491932013105
116.3593595200544,67.55370444298158,61.24268567114105,71.77799671379077
126.15380260184304,76.43556067896671,61.575553737675065,71.85237566065805
119.70248287827408,69.28982538411307,61.13947033696052,71.91903339783296
122.94136232624018,72.32258316954947,61.02319163459528,71.948001545322
122.81262467407186,65.85381814098834,60.94474924930415,71.9730520345434
125.85856931815874,67.38177330725115,60.83934347548336,71.99415472918733
124.79907971327219,65.50912272438845,60.62820849319509,71.71208235717474
135.7208821415048,77.03300668738105,60.90891059807092,71.5417213068421
127.08423930493069,69.15703969048153,60.64905610818254,71.48710857607813
133.28766623038766,73.28885250094247,60.785253789966305,71.26128186293431
126.75119797657413,68.55071594947029,60.74047352854602,70.95606043686924
133.58336922651463,79.18150263335794,60.91049711409791,70.82254049536184
127.8111437500892,68.46734224119926,61.11674389862891,70.2629856564709
133.12015249032788,77.5255551958875,61.54150210383174,70.16329019565184
126.98651874904073,74.12944261400098,61.45210726859192,70.007182852412
131.36972881197056,77.81299107585139,61.4320469952584,70.03333362826898
128.11975237099196,73.80000623446904,61.41043396663828,70.08242347452702
131.78873833995556,77.62759205307965,61.42688775800981,70.09553944228412
130.1293600743365,71.33289521097754,61.7447897117825,69.81328128085691
126.33619972389374,67.11528660138808,62.10433652028543,69.38819704381447
127.04209310107177,66.1433712781674,62.15229763314949,69.31777564546547
122.6151497348751,65.55540769903963,62.26485027316943,68.97457128150202
126.10292574174493,69.27608512409579,62.26445663078513,69.01605552306034
124.97944050995272,70.59998277983043,62.26290347766037,68.92420009811988
131.93919745804965,80.89670327196083,62.19967170219829,69.10574890757277
119.33656892631417,72.08095386648142,62.18186568508427,68.9733312820218
127.12496578178612,80.1628908140291,62.43913650823182,68.86156353991936
114.41858134541678,73.35508304347377,62.01700047458796,68.6343459171533
127.93820666774164,92.26725340921692,61.97477034732896,68.63771588138255
123.50296938503676,73.57201949776794,62.496134453662556,68.10519644577595
117.37354842031363,76.16276356809655,61.98722652100878,68.34336892281421
116.42079361066676,73.8224320298321,61.666383969192886,68.39996985114189
125.26840110009005,86.04724438580655,61.574276868518794,68.43071040893012
121.47171795301576,71.67382983976964,61.80308585153588,67.7675431392421
117.70018886837133,74.19297164271885,61.19487059344071,68.05138252271333
122.3539870846701,79.79421550460701,61.122678695989656,68.08168797148772
116.13963376471493,72.75050548629379,60.553103346698244,67.98164801330665
127.83740348455271,85.90942898984262,60.58474785679978,67.84658532046123
117.19543308476284,73.68698310210263,59.98000359120367,67.94229374339899
125.49275075494893,88.6168890618101,59.816313877837324,68.05366845526817
121.44815121944768,70.39362040894835,59.6152682675874,67.6465527867331
127.33717204501833,74.97421979479853,59.722262417254605,67.69204926091628
121.53248490835365,74.17975353530917,58.81901099717774,68.19742821743431
126.43801437601823,79.60023802836463,58.63454790089868,68.07210621360106
122.78968179825056,70.0789458370914,58.06946082954525,67.81810513526565
130.09764861428528,78.39405299213234,58.050724330897225,67.77593875644033
121.28581322926883,69.34636612470187,57.295687241353406,67.60806189039855
133.94706890564498,87.750593398435,57.271449611336166,67.4846878243111
123.46212806841984,71.73460268166663,56.80562450037074,67.67665842569912
132.40710590453622,87.17284147464264,56.753468404189746,67.483654820879
123.68959219083692,71.62669622302433,56.57327683380965,67.55340117679359
130.06248719795943,84.6489043063674,56.430928542314646,67.47560050244701
124.98971463189483,74.44841293172402,56.38484323486205,67.56405141779008
129.25593853194286,86.41110936907499,56.27161627535054,67.5058185667784
124.69956429967974,77.15665378068545,56.178943654369675,67.61451352915046
127.08013055300451,77.69218818134718,55.96551675595547,67.74562409742154
119.75343736184811,73.22473786647083,55.709791398324185,67.74598305971318
128.33286491173777,87.58613609732362,55.62012992068489,67.6724742166432
123.48403326144103,73.37471607935723,55.64986725198026,67.69460326749969
127.00546514707136,83.99655623200827,55.61137074989177,67.66570448944407
124.85746546156676,79.50344602654016,55.6210311783911,67.6816273444846
125.58078074635203,81.66742938578818,55.61292285958675,67.67845875273788
123.65175971418995,74.93275855613366,55.61460533447797,67.68101125434089
134.62907394119605,84.31435753269136,55.6219021989907,67.68320817785649
143.98577468163035,101.14806726332998,55.61650006468204,67.69709631864335
128.35094071062673,68.35004839799197,55.84499461993465,67.42322716652107
143.02642909550872,83.81552552055979,55.9378855137561,67.381008281982
126.62143729260953,69.3879631191094,55.955961037172536,67.32914891056537
137.76303016235363,81.41727976195295,55.96822355159659,67.34375993063536
130.47874238966,70.781623896949,55.97552383953588,67.32183593987494
129.55531505078469,68.83511607091123,56.00917114991125,67.27971238240873
129.62774050662074,71.45663987346757,56.01433467643294,67.27883546482536
127.08694823187793,70.7183437436984,56.00626567482162,67.28148466655983
125.43637581008204,68.80725549736297,56.00567601141148,67.28276425261798
129.91032949153282,75.00223248812588,55.99341107098311,67.30179097511314
130.11560643914044,74.1660197176702,55.99186131177222,67.30280851367768
132.56894686582424,71.0924254899046,55.98770905064536,67.30450221110287
125.63403100244119,64.9302454241463,55.98737620674859,67.24013408037611
134.40900909188278,75.61065948373572,55.98766996388836,67.24176117024237
130.63725023002112,64.91133837484855,55.98173374311752,67.23402900992994
131.38926053086976,66.33607412328908,55.99392070627219,67.24618187500425
136.2957164688231,73.36943144364366,56.00120881488686,67.24878204288878
131.61720806032838,78.45108161275455,56.000924788151906,67.24756501751389
137.7876855764317,84.58723569810445,55.996492040548226,67.24970739981774
141.57308828534912,88.95788533760557,55.996958157634026,67.25097027415954
134.32065524734475,71.993232946109,56.00501284578159,67.2551213836424
132.0754188105848,79.1123251497051,55.99736312558917,67.2579609311441
136.72500761020987,80.78321255495575,55.99249635693396,67.26820206250476
140.41487681874236,84.47042695446677,55.99117380672048,67.26879945045549
130.328989605036,76.07635738062895,55.986519926326594,67.26705115488525
138.2517806123156,88.22844047455307,55.985703030076,67.26657463643161
141.44484971468623,89.16939101223183,55.98659496245995,67.26868328628407
134.5368703574789,89.67333697231291,55.986697630499684,67.26683352374089
140.13151065063664,98.1044550988784,55.988006674116114,67.2670473408069
144.6068100177851,88.77604420179586,55.988559208040144,67.26780564367822
143.69680539591707,95.62700361514942,55.98890270379917,67.26781441966631
137.4572396234369,83.34323800193727,55.989365945921755,67.2681958578245
147.24073256268085,94.19945307739121,55.98968722813526,67.2680333491221
144.63633897679628,84.92583222158747,55.989846757671025,67.26804844173395
141.10385298247516,83.52623671821863,55.990316892519346,67.26709427003006
140.74540900040995,86.11338944419008,55.99042243996974,67.26595381154434
137.67745437055333,88.82361516191264,55.990264930284155,67.26421379799471
149.1428773275209,99.0244835276167,55.99117107957085,67.26381136700824
151.15178426529337,93.12770089680915,55.99142837076584,67.26384398949725
157.87656048989868,102.11747030981914,55.991501740090506,67.26384597658104
146.8281195362139,90.13405912907155,55.99160298754093,67.2638391242799
147.9593908496447,96.23909109089064,55.9917733876073,67.26371297456653
141.56391430976566,88.54963764989711,55.99202048742034,67.26384303611768
152.77828867186457,98.09538869118828,55.99236742258728,67.26374041517506
157.84378321711938,108.84828555687847,55.99236394894715,67.26377590539245
155.5918313835339,101.67499344773265,55.992365604534335,67.263785683558
145.44643782936873,84.22386301599002,55.9924437015037,67.26374019661019
134.4014086710466,70.21085224582191,55.9931096634593,67.26054301429187
131.2334542362827,71.57000947638309,56.00000685696041,67.25582207363765
134.65531152730412,77.15080956176041,56.002389919165736,67.30012169205237
131.93353506968282,73.29847809878825,56.06136782663257,67.27037070273653
143.79877695052883,89.62941541879621,56.05468186186635,67.27567986490796
127.98118852647704,72.94169428367938,56.05160306703418,67.27888111168954
144.11015147559795,94.90016112965483,55.94009157727038,67.6227602845708
134.1155813450647,82.25513376806055,55.93694232075708,67.62384350668752
141.86378985692266,96.89226580402864,55.93908917012956,67.64578795338011
126.65025787990776,71.86371274862229,55.92426768463431,67.61932119796896
126.8140762966045,80.07339898294093,56.085183702772625,67.79678247454424
122.69520437165805,80.14395239643838,55.98080889235982,67.7566893360701
131.3148633879367,94.54738341281909,55.94706562675924,67.72388907075768
124.91592933594404,73.42898055026916,56.03943043741151,67.64119080744256
125.46831303843544,81.48521502758814,55.91649235538148,67.69105352536207
121.11802525470998,81.07819173043919,55.83727961315446,67.65807795632503
128.08243875256568,88.96277772564778,55.96819768979415,67.24738806967476
122.12030458945857,73.99359573496494,55.95231058452416,67.0662112301011
126.35444523157406,82.89427071350646,55.81059873468501,66.91312837583499
124.31950741768341,81.86858951331897,55.8147151049236,66.8549171036357
123.07786007968961,82.41213342450288,55.78103318488061,66.82379297643888
126.97672070554299,85.26718597750856,55.77798649331986,66.72246679215368
126.57361429450225,85.75549448768044,55.79342749838297,66.7207533348275
125.22825955112961,76.96306016304031,55.84897383292393,66.74299484297148
124.4706573525468,77.49387963974883,55.614942026219936,66.71786523481657
126.87543638045268,77.34991716092685,55.65373596860157,66.52529250291504
121.74284527960796,75.30083578637377,55.26964716937705,66.61175733461018
127.97990715846743,87.21584031077344,55.167229843381456,66.39037493236977
126.51911513444857,73.96071311004167,55.5714403014114,66.0780716519242
123.13004755390598,82.29193027250423,55.373481597752146,65.89742784814253
124.96837346536641,86.40024790833348,55.32901730636966,65.82174651535058
123.91895077707449,77.04773148012237,55.42317281216752,65.78767516111591
122.79652160414972,82.47686179466506,55.33319488183041,65.72133252677585
126.1585873013195,87.11388643447563,55.30676434597057,65.59639364201692
122.80479164682106,73.48548002793683,55.58565465698196,65.27802699313897
126.58500168489255,84.63304169267332,55.49889848880571,65.2179916246367
122.90575552322463,74.95521972276025,55.5022926597726,65.22991051367492
131.5154329408472,86.92943840910853,55.43941229345984,65.07064196724585
125.55412312272607,72.21125888684364,55.38189390020616,64.80168696591926
132.9162418380827,84.80317699242204,55.355228149194154,64.64631762799588
127.94891450739902,74.28775447934393,55.417920072057825,64.54966632121088
135.19848767281536,82.91074333774934,55.445920449687705,64.3440891648568
131.66157786945993,80.03110867685409,55.40246878808099,64.34737451003173
128.55904043043896,78.66959364497632,55.136577891215154,64.40456365564874
131.97171803224333,81.59589280605597,54.880590323553335,64.13888044336116
131.68971500246806,81.82639157961765,54.84195790739271,64.08047898460045
131.29042327097113,78.52631108401997,54.805341315590724,64.06337753827819
132.65981728288205,79.04821209633025,54.64795403137536,63.98439851261901
129.16740344190987,76.11462308879554,54.50634540063769,63.964109194178405
135.23383511793742,81.59787152910361,54.449269481925526,63.763850380286506
131.14211866695857,79.96306997838745,54.20683709127,63.6997707169773
133.13464525217594,82.34108480502486,53.999124955885755,63.66679833064563
134.2885041979303,79.56928779053975,54.12894697080699,63.52144144203161
129.73214549818547,75.05700507021159,53.84733778576423,63.64303779419177
136.60274084043468,81.75753877399734,53.87863733133796,63.479092072407084
133.98295984758045,82.43381374900048,53.81010883434814,63.57721281683761
131.38436070997986,75.77997029377349,53.81641722965297,63.62704539587419
132.96547786155904,78.10686974222173,53.72724257532893,63.723851347053056
131.09510776140417,77.78580286410862,53.57559309894122,63.779640341889206
137.12184314644807,87.30717803464108,53.595005233461265,63.59036147933857
128.01771764640586,73.70853949351306,53.30235403462524,64.04436810545748
134.2357443043702,76.7194513700196,53.411016273770834,64.14241082653078
127.01418606814308,74.18504318627078,53.06090136711734,64.39451005599865
135.86641742705456,85.80000911275872,52.99951809473656,64.1644161912966
127.01505144845174,71.3039316839865,52.810770604778384,64.38528475256734
135.11973096306485,82.43281487655534,52.70701737912199,64.28000496449773
126.7076771048992,69.62696726764196,52.475962617304035,64.4952339284262
135.22126878972955,83.07599430785388,52.37086330265855,64.37887154106912
132.80322693961998,82.19792476929692,52.255594876759254,64.555792879022
128.27379934307402,73.45073222963345,52.15804741371684,64.66823655350669
134.85579077382505,84.43163110120278,52.05590049703186,64.65960318243555
127.36173774132808,77.89370836852132,51.94441554554942,64.62827163479227
130.86822134607576,84.10491342538009,51.82101503781847,64.63896405518193
130.34716785302714,83.74810490852582,51.57451418547933,64.57822778400656
128.45901967778207,79.76455620867819,51.36993180324734,64.68061894881696
128.92058812029487,81.98367893866829,51.28565929037216,64.71931546892904
126.53431588459547,76.97923969006311,51.02822110516902,64.79531908691344
133.40702575381707,91.08707544816389,50.987484755212925,64.78763919420261
126.45551698292836,74.5314319422074,50.95138555970872,64.87259294132065
135.69342014337147,91.95850888676394,50.948695740506764,64.8711908219652
123.34690598373868,76.53515920656461,50.93990854297061,64.8992290058383
134.47174900471163,97.39007976410245,50.92737648477337,64.90385619656561
123.76791070565088,76.05433197525993,50.90358717714457,65.01448094650931
137.61216378797016,96.60647798797034,50.9032638020805,65.01433613016937
124.01525049777784,76.10741465287069,50.897707112840834,65.03817676689012
135.19535288288307,93.54995592575287,50.89578857438826,65.03755031635792
122.690429055761,81.25943101641928,50.89428934590382,65.0455088422537
135.60301911870877,104.41198156926521,50.89388029119213,65.0462577787958
122.09940191579298,75.75871953186973,50.893981023772646,65.04903311833912
139.20776135384025,101.07605698700736,50.89397501599452,65.04965596231276
122.36269037416527,72.62615514513952,50.89175350788397,65.0547886557342
140.8665749035484,96.67110909199685,50.89212309125942,65.05469540928951
122.9961966845488,78.81845697715019,50.89178489699366,65.05868480696886
132.56152221850013,96.52380374021153,50.88653371134675,65.06173239246218
122.20619330125601,78.47188805542544,50.8785159007155,65.14953802612744
130.14378545250835,95.71177092309,50.87077192379944,65.15191055006567
123.27616681774023,73.75961681235266,50.8731965468051,65.21351876789336
133.14148084767953,89.9217656940959,50.85141534546386,65.1893270067734
123.01736518615287,78.26290618495521,50.811477337143536,65.29970756736023
128.81782368077307,84.1729919970958,50.75645076638416,65.32377923634864
124.15328705344254,81.53966740926482,50.650480908456935,65.56835564356453
129.0792711885642,92.23262543577877,50.6308689986289,65.60396363768453
124.56560594516024,77.19999521513793,50.6129236277798,65.81601695656123
129.66360360400475,84.8630581458545,50.58292257799501,65.65193106595554
125.71151640107006,70.91276426760959,50.63329766217257,65.68517832758602
128.66996781021334,76.64681830389043,50.67007824106496,65.8371900857635
127.17746458973656,80.75497091899494,50.64827845942375,65.69155547363883
125.14401167456128,75.89511638969043,50.66332059413395,65.76149453119473
130.85826686885966,84.01929337070953,50.64921927123526,65.5464563762789
125.5564403596888,76.99346292058148,50.635452772459395,65.64574585230216
130.82588417678642,83.31742455311999,50.65044361096582,65.57380993791337
126.73536817237765,77.79621229413064,50.6533408068025,65.62177255862615
132.4876139209881,86.36940829509967,50.65007258715448,65.47582953276954
126.89850599218302,73.46232269960316,50.64991718428783,65.58586965597162
130.98313502290696,78.01698054201826,50.689258349300005,65.47378917592812
134.49600452160982,85.25117423212484,50.75719488773608,65.29751231774286
126.44226831359254,73.99845262967156,50.70087604142306,65.34879230132907
129.74683990355066,77.43389829910109,50.73105711037783,65.13350963116115
128.6670812446267,81.37340850355622,50.69609208915622,65.06543604128125
130.10253626255536,85.5871317147973,50.69199177312217,64.95595749488203
126.22047748295114,77.07547336565037,50.71846925544509,64.95451577801094
129.42338092723435,83.44422857011975,50.730056779793074,64.75517572923569
126.67823088156706,82.25396190067664,50.77590120964119,64.73896844335987
119.19951571823404,78.3235148847267,50.59353286065061,64.70461276107238
124.51483405081804,86.54977666605348,50.57871006953306,64.48688010028893
118.10523071674876,74.56429622002494,50.707567347247405,64.08403864004285
126.44479058216305,90.1500116500224,50.90217742710222,63.7527098723813
118.0679912489733,76.94856736137963,50.89405664561939,63.960783087381714
122.78130783608106,84.53582946460455,51.00549894731767,63.804593984062095
120.61243854067051,73.9879871288175,51.48478930577634,63.18077606941213
117.544192694359,78.37931045516314,51.40821945106375,63.11834177136173
122.48483251501665,86.32048523421562,51.35087923462412,62.97946367350946
120.94066041832804,73.77431304821548,51.761327626295675,62.4731899552769
119.99912400342146,81.79437944884188,51.763683389091234,62.19007611659053
116.02265274793034,78.81910746905824,51.59501234541923,62.15146920886721
120.67109561922932,86.32049568781282,51.59530416988796,62.01449817576932
120.144967170443,82.38925650762644,51.94203503516936,61.805224619264294
116.14414999878858,80.24853976364386,52.03955154423316,61.82759348096219
113.00536920837118,82.66388605768734,52.001522096730646,62.07676149430452
113.47429492840762,86.53859849739983,51.975895140218796,62.06700410817515
122.32289465899902,84.7496515467636,52.06564961887638,62.01558901112979
112.89976241374806,79.18999202609082,52.49458395968177,61.776967747017615
117.38547939768725,81.45383452268894,52.720094739400444,61.63564317213904
116.8157417531717,81.19441347452646,52.83557347826871,61.639675947084754
116.94686323137539,80.83270022132696,52.902532161936705,61.61745701070915
120.23022990836942,81.82645534883125,52.832168278645646,61.79210167666145
114.90047080359477,83.68783908530509,52.84523690935099,61.83097112160166
116.70799478064731,86.7114859432676,52.87678832769892,61.98504545062457
114.89441905645447,87.27285861896578,52.895906108551,62.047554302537364
116.16495291370968,95.00988238091726,52.90260164636711,62.05080087213423
113.54562459135647,92.90985410322774,52.9544249589823,62.132619170944366
108.91866279291423,93.77664170559399,53.072527710431714,62.16005036473164
108.51850510119203,97.22805429118507,53.12729265071657,62.1582691204509
107.53122919243509,97.97268299201863,53.13662847773002,62.16603853651351
108.8325064886049,100.37694089338288,53.145433466483595,62.168006384705514
111.22151507212595,103.46664299223158,53.15103787500248,62.16692692067938
107.80130230568616,87.42939057865314,53.22241900649321,62.16833746087774
116.84531300675559,99.51632267235459,53.191572178578795,62.14098621359231
114.44690135137142,97.42845177210182,53.19853754506885,62.148101852896666
108.55674774310796,87.05531836858682,53.264876930671896,62.18752175777778
113.586162253921,93.524419333118,53.275737686961286,62.18157462002129
110.06767153042138,84.41672764168868,53.34823368581581,62.25502986859288
109.56285704547193,81.42245811021131,53.406232897195764,62.233805685553854
106.58946489808278,76.745181011836,53.56307980617016,62.14692527987064
105.61358821142834,76.51104002442938,53.74036052390889,62.02148137293114
104.4868828017927,79.06930730155396,53.996046215005926,61.84091326171435
102.68804752639522,75.83720875823028,54.143319182406636,61.744072598725396
103.7362117485595,78.37949781300316,54.42339482704842,61.535631006119175
103.74105748462824,77.84977003745958,54.513745481410425,61.46245309089543
105.13274555230493,80.74887016646812,54.73274113475053,61.41729046968741
104.11943708274981,76.32877755827522,54.808132206975856,61.365921991003106
105.14102933358674,79.59353386521083,54.99685801605994,61.73457906974252
104.57804439318053,76.9275222083085,55.08794278911155,61.66358326759243
103.00878397634224,74.97499096854003,55.26392863741661,61.51942634221274
105.93547197213162,79.28217969668745,55.47248792487962,61.38844913427146
106.37265489771903,78.27027087052068,55.50216640630061,61.3756282581554
108.63561908089495,81.69612733907339,55.50960936386744,61.36759599274063
110.04706633083359,81.82310263127079,55.527761840596106,61.371905177585546
113.70161975157869,87.2650855549344,55.546195211288165,61.38605778662861
113.80248390248013,91.222457491521,55.55603585581565,61.391259982294216
116.15320988700704,99.09669722878854,55.57867450590279,61.408030307949915
119.18311969032908,102.28307863978603,55.582909560247046,61.40906657338109
118.68477132784543,104.734764027429,55.58526306513346,61.408945346344844
117.98638502441078,103.59119747036034,55.58685182803103,61.40904689539915
118.25125839075778,103.91373882882453,55.59037856788713,61.40899339024338
118.0003888143522,101.74740439373332,55.59350897394879,61.410167078325614
121.1736875510502,105.89553192294115,55.59816468981131,61.40896933114649
117.4838775117709,95.53796338287508,55.61709371851723,61.41125771863036
122.37835921627452,105.42823780334109,55.619255833654705,61.416935960720295
124.16931012080295,97.13195635097378,55.62409939510418,61.42263249591478
124.6797636348163,100.24547896535447,55.62974148566516,61.422639204283534
138.06057584437866,115.49458323496344,55.62811149612586,61.425976528683854
133.10187450060462,97.82007634345027,55.62833512387368,61.42640525938778
140.65523247911852,110.43780290604192,55.6293470122807,61.42726377490947
141.07549265379862,104.63896664205981,55.629539294351126,61.42732027992651
151.24508613301663,115.99651890411675,55.62957159723416,61.42731392311213
135.47954183894075,96.6960551356772,55.62958945453368,61.42733236621477
154.09936008611953,122.47547224809793,55.62954497492538,61.42737731665699
144.77855268946092,96.07242332755064,55.629545853804885,61.427380793005185
152.38375361687818,110.32185376365834,55.62958222581462,61.42739046514395
159.3092384806701,116.73632109020178,55.629587849835175,61.42738614818761
151.5929851456525,105.8435978597748,55.62960827310791,61.42737534754071
163.16534711468722,119.55115196061796,55.6296323566028,61.42736198101009
167.20484569063046,118.19093163086934,55.62964303436227,61.427351993005765
168.73825859816418,114.26546110721628,55.62966466297547,61.42733230261932
164.25034067763136,114.04617631952317,55.62974853089037,61.42726636578196
171.705296116232,123.96183058750367,55.62975160942585,61.4272417286104
160.76154311344385,109.03419452651784,55.629776053741,61.42722890475033
167.54042185070563,112.62008149951515,55.629903213211286,61.427029012684386
161.64314488515353,113.98752486722994,55.629923107107494,61.42701265378136
167.51517308993968,122.1574322617887,55.62992631813669,61.42701165633959
154.6790005920075,105.50635654484802,55.62992762953862,61.427010931701375
161.1662344482377,113.94740430287625,55.6299876652618,61.42697539302227
142.27377054909894,97.37617611564356,55.62998980651165,61.42697434770369
150.40476536774491,111.6152922157117,55.63002764136283,61.426957305889836
131.24132877625732,94.6408002934702,55.63003644665358,61.42695897333973
146.23888958207226,114.70800565834278,55.63006241748715,61.42697440734725
129.3049224858691,102.19091962447268,55.63008422908275,61.42697656738606
131.45375721319314,107.47006053866345,55.63016745458255,61.42700658363461
129.1829898918022,108.9049390569644,55.630182289279404,61.42700899333438
131.62097675985035,113.27642262181688,55.63018871676909,61.42701150532358
133.16925668222154,113.56387315789424,55.630211578067765,61.42702203802141
139.9906427584067,114.59752460191714,55.63023797177962,61.42703032316633
140.2656611316847,114.50536014085306,55.630200819489446,61.427171323767
145.286796832315,120.1562606161782,55.63019220446324,61.42739759775247
152.35683084941152,130.40924230359514,55.63011529797284,61.427583257534394
144.82549009325754,112.09498071280458,55.63008811681301,61.4276045422735
139.6377256683537,111.92151175795141,55.63021766843801,61.427691051081865
145.48958349041462,121.84398736397071,55.630199566428374,61.42783283970978
152.25057930587897,130.305617096337,55.630191502658235,61.4278479673713
145.9267756487202,129.8054725606666,55.63017410851526,61.42790375993698
135.42978164670137,124.11708441001018,55.63016179408295,61.427964008354785
142.50154321379756,138.4106775141813,55.6301559504283,61.42797889239677
144.9217459024348,130.83756023527553,55.630139801149,61.428011069453824
134.43431854963572,122.68645145557929,55.630118796350295,61.42810385206706
139.77924447067335,131.40041432729103,55.63011523737735,61.428113768717026
145.27620224043466,144.72783014127162,55.630091480580944,61.42816055103232
147.17396614217293,143.76355163866717,55.630066274622315,61.42825219907428
148.4170429665825,140.44821548033363,55.630032146235415,61.428399569433275
145.67855367133012,138.9388304289035,55.629945624413295,61.428656505608615
141.75028754687347,135.06910045507152,55.62985991532872,61.42897360951657
143.5278229117844,130.34635010339068,55.629840971325294,61.429018877830366
140.70594728803474,146.6420122403604,55.62976920831812,61.429179132575825
140.73024762805275,119.31204859891463,55.62964591414324,61.429258917106026
147.1812036135906,124.44025382445135,55.62964776019498,61.42927119813792
145.23265257370932,140.00703528678525,55.62962111507925,61.4293838388367
145.78418259576375,133.5101321939428,55.62960443351579,61.42944512130905
152.6736400878923,151.35078062561226,55.629587900448,61.42946675538398
148.71142745326424,160.35412407865743,55.62949071534725,61.42977592286272
153.72400644512086,139.11385416491885,55.629522194713964,61.42976069006161
152.89861230113314,140.95565679026726,55.62944028050449,61.42996893348111
152.20600431170445,145.23844027105693,55.62926155059667,61.43033764092777
155.71088804691064,142.99965959128846,55.62917589224473,61.43055427981728
148.23663489208238,142.79761261060474,55.629022927769306,61.43094392669784
150.66169941480877,140.16037997980425,55.62897662047725,61.43109609360923
153.83805552171168,133.24909219593576,55.62892362456806,61.43122228791141
153.41280198970918,152.73201420010483,55.62873401524754,61.43150240091399
157.12752814853707,140.2402796727926,55.628714882803635,61.43151371603715
151.6658431578054,139.341846148399,55.62863175261096,61.4317282800196
142.7970073006082,132.720891818317,55.62859820328895,61.43181837955333
147.9650558623936,144.2221397553555,55.62857631024141,61.4318517256318
150.59908363136887,132.55762608613975,55.62855666848219,61.431840636754195
150.11432289641346,151.5298249923849,55.62841775244943,61.432069650786616
153.52389951428094,142.52248357107933,55.62840121273033,61.43208236044046
153.2541791073627,147.66427515388995,55.62823933555577,61.43239256823447
150.636988646534,153.48025354521337,55.628077783010745,61.43279203708107
154.1784513073456,157.8723235175043,55.628058170792706,61.43290851501088
161.44010056762957,160.5585470993312,55.62805281587855,61.43291667464569
157.98470692264968,171.22177996863104,55.62801789539483,61.43302371321491
156.5212467979013,146.40791701393167,55.61253681369529,61.44999797179382
155.78913521772523,172.8728880761898,55.61241149872779,61.45023105121463
153.83687457977896,147.79707478780443,55.41381724727805,61.644389292709064
150.52214864055082,152.34576797264592,55.4137014994322,61.64477934573329
152.26796224416765,156.97235979422595,55.41367436241688,61.64489817492876
159.06194024549154,153.44797463492193,55.41366883865857,61.64491120831708
158.0209020271329,182.90182321912079,55.41356908266958,61.64512626531437
157.49548550326406,158.7549313209006,54.95923316422049,62.037865156550765
164.6965257339887,157.5767986956638,54.959227860056785,62.037872760853695
161.03859494714325,167.6386752845061,54.95917636726587,62.03803179071233
168.16814774811647,155.30977773005333,54.95918249808762,62.03806664420919
153.33544540931314,183.1430174072546,54.95906182431496,62.03835286220115
153.00628548238544,157.38227803980874,54.62184124051698,62.15037651758561
160.75702978972305,159.3862658697659,54.62183883300446,62.15038461501894
157.44603250887502,170.61009306213523,54.62181167687488,62.15048114554203
156.50562003266026,145.29597192910472,54.45386125952896,62.37469895855878
156.28971727087722,171.79945778617997,54.45364855756774,62.375118562137324
168.93698406057175,149.32810144662966,54.45046925724135,62.38168763760289
155.04852103978914,179.32188411900182,54.45014680746639,62.38251046556575
154.5283917048192,153.15185895476702,54.19377874633473,62.42972110141153
154.00647091181162,180.36909632765298,54.193652372655116,62.42998061392609
153.77416327624184,154.54753487607226,53.92171412233992,62.439757662189734
153.74346726918017,180.3889403596737,53.92152796733371,62.440124891655636
153.2735664215073,154.06151993026936,53.76253495035796,62.28462940790379
165.20601315432,184.34357399397703,53.762515936533575,62.2846816547681
164.50271058264278,161.8717412946924,53.70054626942058,62.368133103558904
161.6719432632035,170.52122891560703,53.700522591730675,62.36823763361582
146.84412089449953,146.8398032337229,53.64202860606274,62.52768005748108
160.61152021069947,179.12160906126843,53.64202387973192,62.527687772732634
159.43402617485197,154.37135160316714,53.59813204874487,62.49698764799054
158.2422498795516,181.4366621805102,53.59809747308313,62.497057389233206
157.65995768889053,156.7473125607373,53.31731021387067,62.74586049889956
157.57566386452612,182.38327782501676,53.317208083981,62.746049225859025
157.46161249644362,156.74441075732213,53.08286963085567,62.74808108202312
169.61420303795518,185.35184372667962,53.08285197345512,62.74812593052896
168.48502810872768,162.02009955853183,52.915431935282506,62.96282515323276
145.58267882481417,183.16458708555024,52.91536175985255,62.96288717785969
167.6147332584024,164.78543598928283,52.836932453557196,63.04861174635296
143.92480233521627,185.3674197478717,52.836920892726326,63.04862934139006
165.59311253482878,167.61163118163103,52.751333923145694,63.08742958910692
144.16103220664115,181.31921094323866,52.751325188760504,63.087451937237795
165.71596967994077,162.80558476460257,52.661167721295804,62.984428636682864
151.22523932177617,183.16021937922193,52.66114097052607,62.984518550465644
165.61792558095485,162.16248083976046,52.41683520347785,63.64498712371363
142.33855462616438,183.38859207627655,52.41679129548644,63.64506407665401
164.04325688299426,166.491893549348,52.28530066798214,63.62452889108792
162.89330653838906,188.56298262779376,52.28522898019526,63.62458900132035
162.58312532766226,164.62050896317675,52.11227328685634,63.71328006656676
162.80713258203957,186.1342045112133,52.11191636415187,63.71368477139892
162.65817594760898,163.1594361956844,51.96558060269487,64.06601490615029
162.46372769482264,184.18912758333838,51.965404389755804,64.06622388390439
161.7751655550279,161.00711130054378,51.92905454301399,64.2071039231109
161.87895249573853,183.28425328570333,51.928956365022714,64.20724143299947
161.0247740819073,159.90951918731366,51.858134372156684,64.38871990627014
160.989760337517,183.53393183813324,51.85808582615587,64.38879616293434
160.7018792829994,159.39411000891198,51.663670363900835,64.60020626964774
160.65732073117718,186.8358611811636,51.66251924483136,64.59971403495285
160.73124064393323,163.5005035630793,51.53213761548052,64.72752335534554
160.33288610257543,184.26184156331456,51.53197393844084,64.72765092782356
160.0258726880596,159.1592904386402,51.65795901097796,64.51075512007526
159.9678323643717,183.78927995466302,51.657861699661254,64.51092389258517
159.5248460990773,159.1729941402105,51.82607103270098,64.26616168712911
171.57283436885078,185.0618873067329,51.82606244078223,64.26618077394328
171.02703410775015,161.4039201791772,51.891169574843886,64.25489578746729
147.86583140754857,182.78000274713304,51.89111126240025,64.25496357470634
170.19676159935753,164.2026881633889,51.859422347947586,64.12491310612484
156.11947835930448,185.4380560821027,51.85934003261721,64.12507362906264
170.46383057947796,164.62595100733301,51.86120779644223,64.7648101049268
146.522223263806,185.16868336922005,51.86114443574202,64.76487673335893
168.02620822618704,167.62521073467212,51.8940170657027,64.53736716765825
184.2902205701367,190.50069640972384,51.894013959015965,64.53736981953797
168.7231100107161,167.20798205161302,51.53451635277172,65.20153610181382
184.83100293037623,189.9474539155004,51.534513944618645,65.20153832153835
168.8025370514914,167.2013130317957,51.25602834441179,66.0185642837793
181.6948574179231,142.7589375442051,51.25674762785485,66.02075509471199
178.94267386372687,175.33953886663537,51.25661518992559,66.02091125242288
177.23661184423068,151.18850892595424,51.283199523022745,65.96279103045168
176.26677033100768,182.60477913286803,51.2830438153963,65.96295974750169
175.3552409851187,158.7551183673268,51.06193717152435,66.21709721642576
174.0656059165766,186.44636874297862,51.06189276195443,66.21707833157139
172.6590473636059,161.97096541342268,50.808170964521,66.54799444892254
193.26220052544593,163.31130865759008,50.80820986998037,66.54807654117
164.23308844883059,169.5739493321476,50.90858951507924,66.65345736242683
185.87550596751353,172.9236409645575,50.908610049693216,66.65350587327686
169.6889233453153,149.6306125438091,50.77465598772086,66.82154355522283
189.20750586204306,177.1897817108763,50.77465541673287,66.82154431322091
189.46321595088625,152.2630684276528,50.69029874627395,66.85746143111567
188.58988116356977,182.65601419503577,50.59320943545714,66.6981158949122
189.0810413140316,157.92833556651783,50.54415251016823,66.66193919997164
188.26032619783481,187.59135869714322,50.57386871652498,66.29895458324162
187.40902046159462,163.40565378799414,50.24238748556138,66.76051824486018
199.86109743862167,163.2489482266232,50.24245444932168,66.76054546721859
170.36651725528094,167.9152085338363,50.3710786816087,66.66218805618831
200.06542503152676,172.28004826624954,50.43486032185251,66.95871136797687
200.25140030993566,146.09901479834159,50.23592567279077,67.29446730089603
200.29893969637482,179.9355024110451,50.085648959643294,67.38853007813192
200.27956871970753,154.45257119833298,50.127526331667596,67.2723623500507
200.1731633844066,184.48582803125134,50.10843093631273,67.19808397671359
199.27076375415163,159.0709677883487,50.25139316131104,66.95497766234332
198.99064625836158,188.05695343257327,50.22475410678236,66.57182907410869
198.3413816586725,163.30056890363323,50.37071440074303,66.41720442078831
222.003269747947,167.32976225174394,50.37547418487293,66.41599955119229
192.64281493709788,170.67456169425992,50.458387688063624,66.57770082513613
214.80921148504814,151.22395434782476,50.723432231743146,66.38308725817566
192.16749156272328,176.5320932010935,50.30905629458286,66.82805152386125
214.2248928056162,158.43246815605036,50.433983396431074,66.47610648182138
191.06396745952696,181.82399906878993,50.18697081489994,66.4203067409162
204.8290263828104,156.16837215787154,50.213768366712266,66.50036874960722
219.9076995849269,183.95826648225218,50.213784115474965,66.50018468347128
204.62293418265816,159.1453010263166,50.3696049771908,66.45633493259793
225.91753680515765,183.0562747331589,50.36960644159569,66.4563338924672
202.56625442680516,166.9779747535165,50.04124076171796,66.43621470056331
225.3732501429776,169.14154321308527,50.046872718265405,66.43573382117627
195.86671746269346,173.89396373913905,50.11399903867084,66.66379884493219
220.54199561591633,174.48605927203346,50.11906066136387,66.66255365865962
205.3847763807767,149.4348676636405,50.15042848182853,66.55715025483838
220.47088253525342,179.13627160755445,50.1504324326301,66.5571473175503
219.61766478124304,159.35015343643914,50.6159377216872,66.23637873822605
220.0036639541549,186.79653773341067,50.61535707716708,66.23485014541824
220.2961905250773,166.94428441997377,50.84804606075565,66.52617440051722
219.99901470682946,195.10369426417714,50.84800026151766,66.52613183669031
221.21029175778085,171.0330627418155,51.29592276509582,66.34035748034037
220.6945627025505,203.67931634517117,51.295885708009465,66.34040103450403
221.16204575288106,176.95227528728682,51.54904809061304,66.3725030785372
225.75739134864108,185.94307470110817,51.5490484212816,66.37250123671427
211.7101028172046,161.78680398533345,51.737092973193526,66.28819302685041
224.98347531399233,187.65168574963715,51.737098928952044,66.28818509503749
224.90729385184417,165.59819230082226,52.149594833009736,66.13856335387646
224.45217634518593,194.58311881422284,52.14946752453716,66.13856901527208
224.8613588603825,171.07030936829142,52.54795073439095,65.88332215592018
223.45381769797527,204.2731607270062,52.54790787364037,65.88336990023653
223.86176827390057,177.42210025042004,53.07276453070119,65.32519103139019
209.01668213740442,207.32795248704707,53.05934501666039,65.34409502590586
225.1568878380943,178.56814521242754,53.38490162818794,65.10919023876939
194.66758982712088,179.94795505718997,53.31132445427265,65.11268218412212
224.65422981594944,178.55553436349751,53.39450916005942,65.0216986129455
194.90921754434393,180.37015306495772,53.295438174927746,65.15100942519237
225.11873985227092,179.70579078481117,53.370431274716886,65.09218891811265
201.0151295602838,161.53375377239638,52.97233848611813,65.23805539429199
224.35490540108333,185.3938041614174,52.972341765348375,65.23805236497093
225.19627387999628,160.50621795538999,53.56671229794496,65.2632485383205
225.05939196751368,187.68700683391967,53.563510148069895,65.26094197227236
210.90716152816486,162.97646493770785,53.74815842007692,65.60446973084458
224.62158109562324,188.7795867799871,53.748164894715075,65.60446130373084
224.28810314142956,163.57592229364852,53.92913205362498,65.67830004859657
223.79130506546275,191.55704876441789,53.92905944411789,65.6782711384687
224.1904723673092,165.20915106518152,54.214548083036874,65.587308858943
223.45095359816895,194.7403941499207,54.214484489190035,65.58732148216191
224.69984925974927,168.3232051613678,54.32260051135957,65.81249419857059
201.31332209043575,188.89290469119135,54.06339242025666,65.82840335881852
223.69511984238383,169.06310768564487,54.1855232922066,65.84820428938986
200.2078072306288,189.5842565660261,53.995870202048515,65.84159133574084
222.89475872861095,168.99897508093065,54.07649128737532,65.83473471320842
208.0071978990189,195.95581654591854,54.00645388964189,65.64338206283449
224.93272717510445,170.7415936802094,53.806498074915076,66.59372838819668
200.3751049723307,190.38353749666152,53.79608651830342,66.58480108800114
221.87579456817082,168.43773059607545,53.8451331078743,66.57271843667617
222.56356914907775,197.9982229386868,53.8441996997767,66.5727536053499
224.5923650491776,171.12645059849444,53.879306854202845,66.95622132757558
200.93710166838528,192.24483862614295,53.63638263385264,66.93494547678185
223.774546191946,170.5599514857875,53.708589906991264,66.8758454284294
208.6565681688718,200.5945711196053,53.70469307777418,66.87962403805838
226.10434701375266,173.77081409279043,53.79304420172285,67.31550683564433
202.79033562438917,193.97884337016086,53.75380716480232,67.29278046963809
227.63432663161976,174.62719503224767,54.011218942288565,67.14764469679835
203.9851420603342,196.94620470473978,53.99471135237754,67.15017937813732
228.1982054658551,176.30409239781488,54.21459955696539,67.02006917454109
197.87944882992642,178.63807311129278,53.96589999097982,67.211499871825
229.14108418368875,178.37005804040982,54.100693672898934,67.06733703492932
197.97248217502613,180.65110056127168,53.930245839695125,67.14647875569372
229.41072157596784,177.9510513783033,54.13303686477409,66.91840770090845
198.2460079368956,180.10394449764414,53.979208705632104,66.97534936578177
223.80902941450267,176.5294785032877,53.98085708017336,66.97402320001298
199.34464225148938,158.5831098825315,53.69557885507426,67.24181459628649
222.90736043315536,183.38451943918278,53.695581221618816,67.24181231368155
209.77216143293722,159.37070885429722,53.58752361020282,67.59458514903832
226.1459164591152,187.10692290650707,53.58753265685074,67.59456215857684
212.96595714936217,161.40654087133674,53.19006624012516,68.39577754746894
227.2437537587984,187.67861344053927,53.190071680860996,68.39576786871288
213.96904015899082,160.43277166858337,52.810944253673384,69.1449586558261
228.28388159262212,186.86476622765218,52.810951362688385,69.14494792579586
215.89034006506046,159.96679539338763,52.485909554741696,69.96355059858313
216.23255235496134,189.6726000674003,52.48580634675952,69.96354948598572
216.9935004485816,161.33197317168643,52.64419639942339,69.96431884521627
201.31057534869402,191.15451530595766,52.641204673898,69.96597755843618
223.61876593976422,168.9762838641666,52.739220284865254,69.97622813911144
190.9109303305351,173.27672951678878,52.54825605904589,70.30455719775534
220.32195929412504,174.51762455576807,52.575957371568684,70.28450026265448
205.54003681064694,147.60727965875083,52.73411553601751,70.45333379552312
222.41988365417092,178.40737286011716,52.734211646623606,70.45318798274772
199.69241601601667,203.00907372665574,52.73412245625489,70.45330493130794
216.26645523415547,173.47599671536165,52.954574077126445,70.55588713444368
231.85580588058855,155.6620137847969,52.95533287887871,70.55585129420591
209.12500207085634,180.45733405926174,52.95238158765578,70.54047354614227
231.35881988598598,161.9657493147634,52.97565899080992,70.51575842817454
201.37406046844836,167.8389571105906,53.195575088703805,70.51479373355612
230.7220993903472,170.58717608772042,53.23349847267952,70.50477467140166
200.13281557815546,174.91669648993857,53.33013257094238,70.43797468449792
221.17933161987156,153.44390562813814,53.33015695441384,70.43792836573618
196.70501929518178,179.37310599752556,53.34758830578053,70.3977752005811
219.81587853009228,160.4376927459054,53.43370165178818,70.2048024644275
189.2496841288171,167.82283069962307,53.433646746444516,70.21729968771616
207.91487499792234,167.13106463143055,53.43366351535614,70.21732086957095
215.44287622547475,159.0194741498663,53.43368530390324,70.21734378312338
190.54726727570397,183.63045707893937,53.28450163727522,70.18635606954518
213.12173303819608,167.9058574220329,53.18922738382391,70.5839964222497
193.92400011609294,148.551351420605,53.18924707564374,70.58401812809025
209.63749819190713,180.5019967710258,53.18940498606928,70.58368564620744
208.495444771818,158.2846418974632,53.215735027323205,70.70625567299565
208.16876761456462,189.56720954436977,53.21583067131191,70.70342274036302
207.99061009264202,168.72434089185595,53.288329190561015,71.18828919458885
224.12593716407534,188.33999265498912,53.2883339677201,71.1882875961192
200.64220321381183,170.92889508839554,52.983166203048995,71.66956110309405
224.2396092505782,173.75754206964146,52.98534610508072,71.66885146466576
193.55014861526783,176.8797033635616,53.02560282980314,71.72157953477287
219.70930266848177,176.0810432649831,53.02627701991759,71.72119349014271
187.74545113840628,178.85093458225464,53.18928892419494,71.43409488724396
218.8808897072145,177.56828940054277,53.232089755896325,71.3837526737916
196.03769120150315,159.4772298914489,53.24162603681945,71.39560582469947
220.29492157169176,182.37833182209476,53.24165230426749,71.39557841891711
197.06161185133598,167.01018772605337,53.242862643788456,71.58769474691512
220.9983521477967,188.19633584832752,53.24287447725979,71.58768366357272
203.69450580539456,164.6539372046416,53.36358074723391,72.18447831856777
221.3381721309788,189.4612898319604,53.364007470316075,72.18415859911306
204.7906032438204,163.9895624097936,53.37213164161333,72.37219778258007
220.08771988761788,189.83922371102068,53.37214626265073,72.37219128230814
203.4336437868684,162.10849426557633,53.382353124874925,72.40667310300509
219.1778931278547,186.47257968270142,53.38296126640037,72.40670341633836
200.180073380314,168.8237666702837,53.383306034518455,72.4103311057698
215.64435599632225,183.16788873150506,53.383544035212616,72.41027432091332
206.7037842260949,160.49673796094402,53.38198511738419,72.43140983030816
202.188891895909,187.63527193700241,53.38235224117484,72.42953840938685
215.2491861684676,161.56038913982462,53.34721619361797,72.70237825087514
214.73210720852435,188.40555778790156,53.3495886109327,72.6980370281393
212.7536366155275,165.2250752684698,53.367548561784616,72.74313638569144
212.04183413631776,194.1721091203302,53.367556204186315,72.74316238477678
207.75644931158376,168.029807022478,53.35281750626817,72.74163352925851
215.32284144123162,188.00966446887108,53.35284456308591,72.74162788141284
212.29397891551304,164.28726414768806,53.36659469391455,72.74893449955584
212.85803587225107,192.8735600647061,53.36790357235578,72.74724013335252
209.12284273630388,166.8545258811758,53.52668557309295,72.69419179978182
208.19731258329477,195.9869826625918,53.52680697214088,72.6941629633537
207.0614129096357,165.894930188865,54.119783558072754,72.42090560586429
216.9972317232118,177.44570655015005,54.11986468564509,72.42081706324853
191.00732711434648,159.05655228452767,54.47043317527002,71.95202720628872
209.29511039736116,177.93243724916178,54.47094395860951,71.95175486433634
206.86704805926996,155.63550879215526,54.686685238894086,71.81203391879389
206.4644323094852,182.81149912413244,54.746326988451564,71.71998504164696
219.0016042687249,162.86642546704547,54.8563015875795,71.80166814338452
191.62298337964484,182.5764307432282,54.856623354725606,71.80117355832054
213.96982851208193,165.35281613955738,54.930839558683196,71.7808488092301
214.524582582943,195.05132279563725,54.93242240913257,71.78236893612322
220.57711065291005,164.14218436959464,56.06315296564746,71.67192148804358
194.1154180681262,183.47611478802875,56.063253537111244,71.67182709277695
213.62056062593965,169.26216787355125,56.212235359362055,71.71364203325068
189.1979562240716,189.49790323749153,56.21258744442828,71.71285404879204
210.46282660717728,171.31438517128677,56.87957282106618,71.65647421545037
180.44084470448894,174.5314087123486,57.587846376462075,71.3227640290287
208.82363292736588,173.636542124021,57.757398580734694,71.30811920041745
179.4460251249924,175.38714670331854,58.36634578339506,70.96907610545523
207.53207832847514,174.1385707002913,58.53205154277199,70.93074046961401
188.93299134223818,150.2781806734194,58.54999251027618,70.93952263323972
212.51247821352774,173.99836423184445,58.55149961904315,70.9402747746014
181.43127429161834,175.75473054913573,59.034974953716016,70.65963195387965
210.1657904379853,173.89605390816743,59.12651389450168,70.67501665693912
179.3074381464928,176.2348072751489,59.55045692995046,70.39618897148813
210.24629950527293,173.79271575309022,60.02387002505294,70.28600043600177
179.86499100233212,176.0752144046264,60.417480559109514,70.06419129914495
211.65152785218592,173.2985389086388,61.01906120712846,69.80627508804469
181.96661987881524,173.8612318326575,61.273899991813444,69.75308813889515
211.2265687621866,174.39032961387522,61.41649941918801,69.8424835418879
186.1368347160544,152.82322847931658,61.415176807385734,69.92104072667465
209.16383958215212,173.64483563695643,61.41599896419014,69.92167103884594
185.3467956725136,152.54932369371062,61.43361611646599,69.93105318871956
209.1058690941684,173.9822526714424,61.43524717937511,69.93177268547727
184.77914697383375,152.05214933502847,61.44201670806356,69.93395122333528
208.18323222046317,176.12267246081498,61.44239874839234,69.93405255473634
191.13807703474734,147.3532328746168,61.51137157098226,69.94167617045656
212.43359851581005,173.53267540477975,61.51140956202585,69.9417266303699
182.30247772272992,174.49124382065986,61.73654834876075,69.89418919182164
212.1178762722769,176.43249841024584,61.90802310423231,69.93419762563902
187.17536743916287,155.6054392203381,61.925148336107014,70.09229449220773
211.0456885181863,176.2967513093718,61.927748109104854,70.09175040177752
186.709699199415,157.0198358810822,61.96237559927986,70.09608533857968
210.21211874455332,179.05021011134784,61.96521746699862,70.0947533209529
206.61813296106484,153.5167328841165,61.96298310814726,70.09985422515105
207.2899954136658,182.63072578670872,61.979131127671984,70.07380235316539
209.14573109945846,160.43815201774123,61.99226690867976,70.1216979606246
211.79501038807342,186.75593785656937,61.9959680886524,70.11625782927086
209.00840765702796,161.12420649828368,61.9971135308974,70.12720826862758
210.11506516130024,185.121107778936,61.99888036725406,70.12439324462218
208.01636897121423,160.34047364758942,61.99919193351429,70.1270620498135
208.09877289207333,186.16080828344087,62.00048973911217,70.123782772783
205.3251590528272,161.8351061498763,61.99995876784229,70.12555489096596
203.17304458274492,192.10503199649315,61.99808821851334,70.12448970651641
201.63508425077734,165.82997933566043,61.993225918514845,70.13847395823026
217.35109173665634,181.0633238636647,61.99323309935913,70.13847101357976
200.19907292644527,170.13210893660246,61.99322547955918,70.13853768856688
220.90548283053627,164.80080844159448,61.99227705243057,70.14707379962823
204.84450399954375,154.53545674373856,61.992324794017904,70.14766743370254
206.5603352540282,181.02792080097962,61.993090951348194,70.14725426851324
206.1358182760197,156.31407957427228,61.81812701959105,70.51127476647146
206.94568056463442,188.23905867642912,61.82250364971745,70.50579482212684
208.226679681043,167.7593683375901,61.73886567025078,71.04406933904013
191.11977433508815,202.1872227127764,61.73849849557353,71.04484223859306
210.12206007356008,170.24398469046508,61.75214914039637,71.42899163581521
195.20900454934664,148.62265668042915,61.752139896400635,71.42905142068415
217.82237076359442,178.4488001035982,61.75212353793737,71.42907723566226
194.16149703051644,162.27790960590596,61.74085769457906,71.45357904169688
218.47502476967063,185.67631590928588,61.740862668323544,71.45357547885165
203.32184170264583,164.3387900452069,61.70025123781326,71.6157670954727
225.65156007534168,188.87865980788854,61.70024877875601,71.61576461277659
198.21034846065686,168.91743157131964,61.372934420796625,72.1295166682516
221.61436069618884,168.61915900855905,61.37274762042037,72.1304094455709
188.8459948797642,173.425797282193,61.37670753381992,72.13531771491132
219.6508607643926,173.41772617726886,61.375297308554025,72.13751942389513
199.96482802865773,155.42977767088624,61.37529723454347,72.13755610717021
223.53710644009072,181.86143069523865,61.375291841106765,72.13752163291807
199.1401852285363,165.8306590775049,61.361257447306784,72.17359555509411
219.5114921606742,164.51907989430185,61.36078017015163,72.17502331812882
192.04268011766985,166.3948106251139,61.36116524198275,72.17527201349417
212.92694846100036,164.38797855489133,61.361021095938774,72.17584715363097
184.53304310120367,187.78037892345336,61.361011778016355,72.17583813523096
208.84238614687132,168.53732146225514,61.16856803792192,72.48885961205293
208.72733798483873,155.84668299768154,61.16832495307806,72.48998946074111
209.44243072312779,188.53644074660718,61.17014695924324,72.4886277387343
207.99177582728032,164.89860113714806,60.872049811649916,73.45794981755853
222.9946466095895,161.97743679313118,60.87835716969,73.47332458672892
197.52292146092975,160.52122370248512,60.879281817410046,73.4742882614948
213.36536479332756,157.19324162631375,60.87704809454087,73.4810147489954
186.6988940261988,181.76397891424998,60.87673318813461,73.48110876232704
208.88560419954482,160.73730787673327,60.715770152504454,73.80847831167581
229.74978952799475,182.63269769291134,60.715787417998435,73.80842948983562
199.78962504114526,162.91010366542844,60.334152665574095,74.49063447528411
219.06182592254777,159.6189819754658,60.33396682482815,74.49268510950282
192.81001437061806,159.23833164798134,60.33506086633564,74.49408466170915
217.9868445909112,161.0519575645601,60.27489509558886,74.59273403098558
189.9656861449016,162.2131560352118,60.27652258075482,74.59449081033057
217.35939242133625,164.08073555538888,60.20258305128628,74.68812004918419
198.40913180044285,146.5188010845506,60.20269912501849,74.68821474947411
220.8301231881423,174.64293858813386,60.19702719270775,74.69085049192935
197.95287379560727,157.932988006024,60.19748819447739,74.69163074486144
213.79726434591856,156.46903649124073,60.19713412339469,74.69510437074553
194.66491230900985,188.7742020007775,60.197230364133354,74.69347635391242
208.87380656150359,159.22797968823272,59.9061682344622,75.56334765158
229.2074977206673,180.88840442925516,59.90620374906681,75.56327363191183
200.3148205310795,161.43093280397233,59.3481026963007,76.41997190785213
217.61709750837719,159.5074837694741,59.34753401781087,76.42477349752531
191.98785228944544,157.9329723047686,59.34811972028526,76.42515297645802
217.20167756819816,159.2765341590049,59.32271386059777,76.46610258375385
190.16690057519892,158.6864368656611,59.32323889506769,76.46652490939752
215.4372258378115,161.29484343615474,59.2330198627882,76.59020816627154
186.57272414916434,161.89050981230014,59.23461739180445,76.59048393240408
215.45874778815084,163.24028552385306,59.067053167285685,76.90764664504422
184.06770674292468,165.69631787043886,59.0710569904283,76.90726334825044
216.27642856160105,166.71599080255535,58.91712439857128,77.1684875693411
194.18148467397577,147.41092399888527,58.917033917921046,77.16909717816137
217.26350671631852,172.30811295248475,58.92583316440772,77.06466893494105
194.1221189382973,151.75481596557714,58.921333203275545,77.0881919372601
217.6717038380016,178.4793052810035,58.92134827507646,77.08809032939716
201.75503105094535,153.02740361940036,59.10507058958155,77.34671680349565
215.95322880803977,181.2979595498036,59.10545958374671,77.34536323659266
199.0709860678616,155.39947432052227,59.186106970201706,77.72526581864918
220.17226492664906,181.35803703348515,59.18608938517258,77.72514247095671
203.21306662568384,154.27813506417118,59.36680166527496,77.93296728369432
215.8737670526117,183.99973303062308,59.36687403610299,77.93240821082945
198.3932445161156,155.33156358817342,59.581426754885584,77.98470659785775
