405.5,256.5,122,148
407.25741660508425,248.25539093918087,121.51147882039962,145.6641092317534
409.7292189841514,247.86940479274637,120.92282423659023,143.51872636332143
414.1041166717384,244.80561079273116,120.56926094635391,141.6174491256302
417.03825136320035,239.21421296366026,120.45698812858006,139.51652962527203
422.2945568178685,236.18847525943272,120.00108733740669,137.75724901524939
426.72772526929884,233.0764308228301,119.25849672649119,135.8895869435754
431.22761795842916,225.88958469886416,118.39941382409182,134.03441669430902
429.180401059201,220.33880872969263,118.60022230327652,132.31172229925707
421.25999496274534,216.02420697037383,119.34334746626902,130.5156378455755
412.94953286763683,214.21528459951028,119.72535656602369,129.2848291790561
405.5059216144433,206.41309363282087,120.23554934077275,127.53360929263631
402.05881011609324,199.15712844900253,119.78528391053848,126.8623884908076
390.7849199583129,184.6114934348666,120.53685615393456,124.60913099258701
378.1603018182149,185.8822035114224,120.78658802982581,123.76915690507349
368.7237993185146,181.82640369482561,121.28813335766372,123.08316352947699
360.3461474149864,181.84901640590175,121.31756134593653,122.79325494707956
351.2687515910811,179.12502073384337,121.44790524353917,122.35439071871772
345.3938266953583,182.8911666342721,121.4111619239419,122.51069639218395
339.2491848105093,182.52971852478794,121.37921804513215,122.28044190924797
339.3934273977995,180.44384151468682,120.48527504231312,121.02776175182404
328.36083978542433,182.81653781170178,120.5399389854467,120.55683166756788
327.1574047900194,182.70081498381464,119.90633430091526,119.55312329811598
326.51760586923524,182.7547554144238,119.1033432238654,118.42677201771359
315.8552658675603,186.3292279752594,118.98347486358946,119.00684530144213
308.4643552019034,184.68191963884053,118.84509353769859,119.50814517238298
302.3424856202429,179.9585205330987,118.18639811588717,119.15668407421343
295.1946934390749,174.93589489450238,117.64801023378209,118.73136600869924
285.48917996504474,170.12851077433646,116.9706555706764,118.18814827831405
277.45033602760674,165.93194032107195,116.2043992026139,118.26160800826703
273.5259754458557,159.33312486115932,115.44963154055742,118.04636211487897
277.61685813280724,153.29453706300035,114.3155587534681,118.38640030413984
272.5358391656544,137.72264811200748,113.57682994366971,118.9653931979917
277.520103010813,127.14292647353129,112.33524212759485,119.89405407669133
278.83885421337743,111.4338473585116,111.84980862462848,120.02054579323061
285.63063352393175,101.39050638632173,110.7148961292387,120.57343330021979
292.58756960847165,92.49531855608844,109.69513150026467,120.85896883998876
297.82692833276667,84.16808796665565,108.8067496892672,121.08997798946294
304.8473587528287,70.90150599056882,107.90075538506959,121.36697659899878
311.7082205858155,62.43069177798103,107.3314555312368,121.10222277059715
316.194245951374,61.906865582536796,106.66984257669202,121.05203297702741
314.5655118690024,62.73231258357295,106.34172814170412,120.9989844083577
312.7272958433291,62.16684476040804,105.8827379070737,120.49012612561839
311.01601142841474,66.03653794548035,105.36560035715115,120.21910552093838
307.9806316769751,71.35030601745606,104.66710768334056,120.13756208168826
306.1748282826501,76.19705049081412,104.14917884275464,119.89802269307445
301.74734362848477,79.29116118981396,103.54416135417921,119.58936351386572
297.0394357833672,86.08567546097979,103.00980393002195,119.23465486552122
291.8957758614551,89.56408053433572,102.49980693040689,118.98549401885367
286.7913674173515,94.09197745301489,101.99531887225342,118.83263623469486
279.61357565601315,96.46509509617844,101.47937100059193,118.16981325299
271.881921750137,101.81507840559152,100.94361620500081,117.90053731237485
265.74092890689366,105.44189029991736,100.65604612798134,117.88671611275032
261.7424280858179,107.91509404014673,100.44090924094101,117.68219679834765
261.9326488532069,109.52152569944295,100.43957391811473,117.02524067367597
259.95041814661624,112.98005501504898,100.435844334839,116.98477581007626
259.88651747462336,113.032270290761,100.43390368259185,116.37243219759864
259.3755765626552,113.64054323144225,100.42560924769428,115.9335433516826
257.61591990540325,111.26417281161021,100.54598230309402,115.21768960211719
256.33134974597397,112.97655358347028,100.61794089356391,115.11250298661955
254.8744104677393,112.83535633855186,100.73000919710644,114.75615938387217
254.82659035743046,115.1609021612106,100.88434380089689,114.46613545016243
253.2051077944602,115.44466629404117,101.0582940908044,114.1395545861046
253.12509714451193,113.61610357379666,101.21929098789647,113.68896680039262
253.03824959262124,111.58196062504119,101.52015155264996,113.21900788642293
255.56600040801027,109.56499640879204,101.50805299892224,112.99421155183092
257.8351790004595,106.601365314752,101.6104300601933,112.78875322505979
258.4522154640098,105.85381515733408,101.71347411477129,112.81566786464872
258.6844103343608,100.38269577940927,101.92058143164084,112.32414624793242
258.1529753241857,98.7971109625568,102.15869999442504,112.15515579062222
257.56315236133753,97.70250907349245,102.4136608358981,112.22468168883165
257.8492294747587,93.19415285617832,102.51839336932994,111.77161824672405
258.1492795983267,95.02483511946114,102.72318578354934,112.14745857596435
258.26019372484245,93.89721965312384,102.83587201077138,111.9924817869989
258.98423107435593,94.62616913501464,102.95085154409256,112.08329574718972
260.17223108473024,94.47865000592137,102.9483651524908,112.44386493194725
260.6193513123737,94.82198481007705,103.1005794515535,112.91959510828218
261.42963327058925,92.36631232829097,103.25156394244416,112.84568113958812
262.29902948117683,93.42708803665829,103.41216999568653,112.95671211156883
263.8722415012538,93.53203092869558,103.5229042762319,112.99913028973417
265.8154319605246,93.45816180268218,103.48918729550903,113.01002509172031
267.9464594589156,92.48767134208708,103.40575536337462,112.90692317620405
273.6567858798691,92.91526565183852,103.00948281323984,113.17087234902449
278.09044349784386,91.67160466515423,102.64354476884954,112.98763569328607
285.1598004047366,91.31099938311912,102.35367860855943,112.87598680526636
291.9138565869479,90.81074158798968,101.9939382339977,112.72439664397021
297.9419620290248,90.34269693939062,101.78829500140219,112.33966850107916
303.3110536360279,90.65129106241584,101.5900109852058,112.1106926687402
307.76886183864065,91.53529040710237,101.44529950562088,112.15083214202292
312.5896196504472,87.4022732147985,101.43004006377774,111.64221778766182
314.9334046350969,88.04768864113976,101.53471698404033,112.17084606302069
316.7150946408446,84.83110447940797,101.91215120153268,112.3866532537093
320.2600867414901,80.57331638482003,102.06985182726805,112.55420052974745
321.04739596979977,77.90704400162076,102.40326849762586,112.78142484359614
321.53314890902897,75.61084945484137,102.71669455073811,113.30937733910834
322.2277970492031,72.413351273478,103.0729468544479,113.58177405762356
322.50909927310335,74.3657479631911,103.50471885991894,114.18193291822672
326.0964749167252,75.53314198345458,103.58633764317935,114.81037425440978
328.23951600413943,76.65053162998292,103.70762380082209,115.53983787258628
329.4267246920153,77.95738888800182,104.02921747017119,116.06765464907308
330.1743390792856,78.99710441644423,104.47970488660346,115.88615318436646
328.1975978483478,83.46398658757275,104.84808974549136,115.65590385535297
323.55805058682313,88.59841942762435,105.35291404288833,115.46348033834438
322.3058771020443,97.16714383397198,105.88417752579716,115.73926347675832
318.21252653236826,105.81715002645001,106.52735714024814,116.64212132311094
311.10707519349876,111.71954650330267,106.89667282437739,117.08110911021163
304.0982610007424,127.12985950643457,107.3585652708028,118.03933808781801
297.06823782134404,140.7506728194934,108.00510719334079,118.99479473836237
290.24361286374744,148.59151071944623,108.46743081999028,119.69707083261483
285.63384709784305,155.5598209858941,108.90944861490362,119.27376315635267
277.6685379274222,169.13202123938896,109.53922660054008,120.38192136400556
274.2294944502084,174.2950018269642,109.91438224195245,120.27012976685555
268.55357756961763,183.68780720767825,110.65862873660396,120.129925209162
259.22419883607944,195.25878722955662,111.15559070819795,121.62425053239386
251.1612520137922,199.79042674647792,111.70800172366913,121.81457735107429
243.16681605576028,209.82272700879307,112.13383288305825,123.05815617481419
234.45785380522022,216.02572726491474,112.67801489166774,124.0274200818327
228.60558923867575,224.18802734289642,113.19538578761623,125.51908396424957
222.52271313667296,228.671504661782,113.83697044710641,126.42388326496877
219.02767762110454,233.4396167216322,114.46075980930459,127.14530677656353
215.91421259238135,236.03285990678023,115.11077173808455,127.60484964661956
214.17911334876183,237.52805126155144,115.63834404704943,127.70238364992923
213.98065308586962,239.33329692008436,115.67020439112152,128.13486415504318
217.87551891706042,236.69475785160824,115.57646824867237,128.2117751604804
225.38731217800446,239.44264940971604,115.31356252096468,129.32434363115368
228.38342209032007,236.92342504183387,115.40290276226067,129.39416542468925
231.46308434062428,239.39945402083396,115.36720005449692,129.93071449384172
237.87321641089915,242.86789916321425,115.35967182379932,131.01741678274308
247.31989612167212,244.731610336536,115.27458514349826,132.12284993670585
256.00458916542686,247.52282061555317,115.31582890964518,133.41951416046794
264.1748704012738,249.66693162895925,115.11759556601659,133.97161957163024
274.17096074422363,254.58646982029217,115.55357306561515,135.03070601452438
281.7705587860422,256.26192196250116,115.6130664363307,135.73050627810548
290.21687623615304,258.1813668903628,115.92909934224134,136.50987154532964
299.3672503054425,259.1359383575251,116.19241711431438,137.22879992983343
310.00072392751565,259.77061071915887,116.36558822424314,138.2422919901815
313.498274931747,243.6513856839984,117.46822304899452,137.9720684777758
320.63736313202384,244.0020542290289,118.09698526426178,138.93945459007557
325.0176097170326,235.95881698160508,118.5746442700929,139.48697655795866
326.24327274259485,230.32800793148698,118.82382746484028,139.99340734891314
323.3243464281777,220.5215521399873,119.45151368486808,139.86060325647225
319.49587401808253,218.9863758035939,119.66785356855476,140.99021449227448
317.41535840336735,213.0254473069479,119.96609981411967,141.8004203119502
305.5815497794215,210.0509482522677,120.6277391954219,142.8095899508287
292.0537761564183,206.01059106666577,121.26073397314508,143.5930330048966
280.0497549067543,203.40316390028266,121.64261483663319,144.52162807971956
269.7347403723647,200.99404305935496,121.41654108137604,145.6017259735621
256.292186634618,195.89279266155074,122.01227856092193,146.4411836566784
240.13055532089754,191.2152423923759,122.52271498612129,146.94644223127133
225.65613302819023,190.17498403583244,122.91584936529561,147.41809360947033
213.12073787586837,187.43341751404648,123.27447237906335,147.99526166048895
200.82537379934575,179.56930156669176,123.17738448003263,147.76689401638416
185.47459619090608,178.49270645669998,123.38186667517422,148.02735489049888
169.82009137324778,172.75331940430522,123.68581698495485,148.4214638377321
161.88442109980156,166.3871685815281,123.50423716204239,148.09094269609136
161.47195365177257,161.81805464747967,123.19968662725789,148.2660299072728
164.59195404095027,152.82626370248494,122.83878839871161,148.3247948170419
165.83314081696744,148.42970217497333,122.48546782698622,148.0754897417976
167.26722110652406,145.30700416921604,122.19665927934227,147.23217199955198
169.71159551426035,144.0773792521041,121.85059561447477,146.54793923109392
173.37472892066438,140.0218042148415,121.55073619318141,145.64284912893092
178.40238854214903,138.55334074028525,120.8773658251246,144.9315194590411
182.3046697820244,135.77197628740018,120.23057807605207,144.19644538573334
187.55997931000405,133.37445799743077,119.67853115204969,143.5334263659272
191.1127129901425,130.00119421062843,119.2070131169483,142.47018212280977
192.40492912568186,129.08693376746834,118.73853969754319,141.40767845541734
194.6615317320591,127.53077586177017,118.09059480734426,140.4540148558943
194.71120730971285,125.81186898127663,117.81449031661919,139.27880436463448
196.85011537411677,126.28053786676494,117.13991012904256,138.40724188315824
198.63838618680938,127.19150192471832,116.54382219625461,137.56285530536343
200.67162322960763,128.0358994942396,115.95213933727169,136.72373379290553
205.64139381661252,129.25205754565536,115.19850176167863,135.58437736907692
215.02914422829258,136.4553784972647,114.25348842496035,134.59820266652298
219.64160577186374,140.6728920924924,113.44482993266396,133.53556680754946
225.5034995433524,146.1663497469892,112.67082585485164,132.34777349555213
231.72404250282472,149.8844501072446,111.97438716597176,131.39922148214538
238.30720945944984,153.04580959128347,111.28111461474454,130.72176686281324
242.8867113246688,152.03459062960468,110.54608941095782,129.68510595638094
246.0107020993354,152.70667634722602,109.82326767143607,129.0350646764805
248.78679574822962,150.62810982642446,109.25331459940115,128.17626664039005
248.61204133520863,147.55540833192606,108.768631981142,127.24252234579448
248.23331288521095,142.2631908620552,108.35856813826359,126.53081273317565
245.34182980539924,135.52765239411528,108.03857580906114,125.67065300237999
243.77201808782226,129.4603374562536,107.6992210587095,125.1578193198428
242.531494624739,121.20040203298532,107.07211349300148,125.17000309720476
244.31019283488368,110.90024442976257,106.3181178932661,125.51521369194765
245.72673837474343,98.56515489787527,105.74271700129647,125.52985114044336
245.8813875505968,87.30407405835464,105.15682401596473,125.58888209784118
244.72290950584454,76.7936128287708,104.60606327488699,125.49426913652727
242.6880761682931,65.90360053729512,103.94300377490768,125.45090912817692
245.59244324933013,55.020538214224686,103.29373667116639,125.22006113199754
246.24687385146927,45.667240009339324,102.97886312560897,124.5818133807143
253.82151151437014,39.23873690649783,102.30807030854527,123.29952889273737
267.50302258264486,35.77486230751176,101.74484266971183,122.23900186698798
283.2237341722124,36.31185167014569,101.22761109600697,121.45554123488556
295.04643138625516,42.08507411401595,100.74333791625584,120.52486444051704
308.83487299308297,48.254840824147834,100.43993466076014,119.44697963466737
322.0692819769041,55.87296641276612,99.94930524061027,118.20520044217301
334.2703102251078,62.73726839818425,99.59599089376212,116.72356600660622
346.12030334499815,69.43453991049468,99.21385812166741,115.66001210474607
356.5243805202971,76.22418666819758,98.8189509904168,114.59322986284826
367.0981611200346,81.68226912149075,98.5418607162533,113.53685705474464
373.7070810633158,87.92033818201412,98.25219435342494,112.53509527415581
379.9941451879843,93.8025067338232,97.95891424432602,111.53796016864774
385.7839281717282,100.67307525485481,97.607107089053,110.54448494016049
388.82852462843255,108.05105542752608,97.25265140272714,109.4696659901554
389.090106312153,115.2758976060779,96.69537033332189,108.77307742098418
385.8024138243768,123.86359912769153,96.2741927464092,107.97429243050018
382.0956266498816,132.3587861100865,95.85447136251699,107.16207628189304
373.01329570638956,139.67460124510666,95.3899518716868,106.62137151505078
363.20315580062766,144.3404254533759,94.6900004719469,105.79318546012121
353.46957916084193,146.87245438559262,94.02599612626233,105.07524375370711
343.83986000452416,150.2606293287083,93.42128618666439,104.36236858285622
335.26094412741037,153.59991081387662,92.91910235933724,103.61704264934922
328.3121289452133,155.2364964308415,92.37323178488998,103.31614746705438
320.7277095478612,157.1833243341343,91.7728727250637,103.11778147726949
311.0122947775095,159.34795771841814,91.20282166853863,102.97617355680546
300.68631005454137,164.00396257424433,90.71825556566814,102.47567868817234
288.92570025503136,166.52433698195216,90.11573418691458,102.18440208146832
279.85822060958776,168.71123548071319,89.80526544396919,101.93594856857965
268.5719516767199,169.4680423175975,89.40874338019847,101.91810133298213
258.5540882570621,170.20227145219695,88.98484906741885,101.95591132185572
248.75960661943253,171.08718334550167,88.62758029546329,102.00678081719761
240.60597791304772,174.2861618289937,88.52669860146632,102.08412382139547
230.30935974651788,178.92696451094903,88.15119217708786,102.08507567389314
215.78474344058068,188.41751149418363,88.431253699303,102.33219879223356
206.69203599671974,191.7385192632422,88.15906182000423,102.32700551047165
198.09438873246765,199.5095104927878,87.97075714865497,102.45299264039403
187.09209084840916,207.07575878720692,88.38467477594341,103.09063960986583
179.33043121564896,211.25766018021204,88.2508472285242,102.97125451730858
167.3544868311364,221.12286890484074,88.91577120796099,103.13433753710618
156.087473788492,227.2123813175245,89.58837221290895,103.74451469949872
147.45286708047752,230.78496665695036,89.58633300547591,104.26168648891374
140.73394451157597,231.11773630051363,89.60623307068704,104.42237113329998
134.416728537452,231.93611283142138,89.75522681126469,104.52436153346858
130.63777046207284,231.89676775733028,89.96062195281452,104.70041200670661
126.77629375602768,232.28984916625757,90.2991415558065,104.77538429623394
125.39107345350183,230.61167360942335,90.74723926303352,104.81128122468974
124.81844487990003,227.17714383577572,91.06872387388351,104.81596098168987
126.48157855099936,222.59654713278218,91.47815878550767,104.83112087924601
127.7925667153926,217.50668464902967,91.8433324081939,104.45666029900389
130.20866330178654,218.31212472788266,91.98339618063724,104.57293453478685
132.3444220336627,217.00361684456024,92.32293145561037,104.49225687985624
137.07625297101677,220.2910026070557,92.35260303846633,104.86853717461398
143.66766417814546,219.37089154391347,92.58838439695396,105.0780124290938
151.75987895282185,219.43636989111724,92.98634688519829,105.52948144725622
155.13850087708704,214.67460969350716,93.34067713666838,104.88885687228941
160.96074753905873,219.70771632919593,93.4314936616923,105.11843870172129
165.04555625868423,216.16535245974956,93.87888985465072,104.92962070468525
168.62015914485676,219.96750545286605,94.1541195773536,105.12195707227947
170.09783578206657,222.13635927976344,94.38984360885715,105.33789327318121
170.57141948461043,224.60736401358602,94.71102544809665,105.49581735594636
170.88809383441262,224.57157696716502,94.895074731372,105.50235380352692
171.35572386870257,227.18402085374657,95.22813166030716,105.41779600863595
169.65066471322416,229.15512224963155,95.2923704287306,105.35097021960503
170.6492368248585,229.54414834735786,95.62870222098373,105.1619744653793
173.53785202515718,235.51905106295735,95.68276117064241,105.09744536444605
167.8585910682975,220.07221106626005,95.71490586286268,105.07830225785261
188.24267501098151,254.31483820285052,95.71592477238649,105.07176938347936
171.8007563564088,216.27165520568354,95.71619662996842,105.07165480612778
186.79516497422688,245.51774415300724,96.23650236703976,105.57060904632759
168.93879424844422,221.78643543315093,96.23661112533863,105.57059314669414
196.57305151537747,256.221141039847,96.23614459480248,105.56945695849811
171.52098500425458,211.25080006938916,96.23617492671751,105.5694437796571
196.75374755459444,240.2627546468209,97.02084146580663,105.77436908245252
171.6115532355582,205.30429587997872,97.02086043931426,105.77436615811655
205.0132711479336,244.40684356688368,97.02078582095147,105.77437650529517
182.54991602147297,197.18488821676598,97.02079992522322,105.77437675814001
201.56585132995457,214.8856209819468,97.4236948003539,106.46086768530625
185.14341607554087,202.65391060918162,97.42445680028477,106.46176587892084
209.4065073075676,221.0276935506319,97.42451342670338,106.46187993539989
195.08693148892993,176.1926271815368,97.42678115786312,106.46161087157603
205.12898895988258,183.43501863274497,98.76081362174112,108.03736493338184
192.56000752610714,166.8024256080134,100.92444215674772,108.17030206194346
228.59691016642267,201.63959010386475,101.16765510959192,107.7696707156124
212.05032825136013,148.9730970153403,101.17310770295222,107.76986840775157
224.83797542163106,153.94816836136198,102.68278936009318,108.72820566768874
225.54995493664495,146.50158695201245,104.6270242330335,109.24482725811451
231.02739599775276,147.5247682045713,106.37397714176986,109.95169105549843
242.01720373955732,152.2557043349387,107.54908566596167,110.96418612351697
233.99710477965687,141.2370845330851,109.70578757734471,111.29343371362927
244.64312090027687,147.40253664812406,111.00465662606666,112.38641636519333
239.72211524344016,141.35432521462337,112.74748820082209,112.80945704835851
242.2337256985387,148.50123628190687,114.6857675094062,114.41306808673517
238.11957473545976,149.57929721635028,116.60991583978037,115.62273293493182
237.50501879056378,141.5177455283185,116.98081147515711,115.52420491345828
240.04577838827842,149.1745750080393,118.40148780271903,117.27365260075928
241.80453883239176,144.48896630825274,119.21539987950098,118.16360747180141
240.68290955203503,146.7206789094907,119.29980405072615,118.36105719559649
240.49581589550144,146.874904382672,119.6329729560032,118.75893523614536
241.11803036136007,151.06162875524646,120.08095012199325,119.86355424878532
242.77910685228784,152.87679119665722,120.81437295831526,121.8200776501732
243.34957699753824,151.68790394990364,121.41332415660642,123.93307939330624
238.63830487104343,151.77858506749055,121.86806803745515,125.747497150756
232.20416359530236,153.4526873764354,122.44718229603794,127.75630094635397
228.7070778882278,153.17231134270293,122.88869056711414,129.75664414078415
225.68695803008825,149.45108398843797,123.45732343416736,130.84081482703172
225.67954139803055,150.80844990731038,124.0227969436976,132.8061718388679
226.4436980719629,153.79192532296625,124.36774042096818,134.62040725289205
225.29212930396957,158.54145748127715,124.88080933096676,136.27352943113704
224.69268292977256,163.63436503079043,125.31585791847547,137.68854802026132
223.4479668739848,167.4370821624081,125.6704342197693,139.37884985527202
224.05410579423216,168.8584236128779,126.15951020791331,140.5854010044213
229.69906215199538,169.0359479161777,126.3857417335757,141.44078740025193
232.30048839725856,172.64031313834394,127.04206405805886,142.41594782549305
232.911195265049,174.50809004358376,127.98458083645721,143.0368061089249
235.82204909294043,177.2188940274326,128.9314885222231,143.87018909847168
237.76889611726676,173.2997300479559,129.65172081833353,143.3286651839253
239.7690274811588,181.63641438088575,131.70668962875106,145.2423955548919
239.33644783291936,178.80505556875326,132.97689930407398,146.2439734492017
238.8058393086098,169.80398490701808,133.83000253444845,145.72743101389193
240.32600400581734,161.50211511030693,134.59262253951164,144.73988620824568
241.85414709875994,175.60224081793916,136.7578870126138,145.89625003828112
240.13091027145106,163.07344140952898,137.60611643246068,145.3539067209118
241.8537150274655,167.88540628499732,140.23981080084616,146.35994797214195
243.6911105636645,149.30162829918555,140.9169405504756,145.57590010111622
260.3459908391491,159.24268271306303,143.88203554472463,147.24705535394384
264.3083722771646,160.9913059311944,145.92742174173844,148.3285136784363
266.89217634001614,161.0727419227306,147.95134656034801,149.2168560982477
270.1353439420285,157.8696853922412,150.73885739752745,149.88285291826477
279.72818601942276,161.67307179041967,153.57983960608436,151.31115067709754
285.0614176444387,167.59062255208087,155.1957166255963,152.9307984605516
285.90368885552937,176.24409565266285,156.62009249111154,155.06580183299704
285.9001263599787,185.42542169409074,157.54974707438066,157.16778624692066
286.87058871156563,187.27860049207118,158.96744664309242,159.46851766408972
291.7266937379767,193.33967942341638,160.7985994691627,162.35922990559774
288.54982913385976,191.46220944446134,162.09377128097958,164.93613089942562
283.50053432031723,190.23253604131827,163.4897577855998,166.15892194546166
277.2155854245806,187.94752696003798,164.78493881304945,166.61564402599424
275.42405204207205,197.94091600083138,166.23947121249427,168.91190782424889
273.7891887751089,193.18940606214778,168.51970620027816,169.95831448915672
269.5653309511856,190.45415405854135,170.43911298221522,170.9340599790587
266.2592477465935,191.80531488496422,171.9059747207975,172.03612037181608
267.87563045536365,195.169810391068,173.11249504020282,174.34239086522433
267.99232715512426,189.45541670130592,174.0261857387332,176.35361059857235
269.1408360036898,186.24624768873744,174.82621550957322,178.34446186503493
270.7972835019077,183.07726074652214,174.03998858467793,180.22302317803255
274.3335300657595,176.0268073476899,173.4565463606693,181.80246368471194
276.8895236799142,170.72020651175814,172.60790178633366,183.37689706510002
279.1538776953812,166.7354245322739,172.05673174059703,184.87430503449468
282.4274033738379,163.03870029570433,171.42833517312957,186.59226840562195
283.1258258789869,155.1788007534052,170.9474866741536,187.21518491389614
281.9874035291129,149.66142457294956,170.71676390997797,187.65793147987478
279.2006809683392,143.18166749206,170.70971001441808,187.74438087360687
273.6842239024808,137.16498233421197,170.39394629016098,187.31950972267995
268.5547799502875,136.33460573406114,169.33299627751163,187.82951243494978
266.3765212699973,126.94421405244091,167.9800373729692,187.82929842860216
265.7584728856156,125.11420807563073,166.36772549860973,188.5844459364323
266.608181542706,116.08846585182035,165.3385842390863,188.06784451360753
269.2396067299884,115.55092514044699,164.28832873343816,187.52568868882878
272.70116331000713,117.38458852359369,163.31639367276608,187.0533405918418
276.856557492427,119.45598567781587,162.05279905508763,186.70019625130243
279.33874802190417,122.55756011649952,161.155253087746,186.30513526348537
281.1182152914627,126.36368021375236,160.05776264938297,186.08138365681828
282.9964365477693,133.03576647359574,158.90542849959672,185.75351917777022
283.00460987417944,140.523569599201,157.86195531330793,185.23417798868172
284.99281075578483,148.58194305688028,156.62747067928262,184.89831238592967
282.7367345813215,156.8564232431614,155.09235022193863,184.52434620001446
277.4207593644249,162.38934752352617,153.34215589713293,184.27362578056477
273.2486056526716,169.55583148401757,152.11176068063273,184.2757525189063
265.02775061208183,189.79982573108032,151.3375500309,183.23788584309827
233.07546661042892,181.32132395581561,151.10518481224014,182.812551903745
215.94944960473225,187.7215084216523,150.61775623926926,181.435158083853
195.90909756278825,182.23736560492034,150.4729284808466,180.12545712923904
185.04983257994115,185.06347241098757,150.0394846985373,178.5606537109712
176.10445228082614,180.0858522231548,149.4811749994953,177.71961446144746
165.46637611045023,176.67782888610918,148.97308074713817,176.6248941333024
155.35269637673264,171.91290630208817,148.5163000131884,175.41903799096508
153.65304827405527,171.40249098762288,147.52327261967113,174.83601043065238
153.11259621739464,166.11939878829196,146.5336147825677,173.62891167733193
145.62244865220305,168.0285651710211,145.60042527129764,172.2140076858413
140.69670315918802,166.06505326148783,144.583092649605,170.84117683234683
141.71964838526313,165.88560187676774,143.2242672746341,169.7933289784907
142.6064672787419,165.4708948505766,141.65851530597897,168.39348337310392
134.83665604394375,162.29271212276967,140.85518260955047,167.15341841446718
131.72848777164353,155.2323161115883,139.30779101906572,166.32201494092533
130.17142658226953,149.24123389222433,138.44583261407038,165.26110996732126
126.71495759976641,141.47868010719066,138.02233752206573,164.28186102562594
124.54964377150917,151.6933642130263,137.5214115977656,163.13422386668518
114.95982191269324,140.22795825884168,136.11082119045793,162.9967103676851
123.16543998323309,150.82507587733625,134.72948149879915,162.82096858451996
123.74041782997298,129.5480548875307,134.81501915788965,162.22495148259787
142.1298201518395,162.3850153203407,134.38689436897886,160.99592060554457
123.37777756189735,110.81091932144699,134.264393541395,160.8305567772802
156.1453522795657,159.1590161621097,134.76480578003356,159.17160411098973
138.62618298356767,115.49063615569663,134.38714257370185,158.62736530967922
176.8010217640041,164.6970174618636,134.63465855791088,158.0204259275156
175.61570588152725,104.59254435584015,134.6372042816256,157.53930699260138
187.37678030454686,162.37778297728056,135.1146296568321,155.4606322199525
212.64329958529706,168.45039559842024,135.11359094539256,155.43138358153777
199.6363015918916,147.8304094148125,135.01965505124312,154.8001657522661
238.74538449761883,197.3914228754207,135.0282747055611,154.7866117599974
192.84278799226004,135.27736730609502,134.97801964695333,154.5980510647423
228.6129329095525,166.13181278745992,133.54377467951394,153.9525552583159
240.94763675345592,161.7992144979812,133.89521423523806,153.7174360727591
271.7300785472492,184.05106277283588,133.91333827922753,153.7165024317373
226.65666001880257,142.4562044645939,133.58447991342672,153.26439375775064
256.88516254778085,164.86510107439594,132.65756818718233,152.37158130050403
272.89570975925477,164.4558209331433,132.7008879396452,152.21825335160662
291.3399124223433,179.48282812562906,132.69950968123013,152.20801484340134
300.7772852647979,182.21325938618435,132.69906759798172,152.204334857406
307.91132337257113,186.37176143827068,132.69626834489563,152.18480031208827
329.76577635023193,144.81484247625474,132.70990770928682,152.16496347350576
303.6120216604322,158.5839352248769,132.21520761905057,152.19642744229117
343.7923646083314,169.36398645455273,132.4825423098006,151.6151623351867
387.9834403581254,177.4600298300893,132.4892694187581,151.60993992600868
342.67805109609685,156.3834837112997,132.46166047064483,151.61830253148503
380.9048442564496,187.1709796287443,132.59580968580346,151.61792678650474
378.6987918720087,144.8624593447811,132.59559366748852,151.61604752120832
425.7652454989638,187.47323814966853,132.60365575249477,151.6055427417988
388.24720078573876,130.72824143225387,132.60204700689687,151.60379672913666
436.60179383866716,148.75905180698126,132.83068246775537,151.44611532994168
449.5979543364077,135.08103706924095,132.89083216580542,151.37974081165413
442.0192580942291,124.87491262752772,134.8794278750772,149.62331565380487
438.56963386334223,135.94416299113985,136.2260604333627,149.42076627103245
416.3905403825995,132.47640232358734,137.1721787319711,148.27720994929155
412.0517130557228,133.76040999820646,136.35646432852045,147.16333371936133
413.5527268988115,140.1288126695273,135.312464319858,146.4838145821457
417.82240089645893,143.27996424047404,134.50561129406316,146.18115229032537
415.6443688846356,154.09155332199822,133.4898385616715,146.05638863958407
394.1703424057754,127.82357417995586,131.20582944934569,145.6566104831377
409.9494141720693,155.05323556148386,130.73799725728514,144.2814103688881
399.2070908982274,151.54613569412766,129.2857930406796,143.7937128775094
393.4594832761484,153.67925776801337,128.2703470960015,143.0962873944178
384.02644201015846,154.90977167962527,126.90724181377684,142.25219640054956
376.05995046597803,154.6295634319674,125.7622316059144,141.55884414581925
369.3708012256236,159.51105073993665,124.97386101300907,141.12116271346915
356.17070641768095,154.5302572868323,124.20957779915786,140.74966066775974
353.4114200687019,161.1962008118771,123.83131991574139,140.61032434903444
346.80917206777127,156.60475785603836,123.10701100749701,140.2994739759937
343.53379387205575,159.69815095486888,122.7927096279186,140.228263459982
337.99528852847016,160.98120911001956,122.51155309939014,140.1164423033818
334.83152477677953,162.48881818813177,122.33172787212564,140.0449461361161
330.9970556928,165.34725446167718,122.2478178384658,140.00717758959695
326.07122550127764,166.33041294391586,122.23638908880056,140.00235335133365
319.51192025274037,165.49236361980485,122.20197460359569,139.9896931145204
316.33210072238467,162.50124015748108,122.04307902953764,139.9711542129608
309.7968940513816,161.62085446737896,121.93584768097755,139.9640733953069
305.2275662335439,154.46842900367858,121.91618938534566,139.95948335430882
299.52737857194506,155.73087303496527,121.89472799299227,139.95575717495942
297.29665023156383,148.2787541166236,121.88964028432787,139.95610185258323
313.5355342212935,166.5312163828821,121.88722139977482,139.9534910357998
281.37908858778286,137.69432665215348,121.83696081615479,139.95339353487753
296.34692646086353,141.1086648515028,121.59288523128872,139.96761186108526
283.88113346839447,130.4206716536918,121.58278746777872,139.9675606049438
310.0214761295914,153.5472265548682,121.58286070751069,139.96727173899092
270.4318764263759,117.19945417716403,121.57741631764863,139.9668859823414
282.5346592388682,126.45550878165562,121.54167182822289,139.95124562973342
295.2777975081913,145.9647808589328,121.5414958677817,139.95067741006244
261.32196411878465,102.96884810643327,121.5414208979416,139.94899257594406
285.65897722973733,127.01178228172937,121.5358537136217,139.94215516400297
321.4896704065727,153.12045176932077,121.53616119608688,139.9417267603477
273.2488004217971,111.01523365997248,121.53471127043477,139.93778615937472
313.627049414262,156.3862181397791,121.5346730709298,139.93766052689588
277.5733838031681,115.02941255312788,121.53469167133743,139.9376099853286
307.7262392497114,150.69384297047014,121.53349028910993,139.93695026114938
279.9542957024132,121.73650639450398,121.53315125545446,139.9372160107518
307.5751267328275,145.81366910839313,121.5284241611295,139.93149252189377
301.7676068154903,125.25208846359332,121.52799066877303,139.93137242929564
318.87738453440613,139.71136172227682,121.52726259110548,139.92891689100128
307.4512625312283,121.36110588880405,121.52549220876233,139.92651556071422
320.2907720875161,133.144327356649,121.52406761050125,139.9250281764495
306.4299928069635,127.84887468358072,121.52317805868822,139.9235941514584
323.90030067884265,145.1756308513272,121.52299835458535,139.91896472617793
289.2870941525588,115.31489069306564,121.52272925315798,139.91619476966267
306.3321062491479,132.41451492547554,121.51832979782793,139.910802495582
324.67683955801107,157.7390838746731,121.51835644100649,139.91071318813377
275.089616926406,116.56137656793496,121.5185186353118,139.90338359593966
315.4161644132481,154.73204571426248,121.5187902879411,139.90148889670067
262.6816105045047,120.06702355741778,121.52327223820056,139.8969425842357
283.83773926372174,143.89593805630793,121.52421419717318,139.89513840662516
300.5311281621492,167.6987805621325,121.52419930933637,139.89509843502162
254.0020031722884,115.67110418341595,121.52459171370394,139.89442440864408
296.46760145256957,154.44733618637133,121.52662534432184,139.8896378964669
246.94126449101202,117.44082962378127,121.52190890342749,139.88319301594163
276.06912130991395,152.35547209212365,121.52184706760183,139.8827571988246
240.97136914349204,115.85025739095302,121.52434229936534,139.87903349363827
272.47458165690637,146.51656869163585,121.52226154580964,139.87799387881375
249.77266185184553,134.5885590653694,121.49280561412404,139.89572897512326
278.61270342485415,163.62451942977577,121.4929507978336,139.89539042175718
255.4998874516445,142.86764002766557,121.49304229130736,139.89534049280238
262.5427216954044,142.38348803086373,121.49279344778067,139.89402684988306
282.6015327712661,159.7442428313826,121.49321490560482,139.89298999678516
309.87131503276566,175.2242532043824,121.49341207713684,139.89240478016814
267.1991526445107,126.2634765861522,121.49420095945588,139.89180321967058
307.8988677773502,162.43965866983433,121.49428084249986,139.89106362024253
272.08219388196704,121.46049958212824,121.49596527793844,139.89014447302586
305.95917643297463,150.89444179578265,121.49559234329364,139.88928657549573
311.8693968734301,162.79995215300295,121.49558368420949,139.8892784624134
285.5860674481754,138.77680756268666,121.49566110839882,139.8893834729263
288.47443312904875,144.88323259661587,121.4957477858754,139.88929883361376
280.7032302352482,142.00097106567293,121.49584482866831,139.88922836991844
266.19506112363166,129.07634158137537,121.49590927178839,139.88917261676528
283.0850002985439,139.5934323916975,121.49821574547725,139.88692483013077
301.1026049486463,169.81386010700194,121.49823356667558,139.8868599232062
279.988614785462,174.75560839631436,121.49824024927965,139.88684467443545
248.08575933296785,151.1212470297414,121.49827270555632,139.88679818551498
258.62097165913144,171.1770930081163,121.49830942543181,139.88674812155594
246.60511390127914,173.26361591787958,121.49833225662448,139.8867069172728
218.26336085593405,157.47043479986996,121.49835841640295,139.88666696734865
233.4698448770053,172.99503295222405,121.49876022405059,139.8859719626727
231.74722044047954,179.84470559791038,121.49880945822186,139.88590555594317
227.97109636513613,183.29771346239835,121.49883077361757,139.8858754818831
208.135921526457,164.46779624378462,121.49888113211095,139.88584580798815
208.880294411405,169.18046430664168,121.4989570510998,139.88577484334377
205.79048981160395,172.03038558399828,121.49899920082598,139.8857380754332
209.8307854669353,173.69396724872698,121.49902459381563,139.8857144250071
197.96736454486367,163.39893781896626,121.49905456476216,139.88569369543703
224.25996785693087,189.82121954735908,121.4994823679356,139.88488416174948
206.50578090750255,176.2244411503416,121.49951957042737,139.8848528965309
192.39650780808424,166.16237875286203,121.49959171415361,139.88480167973847
215.85683642826677,191.5621228009661,121.49969423378772,139.88454989714396
189.8380568817575,166.99915688017944,121.49978085690411,139.88446762261526
213.38730565804227,194.52161168813205,121.49987947307018,139.88417843025192
187.24635333805776,168.39635656742593,121.49991784830034,139.88414889128018
206.02498481433358,191.89126197870914,121.50049432813823,139.8831680011695
188.33444741094888,181.69106330079802,121.50054195988109,139.88312048565032
172.87540100205987,166.40532160838396,121.50061099870793,139.88305797780595
208.33350254674474,203.7730546685096,121.50188901584771,139.88031969710676
171.30141249910696,172.67321443350846,121.50190871347478,139.88030249299445
206.39383158083982,212.20595653568307,121.5021013369939,139.8794926540513
172.4444816459075,168.84121768469703,121.50215991100256,139.87945192157176
215.27515995609207,212.3603846417118,121.50253812688592,139.87762799489133
177.9059117078371,177.13335364359818,121.50256791414924,139.8776090277044
208.12797425360498,209.95700213818498,121.50289069190582,139.87675356957484
188.5046465825384,183.8375778217438,121.50293828093056,139.8767093837028
209.05192377912863,201.89741284083925,121.50308774984197,139.8763580763133
195.32061443923666,197.4205717377752,121.50309567126686,139.87634111089625
191.77044732822634,180.6096132638205,121.50310935996495,139.87633027423215
219.24123335908965,207.65534422957046,121.50313271431192,139.8761789097945
200.29920209233484,190.21575852849307,121.50315478647585,139.87615978458513
196.45283731243887,176.63009171127055,121.50315958081686,139.87615463324747
222.73476514028044,208.27673914073338,121.50332720571487,139.87592888272565
188.1764554755242,175.00607392426576,121.50334989238884,139.87590935241138
227.25091952626832,218.7696599343741,121.50352769462799,139.87518977073978
188.04381172596146,174.0726062046799,121.5035626171893,139.87516563235295
226.6810909133541,217.1688545918956,121.50378982524552,139.8743745780178
189.69640284979934,181.17976201784623,121.50380878767278,139.87435867288036
211.53370774310528,208.43379210676954,121.50386598995608,139.87422968718468
189.72613176281246,186.03693778264613,121.50387163278805,139.87421623173975
200.0909066037521,201.19686771128556,121.5038751311209,139.87418964059472
189.07151622607097,183.81239354527006,121.50388635689391,139.87416178760094
195.7437150566472,196.06876505272703,121.5038919586667,139.8741242779565
165.42717112541135,168.3380656867592,121.50390062681934,139.8741217018515
209.5796019647512,223.1344435749378,121.5040708483973,139.87197383938178
172.6067113537348,170.20122933434305,121.50407909224845,139.8719648387299
217.41543848860414,221.83752370494392,121.5038011584527,139.8696739961085
178.883948134548,169.80811714384043,121.50380667294031,139.869667533563
216.79899976069143,214.54158525691537,121.50383451205397,139.86960426954826
176.56008543686355,173.61214638279392,121.50384978508993,139.86959195632346
211.17094493488338,219.47732011792846,121.5038513344898,139.86958091128147
179.46497316767977,165.41066311733147,121.50385704555595,139.86957497217796
221.39510813360036,215.51533216116835,121.50386449099263,139.86951450871794
181.92707494167288,166.97551118112278,121.50386680675926,139.8695120895286
220.4982783763852,215.36118047667009,121.50387632760521,139.8694888264224
188.03514827214536,165.55100574936682,121.50387744706093,139.86948444529438
202.66886849342174,190.25129551585817,121.5038659626377,139.86944829697808
180.28583977066862,156.42303658069065,121.50386816953346,139.8694458925675
218.73878769214423,205.84490522900188,121.50387125253951,139.86942646026264
178.9242551671403,155.57361470090626,121.50387310334769,139.86942456015223
218.1371272447737,208.1642031085931,121.50387364718469,139.86940133576587
184.01657310122098,161.42860138835775,121.50387649894735,139.86939801399132
221.37636803394136,211.65304811985914,121.50387518129192,139.86939145115306
185.4748736808648,168.81566660895902,121.50387608180004,139.86939018448004
214.49732435436903,209.7528220818018,121.50387283189492,139.86938699914887
195.54069450101704,170.69437891682304,121.50387338668456,139.86938458052975
225.0286922521463,215.08912658959372,121.50387290697587,139.86937481828747
199.5338057767329,178.38845821693894,121.50387355529573,139.86937341201303
223.81504480847727,214.43182836930293,121.50386861370892,139.8693687844506
210.48450415976302,195.5438820989638,121.50386800508836,139.8693656269748
224.19928801714622,217.4093123825879,121.5038639297086,139.86935886170608
204.5595087850849,175.43671115762243,121.50386312998485,139.86935594483916
233.50407209934525,218.48786377133627,121.50386309507769,139.8693525445265
202.68556615341606,174.49237524455015,121.50386372787605,139.86935135748783
236.47878790576868,223.01439126037056,121.50386010167983,139.8693417373126
197.44552381909202,177.8713345536127,121.5038606746419,139.86934119659006
237.34840479093455,232.36881219235948,121.5038587353453,139.86934025042464
200.43732592261773,184.68836402980074,121.5038590583399,139.86933972950897
232.0001064394643,230.95754879430217,121.50385748114802,139.86933707139744
194.92919876526983,187.98789298487944,121.50385818284991,139.86933625035175
224.50912541763358,232.66259351530866,121.50385707293341,139.86932247545218
189.95102624055374,188.48142494069313,121.50385749451515,139.86932185651852
222.98904850182825,237.9851734266378,121.50384640398072,139.8693173092693
184.04284966711032,180.0304783657681,121.50384659354158,139.86931678569877
224.48177182655087,233.28352578946254,121.50384777419573,139.86931393848843
184.37654586607778,180.50031770340598,121.50384853064926,139.86931287524644
222.7063240320084,232.5799156529729,121.50384462295594,139.8693100446802
182.29964148045292,179.53460027688135,121.50384545255419,139.86930862955526
216.89035470689208,226.3386733313787,121.50384981643164,139.86930605531916
184.01105663510356,179.7405831174437,121.50385055831705,139.86930513968642
214.7219479359837,224.0113979104804,121.50384704766367,139.86929853044094
182.8973341665635,189.57062320619886,121.50384756700704,139.86929793558528
217.1285282826163,236.08953739131272,121.50384774435932,139.86929504729312
166.2135311505259,179.7592289258726,121.5038477573349,139.86929450468332
208.370187404281,237.02992005348193,121.50382843323688,139.86928790969364
169.1402797513942,178.60676763062907,121.50382875079487,139.86928736194952
210.46361268920793,235.71342473917412,121.50382470150181,139.8692777390056
160.0353901034607,180.9269772638828,121.50382477428126,139.86927719172522
203.2304609599907,239.293893339024,121.50381379428322,139.86925771934884
156.17300318056292,178.7789607520259,121.5038138820505,139.86925715445523
201.3034393886017,240.2493162255807,121.50380902154471,139.8692532029524
152.12590830151518,182.6850179925415,121.50380918566974,139.86925272945683
196.07608185873949,243.1581542428178,121.50380655499194,139.86925010432532
147.32485507345388,189.11289976911823,121.50380674692974,139.86924941404942
196.92872458823425,247.6465536278278,121.28096608706853,139.480425466593
166.20321908084696,199.80227431866825,121.2809680705112,139.4804230044199
216.29715779234718,257.2702552646846,121.01268067133473,138.71885380583257
185.54518998021666,196.67695749387408,121.01268385276089,138.71884924806608
235.97106323586374,254.86193826351783,120.77749347021626,138.2661817408163
196.45923557544023,206.9792439799254,120.77749685352467,138.2661785758868
247.04779757198008,263.31298726094053,120.55701244609088,137.6114315429715
207.70251854557137,206.2338572646479,120.55701615906199,137.61142484174522
257.93256500766427,264.21418569644266,120.4883367515674,137.52443074915595
212.19854037883502,202.07041220573552,120.48833936040927,137.52442800279005
259.2529369114241,260.3739259570787,120.22127473663929,137.24075225840272
213.84013678101482,204.85592730791402,120.22127627545039,137.24074940983957
250.9469482416616,255.19213139227577,120.2213047336664,137.24073994636433
188.19363341222214,192.68136056680464,120.22130480534925,137.24073979919092
230.05800932732706,246.48939176111108,120.1651658520384,137.1825621733015
188.06805016304094,197.52147618211927,120.16517042682042,137.18255601441413
231.27644111028263,247.41943622363317,120.16281264047697,137.18101342358202
191.7027479792128,203.54383895788771,120.16286482546992,137.1809549682528
240.5195122434523,257.37681268185014,120.06965314522412,137.04872044113972
228.4034705021637,236.68624149279808,120.06966866603987,137.0486286854652
247.90034895458217,225.18226320659178,120.06970582171301,137.0486100962633
285.5840421439289,254.07315910607338,120.0697638721598,137.0485395225778
253.6464714222757,236.72883726814905,120.06979260574319,137.0485174329818
295.65468006403455,278.445621664282,120.06980395803834,137.04848844009516
234.37412104865746,240.2470741265479,120.06980484384152,137.04848728029978
281.09846381960176,296.79197976432874,120.40449191065498,136.66194434859938
235.6232322864118,237.38501842856346,120.40449249738666,136.6619429201847
290.228803263321,291.4652582096515,120.77030142720996,135.91078007271892
233.23833904994603,247.16565179752126,120.77030156412545,135.91077982997982
279.0871314932735,293.82291225097197,120.85556480602257,135.15261378341634
214.49280313841524,228.67047138138383,120.85556520642217,135.15261278404077
252.38164914028008,248.1495605005255,120.85586913809078,135.15280456434795
213.11946381754166,184.33444224893307,120.85586979777474,135.1528030433633
256.500958281239,235.2314892927318,120.85586930695902,135.15280326115774
176.96665896934252,161.4165331119196,120.85589027270245,135.15279451759378
223.68541590695548,216.73509176273734,120.85986998072917,134.43084620678806
150.28674078793128,154.77377928384556,120.85987013329505,134.4308456820404
195.6474145715609,207.9267481961982,120.91847019403907,133.91192608166097
212.04157503589101,192.08397747582296,120.91845708247787,133.91189830387205
215.55832894506398,187.08148265243892,120.91828691022262,133.9119360051
224.35773446367085,205.73001061176478,120.91825399283427,133.91189570277876
223.19042932822924,190.6156268902765,120.91824908952118,133.91189018397603
233.9162280086381,211.11055040773368,120.918290748764,133.911763988687
226.06052163156076,180.90709466250235,120.91829353502881,133.91175319989097
260.79140693709985,234.15637809332645,120.91935429482014,133.91049433270643
212.1295116163612,169.2006467810677,120.91940767154036,133.91046619156484
261.77558959681875,225.49953681737165,120.7134689990631,133.91259396370805
243.097661669912,177.08717005835183,120.71347524492435,133.91256386158986
287.06049477035975,223.78470284252904,120.7134753570441,133.9125631527453
259.89262757804215,169.33877744782515,120.71350242319392,133.91250508505613
274.6312714806415,183.74470452489982,120.71635547539131,133.91378332758646
287.81365194754216,174.861118902577,120.71638077151695,133.91374915369443
327.5338340891858,202.63756115229967,120.7164041513555,133.91368328271668
282.0045931455374,141.5399094974474,120.71648551742302,133.91365925092208
308.7526071157844,179.10823070184546,120.73789628189611,134.3948618882872
344.24054474479055,220.5177406434999,120.73793675288749,134.39500827682141
317.69994544336896,166.60792374561822,120.73794643016777,134.39511753022418
346.4206974354917,234.21389567050315,120.70896772064987,134.26953186891961
304.5200184937608,178.84848356421253,120.7123494599401,134.2705236629948
330.69113662014513,245.00883566355526,120.82921472119125,134.3230032196033
274.78075518815984,193.540972532774,120.86293881675422,134.32946050610096
301.7901449501213,254.00364078787646,120.91922010746686,134.37302899645377
263.094916650813,179.620773788646,120.92104807802569,134.3730540408407
276.6961421487964,198.65862863678865,121.31810096663759,134.2408329733671
261.52003735433584,178.0885139424159,121.36135079528344,134.29538746860004
282.8409801210415,236.2965863723835,121.38149356608345,134.47985531066809
269.41973239450004,198.14308869107253,121.38311667985211,134.48144153476775
295.4895085150695,253.19627281498748,121.80649486810874,135.11325271914518
275.80183438246905,210.26151071840496,121.81960197683263,135.11462464120197
282.56278887910617,244.6684718315655,122.54494242645322,135.46681733992196
277.986510091356,219.22932676286564,122.83742874944642,135.43008527189343
268.0172307372695,217.2848972341484,123.09513867668458,135.35726825863728
273.4709860657856,232.65316765000435,124.33541892871554,135.18585428752175
277.1616342884188,244.36436047271593,125.62648595798471,136.00502068425556
277.2502365162217,220.4539082474605,127.1888224273329,135.51172339530044
278.9858672286007,252.14244352780958,128.01736026338708,136.33322801241104
275.6012595917685,212.93546243448583,128.52229899402462,136.41950659837804
287.13453611679483,239.3875164113917,128.5387388165566,136.46558357989898
261.24712840548665,194.2001406796984,128.54417162505896,136.4654613415582
282.71954756418796,248.92537623165092,128.5522715428938,136.4102239018983
273.4713681109627,178.5822991162591,128.55260279960828,136.41013662968564
280.2230184451249,190.19414739795096,128.87151197644155,137.0709629466407
263.2383982753472,162.0626384918205,129.11775144943243,137.03223748635165
273.6235745520416,186.12591740640875,129.21529310531616,137.37050647978637
268.0739083587099,139.6296623404676,129.2161871157899,137.36977465072204
279.3519621981704,157.968932565893,129.86240730102034,139.06135664956798
273.9753172998128,133.0603304684621,129.8787062390187,139.06143989049517
270.5254623760502,136.58942568394903,132.43394897365343,141.20551174201023
268.1178419876545,142.97728753847832,134.78951714197757,143.6480374080583
272.9946329638035,153.27228276356115,134.94643528600716,143.63361277278022
272.5204930283028,154.67100507744766,134.99008375972164,143.61238579513696
271.7171760583012,157.88802417316936,135.0183878180554,143.59201707799738
276.94305500809025,157.2571305729286,135.68825954972274,143.42343806039287
291.11109256043466,167.47089738307415,135.79902819750967,143.47609251175967
292.15625901817083,158.94360097755944,136.26815408919904,143.39102371288692
299.49841270606333,157.6127202805433,136.4982915016368,143.20682882264487
303.3233119376679,156.61545201443724,136.69363918811888,142.95257184641622
296.2122836069964,153.83654854180438,138.19085644375178,143.6943931286051
286.1984593368121,153.43201783173214,139.53300011339212,143.8817789832494
283.082373188595,152.20909276425863,139.73432502680123,143.5174545409567
283.5919008806711,150.71913777655197,139.78588348158323,143.35691228601368
281.7053363851652,149.95273812428456,139.80820887196592,143.20957511203625
276.85486188434834,142.8067886969577,140.97647437007413,143.48332937305796
