310.5,102.5,39,50
308.69845290405135,100.823936089984,38.266614897343565,49.831337202768644
308.565765391028,101.95113975245394,37.50805772832481,50.15990030734467
306.3594293852423,98.18061437284562,36.91910350936823,50.1242346808086
305.13497391311967,97.28255178416603,36.44658310387603,49.842230147381215
305.2974440277163,97.32177109891408,35.88671458495802,49.78775199279414
302.85989091149224,95.85011954649902,35.489591342959045,49.59573121539029
302.4621939381244,94.1828576384325,35.35056062650989,49.232695693888914
299.7602103106722,92.60004580854536,35.103780212815984,49.0956761649129
298.71300331503284,92.22567284651984,34.94476685410397,49.046795930625635
297.67900359964756,90.73524467520262,34.832910776860835,48.81254674885411
298.20092951377234,90.97905738736969,34.502584798450194,48.79083673959859
297.0184513803349,90.03733427820848,34.33980557971635,48.70069403373415
295.647323025978,88.77192318016527,34.05290553006417,48.54361684027896
294.0206927790371,87.46658813084662,33.87648140970635,48.29216129287457
295.365263771072,87.1606319816267,33.772652665679495,48.294612674608956
292.37725079823804,85.4710065739981,33.612031426035614,47.90826363255975
292.5855515500926,85.85644102024477,33.51804239864006,47.720566635901534
291.67105967850586,84.28303789246112,33.34909540347768,47.519950347955486
290.84860443034984,83.39591515521863,33.30406547933275,47.2728141150874
290.0849531653181,84.16349379006574,32.989984495697,47.231535466111865
289.8687657332495,82.7037250260044,32.98270521810673,46.99489908752449
287.97572379586745,82.66470927965253,32.85242589433625,46.89862553017046
287.64329705387104,83.2647590903689,32.862714694242015,46.81758215134781
286.50738047099196,83.5974270147081,32.741150763392724,46.83561151712054
285.7248277472829,83.58221447338248,32.65697863436768,47.01460669515626
283.8674794843165,83.19776928876558,32.65182483017726,47.05204392760544
281.6959910960406,82.46242859565861,32.741234919679144,47.071419160012596
281.044188688046,84.14632066185311,32.64366550155543,47.2227803795472
278.1175483788669,82.74839790252449,32.78095646338241,47.2685374348313
277.3958446063355,81.92410919581997,32.81272756486397,47.31791089957326
275.77817341233134,82.05926410931536,32.6606130523967,47.46344292202613
273.1030971168639,81.50228080735828,32.48172160096439,47.683812998216474
272.01195445337066,80.98931860933044,32.39650213737714,47.761300465478
270.0101982153747,81.75060040089471,32.32973727945596,47.88700430982242
266.9493277287037,80.57473645895251,32.43597707458052,47.750413103664016
266.9521375898304,81.25235279306204,32.44356665792904,47.833401573625466
265.87699676797115,81.11067639801935,32.31416919655397,48.04511153728802
263.0830306938639,81.64577282045514,32.36496499787901,48.092199624617265
262.19564219161913,81.24094606361496,32.58766731059521,48.00744418499745
261.72573491394064,82.82532075900572,32.46712507674306,47.80471344744274
257.3356769702747,82.98535864280082,32.72535062986998,47.59509248584291
258.5056540381114,84.01207361102777,32.648384619115575,47.730871108854615
254.30680505034138,83.49465212114622,32.80996162721,47.54002119819816
257.15564466686584,85.8931778353151,32.57382364587219,47.72898948803831
253.26229892499433,84.23979495279252,32.652420534424614,47.57294380181373
253.57145104205972,83.7188216176273,32.477948337377825,47.28042164475866
251.86861037341572,84.6872750334876,32.3662005160445,46.931153470242265
254.7175207348001,87.55185976844814,32.0680583707288,47.04830343066474
250.39342372637054,82.01052883085015,32.248323488672675,46.326318583630325
255.89563246751854,86.59244840114813,32.01601764516778,46.29059866758985
250.26438247190922,80.36552177863427,32.2410827961441,45.673081742501545
258.2509324544991,86.67461394307688,32.20046435742458,45.236510901460164
253.41697713021873,77.74663422924627,32.434405541648346,44.6112323946234
260.6998867686792,83.4489289014318,32.28311398235185,44.1665061225475
257.2869000353226,73.36831741726954,32.382368105965014,43.702025263761776
264.5098801510589,77.1727154511853,32.399929196618885,43.256735099751914
263.97123343122036,69.29233232831614,32.50016659790686,43.07093560506012
268.76973032037137,63.56052374451737,32.67326908935471,42.41228588083123
276.0057988097753,67.1933645293196,32.52223611755366,42.02420042239813
277.4632738235318,63.30308008710073,32.45831277518602,41.772575217666954
285.94491953101874,70.45255255705712,32.385355629817866,41.31675272737374
281.2974143858759,55.62445526717975,32.61083478596818,41.13819793542832
293.47132943854433,67.42143149467068,32.656287327534244,40.56754546026521
286.32267129635494,52.11178720237072,33.179867822851385,40.27121602780594
298.69833013790196,66.11248755583667,33.16677315230122,39.9618637194275
292.5203690602218,51.90941028922687,33.55406623200081,40.03057807989126
305.5332463371877,66.01720210048182,33.488552111493945,39.914487185938896
299.4306082221596,47.9947725372928,33.722116300547405,39.87805555523391
312.0999698789848,62.76655265066876,33.53901561850695,39.80665146481775
304.72418425893426,46.86969439632351,33.65691748403197,39.83751882307106
317.7130482209183,61.576960027793326,33.48938000889685,39.760074992507285
309.1265069378758,43.04756323157312,33.72851826878845,39.71837582065561
321.4120435346222,56.40110306038311,33.44020796371969,39.65439985820771
313.9650751543663,40.337432714608774,33.79712381172568,39.36708102271234
327.17349511079607,54.10210956766339,33.71586644663357,39.239745644854644
316.31625261104483,38.009793337629404,33.91687876347317,39.07303221902972
328.77247184576856,51.08362077131956,33.680113371475805,39.04844415005397
319.0322903626622,35.46331023365902,33.9838419104791,39.033917971813636
330.3728229377134,46.81257721930486,33.76655556147253,39.00788689856695
325.0893299009017,38.45043151693034,33.924799804140264,38.9205794016965
332.98591197294627,48.78175192606648,33.775267553485605,38.9621352962076
324.1949810698511,31.775348919443914,33.78220470156521,39.134122979979864
332.9206723730042,42.87688276744079,33.5247327255813,39.20407688524799
322.0886962453112,26.029263558740887,33.849585932105526,38.760352041770446
332.89047820793775,41.077895961772526,33.52635805719706,38.863886954078374
323.2150712828801,25.925438465840372,33.56862441805342,38.926516229113346
333.82103685358766,40.86344644314054,33.321470978524104,39.02854088906908
322.63649121421014,26.04523006283573,33.322826219178324,38.904667466026204
332.20411338611945,40.297765064824084,32.94004904955432,39.11051790479566
323.38274075269806,31.24242783114733,32.84979284707198,39.21065023054784
332.4263573069885,43.048219995486896,32.80665151146174,39.27769922489803
322.3151593843504,32.193344536653996,32.6775395166174,39.806805864545105
329.18424196531475,40.82560574791876,32.565279410753625,39.97207753122383
320.95245865489284,28.53892818979387,32.71821498744281,40.09680238756532
331.9573433897158,43.67065285390167,32.69160435460132,40.068857414742105
319.88387698469694,34.075353379072396,32.69165654550524,40.06938719427828
324.1044655159998,39.18149425722079,32.691299317556,40.091928940582925
325.3028394100123,42.168490293048066,32.69136953592244,40.091922208983874
321.3986787803919,40.083287537693295,32.69396606690676,40.092115209192926
331.67692193534043,52.521559391260084,32.69458667732757,40.09242227293087
314.50477867573017,39.90225389059464,32.694706175952824,40.09243304484788
327.2406750859845,52.293048156253114,32.79862933064945,39.74927340712004
318.75726403222126,51.251669499342015,32.798901842754375,39.74888915397302
324.23256397205824,55.21930860902978,32.79930850464033,39.74806966003129
320.911284695576,52.46939788119991,32.79930849998187,39.748069358813886
317.86484709776954,47.876899459655746,32.79935920592952,39.748068540639686
328.05388475021124,56.640360835825845,32.79940797628313,39.748065441195585
318.1259926062069,47.525496274931335,32.79943743255221,39.7481274303298
327.7733352896385,55.04366285497669,32.799450172391836,39.748125471243576
324.84769444955975,56.9301245716293,32.79945400774141,39.74812294371087
332.70367833352486,64.80987139307697,32.79945729325871,39.74810868217332
320.97653789649695,46.86828452758509,32.79945412505656,39.74811648927092
325.44681214410974,52.080175454896235,32.799440324502285,39.74815617586012
330.1314357424299,58.729496620479026,32.799435038674616,39.748148807461824
322.2096322552865,50.81860291456124,32.799433738543925,39.74814955275881
337.65524661973103,50.94577204925049,32.79943541022329,39.74815038676468
346.1300870735409,44.37223565494894,32.79943638575394,39.74815300516895
336.80514801679874,31.19726755775368,32.88247676959134,39.8444238185155
339.71963898040843,39.5305208413542,33.04935583590302,40.275313547578875
343.2787827208252,54.4495639964518,33.14639126167598,40.27801898009855
340.18074092587904,55.8735421461183,33.14638868247871,40.277968781694746
341.375567942996,60.26663009262532,33.14638988665495,40.27796561679011
337.25768009020527,57.26712164536724,33.146391304364585,40.2779584861824
343.40275759900715,63.82703803908815,33.14638935057457,40.27792650643723
333.96220435299523,52.20599454155654,33.146393863286676,40.277938982891
343.5680318750651,60.78093947387843,33.15148687366425,40.273845691164716
336.1536974261255,51.88921315657946,33.15151179548063,40.2738936949789
342.3190596373956,59.19020450507122,33.1520316450802,40.2739084473632
350.4521645221384,69.47552937393276,33.15213798267914,40.27399945189652
334.5024695756555,55.32001084786488,33.15213856769773,40.27400061839163
339.84756868555036,61.61557058185086,33.15226401996482,40.274041821488794
331.103214507012,57.66629181866299,33.1522668384818,40.2740461197384
338.95943011916637,64.75374894421351,33.1523199073582,40.27415123136919
339.7386125678952,67.36768716745544,33.15232228669119,40.27415513235613
339.9861738976653,68.53420026098104,33.1523246012524,40.27415802593946
335.7381633095527,68.42165267343712,33.15232541726886,40.27415932963197
342.9743949912933,77.84825498479003,33.15232503053937,40.274160237178215
321.92452359149166,58.595353991040795,33.152327027978835,40.27416253669657
333.92360575081807,72.7401434199647,33.1527348715671,40.27500553790119
331.70210816402744,68.97910280858433,33.152735795923626,40.27500573933995
335.39939622516437,73.28149130158351,33.15273831580341,40.275004970504526
327.22841916180005,68.3500527206149,33.15273837626503,40.27500488724002
332.8932234469772,74.91775469646834,33.15273850210487,40.27500470388561
316.26634215327556,62.54538880394229,33.15273867626547,40.27500466558984
329.00054254086996,75.53121071972063,33.15274415983375,40.27500631700144
308.933369159826,58.430090250929126,33.15274574821516,40.275005598960234
304.0804305148109,49.68180021408341,33.158307196695155,40.272555140446514
307.5273473742733,54.67861386848492,33.17597758818653,40.27441670176678
314.7860149527904,62.09146000909311,33.176739925202945,40.27482404881746
300.8434164049827,51.772606066564954,33.17689978957982,40.274877056021396
312.9081489148633,61.545375961523746,33.182074238153206,40.27355161700944
300.6001485194842,49.69118740627403,33.182250664706984,40.273514715913095
312.60797203071667,59.95044944243048,33.18259458748339,40.27337587030098
298.2119486257608,48.371549955572945,33.18275065627931,40.27338627261643
314.68611286075605,58.021299628231674,33.20578117086806,40.26777070410611
325.261450707392,65.71285735922,33.205848756731655,40.26772264675656
297.7008647619763,51.22966736869953,33.20584983742432,40.267722419736586
311.8571624783915,62.56016303055867,33.40740417175073,39.910290816443215
301.78875362505806,55.95667882485321,33.40762386914328,39.91023502861086
309.3025325808059,60.19232594775977,33.41477660702269,39.90068806588469
311.464382453881,66.83333593721005,33.41478320611855,39.90068518062204
301.0003603340284,63.171758149361324,33.41478414465793,39.90068144622149
295.2836842777462,56.87020204104438,33.414816865198624,39.90065859773464
302.4993228280083,62.853972676755326,33.41484655521645,39.900702454113414
293.5779110858949,55.23848252189205,33.41485595648142,39.90069394398548
300.7415626241209,61.279621488978975,33.41676140793463,39.901771927221
287.22709024819596,50.688569663658384,33.41680096979435,39.90176541405875
298.4031800088776,63.44422432757767,33.442769706645166,39.94062986374262
299.09042142766657,65.59552965864206,33.4427665569896,39.94061964880928
288.5900982695151,58.059638695958114,33.44277863437298,39.940618340709875
293.5522884577038,60.64294017250605,33.445776444474426,39.943275101903836
303.4477700210108,73.060570835103,33.44578941276677,39.94331729054538
292.08291919142584,62.02022106395242,33.44578899662878,39.9433164566906
289.5215474100667,57.02342339669115,33.44589690015769,39.9433902102253
297.7278133986257,65.46261963558773,33.44817753740605,39.9453412908212
293.79654693279116,61.36099431420085,33.448176762263735,39.945337788083926
296.1508794913656,64.87400513392403,33.448173707985354,39.945332729429374
295.8225150442039,64.0162218134532,33.44816790447996,39.9453243369377
300.4363392025674,69.2587632872043,33.448166014256934,39.945323445466784
306.45919577342335,75.95681851861845,33.44816442199917,39.94532277412423
291.9930577266365,54.16634864907908,33.44816458807204,39.945322646978816
300.14225732323405,62.080693420250576,33.44887853123065,39.946077852477586
310.1751676126096,74.66196483149017,33.448877936265575,39.94607891790624
297.1088083969446,55.98746033469682,33.44887794738634,39.946078979761275
309.8328026082233,70.59616313860158,33.45109491721218,39.94558874402923
313.56216716536017,74.99311757623016,33.451094795765584,39.94558863636066
298.0916696304008,54.44467906642886,33.45109484081067,39.94558868685158
310.0281929371759,65.51758961141903,33.468061688046014,39.95228296575897
309.46153703378627,63.53183476886143,33.46805932440561,39.952281627191915
318.3297060852505,73.40112441091654,33.46805662807665,39.952290531942886
315.56432533655715,70.20001740000929,33.468056302066735,39.952290167910114
314.7147002625144,66.0032198905549,33.46804513190098,39.95230271997936
322.2699826457658,73.18014757564582,33.46802948947516,39.95229736932368
323.77195734654777,73.6979445648908,33.4680287137524,39.95229658272
324.5161001706384,72.57406560143052,33.46802682265805,39.95229478232135
324.58803239504834,70.06422179508112,33.46800319678458,39.95228511473086
332.5473046031278,76.50667050108072,33.46800259397376,39.952285711504636
328.9299310033782,73.76593032257199,33.46800233767357,39.95228493598634
332.7614827084011,75.1275116402542,33.468001486346374,39.95228481342262
339.51136783646393,80.52522846251658,33.46800139149349,39.95228496667985
327.83851864629776,65.44518217997755,33.46800163147003,39.95228540302597
339.5163009041723,76.67780407815276,33.46807398326555,39.95229807966221
341.1588716561082,75.0666839928369,33.468075392248224,39.952298201949255
340.65025736218644,75.51982584144366,33.468077988422365,39.95229738713822
343.2849329214764,79.65403015244722,33.46808736318105,39.952293444974295
339.4710872909186,77.58522906708265,33.468087666321594,39.95229290163523
349.59796503195827,87.95830624966031,33.4681283838242,39.95230817419779
332.6508598415959,69.65393683647842,33.46812904217983,39.95230834301261
346.6452213489555,85.238990111534,33.46509279833494,39.94770659088727
332.67773104131237,70.96893330806904,33.465123687893865,39.94768901314667
346.2490584802471,86.8896607733681,33.46524618737332,39.944272507901076
334.6230908197733,75.11283607465857,33.46525114961078,39.94427012244092
348.3206130278725,90.61580837396713,33.46525127807926,39.94426948230541
332.03421717278206,69.7660957651907,33.46525718209573,39.94426811821063
345.0343327618914,85.30285837103287,33.532104299350486,39.866208847630276
342.1464036835712,82.34410497405825,33.5320527812772,39.866098796720614
349.5160183093095,91.18745806666817,33.5327994907178,39.865510491907116
341.38207471494496,85.53409723029469,33.53279294723602,39.86551079164658
339.61603709439584,81.28855487864904,33.53426926687451,39.87118248501784
338.93547982180803,79.44473174647985,33.53331738601423,39.88650148129131
339.15231041664424,78.59034877423272,33.556842754352516,39.91644760984413
336.9838698616862,74.86913421439525,33.5603411654295,39.91683960657106
343.0158783923162,81.95165873111061,33.595368537682425,39.948917755251294
339.28848840389156,78.02080808875903,33.75168037962086,39.81542610943866
343.92347441546355,82.33453039593766,34.050294810535135,39.80637151164568
335.64909815224354,72.62912946294809,34.121523567668724,39.79269657317621
343.6588214137562,82.84591647794247,34.249598004190034,39.82034449334218
330.674334912604,69.591915186421,34.350323838444595,39.785522638836554
336.2994140650978,75.02155251160856,33.78509442396137,40.45660072046767
335.82716797841,76.80097553806019,33.721958736557525,40.308856178945874
342.37452957652226,87.98783105625688,33.73797301158981,40.29660942399908
342.47351905964325,87.37778665090387,33.738020194158416,40.29650374699367
340.23045586245496,87.0743867821762,33.738025788318076,40.29640578737688
336.70864756641487,84.68332740833385,33.73814400571302,40.29640693508077
341.103323345199,93.33581207486064,33.781925133314594,40.285542915271435
327.78432518046156,71.98113838131617,33.77832630214058,40.28801672916407
335.56082067122145,83.98803900894447,33.47035084340638,40.812046927878846
330.924990104984,82.39762918023686,33.51660689069252,40.81593324071292
328.09586126466775,79.99647722642055,33.57568638977784,40.94792442119463
328.21362761430936,81.50404427734523,33.57187985525788,41.21818562643065
325.9875714507512,78.13445857581814,33.588417827952775,41.39981278649664
326.5406022413366,82.0534408794348,33.51035911404193,41.66667960815613
323.7377724405467,79.45072150812703,33.47805011377986,41.84991413382977
328.2317996391045,88.30201205768485,33.45722150589448,41.88570916961433
318.54986578557146,77.90798783216489,33.55892652487261,41.973680963435775
322.351541327387,83.08446160062584,33.29044843887084,42.27200402057932
316.7525311144608,78.82065453747688,33.43349828424661,42.4553038978121
318.89471707235265,80.65798194740876,33.236941407579515,42.758999505389696
318.5706987446247,84.6177227258242,33.35755764608367,42.779878151862235
313.25185787204003,80.91927257542619,33.56820247619763,42.87489167938813
315.0960259580747,84.4957943675865,33.37723743426205,43.085289074183095
309.8106116659319,81.28335335475555,33.41645444964237,43.06717238662042
317.1280430908046,91.15757092887951,33.359576365228094,43.01081421649531
307.92239944078284,82.23959598788989,33.43385711542732,42.969382819527304
316.23487401530105,95.15099872962092,33.49077129086001,42.890351137895664
302.7377823943405,80.64086103292381,33.35297659312468,42.80742976641765
305.350098929703,84.78005120472085,32.89615856162051,43.27797156568285
300.8717337975478,83.88374893240763,32.690305318140894,43.4037937400082
304.2060465041931,88.2286136129328,32.395767633372294,43.6182497058367
298.3894670874058,85.16832874313842,32.51212717739722,43.61198369573072
303.6918382153585,93.27688191619323,32.452300799918845,43.561684552404955
297.0023065922928,89.71085281820362,32.809805891320266,43.39326066148938
301.19817333865853,95.43309473012881,32.67236170300101,43.36624844241564
296.23845648457876,92.07737893916297,32.86785579038443,43.355548206070424
299.80165468605895,96.54834517879078,32.8132678891287,43.37221620427623
300.0564835150932,98.48140265052552,32.8714438130329,43.26221463396569
299.49986223726154,99.5655531146381,32.88499785724936,43.24768592772459
305.408870915237,106.46998303641574,32.88783840538197,43.240396375012985
292.78285899623086,92.20200411156968,32.89433887458375,43.23855505248738
301.31324012690885,98.21648797648133,32.73041755282586,43.304293293057135
303.763088924416,105.24644931270323,32.74457320817582,43.29635861012383
300.74697349214523,106.13621432833675,32.74554146389632,43.295978021372946
301.1600170066513,108.48078292410605,32.74631823956236,43.29530678820554
297.339319745035,109.48695028289116,32.92062435115934,43.235941814307786
301.06982819877805,116.16919554161706,33.18723620764581,42.894420307893384
302.96147394235663,118.52133102537701,33.21262514455804,42.77738168961325
309.3433447417025,127.76664829507028,33.21525475286873,42.77168414290347
293.54293641911255,117.59651027808391,33.21525988445469,42.77168445170389
295.88435655395654,121.71897201830896,33.22487915889673,42.85947164675076
311.63748993085403,132.60576378958336,33.22634258664635,42.858403576395034
291.9743950979875,122.60021218170561,33.22652801102295,42.858463758732555
307.2086488752318,134.07034204843427,33.69379130552923,42.35623963696861
290.07817451550807,125.72626154130795,33.69400347333491,42.35628693481933
308.2785486118421,132.688560353159,34.35866552726701,41.803746910144326
299.2412301869199,128.03530563688003,34.359343457362336,41.80364531664414
301.8579637599484,128.8536199079716,34.366921362832265,41.80202583843776
302.3782845993603,119.37862180408482,34.38534120533192,41.82279070397867
301.29216845908394,110.68943635777595,34.431341872123156,41.83101304560541
307.21975884591404,109.98242809136313,34.30072649239917,41.93424469901381
309.7584937025648,106.50747542242814,34.132294957796645,42.09718876796543
309.0793907167893,103.89052601204318,34.05534106300612,42.172354572257504
307.3550634629764,100.13208701070079,33.971023231430294,42.244140593523134
313.0049904887942,106.3392569995748,33.90085123895143,42.21241782366959
303.19952564030183,89.15030979682206,33.76517061912063,42.10697192611242
309.7788823064045,95.29121445733972,33.73774388045112,42.07917880159623
299.94831748279466,81.55677979294566,33.73998517298985,42.077933764710124
298.88754848497365,73.98064142395603,33.72060538553855,42.19132154680056
304.809916690595,81.22529530652882,33.59834820011392,42.57481771550632
302.8839155787133,79.4696576130093,33.59839705948793,42.57475477971999
315.90038990159337,92.19927245639431,33.80013807297513,42.09047476987864
331.4200490672845,109.2138223226111,33.78548020198376,41.84128851472405
346.25350797874967,125.4614073487358,33.84525627415418,41.65737054369957
365.2523405059809,127.7187274498576,33.85378731102315,41.72870757082114
374.46539068502085,147.2005724056958,34.04670827069471,41.594866352645894
364.5589431832328,127.53519691733693,34.23854421786107,41.48849421459291
380.2470368977858,143.90913764632091,34.251069665510975,41.3906709406265
370.2503699746159,125.50529355842703,34.551845150119476,41.22479058569738
351.8651398470319,125.04601044413081,34.61864209078741,41.208904460825345
366.3486667786018,111.3695670571613,34.56026542361113,41.48291807377507
366.038045420088,131.11716816534567,34.759783145312454,41.090116247325994
366.07376223252675,113.29200659766379,34.9224836105069,40.83655548088435
351.35821677592264,128.42766807512223,34.912289092720286,40.8297597110073
360.9462056135135,110.53297928197046,34.84118293330317,40.99948030062063
341.87055941277936,111.24787945819526,34.929020325130395,41.066480824970355
360.93024957464655,110.7691475248561,34.81285360445956,41.25629567516699
360.64200733214744,92.96289502266661,34.883033193278465,41.09385886433868
360.7295585949643,112.42175519715141,34.8914829966269,40.89010666767241
351.22170055817674,93.30770296713406,34.89538834376029,40.90789345776394
361.2255947218177,112.76552098417326,34.86111689490342,40.91639223113877
351.67363754224874,92.73402571717912,34.92909072494522,40.662186923821814
352.57028988305217,110.76407839245925,34.935557737644885,40.6565925367192
352.7577503010478,92.49506827592697,34.996289267565636,40.39711426669233
354.5522263630843,110.28384686802198,35.003222805314536,40.39287747052005
368.40545423564856,95.93512072994574,34.82985734969483,40.64568274730459
354.41084851653574,111.18446780055717,34.83031770701207,40.64592305339242
343.8007116147716,112.45670849469347,34.830378309551456,40.64597831697635
362.0705361213151,114.27763800688128,34.633286242211575,40.879696298152254
345.4216045455482,115.42566563786778,34.63358994007512,40.880038356811724
364.6716159448952,116.26789848145589,34.60489716902573,41.103793864761876
368.2250731946344,90.22081528218717,35.00709627267717,41.041081421061165
360.4318595922523,107.39679540827782,35.18584823905794,41.047692618050306
348.98259736873223,118.4714525401478,35.18700032041217,41.04748894594884
359.4252249722248,98.47756163529854,35.23801002253343,40.87387549809965
358.7188988910253,118.66486809857496,35.16137436588694,40.89799378900616
357.8566173340001,97.07056824572878,35.31564284246903,40.83402592196975
358.9598349354313,114.49361055297038,35.27907506744202,40.9624794341986
362.71141639979857,104.19030306151836,35.2780009091233,40.964009827377495
353.75597100573947,118.2851706794734,35.27815969058803,40.96413333222233
370.88554031327544,115.92103422195916,35.27816328458971,40.96413316813847
354.2550909490684,111.56448280560299,35.30747101327028,40.96213698053944
368.6247003925043,128.26155344660526,35.30747086235073,40.96213696661255
354.0440889444755,112.08211316169304,35.31226361113298,40.91285209262312
354.24035977318414,132.88236227188503,35.31185435350707,40.913129083318154
354.9021905846216,114.36870539865095,35.389909894157796,40.702248474365476
355.2640129508547,134.80346240292,35.41043018003204,40.52919609119303
356.3176303312707,116.38352956727161,35.49805571752485,40.247888317410634
357.1806279196344,136.99141555162294,35.458004105913126,40.16744885721212
357.9175341255695,118.4734763232869,35.48422285306333,39.819320330781096
358.43145353481583,140.02668918993112,35.28839938455864,39.884864231574106
358.81923250998227,122.13666761623841,35.353022702166456,39.64317130251095
359.0857748045001,143.2557774828648,35.26759601537128,39.60974613707788
343.94622915292655,128.2799385371594,35.20198262097937,39.617499348854004
358.56342118493194,145.04246146772647,35.12697094066675,39.586946411776694
359.1712502015231,127.03124286869479,35.194175832087424,39.41547175256518
359.3572449801577,146.91898810520726,35.15032598776303,39.373124782576056
340.9766802003584,145.4653101355405,35.14115059743362,39.39789876600048
359.41024790104757,145.24786648111538,35.01570393006238,39.48830401506808
360.18369902617326,166.54753462552515,34.93850641405231,39.57234388127684
360.77342239927424,148.27569254955438,35.00096608507374,39.34203627619221
361.4021336645443,168.78793462983487,35.000965942887504,39.342036296737604
361.5766062575717,151.39843897121474,35.07200258433197,39.034028175454786
