319.5,185.5,67,56
317.68877870727795,186.3160213439423,66.22577377663833,55.87390690193685
316.04566142675486,185.8312793564573,65.91168596289684,55.48956432528621
312.2750962155684,185.44854894355564,65.87558867491398,54.72045043312062
310.7581055408999,184.04945999514698,65.93714914146611,54.16625049884912
309.32659051319905,183.8774179954832,66.49037736148827,53.54475524986081
307.5581589904893,183.0981871657597,66.53123423973103,52.99766422201604
306.20532568031405,183.78314382441135,66.98726419658668,52.19225522834685
303.7809167787449,181.01391241603682,66.73436884095395,52.00883140310896
302.2962696068688,178.8647404267607,66.6614546914615,52.00412499431163
302.8620265529322,179.4678344260693,66.86426840898423,51.89959534405475
297.2059993947537,179.8856265225417,66.89548763531782,51.15962446742961
299.0067530899944,180.74927850348794,67.60268664719396,50.44364178438218
297.02096353446655,176.26206728517604,67.02728901760224,50.756814967235215
295.78829497593654,174.82517407797593,66.84549667931321,50.95365000204349
292.59759108408576,174.8350433229895,67.03999580953337,50.676293398729236
296.9919626433555,173.1826976842337,66.55700312064299,51.034990780667286
289.31269638025384,170.74264648574413,65.90579991029394,51.66629255700123
290.94781949859083,172.0164053137113,66.24823375526026,51.39894245206054
287.9184414265499,169.32169852573753,66.1351233155586,51.401144634753535
291.558244236251,164.8479757296954,65.0367508794441,52.18624455584496
286.8799523536557,166.251671577033,63.975831395586866,52.895325207874976
286.2478124926173,164.87626247099124,63.59736693962954,53.033209083799555
286.2308196996761,162.71514764293659,62.978577586795936,53.4887324194233
283.257825609957,161.14677497776825,62.38775679283965,53.95238654569786
287.2630212419298,159.85263890298012,61.23359204176285,54.551401501502454
291.62988279462195,156.88119597601943,59.513033073467454,55.551550644322106
287.2295595132176,154.9539658826252,58.34559958827393,56.46101019114609
288.09533125974673,152.71378791502917,56.949949145246734,57.3501700173442
289.74919428517313,149.96913150043693,55.367264592235856,58.45222875550793
291.51403864662825,147.64107708016422,54.211002173210545,59.24662875427944
291.6902532965171,146.10978809609654,53.29934228571721,59.791954441393656
293.6609895749963,146.38348369307477,53.25739407971573,59.37630100977327
293.44483989813205,145.0177304746893,53.26254065261613,58.91782542671987
296.1186294874084,146.21555511653906,54.138286290336296,57.955256220368
285.3904512528708,137.53366479957828,54.50404437245636,57.44558984852699
287.3651665556571,132.28705016123865,54.49052458557198,57.3598855536691
284.52786591781637,126.2907289678651,55.13987192114122,56.746666066633125
281.8247150026051,124.59051559227107,55.29270497065812,56.22621329724918
287.4331651638076,125.62099188272178,54.88243010462044,56.31177326337601
280.2727104962008,119.12200145322052,55.77523600774146,55.47926651882982
288.4424524407195,121.95844405945275,55.145951472645926,55.407907883065555
279.35052897317337,119.36861421285741,55.51884895080795,54.43763331141035
287.17464720984776,118.21380374556531,54.75321031670005,54.57773121213114
289.0158280622685,119.66031273819648,53.28748958880109,55.455884243774086
290.71612733749714,117.5460889112814,52.33852855661513,56.17895902221737
291.4299553511839,115.99941815899163,51.10908660924857,57.030741101792046
291.5158862203976,114.7128499809241,50.12655541866893,57.461997843496114
290.3373913859815,113.39468261459996,49.31381904733861,57.671810888981994
290.06220299593457,114.64363395844897,48.36866729261915,57.817194783300096
294.26510407920733,112.8982385868405,47.915367442449806,57.613214498153695
293.61167078809933,110.11750360842312,47.20175719846084,57.8914378807859
292.38586592046636,109.98070167057516,46.96630381975443,57.61323468753536
293.735813340455,109.23758771682004,46.62163564699157,57.28010892658201
298.2266088424305,105.23804912060169,46.59941283840335,57.09196070129122
304.97354674907984,104.24734509828434,46.6158545873632,56.84273854577866
304.7861877578164,102.15597540389254,47.67586221943267,55.80372360445118
298.73128733706017,101.63352463981278,47.97716823461363,55.75367556016646
296.34805007332204,99.96754773798357,48.59213628007395,54.96173404061451
295.28957698022623,105.61514541907056,48.42664260570091,54.99617293744535
296.9670353266043,108.43557895038353,48.52299678696508,54.426793178620514
296.0077108417607,107.55967526783002,48.02787433628531,54.400320163910926
296.5256400342486,110.2535796054112,48.05619922524148,53.6295885829734
299.40947483596995,110.90880052319123,48.921049635964465,52.793989146299076
293.20040814910675,107.03606384473949,50.33695320289321,51.603069894160235
293.3677038018939,108.50871300853724,51.223648380427335,50.59997911518653
291.7244030192007,107.66911845254882,51.78875833118302,49.86279169705176
288.9938204980104,107.19200706529323,52.39631249680427,49.11710603156123
293.19217690993037,104.67741941448816,52.005108369950634,49.229580557211776
293.4532523983071,102.89120161816355,52.60966607638747,49.13627320259789
293.78880551904206,101.55608531568356,52.7835576038313,49.276094517199695
291.1339814146181,103.79917259750513,53.07255581443643,49.125537396601075
291.30735429251945,102.2225302523148,53.413035784838655,49.06354184057537
293.076338536344,99.63210668598154,53.09865787914118,49.618115892962436
295.3363670578015,99.53422815149935,53.02069978329853,49.84649997830057
298.053124617036,99.40923210450201,52.907390930479266,50.209280273971366
298.01464237478524,98.10477633288804,53.135181699605354,50.33006913397364
299.6502016295984,95.8707540717499,52.87312572104324,50.76605786898891
300.77802109556546,95.32258503063534,53.18338863269751,50.88045586454346
303.43082091440726,92.28290830531469,53.183855351047384,51.39380156169382
303.00128779237787,90.88297261567863,52.80815888098819,52.172533913878084
305.8807190888467,90.38084791897563,52.355228789631354,52.87788302533576
305.6372913949813,89.53930052998803,51.91555087919688,53.49072106313547
308.1450150235156,87.46923223512698,51.60578398659433,53.67581017379818
307.2167170262257,89.18351715407906,51.56551087624949,53.60741713805045
308.73791577149495,90.51290549772855,51.62835476272099,53.329409902510974
310.12645482550977,90.48834775719348,51.8505933686722,53.27392190179906
311.5935658288656,88.95704776098393,51.781500232819596,53.48519941630046
313.3599330894156,86.1745236719086,51.489988692623896,53.64522772413531
312.3297445212689,86.20468595080602,51.69725470100682,53.723013374993336
311.54178145273755,84.79889061271601,51.88383862892188,54.15278657017561
312.1619304392297,86.77822334452333,51.826889645878325,54.433674436377856
314.1726802409663,83.89801755941139,51.29549124174653,55.169474732626966
314.8156140274827,82.77117292907525,50.77283608169603,55.864727224867906
315.3829057109047,82.64087256560073,50.17359429606962,56.47423508980452
314.87104405202024,82.72203508083217,49.57742877564195,57.054901045548434
317.7438979184344,81.10432018709227,48.98377084567841,57.5720087443092
316.08791007634954,80.06718131126463,48.63226902253527,57.842587133878254
314.0491949926561,81.14040024931265,48.52545114078697,57.90996293193692
315.05766413881565,80.05958932427862,48.36283157255737,57.85396416904426
314.67457836513984,79.82862535800885,48.18834625378446,58.11464297758027
316.31677899706006,78.77261238200616,47.62048367738295,58.52419804852304
317.4736722993875,77.4531184666606,46.83358347023874,58.68138772617252
320.6491743532313,79.83953936107474,45.647999408530495,59.508004447825485
321.6500207091337,79.15805720790507,44.6813275428995,59.969072691666824
321.6950810593164,77.50639695161345,44.04493548853935,60.06947807258278
320.66892022335037,78.20253016188221,43.686972183903265,60.174984753682615
317.51435200914915,79.6881342411815,43.85549833947204,60.61419202810103
320.4739972389433,79.7219609775004,43.37365438639488,61.278979654931774
320.73318551717136,81.18690326131312,42.90824653561358,62.09840250968614
317.7042030903471,80.21255571546695,43.06238927850111,62.558856882560704
319.82205860206517,78.7733041593639,43.115907501117235,62.52278819285807
315.6639969303552,79.43902311645599,44.04345899409722,62.375657953337594
313.2040288465308,80.71350940384237,45.11792362548317,62.0762446439664
313.2610780159485,84.08274325185789,45.961725217715006,61.76784461203248
310.964176980129,83.77935556702344,46.983077426658014,61.70580874066928
310.6004511937181,84.68723777099834,47.971910363450505,61.5392378618766
310.36918354142097,87.99703622202853,48.86366410564736,60.90841629325932
310.1127233759511,86.64448336542792,49.56861517877047,60.48951619271735
310.06879495562225,85.90912655225425,50.13764498020137,60.33422028112861
309.8967809866939,88.79287727445882,50.59398014214287,60.19995293774183
310.4421582256372,90.53083979796156,51.023539537570834,59.82419925395928
310.84838729526575,87.35720532610405,51.37744860823791,60.37155715289174
309.73810549344705,89.10550289687765,51.73546106034655,60.61236300821961
307.7966798460957,91.64758138571372,52.15333294830393,60.446646659233664
308.3174176249117,92.03753441851717,52.67182955937419,60.43435297446359
307.6098516831136,95.82836826812068,53.426243199729896,59.79572393009437
307.8732887601471,97.64182837850615,54.176750257975336,59.074690397667595
307.4487729310717,99.03735530903921,54.87773404673037,58.53826531587178
307.1070117110886,98.37324032252292,55.516757482213485,58.239061033670396
307.1352443366391,99.13023429824847,56.02998576002361,58.04223803144096
307.0515536222969,100.448304804885,56.64392096228103,57.94295779171212
306.6108617988963,101.76961918456156,57.4188707192959,57.8305225165054
305.3721879573124,101.72980009589239,58.027066314113064,57.739107518960296
305.93606153975907,104.70612383174998,58.95471268656439,57.46655040647852
304.0843971254156,105.41680264564968,59.40235533655209,57.18256103901115
304.70851025559654,104.50428582471432,59.99512028314048,56.83942905864994
306.9405849971872,106.80791983126639,60.32240390443146,56.44754174476641
308.6245085937991,107.1419090675522,60.22412781100505,56.67482401969835
309.6529896565682,107.89375889400873,59.407574556040245,57.385205934831845
310.256257767206,106.54752025996055,58.442953322860134,58.16916244771187
306.71812910806614,102.39536415368771,57.44830866388367,59.30891938306851
301.10318347202025,101.65823554131839,57.44045155264007,59.4441155665762
305.91206051877907,105.782018998875,57.402073298356356,58.82587656766323
309.1358461590062,104.92839795032091,56.9680652973399,58.65699570338585
303.0167993055962,102.02149592553386,56.36574658753834,58.56988426265974
318.0087714765429,110.42472349253184,55.747351417760456,58.27471687687247
314.57873735376256,110.14280610525697,54.73139851013981,58.467557262357616
309.28430288164355,107.01917894273818,53.82882586980351,58.50938692990448
315.71498057730145,111.72889803969488,52.82025999946466,58.70609147838461
312.37514572882054,108.05071088604858,51.833270228559805,58.666982989406705
306.947064152195,105.29487556548534,50.911535537598084,59.117003149526695
310.3571795000553,108.14226161050127,50.137578304322915,59.91301339359133
308.53791964899455,105.22089481700587,48.94748603124025,60.9877425998896
314.46160514943716,110.44926984122117,48.24155120417845,61.89436276218083
307.63262027517874,101.71573376328371,47.03331897015403,63.132283605163934
310.42117191134,106.38074352387908,46.178881134074885,64.35144508843862
306.4834312585855,103.33919348433432,45.419049227137926,65.43317118580636
307.3252939893111,108.20088675779434,45.58571820534054,65.74974164941095
304.78469939485865,103.29315140756553,45.952646916718344,65.94642991053931
301.00595824782454,102.74029965431595,46.756795402593006,66.02983502208095
296.74794275728533,107.54699784360835,47.58757346617562,65.65619860964567
298.90957059295744,111.0062330142249,49.155450522068534,64.92200559165592
296.8455453903139,112.14701710536505,50.38062994248372,64.24716519501368
292.70417570257985,111.08476499250952,51.19074445773457,63.95398104886584
292.27493993583136,111.16697048119717,52.20158526917207,64.13574458970422
293.45987977450596,112.56316625446456,53.1471214086584,64.19082544378834
292.0420640095681,111.50707253935562,53.2314194565752,64.56914450071343
290.11279389307947,112.92531135858388,53.61108669952139,64.87245625437576
293.21024770936236,114.95247890323353,53.980972508900464,65.6098657650366
295.65946822635016,119.51629979523207,55.41357513128966,65.32162787029318
291.9061055226972,119.61160180508293,56.897575803664395,64.8576332290505
289.7178357051981,115.73051698782442,57.0493965002688,65.55354942042975
286.76254224135255,121.99669084842905,58.208665570367685,65.14796617962182
288.90558845417286,125.61291362418842,59.8000447503164,64.17148865218367
287.0253349865609,126.83725757477397,61.5172707247864,63.24693277953272
285.0445817046034,126.60484590715454,62.58239517118067,62.78209043290124
282.0282606377585,123.92203914436163,62.69199503773777,63.43769492759792
283.18955198176747,122.74740926467447,62.352458800279905,64.85639852912134
283.4775485087615,124.2306463641091,62.03918105737348,66.06415940124555
285.20626200006586,122.95007782509644,61.42404959857257,67.55307091642172
285.25471508252485,123.18200421376454,60.91714867944648,68.46244882131253
284.1990561931113,124.48165123261994,60.46199471709345,69.20428540905706
285.24762617861455,124.87074985201642,60.65233165226078,69.57355570599874
289.0039352003429,123.91488690307027,60.90548104975177,69.81700046625323
290.1215446642184,126.56211375889778,61.17308357174551,69.52494235561741
289.93600549684874,125.56617666738768,61.396877296405606,69.39933811183403
289.3181377101539,124.14108830537691,61.143967920978135,69.28143348447871
287.692378690911,126.63219260387817,60.75750665847906,69.19387292744302
284.4363579536407,130.07354088255704,60.2486503892342,69.81199336769751
284.32359845634505,135.01943578284485,59.61474922228837,70.93677939956285
284.525165314061,141.75977136850028,59.1228387812541,72.21823931749543
288.2696074935136,143.7615135983253,59.60822646638533,72.4821818344787
279.9467241408149,147.10616210423743,59.627818680423246,73.7345438374067
278.1198431324612,162.20723411108443,60.67028410270237,72.98887142037587
277.6011583803525,162.81898431802273,61.94647208557083,71.44647480584028
276.99184536583635,163.6174190633177,63.35590935379649,69.9132727948631
277.57860330221683,165.94721884487157,64.83276097577851,68.35421642731109
274.5701167280592,166.43176306059615,66.19395984530411,66.85055016264627
271.9245598102026,166.23516052025988,67.14789016336651,65.59734169358177
271.87316360820034,167.0871281929426,67.75691725214844,64.75133787639805
271.1340229179625,169.1056853760934,68.42003701454014,63.875710956387266
267.93432073036973,167.3005789894422,68.48817397887433,63.725706699690136
272.77976168210955,171.7184391921546,69.49584081084458,62.69463886211118
269.35079114075495,173.10966113539334,70.52735696703847,61.862993638401704
270.1787905693864,174.97404109989697,71.6793543168181,60.60501934359016
266.73552756490744,173.5871797197147,72.44027649218702,59.798720330559476
263.9396224753762,173.77328223674908,72.74520235253775,59.21501072278812
264.7831270845545,175.73089992725133,73.2703591608163,58.35833951725589
262.0183074775331,174.69478775893066,73.31688427149852,58.056902750193814
261.1893402146723,174.74780366547753,73.42412057216343,57.74004543820043
260.06339743799765,175.29018900507364,73.22166112178658,57.358208666401005
260.2563001304822,176.88873600998187,73.05724804217354,56.96946724131354
258.7805739453071,177.25170706826376,72.80923617326113,56.50856093063379
258.28981951145676,177.77174617537457,72.55463860425543,56.08735777280469
257.12440442157833,178.35828538072695,72.08696553762373,55.79188228340139
256.0719471480747,178.70250795395162,71.79964193098705,55.461817273349496
255.8677400012871,179.3446084610041,71.7501282852326,55.176570853627624
255.78339497397903,180.44519636189165,71.75949168234563,54.87246842133328
254.8783467309038,181.32319665600096,71.8145917197144,54.4409431150264
255.54394797706348,182.7106304386947,72.12216946611322,53.80381139659687
254.15686422797233,184.0717221043302,72.38585278600559,53.1453918714015
254.54465151214444,183.86321299725114,72.6920831699227,52.555170887341326
252.48426303855152,182.80112943576046,72.19772076781629,52.64719662115036
251.36184774903234,180.86235890914844,71.45007354312487,53.079333287778766
251.98077177408842,182.2457356757865,70.79182441518499,53.38736442121878
252.8646673392019,180.96901603617113,69.80331918848526,54.07900169678126
251.72462705092843,181.93614033336425,69.12778141175583,54.431980687785554
