282.5,104.5,67,84
291.5164463358361,114.5293926412643,68.26367319014918,82.66549129899536
297.09691804750855,112.92408058009948,68.66289298152584,82.29703742869634
304.18418182931134,115.5621331022547,69.10617897082095,81.93510797925681
305.94040166926703,118.37543513250304,69.26311504370074,81.66829408730973
311.45042118649263,118.94240401789112,69.26360847499515,81.3866048178227
314.08823440341206,117.7760008869117,69.08963145901672,81.23803868229328
314.5716620879777,114.9861050893308,69.05594958083726,80.83327788158898
310.55786193834734,111.04444432883638,69.07140900160445,79.96817369609957
300.727564065092,108.50695617596367,69.53718869007726,79.17646181562577
290.7402758199119,104.52802581684108,69.99414943402071,78.39839078172321
278.2923296413961,101.56355044989925,70.51281369848925,78.00012943240085
264.65225992635385,97.13661113457854,71.11754696089218,78.03575073996517
252.8918547774763,95.5460591461268,71.98357736637233,77.83454939881501
242.32828078355612,96.65656021452833,72.67059985037338,77.95768952316456
231.23221019917182,94.50782219290872,73.2964342669664,78.02653628848503
221.897320557674,93.23165028733109,73.58649722049333,78.21811058255135
208.75629021493666,81.19419465684771,73.16464107358185,79.16144263208332
212.7141658794475,94.66222282831481,73.12408267421551,79.7206194796513
218.98388954115632,107.17151228168932,72.63222965398293,80.59519008086377
227.34081992492423,124.16830065835111,73.15510353418267,79.54312279608301
238.5934870114039,124.3936230146382,73.3814865381892,79.4192083242533
254.91565932428475,115.38849836308063,73.11526472088481,79.65127996117963
268.5252097192594,120.31070251918521,73.37704173105587,78.68338699499655
274.6526700362196,125.91877686555287,73.42071046574834,78.50100005099397
285.09407956468374,121.55765164259307,73.18509443512616,78.36318862305768
292.686841854138,120.25552615238965,73.17313056832253,78.1482748898466
297.6645979247766,116.67855052629568,73.22944729817368,77.72855438799051
301.4098975044125,113.95876121489971,73.19922166296041,77.74031404139498
299.07140374582633,118.6857736791936,73.37754667201806,77.36813894973854
294.64149976473055,124.3626272162562,73.29972528173684,76.66787116815405
292.2362576641733,121.7259856871423,73.16758607726277,76.77110243113532
284.7104829037014,127.28356559484313,73.13438939579572,76.29550710362335
277.33098383408736,125.71539681371658,73.63122697549376,75.74641533546828
270.87975843383185,125.46339932668481,74.85704006466102,74.95269204746032
263.73359064530547,121.98412340835448,75.40300112840427,74.83367535353997
244.1986300850674,105.63880131330525,75.82371349289143,75.14054246545285
230.70209287664224,91.73864280607229,76.88726264460063,74.46659793033243
235.55199269008045,88.39048567625011,77.48704486206506,74.36056400277359
254.096705413452,94.22266343574128,78.65668034653137,73.29194092068002
273.82221961218534,85.01522587419875,79.05086822260976,74.51604044907853
298.83422081979126,97.6121494419395,79.4855804810159,73.80620782824121
324.43695413260787,84.5731517496211,78.56882234261064,74.81555341617467
342.7750219014416,88.6759354825153,78.16646782021768,75.13425167756046
348.4164478621354,84.5083772263427,77.23857742176425,76.17947564611738
348.2197903992955,89.68460078418914,76.29783098921642,77.09999170456699
341.49893207127064,93.41772742001234,75.9119849931948,77.52062372445896
329.18491660740114,101.01340111291333,75.48036619430665,77.45317503879564
313.9709738303307,109.33291490441422,75.05854847934931,77.24903722617836
288.6935975664726,115.6401871419267,74.31684048216069,77.25698067764081
261.8115189655773,116.56892137741832,74.16223256486411,77.06540431228541
235.0315685668741,121.74420180312325,74.60388651158999,76.8465952150194
209.72746648463274,125.40907530538013,75.42076915474881,76.22204099998241
213.36850848217864,135.82933407683683,76.31522706749249,75.54261435995915
190.5287680465691,116.67487802924765,77.29587997373952,75.49900318137158
207.17734662456988,130.13446699304683,77.6914107882294,75.71592083100327
187.3239605171808,117.53631324054838,78.6750008508758,75.28671085817226
183.46531623874608,111.1749285299327,79.41959939219504,75.06017404910054
191.9024170298632,97.84187764095901,79.85934865086574,75.65704128946392
205.49682802051953,69.44148479903716,79.78824571877288,75.75145178385003
229.61225116659324,63.46877007561361,79.50816398149107,76.54497717151729
255.09970135087872,64.80134425545668,79.48524477229782,76.40520220195485
282.38426765445143,60.759270405929385,79.5403729786638,76.26853031346667
304.5931167610821,68.37645106615878,79.76270799491809,75.95330530272868
307.55651295234975,69.97455503396723,79.72226320756334,76.20156594165968
303.3675951791028,76.7164114153058,80.4339663051102,76.43150919156396
293.5969277064067,81.6547812519253,80.74716144116759,76.98546220751669
301.6072691831525,98.30188555040712,81.46536863580015,76.73357697322963
314.7241279091912,94.52004068419996,81.59373635616286,76.86489792455022
334.12907907347903,96.9501916161602,81.70728613891612,76.66122755967604
359.7830536561415,90.48685652649128,81.87851681868656,76.49348607712042
383.10374177698594,90.49588253536739,81.55707080407036,76.75584588162886
391.8351920341658,74.1060223206163,81.36679758758387,77.0538451022448
393.30027556140874,79.33440999031792,81.73140993442902,78.0713966995138
375.0431283627554,63.70309680466171,82.64817945427245,78.8698999155018
355.295673135318,68.11950079816569,84.07384895885156,78.35497166339813
325.09268814817887,74.99391504833358,85.19913373663428,77.79097661560388
295.83680059152255,79.67692317620535,85.38246737532978,77.83548416745367
270.5277241405336,83.88965801380743,85.7012732055217,77.7255937871068
253.70956910156835,83.46620150942357,86.18942739688059,77.78137681274175
239.77147011830255,81.52337876923362,86.87670817980651,78.5285099879664
224.9597764529969,83.44893432025843,87.32442532035518,79.10663524795001
211.77842085762336,93.47254282415267,87.71596706703664,78.78391784217082
197.78009005993886,89.58217888545552,87.74932694579452,79.04654015659472
184.19341867811772,91.41935331029936,87.78011133141706,79.47863945359416
175.9530798449167,89.12273674370041,87.88181331005536,79.97795233871092
169.62993564765458,84.77912899851547,87.99968558570791,80.7785960174954
144.89552926900024,65.91697810171271,88.48212972994699,80.7212559802582
138.19846834986322,74.51143675341561,88.59541754905032,81.3047920181978
122.61191416859367,68.43888926318203,88.797761302756,81.90552412194802
114.39939014125848,75.96261790712273,89.21364866396928,82.0141256734262
122.99265750278039,84.64191384281239,89.00460196955326,82.95392696625552
123.02192753063225,80.38993796868223,88.86789998288188,83.76984587938347
129.39988480780542,86.4093640367326,88.72296130752808,84.24576283169135
141.37027833281897,80.79625347645595,88.49659933390508,84.40057984527947
156.57431731803746,93.73685134643377,89.37745342733281,82.93546011195119
176.26737031499482,101.12095045731395,89.95255548481785,82.78214539035051
179.5164276948873,111.46122952388124,90.40631048890367,82.57070548166601
174.98784404835646,117.53597084287034,90.47809134190487,82.06755146121606
173.40556881713496,121.25144998274368,90.66253322128433,81.92600874272473
173.95764171925714,114.80651014279448,90.8033969509782,82.0395415995121
181.3875651361954,116.15236337293899,91.10477493131174,82.09162596557894
179.73596387447404,114.34233793739072,91.52268857684824,81.86900038421297
181.46947147361732,122.04772808288756,91.82298074592865,81.36738141664367
186.15940915518703,123.02923007856624,91.80125213332462,80.53541838553863
193.65533876562824,124.77824653796807,91.46138152656114,80.6712792173618
217.16951935596515,132.58337941811254,90.8353079433402,80.99675011727112
227.82570710268294,131.34274082400916,90.26656558479297,81.42548793099972
250.01501642558878,122.34268086213507,89.61632659977576,82.62326519043553
277.93369970814217,117.88241215672343,88.12668398674998,83.39750508859133
298.8771607734924,106.41911476035602,87.22494521186161,83.48022657436564
320.8908346602071,105.42099738030312,85.97628387966995,83.90376638518373
335.2808802951276,109.29814174735375,85.93782580208153,83.45127347153675
350.74213066599737,106.03204173849119,85.52989750698858,83.45487846155073
357.86065723593185,104.5652235443855,84.85482956488319,83.39380750191351
357.50664807617375,105.3638620712754,83.96160383159601,83.56376870254803
352.8209352972875,105.77932096789463,83.23127147354664,83.33736970859306
349.7394042242639,104.07445911164152,82.16037581501493,83.330579775206
348.5288708231234,108.64741248421043,81.06695214934817,83.35964827462885
348.2452768203975,106.43937883284936,80.10552987927517,83.42944175070724
353.67441880181804,103.24372621652901,79.92381186301365,83.36862478416998
358.6337079306548,96.8054394617049,79.35323256602291,83.93373413789318
364.03844293590737,94.81026491949874,79.24967447606218,83.61293884675655
354.2515190488322,72.77147414339456,79.70888992720154,83.99548100059786
344.1266811309017,74.44336982062761,80.35514052422747,84.21551543472142
326.7301177749164,77.75248486425954,81.21109671201302,83.46252043932094
305.1050883423433,75.94557555903293,81.86619269769965,83.3698941000148
276.0935382717255,87.68652919790574,83.02316465123505,82.14156477384103
264.5653222231901,100.3236153884761,84.57666375440446,81.4806004104759
234.21126070683098,80.22805353179473,85.17701722242244,82.10107103319994
219.93425215168176,81.5517785663907,85.40426510110119,82.53180411711628
204.65668964779883,90.4946835830161,84.81956589964035,83.39868470685366
188.18862828575928,95.53832591432862,84.91230403657943,84.02101538105491
183.01769765120068,114.39660803055457,86.03624269728037,82.92763116055119
169.70025799622658,104.91756310427967,87.0961305932872,82.54006173310435
160.90058689221593,109.70444025967645,88.18120102786875,81.55155235583922
135.87738276039423,94.96561987561878,88.09552651218986,81.57496272176753
124.59361749332945,96.77133083580858,87.87332670462666,81.3503661479279
107.89462130003304,107.37024913608121,87.6809491468254,80.12044597961189
102.35867267985748,102.93588669504514,87.23644387810941,79.8486523360418
99.7256534367444,98.80606171076411,87.08439861441676,79.87668460580522
105.26182244536066,98.68766427024849,87.19890137887498,79.6231385317878
120.7836084217438,98.93724990978097,87.05695159041707,79.72597863777906
153.48587326856222,109.19450578602296,88.04723710850517,78.93283633800249
170.41782452228608,118.28390297584642,88.18275052474462,78.90776305284679
194.31663640115,142.8254857544946,88.38007994431094,79.19820808428884
200.35870078448258,95.08157737747709,87.59105112215087,81.00989635519268
229.56795982179466,105.63057187152901,86.5274685216394,82.4700900182388
244.30807029482304,74.88011521771702,85.9812872820196,82.90936030057917
266.47456423389497,85.58523236599193,86.53473808179984,82.49586030295876
284.03688054417495,67.98866642390945,86.62866480523779,83.09013841731716
306.2251901386072,68.97599790488776,86.31524926546487,83.1871358088876
319.0250513543063,59.523660264809465,85.53325226195344,84.64336811516444
328.46481702496203,58.45850013692246,85.25173545935098,84.98598134254858
328.3209641166118,51.84698014049896,85.21418900522742,85.57437105353893
322.04563245083375,56.64806019562871,85.16109634737322,86.11315516394741
312.6145606500474,67.01559422491195,85.62218380428635,85.67518496047451
305.60627818879595,61.38318549304423,85.61224909740008,86.92193558047641
287.2021208048203,63.73123662026334,86.13920873423731,87.0109043541345
280.4999043474059,80.36942254333792,87.38947118928624,86.01000669270023
265.3668623740654,84.47249723597929,88.71458240746668,85.65215790919777
257.69146954992436,94.28159218805607,89.83636882490688,86.23380607059693
241.03760669516177,96.63136746452267,90.54822750652279,86.12454315291694
211.4725169421298,84.26211354881103,90.01484942083097,86.29326096907889
194.1693322374408,89.84995457283162,89.98684763168191,86.61352920678509
175.50589773518135,89.61971541002251,90.54571716026082,85.74372592857212
162.98206956751883,84.79224317194954,90.98897177984848,85.29613401100744
153.35072802127843,86.36788914685843,91.17660701011673,84.94758518997817
152.87103675941697,82.04800017945044,90.57875997732896,85.40289611616436
148.6051233776356,79.40487071580344,89.53553471474945,85.72095468231554
150.10306648732484,82.66692315122668,88.78028370939248,85.52365237599253
157.38572893514572,87.36030403606428,89.00182381547515,85.35990698853314
177.9693007702314,104.48912634369805,89.83673171789108,84.79015413124893
198.2947602512686,80.86750944863198,89.25118735552266,85.20580726234186
231.05938252658905,81.80323920938693,88.43362956055012,85.85552955140523
250.02974038815668,75.72736845365812,87.77008692406703,86.24518921224154
257.10023553530334,72.0917661410855,87.75539079126197,86.21371616287254
244.20492744611235,69.59387214671466,87.52312178035272,85.25480657785366
229.00861424195972,68.88200904390087,86.9942306733102,85.21895315347308
215.74814107374536,61.09259561341623,86.39414300680271,85.73439169835602
215.3450888810947,63.19800374461188,86.25904373062843,85.29521734806994
225.81050977961962,53.633364748628566,86.13076459927002,85.24385286720067
245.35225773134664,46.66949684645807,85.25332754806621,86.64709950294842
254.61452037575913,53.49441217417769,84.95020349502292,87.35397302855061
261.49101963833925,80.5378182564467,85.1363456722301,86.04166122339925
263.62312846558245,94.47825924194622,85.19336641295725,85.20575314885517
259.08927311122153,98.25246499249702,84.33944236118903,85.34487451521645
255.51691915151542,101.00058897940774,83.05397157891471,85.60199767320611
258.0647685898502,102.52991285401716,82.56977206088565,85.41195252093493
266.68220137448395,98.48486450069669,81.92369165976186,85.19380426660604
276.8314241107166,96.59337283117682,81.981613975037,84.40984683131062
283.4781723111858,87.25636555937353,81.32252242856512,84.15234510845244
274.8890661218751,81.80100976730807,80.89700932345492,84.61171765295316
267.56673442678203,83.19303524849038,81.22348891263434,84.5250166744348
264.682644260119,71.91970609775686,81.39158336116405,85.70975812324608
265.51556733667917,59.55710952507033,81.73666064395553,86.90751645225777
251.057156465003,61.10049919118183,82.92184306941496,85.47160503973923
228.27539576170494,59.19798803236464,83.08733344065936,84.74156931028516
215.98809574822096,79.3905834845425,83.14376077544392,83.54093046808676
220.41258248268662,91.91751743081693,83.19339696475913,83.45284061089431
232.83966646343242,98.92504243821813,83.06477770995754,83.60358506132428
238.28312794373363,73.04501714275452,82.54330768340094,83.18963595457396
240.62420308570685,72.1673811898498,81.66079344952077,82.75426623598635
238.617168738388,66.25531599859934,80.79430744063643,82.56660032419472
232.9108736337712,65.2813616433908,80.08831082246778,82.27878333544032
221.14474160169794,71.874142746266,79.79347408872184,82.7295487629801
208.47687739312317,69.84947334944582,79.6194410165273,82.78170571361915
197.54254110966465,96.46993524841177,79.79592745000336,83.44308771526497
199.80229565867535,119.13368541261603,79.6333406360712,83.52931386984628
222.33193214668927,133.65441952601284,79.81156416559996,83.28789844442518
250.94000057478576,112.41947344361049,79.92954798741337,83.33634484255988
268.3058888115349,107.59380255772093,80.07512598064099,84.1810153021261
279.3175634944125,85.83401489028981,80.67234769070967,83.96103436151728
302.6160569144234,71.28018268007139,80.53234316140382,84.55160055994175
321.12773080723935,63.20440162280672,79.75606846849288,85.36919838864476
328.253283205696,64.66093312978208,80.04881344733673,84.68334122641218
335.30719154638194,56.49530495765692,79.87134916589174,85.55714370422403
320.05334512976333,78.07626102088662,80.17878780741144,85.551119443113
297.516580616141,97.9072654492432,81.02633399837497,84.58970413570466
278.00009677042,112.94017956727211,81.70361773791586,82.85152092247972
255.68331518046926,107.14048468190364,82.11294699325336,82.56790092962825
247.54682741114777,107.6364650421697,82.41957466575886,82.71067740389827
248.91659063323135,97.10745661316675,82.50962911164243,84.35249443171924
256.9982794591002,72.91656245676882,81.37926635391153,85.28360438927386
262.30777578281015,81.32653964461957,80.64117880160882,85.07845984844384
266.1666579117838,97.35479002981504,80.49736232087545,84.12675355564903
264.5804742026644,110.45437701955825,80.96734138092773,82.80792825544091
251.78849843880434,114.27060314727542,81.47931486725967,81.8602258831576
215.71144424736082,109.33541428479064,82.19554087884582,81.23270658305356
191.68569700608253,117.96305349073927,83.13145592885698,80.72624478000067
184.13758929138785,118.72134315343224,83.6983189048275,80.14699048163803
180.75498891610965,118.52112505428775,84.39319962451688,79.60154114585816
193.11085112294808,118.72309242690113,85.03175193732903,79.52940969097547
211.13702616393752,104.623134470357,84.98223427138663,80.33995343546006
239.94063046187568,84.74167507383767,84.26073412119231,82.10516982968988
263.94602589227446,84.27840163806961,83.70634233809008,82.24714121979378
281.8596085494405,94.2176227038004,83.70458652084845,81.73684859973314
297.7332894784262,96.35515157615214,82.94707241954515,81.73556548388886
307.13737275401536,96.54057701322044,81.45728727806039,82.11364994265463
304.4280476381482,102.05578784295957,80.06453003983599,82.0577448872311
288.6866233131412,105.8488511245395,79.1791911821086,82.17206330716469
268.5899741894931,120.74102830230176,78.58575835206466,81.6907734198679
243.80202194399732,116.83584188802469,77.58951961777606,81.80330326864092
229.79728609654137,128.38710739588268,77.61645290951307,81.69748523590857
224.18026434290357,126.47284818873574,77.64862284541815,81.42768305542236
218.60751824999798,123.73047439184353,77.40768678704438,80.91456738685584
216.36178703613788,109.87796685827674,76.75322765166457,81.77892187888287
224.4132310341297,117.21850582122684,77.21720531867548,82.09011617354672
238.45807526481616,114.18333531740535,77.30883295103057,82.9839760291268
265.1688819368435,79.80841814787865,77.38074184432746,82.818820383047
289.7049569896896,79.33307087106891,77.57451116171842,83.3384682118327
299.6428758481884,63.14205715151486,77.15928019228778,83.92051230549782
294.85947107628493,66.48718947490528,77.07446611549554,83.85713820363347
286.9977366771958,63.679655116016576,76.4881708714307,84.25162291414867
285.9025311211757,71.67016548832135,76.39907623914222,83.67863267497967
297.18092307206047,78.4708296254752,76.19198255142965,83.24663637358019
310.44032843583517,75.03628191139708,75.14943760443067,83.74125863917354
321.5516036646351,78.81686199695142,75.55197519781134,82.69871527775524
320.2688456095381,67.18294861014265,75.5543842969116,83.97418801863583
322.7229766318258,54.07731451776734,75.47141095528134,84.11558986196552
323.8660854411237,50.77034346325202,75.12045110577193,83.5249689295496
323.17031612593775,52.03006460271473,74.56672877878896,83.31515456399259
326.6107462343976,63.22072727032301,74.36524361832302,82.72040532005056
329.4017206625341,65.35266532387811,74.25767422201774,82.14216219457487
324.57516452645234,70.4113669212719,73.93521277720286,81.47381787646599
317.4769559155576,69.27803679811898,72.80740376853834,81.67049874541871
317.0935495189881,70.95845550806834,72.04189073872058,81.56861861108894
314.7823753654348,71.64724191565048,71.78182129398257,81.27041857182337
317.4342648792576,62.00804551488247,71.77905588175236,81.96123645615154
323.8113829040406,57.449530906999534,71.44116003283732,82.35723844319897
329.43369867690194,36.21332181063695,71.41911001113681,82.4421870771521
331.84971717686193,29.974545982227973,71.61702131357461,82.2706568980715
330.3382802740624,17.66653688947556,72.10742435718561,82.49209578756508
321.15364248510366,5.4488203258990495,72.9892907760764,82.46662667435669
311.1138464346219,15.979172389002443,73.72317560876962,82.4077080942356
304.0798033330973,32.0864324591156,74.61782075611549,81.66104298177052
299.5525923836111,47.84186095060237,74.99084067024761,81.40114712611143
295.22343966410915,67.72035484681035,75.48652470368145,80.95554683905472
290.2473766902919,79.31812852577336,75.73279494429607,80.6389519228027
286.10846393493875,84.5998840953188,75.09820795881222,81.62783815779117
281.03209809952506,90.13143149971695,74.86464941070707,82.30972702820875
274.93206233262435,96.83161998510604,74.6607343338859,82.66539494408441
263.0034005924396,101.09497359417502,74.68149362214635,82.79609549006588
254.51189350407873,112.71624315291947,74.91316561800417,81.87713523554795
241.0347803556567,114.47831486294012,75.4934493246265,81.28494282980661
208.58152438848714,101.6867725269118,75.9772183147717,81.67051706874203
200.3931714186433,107.46800463784025,76.46362369602141,81.8614571088223
198.3092096570077,96.24620984991509,76.81851010979271,82.17000333307756
205.57262051923877,71.62786852713118,76.88308108126161,82.38537665146092
217.26805975150558,72.46478115124123,77.02197402519766,82.54505462047207
233.46512845776851,75.05104709936226,77.40360991164802,82.90262451262703
235.7501055252323,66.7040425707581,78.1560005313249,83.6149322124351
231.05242795609286,62.31024188440464,79.3532001243531,83.37696003036577
224.7614283398579,76.44214660150229,80.31827496208633,83.1609868924475
219.91178522387264,73.62788013146346,81.60985266682508,83.28447439466386
218.72330128612168,80.63707244221703,82.56229242864825,82.56806313972551
234.78137933364417,77.01468900124544,83.49240910050307,83.31487877346933
238.78971111163472,54.14341803812036,82.64207776023598,85.09216207422202
243.4159843042629,46.14690961111282,81.47517780385076,86.35822022714672
235.6074228280442,45.17640818171239,81.12121109287486,86.97395374573043
228.36700182684203,60.30314433396169,81.4736137807318,86.6618968164553
200.3645206423461,59.29739110947857,82.07356910414619,87.40127200285352
167.00390670288894,75.34796335441524,83.05600804673402,87.48651927294162
157.3304504045231,80.04661661462492,83.50729136388135,87.33754392593004
171.95517573541505,91.58194488974453,84.67545849285813,86.94905138675536
191.87457855594258,114.85346305627226,85.30842519572569,86.1435505610108
216.09654496667628,114.29386029343982,85.34787972566109,85.97887678641708
244.84926974622155,112.10161037070534,86.26711093559531,85.45661818231565
279.4240406510597,107.58542985372033,86.2879519630297,85.34028191410263
287.6168025964862,102.12327763717825,84.8065088995179,85.89499768758768
280.6201875624005,105.21813692568217,83.15442394416858,86.03798114954421
262.8675652366571,112.30553712721313,81.73920011423603,86.09282312602724
244.21117981960947,122.98059279451203,80.98113077746439,86.24719169461281
230.7611938735484,138.97176845158387,80.95128770443327,86.42004328340545
233.28028429542204,150.59206286872956,80.60758955687783,86.88656014559514
228.54451525935866,132.15622464710515,80.96879748146509,86.85128388855586
251.43357664878005,120.86595285509708,80.9467430678908,88.16114495131012
280.31373812432275,82.10909660030174,80.4833661946297,88.67529214927721
299.86408200341685,64.27881567159922,80.42723665805622,89.04189122327512
304.74803281978745,38.46194479391755,80.40996881213839,89.55799315245946
290.5590523078249,39.49168826029137,81.19263950848,88.6502434566487
267.7238241016621,46.10925272961924,82.36518039351432,86.89721130099446
247.5174882943673,57.82450125034882,82.90741841738358,85.08446149230664
238.8128320645256,55.78099774422106,83.0476755317908,84.4092074103314
243.0684826142334,48.43792709971207,82.93011685921509,83.79897044022314
251.09305496771123,60.53280534758925,83.11612163228904,83.3818126151805
247.6829178294887,72.02345634530624,82.98784258476232,83.50827319613985
239.27234517365054,90.12664009942752,82.84446294677218,84.07571958635586
233.6389220474922,108.35793845871571,82.55648674377811,84.21069733168835
235.1062138618114,105.10265931942328,81.57468929900787,84.65869769487244
248.4612032565639,117.97530645497656,81.74584701620624,83.92125806751966
254.71098777054934,100.2305158160526,81.3494788515664,84.38354561332224
269.04035423607894,97.00887734894467,81.27661239014775,84.24764065285572
258.7838134120127,85.66203272009736,81.67523540187261,83.79015295852115
228.0550235993967,75.2433098800395,82.47568630323346,82.83785398370044
198.78349902914005,89.06338213117377,82.74181982822091,83.68778365969274
176.4131685282279,116.48590171645532,84.68778992779849,82.51748393875306
177.26681466016848,124.30732239091051,86.20754091474534,82.07379175703714
180.197393948603,121.88386938680226,87.34171193097826,81.98662600861397
192.1355421455676,128.04578525169828,87.8024237132391,81.94829485222
198.24667302127165,132.51120569222772,87.9640425044798,82.50099472784014
214.51643347896646,153.53872976754008,87.46538349707917,82.42132684673962
195.36094402206623,125.95678563730189,87.5543571136028,82.17522020110748
204.96108072066977,131.82162995580478,88.2707123662143,81.70693764250129
207.04420420910645,142.68771363184135,88.41739906487844,81.48909136113481
197.92804849218658,142.22524933305704,88.56868230047823,80.99061879716496
180.07303291726595,120.91616487002034,88.59240761178285,80.98183007407756
155.5275409672571,91.3953396579035,88.59997803154107,81.18036316870402
132.39834009385385,74.79637058261096,88.39953311908434,80.17368107902924
