1
169.6716,23.9393,27.4644,60.4088
172.1333,23.8298,27.9781,60.6278
172.4303,20.6305,28.7557,60.1690
176.3267,16.4247,29.2330,60.3104
171.3458,16.7356,29.4737,61.0775
171.0553,17.2650,30.0547,61.4227
165.5256,19.5976,29.7601,62.4344
163.5709,19.1624,29.3827,63.3050
161.3858,18.9904,29.4478,63.6489
157.9672,20.6535,29.0793,64.6461
154.1216,19.7413,29.5247,65.0213
153.6327,15.7014,30.5025,65.7889
151.5589,18.9173,30.1779,66.8108
150.7703,19.0842,30.2552,67.9769
151.7367,23.0853,29.8406,69.0839
151.7938,33.1891,31.2533,67.1992
153.7647,29.7909,34.9333,61.8006
152.0456,31.5567,36.8630,59.7775
152.7255,34.6575,37.0143,59.6205
151.0637,37.1710,38.8266,57.6162
148.3461,47.9667,39.7270,57.1867
145.1492,46.3722,43.0808,54.2958
141.5161,51.7943,42.6923,54.1683
134.1735,52.5999,40.6280,55.6024
127.6359,53.6099,40.1056,55.0932
119.1715,69.1777,40.5944,53.8484
117.3528,91.6299,41.2647,53.4527
115.7668,114.7134,41.4596,53.4299
2
0
0
0
0
1
153.0374,87.7716,32.4637,50.9418
152.9463,92.9964,32.6460,48.3246
153.3846,97.7080,31.7693,46.5162
152.2392,103.7711,31.6053,44.2088
152.1305,104.8897,30.6330,43.1615
150.6266,108.4152,30.1669,41.9001
152.8162,113.9002,29.1812,41.1105
150.4115,131.1552,29.5789,39.6893
148.6442,147.4234,28.7616,39.7907
145.7368,163.4439,28.1200,40.0318
2
0
0
0
0
1
157.0344,117.3810,28.4462,35.3979
160.1709,107.2616,28.1968,34.5544
158.4962,122.1213,27.5984,33.4562
157.3144,137.3167,28.0412,32.8373
2
0
0
0
0
1
2
0
0
0
0
1
156.9618,101.5209,35.4028,38.9996
156.4753,97.8100,35.2044,40.5647
155.2665,97.3528,35.2370,40.2866
155.2177,99.3103,35.3347,38.7489
155.4543,100.1403,34.8614,38.2554
155.5020,102.8317,34.7661,37.4771
155.6115,104.3914,34.5472,36.6327
155.7294,106.0010,34.3112,35.6550
156.2477,110.0787,34.3765,34.1104
156.2392,126.9563,34.3935,33.7896
156.3776,144.0293,34.1168,34.0033
2
0
0
0
0
1
158.3102,79.4250,39.8195,63.5235
157.4335,79.3694,41.5730,63.6348
156.9612,79.6188,42.5176,64.7835
156.8113,78.8578,42.8173,66.3056
154.8045,79.3894,43.4140,66.9508
153.9559,80.4419,45.1113,66.5739
153.3088,79.7698,44.6547,67.9182
153.2099,78.8511,44.8525,67.9923
152.8641,79.0953,45.5442,67.5038
152.7490,79.1338,45.7744,67.4268
153.1407,80.4021,46.7654,66.6648
152.8185,80.7150,47.4100,66.0390
152.8727,80.6535,47.3015,66.1621
152.8730,80.7167,47.3008,66.0356
154.0189,80.3043,46.7878,66.8605
155.2250,79.8342,46.1584,67.8007
155.1221,79.8905,46.3641,67.6880
155.1140,79.9917,46.3803,67.4856
154.3530,79.9996,46.1170,67.4699
154.4436,80.2516,45.9358,66.9659
153.3152,80.7146,46.4222,66.0398
153.4765,80.7665,46.0997,65.9361
153.5804,80.4994,45.8917,66.4703
153.8037,80.1543,45.4452,67.1605
154.0760,80.8080,44.9006,67.6180
154.1046,80.9390,44.8435,67.3560
154.3972,81.6126,44.2582,67.7669
154.2519,81.9216,44.5488,67.1489
154.1739,81.8621,44.7048,67.2679
153.9439,81.9460,45.1648,67.1001
153.6135,81.5049,45.8256,66.2228
154.0957,81.0055,44.8613,67.2216
154.3799,80.8519,44.2928,67.5288
154.3212,80.0868,44.4103,67.3075
154.1697,80.1406,44.7133,67.1999
153.6915,81.3391,45.6697,66.5564
153.4023,81.9495,46.2481,65.3356
153.2201,82.8173,46.6123,65.3508
153.1217,83.5254,46.8092,65.6917
152.8555,83.7340,47.3417,65.2744
152.0925,82.6515,47.0999,65.6716
152.3749,81.2117,46.5350,66.7813
152.6541,78.2491,45.9766,67.3743
153.0728,77.4930,45.1391,67.1095
154.1644,74.1504,42.9561,66.7579
151.9994,73.7468,42.1333,65.8475
152.0866,75.7026,41.9589,63.6260
151.5458,62.9714,39.7325,65.9327
148.4239,83.8915,39.3716,65.3722
150.6116,61.4604,38.2697,66.0419
155.9302,77.4083,39.0291,65.0797
155.4212,78.1383,40.0470,63.6198
153.9682,78.9425,41.3310,62.0112
152.8801,85.4774,43.5074,60.2764
152.6260,85.3741,44.0155,60.4830
152.3542,85.9269,44.5590,59.3773
153.0236,85.8853,43.2202,61.0932
151.2449,86.5165,43.5043,61.4675
151.0788,86.6246,43.8366,61.2513
151.3155,86.2416,43.3630,62.0174
151.6082,86.5674,42.7776,63.0186
151.7666,86.5443,42.4609,63.0649
151.8866,86.7244,42.2209,62.7047
152.0657,87.1306,41.8627,61.8922
151.8337,88.2768,42.3267,61.2263
152.0510,88.2873,41.8921,61.2053
151.8668,88.6045,40.6441,62.1874
145.4219,91.9188,42.2604,60.3901
140.9619,97.1510,41.5191,61.1973
141.3373,97.2462,40.7682,61.0069
140.3976,96.5750,41.0528,60.7545
140.5433,96.3273,40.7615,61.2499
140.5402,96.5662,40.7676,60.7721
140.7141,96.4107,40.4200,61.0831
140.8124,96.3689,40.2232,61.1668
142.3025,97.2579,40.4194,60.9769
142.3913,96.5364,40.2418,60.8313
143.5019,96.0037,39.6039,61.8968
143.3499,95.1626,39.9079,61.9902
144.1771,94.8939,39.8488,62.5274
143.5970,93.4236,41.0090,62.2634
143.2782,92.9062,41.6466,61.6805
143.1408,92.6906,41.9215,60.4923
143.7665,90.7809,42.2762,57.8870
143.5999,91.4354,42.6095,56.5780
143.6537,90.8593,42.5019,56.1720
145.5455,91.3727,41.8186,55.1454
145.2585,90.5883,40.8692,55.1907
145.8562,86.7867,39.6737,55.2511
146.0544,86.5632,37.7877,55.6982
146.5731,86.0013,36.7502,55.3566
146.7709,84.1245,36.3545,54.7808
146.9850,85.0949,35.9264,54.2679
150.0356,82.3659,36.8903,52.6608
148.7003,79.3975,38.1561,51.5737
147.4808,75.0059,39.1860,50.4931
146.2278,72.3468,38.8730,50.1735
145.4409,72.4132,39.0474,50.0407
146.5301,72.7869,38.2694,50.6936
146.0112,74.4092,39.3070,51.6418
147.2598,72.5229,38.2388,55.4143
151.2434,71.7098,36.1462,58.5090
151.9073,70.5947,34.8184,60.7394
151.9337,69.6846,34.7656,61.0686
151.6452,65.6037,35.3425,61.7557
146.5025,66.3770,36.5386,61.7240
145.9928,69.3414,37.5580,60.3993
140.8707,71.3593,40.1415,57.8956
136.1286,72.8000,41.9381,56.5518
137.7396,73.3529,41.8097,56.9928
139.2024,73.0953,41.9867,57.5079
139.0038,73.1630,42.3838,57.3726
137.0703,73.7408,43.1179,57.7836
137.0394,73.4878,43.1796,58.2895
133.8603,72.6181,43.1639,60.0289
133.5318,73.2512,43.8207,60.3823
129.4879,77.3266,45.3654,58.7748
128.4487,78.3842,45.8073,58.2960
128.1797,78.6208,46.3451,59.4595
127.6075,78.9117,45.8266,60.5406
127.1926,79.1023,44.9853,61.8304
127.6543,79.7187,44.0619,62.2746
128.8905,77.8756,41.5896,62.6238
129.5141,77.6235,40.3424,61.4954
129.6952,78.7101,39.9801,59.3220
129.9095,77.7060,39.5515,58.2176
129.1469,77.3119,39.5442,57.4730
129.0721,77.2206,39.6937,56.1343
128.6382,75.6980,40.5615,54.6691
128.1043,74.7985,40.1337,54.9725
128.0567,75.1037,40.2290,54.3621
128.0222,75.1836,40.2980,54.2022
127.8830,75.3897,40.5763,53.7901
128.6163,75.8145,40.5921,52.9405
128.3439,75.9526,41.1369,52.6642
129.1335,74.6369,41.0321,52.3469
127.9631,74.7349,41.9050,52.1509
127.8635,72.6130,42.1043,51.9576
127.9003,72.6916,42.0307,51.8004
128.3700,72.2028,42.5670,51.3025
128.1840,72.1589,42.9389,51.3903
