262.5,94.5,16,26
260.8806106898818,91.59123695769506,15.611923884867252,26.220530297713765
261.0447631265541,91.50671970131678,15.283619011522651,26.38956481047033
260.29372381889243,90.34639320440053,14.834442890381359,26.75896306783825
259.5255532882874,89.62872707906473,14.426034945033656,26.897795980804673
259.3024126146195,88.26572102845627,14.22899951094806,27.05054095633613
256.8360984805819,87.81961682448943,14.024153599161144,27.300565091787064
254.56649545483012,85.58056161664219,14.06703704778095,27.28235290459778
254.20902230991678,83.63690327508247,14.139179844217816,27.312848627378333
251.9127840095813,80.89638996115286,14.220200533336083,27.63792564203442
251.84284602021773,78.04763365155864,14.360076512063165,28.130147835665397
249.47177890533024,76.89866347822107,14.48014989587109,28.44720496264037
247.42665166125212,74.58669809102553,14.56831016567028,29.069041518674386
247.69689365982987,73.69514944704135,14.705476728904472,29.496837685863408
244.9381449747918,71.42528485477902,14.732678529929515,29.918845193599726
244.74310715444878,71.44528488072362,15.122754170615584,29.878845141710528
242.2516501705967,68.78275222443442,15.211988929733497,30.310231245702685
242.14164784290713,68.74902226135157,15.431993585112604,30.37769117186839
239.30806533807302,65.54789683744131,15.405166910697883,31.085950335605897
238.07253754965413,64.6532010466345,15.711250715147886,31.43202740229437
234.94965100713125,64.04493034632483,16.100852177222173,31.916547350042293
234.43741594791567,62.58202550988405,16.379467758650367,32.60479341191496
231.28219929020034,59.935192007135626,16.603880326315803,33.33394485658789
230.72959665053727,59.40281248119028,16.933774873241397,33.623393176078054
229.13291299969083,56.148745357748645,16.986119918920952,34.634738474937976
229.34036932852612,55.50845607961446,17.372168396808487,35.11435589564824
229.26538898574623,52.23978740557512,17.522129082368284,35.94901796856304
228.65466156848473,51.365685211731716,17.91411310599086,36.03828073444895
227.65623107868547,48.617573732766225,18.235827783088105,36.50906478487617
227.55123738940893,48.570904220789956,18.445815161641203,36.60240380882872
224.40884657675622,45.02804948259255,18.74537808725041,36.84786334271358
223.85340338273699,44.47276997576199,18.99246183567327,37.09461971675909
220.55406347955514,40.755969009520825,19.489351561323303,37.55474727128294
220.33220300797774,39.866971328680556,19.93307250447811,37.5587453503926
216.99508656444164,37.80569139952122,20.344526727146963,38.102574543337916
216.3410869836704,35.286816594723376,20.74278205252152,38.591604972094295
216.023132800885,34.805286229922196,21.37869041809231,38.63089573633981
212.7781791824557,31.046769035683127,21.32206882562218,39.60140129548917
212.7292702378888,29.364429292206168,21.419886714755915,40.120379619846545
209.11466032881054,26.40958991279242,21.943900844299517,40.2827392170058
206.45616714463497,26.174891719778483,22.41463905764573,40.75213560303367
206.16099849464254,23.758588784407557,23.004976357630582,40.663654562706796
203.80072628364206,23.758655467903836,23.75365002469151,40.66352119571424
203.89694784158306,23.381832474521904,24.566874524764795,40.411499566522856
203.63426174993643,22.7398788996351,25.09224670805806,40.679759274061254
203.29536733285093,20.742237912219863,25.77003554222902,40.5611132558206
202.92546419604034,20.121073662503832,26.509841815850244,40.76536963490295
202.5775790778171,19.569478073894587,27.205612052296694,40.815071758589326
202.92917142388066,20.03434813349886,27.568245601340717,40.951149880551924
204.30660005636196,19.41488925994649,28.035051794760157,41.11617980819598
206.18123280584865,21.092710236960396,28.622241228684373,41.01287905384137
206.54503401872427,20.301049340463823,28.986906192439314,41.50393345732828
206.95499785857803,20.07364926650647,29.272686537767193,41.95873360524298
207.34609512329547,19.302761069517608,29.60779029043291,42.38321171712012
209.615191659435,18.36074894735617,28.457332029257252,44.26723596144299
211.34835928630233,17.498431430125684,27.267962716595214,45.991870995903966
213.77440895226957,18.43727204544886,28.13705899185971,44.11418976525761
213.71646940345025,19.21273058631659,28.252938089498326,42.56327268352216
213.69480437789775,19.942199140048334,28.29626814060331,41.104335576058666
215.61350336497813,20.47488094098471,27.723649771983297,40.03897197418591
219.83574323152754,21.761367694171938,27.78087274045808,38.52871130550817
219.90335879384105,23.938232456668494,27.645641615831078,37.297413262904385
222.6165022185621,37.65939679996349,27.318843119956156,36.37242401486351
224.28678781920672,53.02636887600933,26.979698454377296,35.652745219875534
232.93057734946436,61.51673976778419,25.43565022146726,36.3834756173817
244.87676798904374,79.99035726113084,25.785906346176045,35.31534398841234
266.9285103833269,68.66101679872477,25.809960022609086,33.991667051811774
275.18462089785675,57.67583525016296,24.330568314334343,34.35233800030701
280.5066426915622,47.413377291180836,23.814939685074123,33.699659005774315
276.3468312294833,61.83733220228329,23.11064904458337,33.72827259044474
273.9710731978909,76.65809067111448,23.406223815738183,32.604779921774956
271.9467735268607,90.48662203202448,23.059401726112842,32.19933007640664
270.11445596705613,104.35193375422548,23.25509594585448,31.352998605977184
269.16843426075064,118.0179439672478,23.431933636780588,30.606666866046822
268.51745126215155,131.21763022270972,23.03565097609253,30.530148552361453
266.1843244940014,144.96017258142336,22.65296899905193,29.97271990608536
265.1781890575143,157.96021773056816,22.185006602547876,29.601706725736424
263.77367647088084,170.7039330200992,21.740251072587558,29.33107659668635
262.75902003184433,183.73671389550134,21.363417370659246,28.931078365896393
261.39539457437945,196.37140094498022,21.721284425676803,28.145337486030886
259.9882203572586,208.6733337951788,21.400951455605167,27.835252669061095
258.5517719012327,220.88833415653832,21.17898313778595,27.390457477842684
256.1417020107037,232.9342165664046,20.6559686975612,26.961232780933884
253.77317889026,244.9813380386018,20.155391999043584,26.810408988105323
252.63346858735173,258.6979474095978,20.2215318320946,25.936559519299394
251.56611262149727,270.1859954319849,20.179729295932578,25.45111297585754
250.0333096451853,281.9744262157204,20.375750472282068,24.830929618581877
248.24546736301247,293.20879229719003,20.39617804861707,24.40479078130875
246.92029666784842,304.26015945103757,20.227236791352354,24.151496992457655
245.48038699949842,315.32822989137406,20.31427902913239,23.659378628414377
244.23377600736293,326.2248015495966,20.039511205130932,23.318156326080874
243.73499553824263,337.20527522517193,19.67245275320452,23.191119217601525
243.05557885943384,347.6435454772613,19.007941974871798,23.22246811824284
242.6677723766924,348.4259565575708,18.455120232653545,23.148086884858383
241.9630795780532,348.4410786879488,17.90212873621706,23.117842624102387
241.2473329237569,348.4930495330797,17.399591031400412,23.013900933840567
240.5297107724466,348.56020434331316,16.930148070163227,22.879591313373695
239.7803736720193,348.69589380467704,16.55330527625294,22.608212390645964
239.04154834137836,348.8271342222313,16.186342353891124,22.345731555537437
238.2949670684116,348.98352247548104,15.86491574909727,22.032955049037955
237.55208258941488,349.1564819349611,15.566172358778484,21.68703613007774
236.83224290443388,349.30183649799034,15.251806763073862,21.39632700401935
236.12340224256658,349.44196577496103,14.94417481292062,21.116068450077954
235.40050613719822,349.6181133032441,14.692583240068089,20.763773393511777
234.70008123461602,349.7713799734679,14.424480064049547,20.457240053064233
233.99995786330464,349.94239576056765,14.182944662712469,20.115208478864737
233.31917571958255,350.08822973251387,13.930194507795708,19.82354053497232
232.64141697453294,350.2455517700793,13.697135557321724,19.50889645984142
231.96257272291803,350.40901977772035,13.492053669080084,19.181960444559305
231.30303254734838,350.5593343427891,13.273342417828985,18.881331314421764
230.64558750282052,350.7050470298988,13.074901092780738,18.589905940202392
230.002303302936,350.8471511353753,12.871177626351571,18.305697729249353
229.3517747786817,350.991685648991,12.704916414818783,18.016628702017975
228.71730522301522,351.1250499720941,12.527877666145939,17.749900055811896
228.09192875973423,351.2536871424961,12.35351309381748,17.492625715007797
227.46565494422168,351.38337253817417,12.20124235650607,17.23325492365171
226.8564681006987,351.50213190017826,12.034099428058056,16.995736199643503
226.24368614822544,351.62810794116115,11.893192196119795,16.7437841176777
225.6420476406772,351.7451846462333,11.748401917639745,16.509630707533393
225.04713657208825,351.8599873997568,11.60794487643992,16.280025200486392
224.44738157183843,351.97700761488034,11.494543453492735,16.045984770239276
223.85930647841994,352.08429726327785,11.374015978473743,15.831405473444281
223.06170107722258,352.19346585898194,11.261259577827103,15.613068282036176
222.48070589161435,352.2986136723371,11.157765099312451,15.402772655325796
221.91473454717655,352.4006916931879,11.038892264846073,15.198616613624134
221.36207070674598,352.4969887592645,10.908553345340101,15.006022481470959
220.81982424384654,352.5846986194452,10.772567597791632,14.830602761109624
220.2842067529919,352.6728328663407,10.63800831616294,14.654334267318625
219.75399965745632,352.7590660005722,10.507281038624043,14.481867998855547
219.22842472707435,352.8435118804632,10.381580378386763,14.312976239073558
218.712709683997,352.91689023436544,10.250040524235661,14.166219531269096
218.2012316461386,352.98970279040867,10.123187884588638,14.020594419182654
217.6949176721864,353.0671065952594,9.99888615433356,13.86578680948114
217.18843156112098,353.1464438794696,9.888099828508487,13.707112241060775
216.68343668418242,353.2242335433938,9.787011511217973,13.551532913212464
216.1836728462987,353.2998983151158,9.687522581650859,13.400203369768427
215.69070765990733,353.3735671801657,9.58622571558566,13.25286563966854
215.20224002967285,353.44505739035793,9.48763068795436,13.109885219284134
214.71535093736307,353.5137545755272,9.397244119667779,12.972490848945606
214.23149013089397,353.5842522703062,9.31150775936027,12.831495459387613
213.7578713544732,353.6509869615666,9.215928892893162,12.698026076866814
213.28858177260926,353.71613267801416,9.122475792314539,12.567734643971674
