228.5,236.5,80,64
228.52912128798891,233.68428466387985,81.20597169244567,64.10300213539335
230.50621556128834,233.48730364116273,81.82051154329804,64.49696418082762
232.55338421776793,242.2369983359436,82.32651655306253,65.39894408216037
232.21992608427112,251.41106199943215,82.99343282005616,65.6313268831768
227.88375673920308,251.3440077989689,82.3195657508792,65.76543528410333
227.3776208978708,243.63670807183345,83.33183743354374,64.88122361767687
226.7539401785297,231.064518040245,84.57919887222594,64.4006836873534
225.57264162643264,222.8095153515216,84.60104233584778,64.52541358079375
225.69266310060806,240.83076925681425,84.36099938749692,63.62973552527495
221.08948920830917,260.9618940340918,84.26799148616858,62.88974763590583
220.85977440643512,265.6506009645108,84.72742108991667,62.75762586366191
222.47121527188767,250.92066749760775,86.13683518795675,62.107569909324255
227.37514352398065,227.63097050904477,87.96336713517469,62.149410080834436
228.73616544717737,217.75099297922213,87.59654950505094,63.067555410322186
230.30769000970488,232.13156398848668,86.81828923542044,62.683879656886944
239.19494189271825,240.81020159031493,87.81724881694551,64.10006780078223
248.11834919162672,231.39069306725503,89.05122433681737,63.85829472921317
247.10708620206736,214.20175302915376,88.67391100003817,64.6384243828448
231.60867126799315,207.12249546821283,88.38054129054885,64.3553089304323
205.07726774076028,215.7553456912566,88.69090867581995,63.8744756518158
181.61558238147927,226.19514604296094,87.72137734056233,64.54668087262594
196.12600832103402,236.40846906243377,89.78312195283209,65.63875548155819
225.71061208321072,245.43581462177028,89.17857190865323,64.66542279460275
233.3581805710609,246.52563084110625,88.37366963198502,64.90082947243613
212.6818375326169,246.4852585073827,88.81270940966203,64.98157413988326
187.18875497153618,243.3462084033576,89.09065548670158,64.01564305577324
167.84564137522236,233.29091755706196,89.32847902702746,64.90202292221363
162.6057793850365,236.86853098994413,87.70220536899296,65.01039463949301
178.80003216822544,239.27260143277758,88.88956693216427,64.99880620090455
197.95280340613684,233.4025493901048,89.24205293012626,64.65827638819235
199.40859907731942,222.77603836028976,88.74634619656553,64.16833696858262
192.37214481804546,218.0360836100577,88.41735742144957,64.04698160660422
192.53188791612573,226.14485900613232,88.09787122528907,64.5827600349868
201.92747076039817,224.95008438886913,88.48494151137645,64.57502977268413
211.3929224090587,217.6389232411147,88.77827481906269,64.7791746144375
211.46557066895917,215.46580066831916,88.63297829926174,64.30375403517853
204.1579615586553,221.2773827300458,86.44244471129856,64.68469834641883
205.64415960642833,245.1637219675826,85.84382935846295,62.01385398284356
213.1129185993349,270.92264213201656,87.1525751884804,61.555699932300456
214.29799429261914,270.05028533141314,87.11559716798402,63.30041353350727
205.71665435113067,261.31339675589294,87.74902367934877,64.24493731293543
191.43195214043828,261.23895115838997,87.6811460288748,64.39382850794141
182.04333732283862,269.03215041391684,87.35556375755414,65.52239041509272
182.24304306291305,275.127310842618,86.95615227740532,65.33897464508959
192.04695951985505,274.8256873875096,88.87902541867788,65.94222155530636
208.8715167569784,277.0180532672014,89.2699521284283,66.42035282220796
216.49478004322665,283.2991866676944,88.69465902575786,66.08411391274373
216.56309540569825,275.35505477988545,88.55802830081466,64.95572561653518
215.12963954410674,258.93130941427916,89.01455445812272,64.05781842549732
226.2158492367951,240.5854031529151,90.86779027560426,64.71114814393812
243.3115335880036,239.67963069404877,90.85588203463044,64.08130302871047
257.5758818588178,251.3962636732939,91.49715204425263,64.95634252959563
256.31374894066784,254.7318801999522,89.11150670031468,65.64997624663594
231.51189905233338,251.58730560312466,90.1116624177147,64.64859383140072
206.87290872978704,241.64525425857587,90.81147617066398,65.10142976364098
196.9838975112872,232.72359760490582,91.01380680160673,65.81601274068123
204.67135222098526,236.34313754717613,90.40956843130033,65.96226838068552
213.3622878560942,244.83376172836762,90.21278985555571,66.16611271277579
224.00568268214496,245.89883679061256,91.02433156755939,66.49133273985309
232.61534763684296,236.24763165029213,91.1162014532798,66.00951468321794
232.28175603542968,224.26280752578424,91.78338465610635,65.31405312265348
231.5776227861199,222.92580876698779,90.7264705524684,65.52287003798882
238.0489362871757,221.87597070655562,90.04686183166322,65.1699425025918
256.10547107126365,217.06901712561933,90.48126089101646,65.03785803045665
275.512850824662,214.64659663218976,90.72109495983278,65.0008748203642
282.0030100198173,217.77316975372509,89.9604649934194,66.07954163163183
279.92742611861263,235.86239748956112,89.21139710816284,66.65285381745338
261.9271756769517,245.27718624194256,88.49010334164409,67.4082334592722
253.687200284494,245.3195415517322,87.82373928450343,67.32352283969294
261.41219764952626,228.60324666641458,89.43922590201372,66.62514991517844
269.58162908323084,220.16144557914893,90.25829305720714,66.35082206710725
272.6232644173764,219.83615800107034,89.09320328631689,67.00139722326442
273.19819456223325,210.36613393605916,90.39536320120044,66.32528371650866
262.1561025565753,182.71702543632847,92.7935175348931,67.48691910250622
237.18231504341588,172.80434633670495,92.41662004577412,67.18248829557817
213.676643472706,171.97282824628473,91.82335628883487,66.34001885018913
202.66730165736732,170.8635623615177,91.49804404915382,66.07588441190565
206.77263666426543,169.4390842853233,90.70755073401581,66.45144833140836
217.0552783232086,160.86646505650523,89.88278217391814,66.32373637597942
224.2031822324886,153.26921555145748,90.30461896752004,66.80059077391311
228.30471203018234,168.06644023258923,89.5030576768656,66.81213463058188
228.5970668425324,186.4652244672288,88.91834805216547,66.84202711226538
221.45117701662716,195.9519540773759,88.52961437006043,67.4425856705253
220.37313473153057,205.18961747191884,88.23506227584926,68.57235219667439
209.0894348089471,204.4957466736029,88.62151385736743,67.49554398623417
190.2620836541267,194.62235370976583,89.48268106568521,67.61911119320274
183.1999986557599,184.7182540042811,88.79856839125863,67.68293370929203
192.32780440906959,165.86666051996593,92.67089936756821,66.04755626382651
213.0447937559591,169.1309978282426,93.57876645166407,66.99097207866284
237.01237530827302,200.041936910098,88.48319582211944,68.16849461360383
247.2013628287799,233.3525335147479,85.33757170200876,68.0149406706445
245.47287513654248,244.12306975688287,86.38340185152802,68.17417530097528
236.47564069304576,240.96694588615125,87.36961481582158,67.19717050413858
225.5804350533162,222.62367248186126,89.72854929269809,67.449698307876
224.03457666357792,210.47329172946505,90.35124216740118,67.06022076493402
224.1451173205103,210.27896529343778,90.13016085353645,67.44887363698855
229.38172947251527,210.08560200762145,89.5574356456629,67.8356002086212
238.717586269147,208.94924798955367,90.66749962711339,67.63558604791749
238.2809426126279,195.5780154655268,91.54078694015159,67.02812597289488
228.39122949176,194.3398225817392,91.40279124694032,67.01483399860163
217.54501832980884,203.5654439645059,90.70893662618992,68.46250407275954
218.6850835982695,220.72236060210707,90.92931488956523,69.15579400171032
250.33044319549185,223.63909958773974,90.51831890350653,68.3526938871158
282.451834111662,214.6565941526208,91.16661298437428,68.84703047302845
281.2864965590999,204.55278410362902,90.98352412372411,68.94453884481669
255.75789068051716,206.4157456047955,94.30197191372949,67.73118236707114
229.06423760222162,216.18431588284244,94.28393370644766,68.53893490197648
215.5438129714552,216.45137678150775,93.20753017058435,68.00481310464588
213.40448403281744,206.8346121201006,92.42416951447049,66.99026829390246
212.33459224409597,195.47635155336067,92.06149018957558,67.18462330634179
214.9762878614103,196.85221855574903,91.77840126209026,66.93304045513675
217.65275199658242,209.0179708060084,91.40892244199051,67.5187832058405
245.6220010720998,219.04281834902474,92.8719668295256,67.43484204626688
283.74048315616767,219.93488420780994,92.13176210546406,68.16726897683233
291.2398658248601,215.1481205358674,92.23698775358538,67.67146899704662
269.6390802129865,206.2300072209422,95.26570047123766,67.93207003048049
215.69452743466053,195.5728979271271,95.59213961161232,66.1971458146227
151.04925310485459,185.83426547551585,95.47896932153645,67.91311596004493
130.145201992408,183.17723067261764,93.70021775280134,68.09932041364982
139.8649140644209,182.80834383241205,94.58109627051918,68.83709409406097
159.78599153457134,182.65739619069504,93.22172610762878,69.13898937749502
164.36243946796864,181.17435818731167,91.71829071215491,69.55524522715484
174.43003694114265,181.17654430131162,91.85300006976183,69.55087299915492
193.2059770825365,172.2842439349326,92.33691747763761,69.58543480960341
204.25381871474107,173.36337106869084,93.13415304281294,69.9708381898185
213.03038836433672,190.49894223585528,93.51570603355492,69.00698153679417
216.3596850384962,197.91644812371044,91.9613657208059,69.48472886779368
225.33125733427406,197.59545444788597,91.77225696974818,70.12671621944264
227.01374024230725,188.7273350450231,90.951178128899,70.05574619864771
235.96488156541847,188.42096326841755,90.76028350630637,70.66848975185886
235.3436212649316,198.22577461687075,89.46554605661476,71.35693146027465
234.48088003663398,200.81817627371447,88.66240809710172,71.22936897880378
252.5308195634128,203.61343151107613,90.276074530985,70.66733123573927
270.6330614057375,218.95237272098674,92.01910963155791,70.34746384409591
278.92903628104943,247.8731364037139,90.73468076262475,68.63351304484078
279.2002772707471,266.2529355873371,90.19219878322941,69.42933404837024
277.7612830949505,278.72721425863386,90.56178426320562,69.56480542194679
278.086830909067,286.3996735329677,89.91068863497259,69.31740427856224
276.75908040727865,276.11965185575264,90.06390896353786,69.85920223290108
277.9796813756111,266.0142861078386,90.13615126431074,69.96237982922705
277.9773036800155,256.364259318229,90.14090665550188,69.13261207158011
274.5709894299528,228.56028626859103,91.94796775167337,67.17653302538602
278.27659923184314,197.54437043058323,92.03163336563888,69.24928295943208
276.3585611999329,196.26192786574478,90.80068147937787,69.28065411406831
269.5817198672216,232.8351246036937,86.74751172131116,69.07693496405489
259.3743567300329,269.89841368387084,82.66243273299769,70.89975311804247
254.37199374865756,298.1016127270486,85.41757513878889,70.07349563504303
249.18976942421727,297.2063975161433,85.99924057537443,69.4182302537798
238.304402518195,262.7118833749797,88.2176983306762,69.97429233750721
227.5961323670264,254.02872291264507,89.7376990639436,69.93114113924044
218.90311648098543,261.48712118376517,89.55632971732018,70.07211698446187
218.73167436493893,251.2817661680038,89.8992139494132,70.40964408245927
218.4622613020922,233.6121246787403,90.43804007510664,70.47060197892593
220.98712831557918,228.8182255889002,90.44653027026575,69.94195171434012
230.97636979123442,228.61611828215206,90.63314655542712,70.34616632783637
235.9663683066483,219.61466021881014,90.77342786156592,70.63859536482887
233.3774275850596,194.39320443189453,90.87736409859622,70.34205487718896
224.48013339179576,165.06932841531676,90.935812571751,70.71391862354788
224.81877613581193,163.66271441160941,90.25852708371866,70.98646617326614
230.67444916456077,173.53536545907332,91.22094561324039,71.51918741756927
240.70279061540435,183.5743677713031,91.629360783647,71.90628086520367
243.7646333624102,183.67137447777708,90.64703072738251,71.71226745225565
233.58030493465304,183.7784886916234,90.59577760120247,71.49803902456304
212.6305022165489,183.96426701268433,91.72377673272925,71.12648238244115
190.82505362814393,180.88594669918032,91.82423413271476,69.60481010765663
183.44594613094762,172.43680210456682,91.3654759340611,68.74996390499625
199.73349937905277,159.91267445360396,94.00326856337873,68.64614840297342
212.3186608959516,139.05271873140003,94.36908973036518,69.50822912612676
211.08223031981657,119.5688991812466,94.2686406150423,69.87621421253911
205.90802344341546,119.59606676290743,91.72798908344564,69.82187904921747
206.0094987537102,138.9334510207621,91.5250384628562,69.22068520083826
214.90912869536996,146.19382590849307,91.4030825790997,69.85191028214464
224.70301502788027,139.91239577624114,92.08549071253819,69.74590754761158
233.74658194084006,139.8431399889862,91.79549443622322,69.88441912212147
234.5028594864196,147.40341260826,90.28293934506414,70.00560389431377
233.5575042506602,166.7858356194404,89.65447543375491,69.02837361437379
225.72085025698817,196.2460650411915,90.36582780418894,67.46207796902674
214.2530120501885,213.30295159447377,90.9911579240378,68.0532879860742
207.3692748118532,211.89866570636818,89.76993452791386,68.36374345015297
207.0440971173817,192.20012925347788,90.4202899168568,68.0074812114068
198.25354490393096,155.3881738716263,90.58066178789451,69.45978567224564
184.11897105022007,114.87005726758761,91.18668962408273,70.02148834582552
184.19677636782959,101.39736285657358,91.03107898886373,69.10128695507302
193.3721759792084,122.19293751413457,90.29123472522872,67.76374897508845
208.17985955964474,147.24109703808534,90.46858298901974,67.32195563495969
228.7965668487287,156.48722605511,91.36452498952251,68.65527716734361
248.21046276472356,156.51552284195878,90.24140526672832,68.59868359364609
245.84856599015652,148.0635665957365,89.97398481249395,68.0333470743012
242.6529789773275,139.14038306203184,88.91825922849696,68.50361505251557
245.2524324942068,148.97386974708866,88.66708767488362,68.62758360298298
245.53071893234437,158.76404110286902,88.11051479860853,68.82364595376761
237.21079108815778,161.5333140528417,87.48323444684473,68.21856749386139
232.63021543231184,170.81169358379958,86.85518455734031,69.24021083433806
232.60997704912754,180.6260050068526,86.89566132370892,69.24582063244972
235.0723862959777,180.6116083172773,86.88082379930346,69.27461401160036
243.2597950491563,180.84700223628403,87.69261654489483,68.80382617358688
250.22628734257503,172.3877576433772,88.51974563956988,68.50218273096925
250.1702743576841,157.82154856470763,88.63177160935172,68.02150784659534
246.271253883872,173.100598561042,86.58326386929838,67.00305391695933
240.262741996381,218.55997303614828,86.53147085811614,65.3935491843617
244.00258702185408,256.1246976244448,86.21195162475011,66.6392553952904
252.86432476671243,270.40856702078787,87.70581134688115,66.89751942037591
264.05820605158544,275.0578627706309,87.18065831051504,67.3156432688587
256.22681235006905,257.63123390543376,88.27556926120191,68.1771892771126
245.1097107292051,239.20345854534466,88.3811553243375,68.15171136630347
245.29137048299205,249.12293214812667,88.0178358167636,67.99222647770424
259.55227260184193,267.57885182097516,88.91746476864067,67.85717861897835
266.21290582060635,267.21449997061563,87.91278120756294,68.5858823196973
264.03509053194875,256.33223479537145,87.34872579471191,68.21182571443755
253.77633941315122,243.60261986250322,88.30515749330092,66.7745835890407
246.18693782120528,238.75322300991172,86.42979576494437,66.72814020151029
252.87822805641684,233.0236305121919,87.48886704732641,66.15261540294573
264.2534673778867,214.29325391776422,88.87550073126151,67.40770010148887
264.3021081557761,191.57273159923147,88.77821917548263,66.19726671254949
261.2386611629227,185.5183106047524,87.60289279278733,66.13574142083738
261.40633934991695,205.82113883948827,87.26753641879878,64.1728523912475
262.23451781647896,231.9677683405638,87.9891244330132,64.19438223054183
261.84183101232725,231.33503289801487,86.38524231245725,65.45985311563963
245.29125217367545,216.709026628484,88.4738851324215,66.0849288633111
233.51981024560993,206.84552384695473,87.74072477618978,66.39109905647938
225.61369048686043,219.40098918618588,86.60285308663528,65.49461295952202
228.87813828264132,254.44720274486778,84.85288178886194,67.08605024898594
239.06950351109862,271.32968183413215,85.96796466922777,66.76213503956002
243.30934720184615,254.19661807111748,87.09003532299286,65.02166993336347
231.58892243773528,217.37781425870315,89.02854298752314,64.59565558325485
224.83970733646285,207.34502735428657,88.05726995383549,65.36829174377803
249.47986632413145,216.89837581063688,89.37722040937132,65.5378875666481
278.9403257030365,224.49193846367768,88.83331904552824,64.94501660905816
294.79723809918363,206.1043076201016,90.92095657560492,65.50442580795568
273.97707906164726,179.8030638112052,93.27729174156997,66.54668585754477
233.51047924286192,171.15555008539724,93.9513873923841,66.28503431205766
195.54755321873844,182.3397414088546,91.94363126365545,66.54253791007137
176.7323122016328,191.00390825364212,89.76902099897703,66.62893210126052
176.96203704709387,180.1668386780954,89.30957130805493,66.19717200838863
178.35472804855144,163.31858529828077,88.96634300462944,65.70352697516222
197.5113895401774,162.31373847044662,89.51460116421501,65.28437180940318
234.2672731136118,162.60893717489944,88.91188548123901,64.69397440049755
260.1326318398369,153.5632010247187,87.82186886410078,65.90521308908839
259.8997462372751,152.25194134539544,85.87289981521624,66.11299219372668
240.8212779509752,161.27429587544316,85.81517806039784,64.78719615187664
219.33478030329755,161.79955117858458,86.20189689090438,63.73668554559377
200.34664340841712,169.74047980723662,86.50453370667289,64.33704446441133
190.54706935305228,189.04524487370486,87.15139032513032,63.63209731601938
182.5732875386184,206.16742451339454,86.52778019080267,64.89739610063015
164.54211967129282,206.4079044851087,86.91174014435492,64.41643615720184
145.77431614229363,190.0071801121194,86.42288114808949,66.32300623409101
144.75827990726026,171.6590763887982,86.05471881092674,67.01569157229184
169.55735507507063,180.10238088276213,86.98029066006194,66.97032331261593
192.7830527237318,200.67464573368738,86.49548067518386,66.95379099558394
200.58354175609702,228.77194892209457,85.364223332134,66.22644738521194
196.59087001503758,236.92911513752176,83.81959138951018,66.58957194765728
186.78932910548838,227.0701382351538,84.50459585352202,67.3894483973066
177.19241534597003,217.56416781579694,84.59256010868033,67.29552597214195
177.794425694576,218.81744749579286,83.38853941146839,67.1770242913951
192.3982284272841,226.95696656828977,84.96067916402515,67.4716951099251
225.82721843661034,227.62834614223556,85.20628553015811,66.12893596203355
264.48384323548794,218.36343761740164,86.38330752952776,65.63080838209531
293.12480875858364,198.8901982595698,86.4215285611697,66.36385237920348
292.52964945209754,198.92689912909702,85.21096719020106,66.290450640149
267.3037360361864,218.31393185787624,85.65773815506077,65.61547536694289
257.19062553232044,227.51229156543394,84.49075756284256,66.23493515178325
249.15597225385238,217.99788919552992,83.9751298274883,66.30952927183098
236.51257871203296,192.11022981193605,85.63595377121342,68.47032544519979
211.87510283189835,176.70666959264645,86.44883074958281,67.7770972755442
191.39114909601454,178.262176792659,86.20362446173824,67.09038368490802
193.03378396284876,205.20209825675752,85.32773787474395,63.807586836868026
218.23963562176164,238.47094681093563,81.7653731030085,65.20143062034275
253.68794041451582,250.3438283494297,82.50232477976353,64.5632679505363
244.0502538064446,241.5255883267052,83.28424134242977,66.0179734241938
220.84738950421334,223.26699466594425,85.09161164600907,67.32593050817627
201.64836999524746,213.76042783816766,85.15050670653807,67.16949218502809
209.43750308701317,223.22823007031263,86.33414733736414,67.39035265143244
237.58475640135265,247.1625741775341,88.0298436759563,65.43057511941245
275.38540318837994,255.65004374649206,87.14286798928497,65.32661098832493
282.7490766658247,240.12370403497823,86.78516936002632,65.24505237248567
265.76129895886413,221.43701334897335,87.32646316354621,66.79601059049419
244.15903746967444,207.9288767841625,86.93973716392499,67.17318712244884
235.9689734979642,197.07850749318666,86.36600950088703,67.07611135323965
263.6639648090031,206.70320828202745,86.4435851102754,67.11977350824196
284.59182251990967,216.26200151026322,85.61786579700947,67.3104205146161
267.078035502056,207.88406693757418,86.98942076844435,67.238280127858
240.59405481774382,189.3377837926701,86.63381751525469,67.97387053915648
241.07693874968174,186.03151981111944,85.66804965137888,67.29541027574422
260.08502432757075,185.14355480381425,86.12428556733605,66.66681484837113
278.63587833634983,184.09735615329618,85.041724354188,66.35793569577996
270.5268390296641,174.13822657984707,84.60187857887497,67.23856696989591
252.5160811949494,162.83095098992794,84.81424847481259,65.9803543007396
251.96465061604633,168.87066372029048,83.54702653252087,65.75134434050369
255.56238028576738,178.0686359171741,83.39249583243719,66.13120965169239
262.48291051840954,177.88558178659093,83.6561043516142,66.4973179128587
272.51971517646587,167.85037637264696,84.82931509266191,65.3209086835864
286.8323953991442,167.43263973314842,84.51886321436993,66.15638196258344
297.4814024247594,188.27103774135986,84.5367128319472,64.74288398724158
305.1806663923279,207.18035956376877,85.55799819728546,64.45524217208165
297.8127971240534,207.00757250429962,83.79780044281716,64.80081629102
294.44105115378875,198.52009893603952,83.53524205191417,65.42831265419844
281.27119164233255,194.12964189268203,84.11795320358897,64.8430420604634
233.4388759977863,194.98484760231128,86.14547770435586,65.47355831091309
192.06761752376275,210.16695662324574,85.51285681920429,66.07724860708936
201.2830933954507,209.95379910788043,88.52292411194958,66.50356363781998
229.4279380607119,189.70017159844093,88.24278063412743,68.04765632438574
242.33520745414236,180.15158406671682,86.98948686060324,67.49583537716457
240.8382147625391,180.34635728626662,85.12748669784074,67.10628893806495
222.95706319578488,188.91766741540863,84.99210246990387,66.71592278178875
229.54206632048314,206.73781741688816,86.13068457058823,66.84709365403171
261.11627261458864,214.65016365225006,85.49430827396571,65.44825571213603
287.82803911205224,195.94287784625317,86.62221775053162,67.2857996253299
304.44398957324495,177.83375152214472,87.25577621831309,67.21963149836805
304.773131926756,162.5133321656242,86.59749151129101,66.30215779457876
286.57864728513977,171.21765808626515,86.94806629005987,65.71142338871317
280.84869252341133,202.8749541862204,84.01839217977525,64.75169360168243
298.3515045267342,222.8341736219371,86.41947374165255,64.57787939680478
325.331061825698,206.25712453745706,87.0090843126677,66.9000894267972
335.0620201341556,184.76737146374526,86.89588015407608,66.34499254299276
325.7285826459087,177.57343656309826,86.300269618084,66.28599820992243
307.25070561926265,189.56614690693652,87.28962298527597,66.27817797964605
293.65785991901623,198.66070588420962,85.52261652379465,67.39085859974924
294.13757876009544,200.02509478469656,84.56317884163629,67.06593105488896
294.4144912056447,196.74149881265242,84.00935395053777,66.48147673736793
289.95126893340756,188.51417811364203,83.47214955529498,66.37473249088396
288.8689514864563,187.60870302662872,83.2808343232256,65.82973253893856
287.7281793630797,184.16265161106398,83.21820455417361,65.68931332265225
280.98072530995927,182.9180115441988,82.66750347764945,65.83765859258845
271.7301051667522,182.75297232918348,82.48949235372545,66.16773702261912
268.3634318975088,189.65631625792275,82.21025359992026,66.38621974972443
268.2837783083984,190.72559875350535,82.36956077814108,66.58443721898993
268.15252913384614,198.82352110744424,82.63205912724557,66.78565169048568
268.32430856699904,198.73946399949278,82.28850026093978,66.95376590638858
283.90384433613065,207.60263482505565,83.98978322788986,68.00476968681336
294.2909554576003,215.73390370099935,84.72829185409306,68.47435594425905
291.06919762140257,223.09956600796596,83.9440780971677,68.1984901889675
276.7619858503278,222.49565132464818,83.84566920227012,67.01358351918245
266.84291734703737,210.6820970313664,84.70751451961561,66.920327494202
268.3276318921016,210.52645492686918,84.12181447626277,67.23161170319648
286.6791184576684,218.69664642806927,85.49572598037196,67.54986572871498
280.6744928585849,219.08701354443474,85.47487263288392,66.76913149598403
236.30080994542843,218.4145066930736,85.6806889254013,65.72113034644154
218.33129476854594,209.88708346048128,85.9332905200657,66.12231005737928
234.68331614811947,200.1722493939893,86.68210810638156,66.43605799295592
242.36565036603264,197.77423464216002,85.75364474643729,66.42001913798708
245.03334986349074,197.4004186394828,85.20143667959061,67.16765114334152
251.22817999490576,197.1144595141135,84.78831603392746,67.73956939408015
246.7457245171953,202.0497843793777,84.16018780904665,67.46195884385348
242.1604128225551,205.51383453669416,83.7943010243988,67.68624115966679
253.30546136507184,203.54405876118525,85.32566525111667,66.86150044833433
255.89529141456853,202.16883072736604,84.93047400707317,67.2197220884978
246.5660867754019,201.22433617816654,84.45284810729811,66.7167067896333
249.34431917832543,192.9920705197536,86.02595258896707,66.54557643558847
258.65618574651404,184.07947179558528,86.58461996933086,67.58617343177674
250.80701733072812,175.44972155290273,85.3200422056918,67.8827593219309
248.62441281421474,174.44684199181975,84.8677861964209,67.479785922948
257.14176664678513,183.45732556497668,84.59993051130733,68.6209353252367
259.48376634890263,191.6232625046027,84.73522002700182,69.15657266573788
252.48423422662248,191.74236922778704,84.21196594054872,68.91835921936922
235.0253103836798,183.50988771623213,85.41091759804128,68.52387422828262
224.8643688287881,165.54301070171428,86.36863713449563,68.14982155732645
