269.5,75.5,34,64
264.7176266046025,69.89482397627975,33.41401570132675,65.05962095797236
263.22888785360624,69.9189793166974,33.330261227806226,65.01131027713706
256.80546889687355,70.8803894544688,33.9493928846135,64.61695328367651
265.08632835881133,72.98094081013164,34.25428014028255,65.01583407586297
267.92904128900466,74.16362859721656,34.74657633912378,64.19488901650013
262.6712405595868,70.68116425291926,34.476695739245955,63.45590194887086
263.62299942696444,72.92234376567359,35.62372171712738,62.02408663599884
265.3142035274092,96.37620701081804,38.33589518650723,59.30207725516251
260.11204039029286,70.08257833075518,36.510480051870104,59.912933627591585
301.0234450797326,66.67406554299791,36.07952658434509,59.19367624835108
302.07912776671554,68.91531825442561,35.4574469121091,57.68974222895542
301.5203127760714,71.85888483374602,35.118675125845016,56.171814372971376
298.86710455117486,73.18473410924479,34.712867503980426,54.94817183988826
295.3219749504786,74.34874732237202,34.788295561370624,54.02311164243426
293.7557603285377,75.66882857245214,33.749584528081975,54.163709327054335
289.91078059708974,73.49932248570349,33.18895397431943,53.002328156112725
284.31807478582266,73.85546115630234,33.587586390312296,50.94170341409732
279.34477873216684,74.97524436213774,32.94107565381151,50.02627485790308
278.86387856532815,76.41221499352062,31.303619572031433,49.75159001059482
277.00136778623767,76.83112343094021,29.955969627984516,50.1819410113126
275.3980461720296,97.36798880450573,31.9106877106124,47.91788978361966
274.50631815428983,120.3539717794117,33.694143746091825,45.72422379428117
274.4625572335484,143.0270981406976,35.028756208479614,44.02614280338187
273.9477975197632,163.46819684217218,36.058275636050055,42.91807782671411
273.5770083821868,183.85595298569345,36.799853911202774,41.90412216011633
273.284787973305,203.53166604375318,37.38429472896644,40.954903459033176
266.8003487695363,222.95960740752005,36.78612781695799,40.333421177492404
266.7098545885389,244.12072578264016,36.96711617895283,39.292619364039595
266.4525626089359,250.38426079958947,36.280899025670024,39.23147840082105
265.6190871658212,250.43454459332105,35.56996126178823,39.13091081335793
264.7519504478857,250.5230079786713,34.95211972137453,38.953984042657396
263.8483059789246,250.68857353819448,34.43251063715976,38.62285292361105
262.8747183356024,250.89001047358812,34.079676051706954,38.21997905282379
262.400913165599,251.18485935135644,33.88917597016488,37.63028129728713
261.44545237921596,251.46296264194186,33.54828678901242,37.07407471611628
260.55133586425904,251.65634715346587,33.11288658538067,36.68730569306824
259.2004162709351,251.8436951486886,32.51816003554999,36.31260970262283
257.8376211566878,252.03181063497215,31.993138409750934,35.936378730055736
256.5318649510239,252.22512969160744,31.39673435801334,35.54974061678513
255.23196028372172,252.46925981233062,30.835239909961643,35.06148037533876
253.9557068313101,252.71683057615442,30.276117018140845,34.56633884769118
253.24779034037655,252.97252722639251,29.650785779783668,34.05494554721497
252.54303546465428,253.21776239160963,29.055014872066074,33.56447521678074
251.81630251830953,253.49958477867494,28.537492290263298,33.00083044265009
251.12384230626907,253.77700406699347,27.985472745516063,32.44599186601304
250.46027380049222,254.02767070625202,27.410553188466256,31.94465858749594
249.78934260981856,254.32338196183142,26.88432418996578,31.353236076337154
249.13616775029604,254.62145797013162,26.357770641945468,30.757084059736783
248.95697507072057,254.93001355679485,25.817376765787966,30.139972886410327
248.79046191662502,255.24321229101017,25.269842521870117,29.513575417979645
248.6152698492517,255.5343757114999,24.758143025966245,28.93124857700021
248.01046141605673,255.80809435822238,24.278032931566276,28.383811283555236
247.3845018574182,256.0616695182035,23.872572028410936,27.87666096359305
246.75711734388474,256.3157239104405,23.49866415721914,27.368552179119003
246.16980543345707,256.5658587382153,23.072330458932775,26.86828252356939
246.00379059987102,256.80445728748276,22.618461953146042,26.391085425034472
245.8336903463588,257.0399648748466,22.187430442528978,25.92007025030678
245.28428929530568,257.25961111937943,21.772176313883907,25.480777761241185
244.72548513741887,257.48092831727854,21.402648981878308,25.038143365442966
244.15900731659895,257.7018165805895,21.074023384749225,24.596366838821062
243.6115252001527,257.8923087045084,20.73162006310548,24.215382590983157
243.0805555099151,258.08721541382675,20.378969288022716,23.825569172346476
242.5425946322987,258.289344486057,20.06368050668142,23.421311027885952
242.00811392640287,258.49259588670384,19.764056953778862,23.014808226592333
241.49105760533047,258.6799122538533,19.451776648070904,22.64017549229346
240.97688954433303,258.86096870351685,19.155333186298815,22.278062592966283
240.46334462536836,259.0470599681212,18.87836109325601,21.905880063757593
239.96444765295817,259.23164984355844,18.59249711960366,21.53670031288317
239.48381383129615,259.4125397460958,18.290703754550353,21.174920507808498
239.0161968813169,259.58781495082354,17.98375600060172,20.824370098352958
238.86215002382323,259.7656182171107,17.68110755718383,20.468763565778566
238.4044700613665,259.94081172762674,17.39569896377177,20.118376544746525
237.95539815823525,260.10990965410326,17.11307531391256,19.780180691793454
237.80341374658173,260.27883323732385,16.836427654279902,19.44233352535234
237.3707826593383,260.4384667037582,16.559788857735953,19.1230665924836
236.94227949456206,260.59181990133766,16.293650891482248,18.81636019732467
236.5168376029604,260.7420377115936,16.039421408661838,18.515924576812868
236.09975181061682,260.88600781209715,15.785934625184485,18.22798437580568
235.68895339375865,261.0278391493446,15.536917415365005,17.944321701310876
235.2837089962745,261.1677253138267,15.29356070964158,17.664549372346602
234.88356431670863,261.3047398660391,15.056471101042602,17.390520267921865
234.48552920751047,261.4409272599512,14.831250065109,17.118145480097656
234.34360721502816,261.5770105699125,14.612276296204046,16.845978860174988
234.20461263483543,261.7081081365354,14.395172175997127,16.583783726929276
234.0678134057787,261.8359908194828,14.181217529377346,16.328018361034413
233.69019469117498,261.9569040460362,13.97612905540069,16.086191907927585
233.55570404364644,262.0775059741268,13.771979607213861,15.844988051746471
233.421694445653,262.1952596783461,13.573875577267511,15.60948064330788
233.2872467502007,262.3086285373783,13.383470144339835,15.382742925243353
233.15408116958977,262.41421615784094,13.197063684170734,15.171567684318118
233.0206735061691,262.51595083027365,13.017399521749894,14.96809833945275
232.887875912355,262.6180667737393,12.842545949089622,14.763866452521377
232.75454944173757,262.7187264586128,12.67471554234838,14.562547082774303
232.62271387265378,262.8161457589948,12.509711060599152,14.36770848201035
232.4937943104476,262.9114248241283,12.344536647093623,14.177150351743453
232.3628336073774,263.0065517980295,12.18904303949023,13.986896403941103
232.02885553532136,263.0972483705256,12.033046441953969,13.805503258948795
231.9019119571639,263.18767448728914,11.880266716509752,13.624651025421755
231.57374046672345,263.2739453759892,11.733775045624572,13.452109248021612
231.245913405892,263.36035567893515,11.596634659363048,13.279288642129703
230.9236434303554,263.44402180810465,11.458129193181545,13.11195638379075
230.6037614960416,263.52442798483327,11.32447049103866,12.951144030333445
230.28841384164969,263.5965390253147,11.191008774066779,12.806921949370551
229.97444470141502,263.67103031233864,11.063535217607285,12.657939375322709
229.664162289154,263.74341394936005,10.93738901485202,12.51317210127993
229.3558865168152,263.81469550727013,10.815757202186608,12.370608985459683
229.05094670088758,263.8812601874934,10.695768197985117,12.237479625013167
228.74857092201765,263.94726889763785,10.578620896909905,12.105462204724315
228.44808867958608,264.0129417039157,10.465530792617317,11.974116592168551
228.1560435116089,264.0716692819234,10.343259985578095,11.85666143615317
227.86475314390384,264.129509479675,10.227036899822517,11.740981040649999
227.74438601929788,264.1937241801058,10.12202355489795,11.612551639788387
227.4537352356294,264.25545885610927,10.019174125887979,11.489082287781477
227.16337289874608,264.31691047295647,9.922869011756013,11.366179054087043
226.87495439914073,264.3769397102176,9.829570160939488,11.246120579564847
226.59202668257856,264.43359948610146,9.73199925904626,11.132801027797047
226.31140428129493,264.48760317618974,9.636455360647256,11.024793647620477
226.0301026152379,264.5421282578715,9.548678078771689,10.915743484256934
225.75046505662436,264.59472024389476,9.463764124181196,10.81055951221044
225.47497280104716,264.6467420165334,9.376539585568365,10.706515966933264
225.20317926885107,264.6976127048908,9.287936318594994,10.604774590218453
224.9341965735048,264.7483374923002,9.199702919492509,10.503325015399591
224.66617996872856,264.79857826830636,9.115507988834082,10.402843463387253
224.39710150844346,264.84902235381526,9.039248050593832,10.301955292369481
224.12959314190442,264.89781354199573,8.9654176662163,10.204372916008513
223.86724141717394,264.9448165448037,8.886663519972943,10.110366910392587
223.60825906525122,264.98785284115365,8.80660697376727,10.024294317692677
223.3512892955303,265.0268311342855,8.727757344611048,9.946337731428978
223.24177976100214,265.06961802775174,8.652852750636004,9.860763944496517
222.98582289749706,265.11035527228523,8.581970796342073,9.779289455429565
222.7318347860309,265.1503417649024,8.511947076949204,9.69931647019517
222.4770384248427,265.19097548770816,8.448261564527966,9.618049024583668
222.22696615149573,265.2301226314172,8.379686735176698,9.539754737165552
221.9780950812448,265.2679032708163,8.313332766756208,9.464193458367447
221.73123782340667,265.3049857890071,8.247418592655206,9.39002842198581
221.48196674952277,265.34341824157417,8.190742099488519,9.313163516851665
221.23543443459312,265.380808748119,8.132786051352111,9.238382503761954
220.99069493684098,265.4167805134064,8.075418730342985,9.1664389731871
220.7472574474092,265.4520113715092,8.01951493992053,9.09597725698168
220.50859413351404,265.4848955829657,7.958037560729847,9.030208834068604
220.2713149832617,265.5172897437259,7.897799456279457,8.965420512548233
220.03538205570646,265.54859611521607,7.838806448991407,8.902807769567826
219.8006094404029,265.5785938580444,7.781323038551987,8.842812283911123
219.5652349712978,265.61096373789434,7.728744076085859,8.778072524211312
219.3321016841618,265.6428916078142,7.675373600101261,8.714216784371585
219.23100802135014,265.6727233552499,7.619586791559883,8.65455328950023
219.13151175925358,265.7002548696691,7.562423243884328,8.5994902606618
218.90499174040104,265.7253415398721,7.506688694701211,8.549316920255793
218.67844504594098,265.7537782940412,7.4543477452074685,8.492443411917629
218.45268434827443,265.7818541357212,7.403874124974494,8.436291728557697
218.22768440276255,265.80925650735037,7.355236146439702,8.38148698529925
218.0041799859027,265.835920492575,7.30686371408619,8.328159014850073
217.7791584554595,265.86328476660896,7.264727830081605,8.273430466782036
217.5552113518102,265.89025475147383,7.22348909884098,8.219490497052387
217.33210404249508,265.91699240161654,7.183563628757616,8.166015196766946
217.11089546185443,265.9426286131525,7.14277711850601,8.114742773694973
216.891048796676,265.9680859483441,7.102162475295824,8.063828103311858
216.67407339529422,265.99029355739185,7.058684417021633,8.01941288521627
216.4585628514374,266.0108489431868,7.015045865715697,7.978302113626475
216.36218428079727,266.0299504085553,6.971809142996898,7.940099182889424
216.14828775767378,266.04985217477264,6.930183389749085,7.900295650454723
215.93593521929307,266.06780615335674,6.888036667348647,7.864387693286528
215.72415950986132,266.08625580293096,6.847199267628786,7.827488394138055
215.5135310246864,266.1063135559654,6.80651923651757,7.7873728880692115
215.30371444257588,266.1262478962426,6.766761867966074,7.747504207514842
215.09429515445612,266.1454384774642,6.728719184292184,7.709123045071564
214.99971731553634,266.1657534464592,6.690638357869943,7.668493107081653
214.90472270668837,266.1845670042117,6.654630645168853,7.630865991576569
214.69731127668769,266.2029142040402,6.619779331498985,7.594171591919538
214.49072731261248,266.2214252049429,6.585526821104322,7.557149590114248
214.3931172316882,266.2399196115116,6.558159109593312,7.520160776976757
214.2978215777894,266.2578992471014,6.527174031034462,7.4842015057971665
214.09291647700965,266.27498198514814,6.495938497179079,7.450036029703689
213.8889774394997,266.291758331174,6.464830337383944,7.416483337652086
213.68521109258018,266.3093473264135,6.435413234714478,7.381305347172982
213.48316297353415,266.32701814441253,6.404592252602734,7.345963711174896
213.2815458776225,266.3437617664791,6.374991869796532,7.3124764670419005
213.08114284539505,266.3609421061044,6.3449494401966975,7.278115787791186
212.88188640661463,266.37854719794944,6.314641128364556,7.242905604101121
212.6836218762494,266.39393661453266,6.284411140359098,7.2121267709347245
212.4857956239649,266.40914651811056,6.2552269686413,7.181706963778869
212.28828241667213,266.42469190189405,6.227294440562471,7.150616196211877
212.09181250099755,266.4411006547614,6.199133720982453,7.1177986904772474
211.89669349177223,266.4573610447887,6.1701903749549745,7.085277910422609
211.70252116737052,266.47224275849885,6.141288745633726,7.055514483002318
211.6114951091254,266.48690593777553,6.115641900231231,7.026188124448928
211.41769532488962,266.5011632224335,6.089574015728622,6.997673555133073
211.22425915043047,266.51620468735433,6.064497741529069,6.967590625291367
211.13368366643746,266.53224525945103,6.040542201758302,6.935509481097969
210.9426047328245,266.54747997834335,6.01424861785666,6.905040043313312
210.85238027264398,266.562335455667,5.991365115947513,6.875329088665982
210.66303951316212,266.5752323764952,5.965035588181369,6.849535247009594
210.47461416033994,266.58833601341536,5.938518192627894,6.823327973169287
210.2867202847635,266.60058649088944,5.912599625377966,6.798827018221097
210.09949033783994,266.6142477873354,5.886942954192349,6.771504425329187
209.9131802816407,266.62931615846196,5.861115240759243,6.741367683076135
209.72586908465922,266.6442371808957,5.839051173449283,6.7115256382086566
209.5394503254652,266.6586865845868,5.816833791708135,6.682626830826386
209.35285660912,266.6733067494403,5.796573600021281,6.653386501119402
209.1670430268031,266.6877079280654,5.776308256692625,6.624584143869279
208.9815100388076,266.7019598001627,5.75702345944513,6.596080399674663
208.79605278078992,266.7161865661877,5.739088277192565,6.567626867624701
208.61163996765023,266.730189110417,5.720520499029987,6.5396217791660955
208.42995842087075,266.7431872229099,5.697952888985066,6.513625554180223
208.34573249981534,266.7557507913833,5.674203688832484,6.488498417233385
208.16500638800923,266.7686813390239,5.652793375384988,6.46263732195226
207.9843293315062,266.7815123708416,5.632772302415136,6.436975258316767
207.80456834645832,266.7941253217471,5.612355761271073,6.4117493565057115
207.62519134422618,266.80654687709887,5.592607086602105,6.3869062458022805
207.44660724528617,266.81890260125533,5.572675180787472,6.362194797489302
207.26864181401734,266.83107994577625,5.55291030725947,6.337840108447454
207.09111095364108,266.84297206372213,5.533664254075845,6.314055872555782
206.91511642279815,266.8545808541396,5.512699206167069,6.290838291720816
206.73971563822485,266.8650641901624,5.491937831124987,6.269871619675217
206.56473153034113,266.87643801319473,5.471657982010391,6.2471239736105675
206.3901670549559,266.8879003445787,5.451893520393408,6.224199310842573
206.21519377314866,266.89949329246275,5.4342903000426785,6.201013415074511
206.03988767312464,266.9110984107704,5.418635209507671,6.177803178459169
205.86517984538588,266.92257003784556,5.403004430393421,6.154859924308915
205.6911316199502,266.93386616535633,5.38726626462166,6.132267669287321
205.51758027403542,266.94499633868594,5.371738730131935,6.11000732262808
205.34448779410948,266.95600047790833,5.356480831823741,6.087999044183283
205.17173624151138,266.9668542800923,5.341712010857187,6.066291439815365
204.9996925501511,266.97741760213927,5.326673431657548,6.045164795721474
204.8284833056661,266.9877950197785,5.311102554382219,6.024409960442991
204.65762533576657,266.9980634030121,5.295971238828381,6.0038731939757275
204.48739923383218,267.00830400941476,5.280697471801443,5.983391981170435
204.31850550693645,267.01809667460594,5.263883081737529,5.9638066507881105
204.14978106975823,267.027898009692,5.247875756552907,5.94420398061591
203.9820887718859,267.03747965315375,5.230924507639934,5.925040693692519
203.81485746803952,267.0458426496546,5.214188202958646,5.9083147006908066
203.56048690904572,267.05454235345144,5.197712623806957,5.890915293097159
203.39450483917975,267.0623513610902,5.180599293610318,5.875297277819621
203.2287206556819,267.07027105878245,5.164122344065838,5.859457882435065
203.06336733512222,267.0789344120669,5.1478023271280735,5.842131175866168
202.89843484575596,267.0875531041114,5.131700414775969,5.824893791777191
202.73409618769833,267.0952222920202,5.115460855892161,5.809555415959578
202.57001148162863,267.1028920416235,5.099708923855803,5.794215916752997
202.40515420387308,267.111854348612,5.086482095815601,5.776291302776038
202.24148943353836,267.12060335974513,5.0718495428166985,5.758793280509701
202.07834987407946,267.12893215127275,5.057177631924282,5.742135697454538
201.91589740910044,267.13755545029454,5.0421177921806395,5.7248890994108645
201.75355648965063,267.1452933430998,5.027851806386836,5.709413313800393
201.59179959464848,267.1532993913119,5.013354387410772,5.6934012173761515
201.43066786525264,267.1610515594947,4.998567293811884,5.6778968810105654
201.27010784678643,267.1687628047975,4.983590962265076,5.662474390405011
201.10935497814378,267.17704911798927,4.9699580363714055,5.645901764021469
200.94940024814525,267.18511544368624,4.95567919667809,5.629769112627559
200.78952643236403,267.1933431013563,4.942195926675108,5.613313797287499
200.6299541730327,267.2016140203068,4.929051479105577,5.59677195938641
200.47127180284392,267.2096148789716,4.915061026344851,5.580770242056836
200.31273424099174,267.21698884571146,4.90172506259429,5.566022308577081
200.15475329281648,267.22346256223676,4.888160143349769,5.5530748755264225
199.9971291854242,267.2305598057746,4.874717308654409,5.538880388450829
199.83997139039553,267.23747688501527,4.861212380943553,5.525046229969424
199.60150569069842,267.2438617137978,4.847705024299126,5.512276572404399
199.363305187849,267.25025610394476,4.834909902614121,5.499487792110467
199.2060491177356,267.2577085262033,4.824097502475645,5.484582947593374
199.04897448268386,267.2651635622974,4.8137305721692885,5.469672875405244
198.89219208356647,267.27251330714324,4.803573415001006,5.454973385713497
198.73622510605887,267.27960860105674,4.792566420386304,5.4407827978865155
198.58073505135724,267.2866721572659,4.781398013506172,5.426655685468173
198.42604457091602,267.2937101625981,4.769426091527696,5.412579674803887
198.271771345525,267.30072343427764,4.757439429141554,5.398553131444716
198.1176345466629,267.3073915471814,4.745998621176979,5.385216905637194
197.963813481861,267.31407767241217,4.73470617055922,5.3718446551757095
197.81030800097452,267.3207185272073,4.723558746281003,5.3585629455854376
197.65718236655908,267.32735701231746,4.712420373288362,5.345285975365017
197.50435276266006,267.3339203620938,4.701458247064094,5.332159275812429
197.35198969002718,267.3403732028126,4.690321064432199,5.319253594374804
197.27857556249637,267.34695713375527,4.679596032606356,5.306085732489488
197.1269801589605,267.3535354695872,4.668431960804047,5.292929060825628
196.97586928397268,267.3600141045606,4.6570642319877225,5.279971790878834
196.82501721038255,267.3660635897441,4.645944633699842,5.267872820511787
196.67442231131352,267.3717570587579,4.63504185578265,5.256485882484214
196.6020968452786,267.37767513173264,4.623997572308867,5.244649736534676
196.45219694088095,267.38318209982947,4.613127557527559,5.233635800341016
196.30248449322826,267.3887789233712,4.602572157888991,5.222442153257601
196.153129341995,267.3941727901808,4.591987198402661,5.211654419638462
196.0040182247334,267.3996397689629,4.581587561590167,5.20072046207415
195.85469861960857,267.4054400539501,4.5722768947527355,5.1891198920998525
195.70580371528305,267.41115919694636,4.562774636602343,5.177681606107252
195.5572650085308,267.4168936282499,4.553218893815388,5.166212743500235
195.40902185367304,267.42258465856804,4.543733618352083,5.1548306828638735
195.33722962256792,267.42862043433314,4.5346605998113585,5.142759131333775
195.26552305924073,267.4345874899138,4.525748652802033,5.130825020172482
195.19383157575166,267.4404719580059,4.517134245223355,5.11905608398815
195.1224335249966,267.4463408815959,4.508253349515359,5.107318236808191
195.0511722850198,267.4521720776024,4.4994229929161635,5.095655844795146
194.98006208987644,267.4579284146709,4.490612729307174,5.084143170658195
194.9091600525683,267.46361856097917,4.4817056898584875,5.072762878041661
194.83827225673267,267.4692241364799,4.473089202991998,5.061551727040188
