1
494.3744,420.3450,41.0000,43.0000
493.7968,426.2986,41.0000,42.9999
2
0
0
0
0
1
502.2702,393.3556,40.4853,40.4095
501.9800,412.0345,40.0436,39.6957
501.1675,430.4686,39.8368,39.5359
501.2769,436.2528,39.8362,39.5353
501.2992,440.9553,39.8362,39.5353
2
0
0
0
0
1
510.1089,334.2593,41.0263,42.9486
2
0
0
0
0
1
511.6059,344.8374,42.4870,43.7006
511.9166,365.6703,43.0558,40.5596
512.4269,384.8053,42.5675,37.7753
513.5446,405.0300,41.9282,37.8209
513.9655,426.0588,41.7274,39.1781
514.0309,445.7168,41.5210,38.8786
2
0
0
0
0
1
530.5777,359.4886,43.5081,43.0629
2
0
0
0
0
1
551.4793,381.5347,41.7423,41.9573
552.7422,402.2355,41.5177,40.8051
552.4041,407.8384,41.5176,40.8049
2
0
0
0
0
1
507.7903,251.0592,41.8802,42.9969
502.2741,244.2655,41.8793,42.9934
492.2502,241.6139,41.8638,42.9586
486.8657,241.4484,41.8615,42.9568
478.7004,243.8931,41.8602,42.9557
473.0558,258.2189,41.3349,41.8604
466.2499,262.1508,41.3322,41.8580
461.8311,281.3454,37.1819,39.6990
460.7332,301.2533,37.0309,38.5125
456.5503,320.5849,32.8846,38.1096
453.9303,339.6981,31.0537,37.2118
450.9399,359.7709,30.4306,36.9044
421.8813,398.8690,35.0882,36.0348
419.8955,401.2035,35.0882,36.0348
420.0247,404.2972,35.0882,36.0348
2
0
0
0
0
1
393.9718,359.1197,44.9180,43.1583
393.3334,376.4608,44.3559,41.7361
393.0737,393.7835,44.7835,37.6401
392.0254,411.0320,43.9975,36.8211
392.2397,428.9898,41.4286,35.2007
391.5288,447.3753,39.5263,34.5274
391.1490,466.6112,38.5044,35.3307
389.7744,469.9990,38.5044,35.3307
2
0
0
0
0
1
388.8545,386.5676,41.9468,40.6134
389.2469,408.7214,41.6786,40.2687
2
0
0
0
0
1
397.2873,464.5648,43.5752,42.5481
397.1346,472.5850,43.5752,42.5481
2
0
0
0
0
