83.5,200.5,35,131
85.97513366914518,198.2771466189406,35.799680686459396,131.95935646419093
88.29460857687333,196.32313086016595,36.39452126864714,133.51885435136916
91.30131336696735,195.32245968426875,37.516058988416376,134.36355879613535
96.2212170592357,196.6064494263396,38.09372348956083,135.774944422391
101.71497796125601,197.3575880549831,38.53871396884541,136.37725424319848
104.05438742855648,195.8777068590735,38.32279805701056,136.18278913982417
108.72533043615564,197.18539061151006,37.075826478152564,135.46491368607565
112.93454508115292,197.45775196223866,36.27038613698005,134.38608908117988
115.30078002158788,199.1910123305634,35.416829658667496,134.68011455195835
119.9455174025718,199.24497020703208,34.10431937042403,136.85412233150697
122.59695538257765,198.41078966242475,33.9749959235349,136.70297880207693
124.92458856549653,197.79460685673547,35.48727201527769,136.4212033306918
126.24374201027372,197.95713123594518,38.38810916487737,135.39489710500249
128.97361382428707,199.17297267531703,40.51696235768194,134.00789613295893
130.41915919966806,200.01396541178465,43.937326379869205,133.74681887268542
133.89818915758656,200.16084717706232,44.69972926310446,134.4745406708044
137.44100840807099,199.53472464214192,44.36093934535705,136.01462217310217
142.06356657817773,198.44409895400028,42.25092480034009,138.148791181101
145.87482039108528,196.44766412650176,41.32004706115218,137.07346883094058
149.3490465963475,196.57670855835602,39.625912887932444,138.03654860450771
154.66244355669443,195.62516874591043,37.066463632765945,138.8074536183073
158.71015686085858,197.0673341213018,33.2345782460563,140.3141889418959
161.80319452162658,200.17942107436704,32.829243662435296,140.86844120611454
166.29598871245858,195.72519517035562,32.87602680176742,140.9449189845964
168.1583662339033,196.40550080138507,33.71896689971656,140.0760819835352
171.22006066290672,195.24561235818842,34.99209579531082,140.51339612998407
175.3036130461684,197.13029411882437,35.98455123233971,141.8699715010767
178.18298305870627,193.43559368160115,36.205283367603315,142.78329577258734
181.546982937289,195.27337338519573,35.99859537038661,142.48821832378746
183.91505614790452,193.62197931338105,35.47441164904569,139.12347926862532
186.7038506268271,195.45313773441904,35.405301332710536,136.409994461614
189.58742167913533,193.7027309191359,35.5278539187984,138.15048027617078
194.10224646429734,191.05870801939483,35.85630714693631,138.11493150549305
197.1150031731701,190.9468648115532,35.49337612665177,139.65682578116923
200.46297292324778,190.90808351226698,36.54638090902816,140.12272062747576
203.30830280367306,190.04295997766616,38.41644683711189,139.24607487250444
206.04674607822358,189.3386615576477,41.571780556260336,137.57508616032578
209.20453326127125,188.68076402257037,43.37008920865869,137.12549560273385
214.2941049217473,187.80411921968624,44.1203387023428,138.21325202349692
220.0763378574194,186.87145610080725,43.70773497546887,137.34883811843264
223.97598019381945,184.15156298616284,43.062534985133325,136.12120300677907
228.17148046818795,185.16619037564857,41.964524167231254,135.97015054695285
233.50307142797644,185.27429271470163,40.462093590427756,135.61522218250923
237.69938376952797,187.14053943750122,39.66120427033127,135.2409273796408
241.4716043225641,188.09971259204065,39.642425109602,136.2254700838523
243.42501851159838,188.56821634571293,40.00968463741724,136.16176968538684
247.47947437745927,190.4510661709743,41.84512410198452,134.5158920601632
250.62085851659003,190.31021354801402,42.81837303182239,133.81480546505358
262.87320435688923,190.49922728536214,39.970761047879215,136.9795138054056
267.0072748664356,188.46646925625842,37.89700508051386,139.15260396887578
271.696528618356,186.67917909593837,36.33244334693666,140.38538026195852
276.3197646251645,186.04992823370208,35.74842403107361,139.61558909206767
281.0138484504076,187.114035999778,35.025691217928724,141.82587453647835
285.9382366134922,186.49679975830378,34.737599095860986,143.08751709080516
290.4944067353022,186.77953577811311,35.71378176331275,142.4852048060588
294.5560222376803,186.99241546032624,37.44792304249227,142.6418007024815
298.3910602985867,188.06325449569823,40.31798898000551,142.1425439965218
301.9191249047398,189.38032832226435,41.18293511178497,144.1681987802182
306.4547820524957,188.71910651444102,41.33640280632454,145.02428182686458
311.5838798716186,187.89514947650525,39.35435596416031,145.13223086920493
317.0378552588272,187.7902312101182,37.53661515068052,145.80345703301197
322.25607428027547,187.2383343495889,36.85843592736407,146.31039326591517
327.01722686440263,186.71700608121313,36.11637272535732,147.94286327350721
331.07734152395346,187.75054925391836,36.19207293353841,150.04535881820294
334.8098102484264,186.49124528366735,35.659084623233895,148.0345573501356
338.7295191734078,187.57367897781575,37.24097719807568,146.53380264894975
342.5658510661541,188.99333856016312,40.202735714829316,145.5530064954626
346.32391751894875,190.68479774092876,42.472124316503155,145.93522223007693
349.5637905220975,192.11177336181143,44.39491374874318,145.91259842666608
354.3015588800069,190.94809996503972,42.269930068660514,147.58088498041766
359.433476251021,192.58706825881845,40.57047883340722,149.2498611583631
364.7905751091974,192.00619774226595,38.10157473430294,149.72162269785008
370.28468993404306,192.28525546995036,36.65917199653788,149.42972906378944
375.23262182752825,192.3422349415217,35.51691405215783,149.39632808538892
377.66067772074575,193.06226757068353,35.355272194464256,149.00169265284802
380.43901588079495,193.6250629341096,37.09669396167672,148.51855953040416
389.0681052767983,191.4062829369463,39.68562210326382,146.9167666309014
396.05791410123624,191.03383804981894,43.321572615398665,145.8852724091463
393.82177797670397,192.55819909730377,45.35923473606039,144.97855814193542
394.18045613385254,192.15410598945655,45.16450666950121,145.6747084423743
395.9647930718146,195.86596911897374,43.95609590278417,144.33524884593763
389.91810422384356,194.79593272178275,43.65573199106024,143.66808091575598
393.09799579592095,190.56521903755674,43.32626472291259,143.555494574186
393.8658558362969,188.65952696797225,41.4377522897228,145.0097121846532
387.2987305395206,190.05863140617612,39.81468629391982,145.23048118872342
389.09926905705026,190.20857202222618,38.17496375295538,151.9101774979746
382.02968372461754,189.8584931186863,37.87971001749122,151.6460703161551
383.7862677147593,189.89525430889728,38.45111721344677,151.89350750375687
383.30441362802037,189.20191727850084,38.06153852455118,153.30810825170093
381.46060396862345,189.47061970560628,38.37191527819008,153.5261926872506
379.78126678121004,190.0680284447285,38.37924912071402,155.8465040599431
377.6614927139168,190.06598013072636,38.91234488561055,155.64692456850057
376.06105984273484,187.70116769595558,38.254013726653106,152.96315594057512
367.751957862365,190.1844595284269,37.57340100648453,150.00024201440198
369.4380718856294,195.4043898541513,35.86723996415948,151.9858316879654
368.8193844141766,198.10510431472773,35.0546962554842,150.6050002246983
366.4504904634554,199.82616804207268,37.38470112546308,146.37748924749786
365.2617773407674,199.45745301385915,38.71347913265699,144.32670342829934
366.6170097709978,200.59011123574388,39.191420501215305,143.9867673336891
367.40256198266843,199.11974145117915,38.684963394806786,142.99305842221244
368.1250634625337,200.84472469634372,38.14272564951938,144.9056445747056
368.55621622030895,200.1251665276284,36.988322476050016,146.54458531983295
368.58085159928805,198.60011129722818,36.75340038595189,145.49189159667344
368.7262415741039,203.57178312726748,37.11426108993041,147.13803787342346
370.5397924162738,203.8248615659976,37.61498752677586,146.90615755054773
371.2278916846433,204.66765464609827,38.427302030579526,147.79447089786896
371.86827443581615,204.81106971459596,41.50411146796158,145.42154161307695
369.64560347851636,206.38799518078474,43.42523315436593,143.42131116219048
369.4882287958865,208.9721107565965,44.554798756121585,141.45946943775203
366.9229982607516,209.33824978458352,45.52070189258403,141.41420774969026
364.64707376403027,206.99558493005995,46.572330825678264,142.80013379128746
364.7689188191691,205.50236379150462,46.28857471160117,144.5595529437033
365.6741447149491,203.0265073354424,44.59792996222273,146.58375368694345
365.3779608273451,204.04261863502686,44.12078966171656,143.67201698960713
366.96448220972337,204.56908895485873,43.1247319223659,141.78398165962048
369.6929545376387,203.72063209995628,40.78913779334498,141.7232668093592
371.10870026377484,204.56866367598136,38.870050103413206,140.66346941200874
372.69901349390346,207.1806387813234,37.410700522466485,139.5231387958986
373.8156688293426,208.0521598992063,37.46341132261179,139.50630655826365
377.1406416649161,210.18800347355858,37.15385967154538,141.11401251029758
379.37244602212195,210.47280564880157,37.58096989405384,142.9783261590792
379.6350514861079,208.96348096736574,39.02572847711404,142.4690710114528
381.93336641066134,207.33517012529725,40.78144457145811,143.34793896100115
385.5915345934851,208.05206756570766,41.63418035699461,142.5228693895523
388.2251603358863,206.7223131010738,42.66956072720323,142.87527301600932
390.72053801004154,207.14985472443863,44.326201943376425,142.0104194792849
401.13042576038794,205.3759047817199,44.15970670086236,140.6235363828498
406.83240061824125,206.35696162835177,42.92391360899599,142.76449008765735
421.09460741176895,207.39424205949302,42.70965589047094,146.48818180792492
432.3512099874975,206.8853281444922,42.05423882495128,147.2898733463034
435.658425347232,205.30027923991264,42.53721401597423,147.54459306174306
448.02269981601074,203.5608056408924,42.099148553148225,147.3495812429836
459.617877267459,206.75568461378606,42.32879563389433,149.45425860756006
463.3058292837438,203.086967883032,42.08863378882468,148.4241517095711
472.81490901933654,203.7682814847704,42.271749189465346,150.51269232797847
473.9361237513781,203.07283111317494,41.92181273494957,150.2669150907464
476.68700886035845,203.09295957323243,41.995446684164094,150.46513230126192
479.7073325221725,203.7296812678602,42.01172608783091,152.37608613261798
482.39471599704336,204.91587580550197,42.165562691861226,152.45022644576215
484.5557845911501,204.80874490790393,41.67004202929769,150.20669214415645
486.81798457260027,207.1220168585803,42.048095965780945,150.82562830338108
489.57723604663363,207.0248175731403,43.11472466291686,149.51268954248928
493.2267991415355,207.00502013897366,42.06671236471469,149.5374701327117
504.08794822981827,207.3083299390267,41.35404248404754,150.12984147365333
505.24382231207267,207.34595790509883,41.15913015213465,150.9648940217718
514.5429665882469,207.38291015693468,41.224677125298726,149.7781049966157
516.0445046513305,205.54844591575335,40.81588601042314,149.33140762067148
517.3841671827911,204.17781914431544,40.943503648841634,149.54638219092158
518.2998437820237,205.78700408094022,41.86827303948786,145.90178713227772
519.9387402014795,205.9871004988516,40.977597348021746,146.64885257816275
522.2774693393063,205.25120709694139,38.94661128802073,145.35399347362744
523.4318291569891,206.46371741004654,36.62945096719665,144.22469652409865
516.3724070643095,206.1475628113368,35.26647313870086,143.5161477388826
508.309077233346,206.41682149623182,34.659894580412995,144.3112496060387
499.51869035533883,205.65178199960633,34.59366516259917,144.11431632264018
490.73404893988913,203.6954238097657,35.450913768034724,146.09185823714196
481.05081972072213,202.3779755224024,37.712288740792594,146.33255067215913
469.10030868824265,202.4155016520834,41.778983107997604,144.15938773698537
465.4796350524404,204.61618414387303,44.59359831630866,141.26896080176886
461.3487413486342,206.34822828617098,46.50663036427148,141.50441956955638
458.06647542247947,207.72499015779883,46.137077801145075,141.2593003196326
450.07832618501186,206.5223374544653,46.693761484210206,141.89941595941585
452.82151091992466,206.52782132984683,45.89288166892565,140.28522309669137
452.6289658449198,205.656591269267,43.51521523286057,140.3905413940824
451.27759136080533,204.03559524681003,42.61243727695611,140.4802464326182
451.24341890899115,202.44046575466376,39.53054318980078,141.67198337368256
450.9280803979327,202.79035739755682,38.28066756241971,142.73508410870184
451.34841591680254,201.93158534204446,37.15276323162357,143.20955749810025
453.6227608294121,201.81976115836017,37.25737130755806,142.30672111376745
452.9581282180019,200.3024884593787,36.977786528089666,139.73546302204537
445.7190050180707,201.79658596452492,37.0476095041849,139.33072166699583
447.81714895864775,200.29212423746802,36.8580106946861,142.2957593089463
448.04130985247843,199.06715593946313,36.84615920698385,141.4510393898346
447.9228787296475,197.17430026827265,34.73364000580743,144.97213612035148
446.16399171245376,193.4909284972784,34.722790936099415,144.97167642671377
443.55034917289265,192.92788775727757,35.83624592565252,142.60762009123994
440.34721384297615,194.19015379928356,35.70868451227382,143.63178595568374
438.3197534512495,195.44922482247125,35.68704813630339,145.9354560621709
428.94771166037543,194.564734120607,37.4725478862643,149.05758151554392
427.26401663051325,194.8274390463828,38.195703527119704,152.01983302568664
420.5752879982921,194.493039654303,38.03955998437214,150.2060883413709
415.1796815417147,194.04314473104117,37.55670215778079,149.50975747275328
418.0177402518795,193.0545277351207,36.27448036351929,152.04268991897422
409.59839930036145,191.6163211998756,36.665316807570996,150.14338763835968
410.65683471236747,190.45406392311594,36.714510722786216,149.75829840541056
411.19144242984675,196.09133301867217,36.712743903855575,149.6713441376379
404.5349122200265,196.7413031667504,36.70091323310291,149.39274957607765
406.7586803728955,196.26561617300683,37.12984415530066,148.64359637240275
405.6984705201409,193.3035850404853,39.85910742579706,146.7297751650032
404.5252702200201,191.22776080392424,41.087912234222,146.35467593457304
402.26008176914326,192.4930016851408,42.44770779518588,147.04870746445255
392.4879235581233,190.3285308752385,42.14564207611254,146.7229397451153
394.55383853803113,190.38762270830773,40.87044935575308,147.73070307757303
386.0037100158581,188.33848403580822,39.6697115270523,148.34531805570498
387.2843607847509,190.51275542184152,38.209552753358096,148.7152334592976
381.2750504292363,193.21575340868168,36.61615011081075,147.99005318233353
382.5661898688999,190.57981195494426,34.3986444751491,151.521491191203
381.1883101067998,190.35745400400248,36.557185605069854,150.11600262531317
378.3234568531135,193.01088778655776,39.00267713899281,147.2453003929968
375.343394802771,194.28420804059385,42.01073791761054,145.38267211913558
367.9915370695333,195.81566861444608,42.54496829192284,143.9926380582994
371.0053909959123,192.78484552795788,39.36398113466049,146.20321907243184
364.44184247645177,191.1540042314088,38.20275858587395,146.01588509448504
367.82695664220347,191.74505907768656,36.14008125687306,149.06248128495565
369.02165351647614,192.09229103159652,34.904215006572954,150.76052874493362
368.6346279628384,192.28425995717686,34.6400836168238,149.31476037314303
368.64894163388504,194.0613595779593,34.79440514717756,148.5497628680283
366.6199336689107,196.30197536626864,37.62060037457354,146.7430172132694
364.78060288086783,197.28663980245466,41.0007087520833,144.14369555782775
363.33628728426777,199.28490356448438,42.28890969511548,142.419707887818
363.36836700519785,198.7248402011993,41.325302275712474,143.47601419269245
362.323740675967,196.0145643433735,41.0967777773444,143.41484879866385
362.4420547489107,194.15736320644038,38.570776948885545,145.83815665018972
361.5959968202302,189.7927215580429,38.39961179466519,145.22263041481915
353.97205482797426,188.95940375428555,39.699026617189645,141.53506470550036
356.2997708765898,193.98334293038192,39.96077934967057,142.77709094772896
356.2401443822411,193.34625810968657,39.76458682583477,143.26548653697657
347.20632004793066,192.3844260230003,42.358927884897476,138.29900016332158
348.35715165548993,194.1270321367256,43.61040793264213,136.33020341266996
339.94945541800485,191.8254294420817,43.96454056569337,134.40529639045872
341.7881610455254,192.2518686872317,44.300599483534384,133.6239437495607
343.46937621186777,191.05753635141625,42.37550440361146,134.49253810678425
335.078208072674,189.05766930763704,42.40082545372751,132.532903011756
338.3148188073451,189.9568404660173,40.96135976365163,136.45154401332434
337.76585643296266,189.92859244415183,40.59422868909043,138.03380678736377
335.66657151721904,191.29169298467866,42.24964118148155,137.62345524892794
332.93300176738177,190.04157381170913,43.958711881183596,136.00377667897345
330.6881240743345,190.73918439316782,44.799787295583236,135.4929798448601
330.33447469887,191.09421475002148,44.35191918211706,136.07131906592141
324.22338735188276,190.58730559266473,42.215672550407966,136.75819952634495
327.7546848619196,191.05537771665774,40.42592184490945,137.26769238525438
327.6423173768219,190.5123443304932,38.7579252677492,136.6764627575133
326.67603322662694,192.29330333946214,37.45893023844245,135.7591839931917
321.3387438971429,192.1477845714873,34.707551217662,137.65963276876536
324.22226200083253,191.91841675345896,34.155938117429926,139.72080387444947
324.2328136898666,189.92309869295278,34.660106274281574,139.05044641941203
322.8542130782615,187.50711835383484,35.313276888360896,136.15680685503315
321.83138090098197,187.8018149204145,35.172959969268845,135.4709502725745
314.7896808864387,184.48797205686765,34.57275098956633,135.15985235403835
316.6436876970717,184.77042723329305,33.66643271513262,135.68107869991033
312.0283701189495,181.89408746935754,32.03939422635743,136.06500050301938
314.61477477344306,181.52690166721726,30.721188207928176,138.36065951040666
314.3246415452584,180.90569307665928,30.99907633764317,141.05499982346538
307.4063131461123,179.08894668240217,31.424455364939103,142.70914049539482
307.97402103276755,179.80153439861877,32.139612058478946,142.47737164484028
297.81030297304864,178.1830194974195,35.122960577208836,140.1089350814246
296.393669830805,180.01101858775414,36.75317815564138,136.2156620602812
285.64209195843654,184.60228333906895,42.02706868736563,132.2343192146035
285.5587219567793,186.15347720255374,41.82802717484333,130.5698258319637
277.15224767075154,187.2915471235171,41.42181375959417,130.22573729103954
272.3439935871292,188.35825566943953,38.89684529567437,130.1055102302463
