177.5,51.5,21,129
175.8302714624307,55.43350575965633,22.27041749193245,119.69822466170808
176.2870868562382,59.93329914552882,22.693764305368752,112.67142968092531
175.41701395842787,61.66464473628048,23.400377839140972,109.5237163837146
175.54290673703113,64.06309381308006,23.081890839931216,106.04690387483743
174.550225254257,63.55061992253103,23.163077451071246,105.06969015309735
174.44898397722312,62.92357757154964,22.95454935235839,103.18681720964386
174.99715403379537,64.79570652554659,22.794790791242573,100.09820824841205
174.94960086170337,66.64113824331389,22.646535200407087,97.52230357600003
175.10560830744095,66.86915011391648,22.108919231852163,96.40132654337866
174.74332238419797,67.04095827941225,21.76992451282448,95.64265040747074
174.94814784035685,67.52573357961717,21.310239409047284,94.70147241332347
174.6869894838875,67.35232371336811,21.337203406732232,93.37125645646765
174.64898128352036,68.26056064088682,21.385133145173977,92.35004601104478
175.02086244779244,68.03714282431918,20.99645228545039,92.22933414404656
174.5188570366269,68.09234504444346,21.12252018805031,91.12286420639961
173.36308130150553,67.94763171078856,21.059313414732294,91.59992000717233
173.71448734845683,67.88605390377583,20.809600005379046,90.77681713588055
173.6714356633586,68.51308111762059,21.12674769782776,90.50655537081158
173.48273315986953,69.01942839620561,21.34554909619766,91.51468357708453
172.98893488560046,70.50379802012304,21.76145115144201,91.15245496844034
172.40642669716647,70.26895609586441,21.875379195180155,91.51323035741342
172.2186062477559,71.76398276628092,21.851670046889765,92.95360075315267
171.6730843293848,75.0399574927905,21.84886064838721,93.4355982911003
171.77836518875802,76.01356314764851,21.55981858910038,95.71424328555298
170.3700122781739,73.11854063817006,21.99410935403994,97.7289203292749
170.07340700603538,75.7784330243847,22.151898550698867,97.11256048741815
169.8827028382081,75.80650443895125,22.062001188197065,96.64103744860066
169.439295428706,74.08733698483141,22.136717921320987,98.14859719128248
168.21307954207157,75.97948952746724,22.236296634821215,98.76803728041878
167.03276968162237,76.21286024709761,23.116761245360387,99.07416495126544
166.52245038715458,74.73787380306167,23.31571690430333,100.80395494367693
166.82044626337245,77.02549349016367,23.57443799576253,101.31653323838773
165.94476580090193,76.49788535294212,24.012213400912934,100.89599239079104
165.97726962283247,76.95302363192191,24.39809096351282,100.22213139784535
165.56066724653408,76.35248314945173,24.685824107470815,99.56021459247626
165.7525405241878,78.12522435793309,24.754611303889554,96.76374261920097
165.24334894165122,79.85996321471876,25.505620430266383,94.11031191843557
165.1184754016956,83.00050484008625,25.849398225702757,91.78469732233316
164.2137035472954,83.70565926202084,26.18092341224058,90.12869936949619
162.8851887877264,86.75674522379303,27.690040667508377,89.16112570110928
162.43112738205653,91.39511609169358,27.559394233700402,86.87031202393246
162.6399387017414,95.07720372472701,28.081559518620367,86.34209523870055
168.32732896747032,108.16023044299601,28.10357807468696,81.41298409342231
168.27458613711292,116.37922584098365,28.60370745936646,75.7526946753157
174.51924149002446,142.9720436337688,28.460356416934488,73.43376593788992
189.6270360739174,164.45641111336403,34.65314585022279,64.0824282870491
210.90929016601442,167.5475200265172,38.02601559571628,57.886044781749895
227.5961948132674,180.35115557134563,39.62150180291926,55.131614115676996
244.17423720886342,198.39797943753015,41.124493702401054,51.20404112493969
231.89964109485948,176.16680852426782,42.077380083241025,49.46836964580032
230.2021848834301,198.63052983483547,43.00616105735399,46.130141349616174
251.97884356022564,196.40743934526486,41.958519973294216,45.53347803325569
229.33884318261295,193.4020443256633,41.76437293188869,44.49211496195464
246.36239245784242,202.1346194137368,40.90069265535554,43.73076117252643
229.6056440818985,202.39847101538868,40.68692881764376,43.203057969222634
250.02527910713673,201.63438383345687,40.62791313118099,41.755172419451014
234.14367225382287,203.19608612650666,39.74369260318959,41.60782774698667
250.1100840306279,203.48481246194103,39.21189100697699,41.03037507611796
234.43504771054265,203.62749721976704,38.68572387053613,40.74500556046591
250.01352993837693,203.92507129661334,38.21085971088809,40.14985740677335
240.35844388919475,204.16849018152777,37.89675469438433,39.66301963694448
240.10698146578224,204.70946739179928,37.83870136699972,38.58106521640144
239.94998569175007,205.15604300963986,37.56213510141966,37.68791398072025
239.86867901250145,205.52312610755274,37.154321697812875,36.953747784894546
239.8106039797702,205.86205892361957,36.680855703018366,36.27588215276084
249.4218837369027,205.73692131631577,35.89286459390475,36.52615736736844
235.32439531275247,205.7587636188252,35.20559161005191,36.48247276234959
249.34521340394195,205.9730659962587,34.71009609844927,36.053868007482635
235.49330684543057,206.0984584901062,34.284024495623456,35.80308301978762
253.0080401894975,205.39498572766422,33.72539826159114,34.99761118055109
235.63111199754832,204.46881829505244,33.235480231427005,34.3990218876783
252.44940400012092,203.5087211877689,32.74158879219975,33.70081815111926
239.83352115807065,189.37194915750982,31.87068952879056,33.55023081820484
252.58498660856412,201.4466936790216,31.603459235103376,32.32897206082585
261.0002890266527,185.85293898716537,30.769310545166526,32.58362583845918
252.99560943566,201.2362796116127,30.579067600076705,31.531368722865317
265.44727178267965,187.4567927265216,30.173156541291313,31.37315842627505
253.4617162806252,197.96755788314925,29.698596463857193,30.523608017194537
265.3020588338626,183.62298256606462,29.384248179892257,30.086539855587407
258.654567907593,197.9203164859752,28.80093413399387,29.302077475360974
266.5076712116586,183.06567138763467,28.654941568526283,29.28854166801375
259.0140400930541,196.31087243823103,28.331259248545287,28.666786188525123
269.8071787906066,183.96620061236402,28.420671550705997,28.227017596606792
256.6259633890374,182.2399785359013,28.1114238107535,28.856610806920557
270.40298278348376,181.31579548032335,28.031164700205487,29.191527845238646
259.217770575066,168.54881770862818,27.57488509177249,28.00622603389263
265.41025675854274,179.96508716807634,27.70030682119352,27.07738508252562
265.0208218155462,163.73314149659154,27.372811860957103,26.549340695514726
254.40576308964486,171.95174688890202,26.78023071962006,26.398569806523646
253.41462060197608,157.65716633660242,27.69842723117436,24.76554959093241
243.1988712455328,165.20906027063228,26.746770121307016,25.939460239718425
255.6032205495147,164.1680558198337,27.130902552771953,26.084333921741585
241.67360516253245,162.81136538465643,27.298151057449353,26.568105302655212
253.22398575585675,160.60724364528235,27.23720958820797,26.897248649414866
242.41352445223137,170.1949798082183,26.320395302758506,27.702660875544886
254.81317898309862,156.0806690947358,22.018391157405873,32.21562411464368
242.9857889571466,166.97745365534362,23.53574292561849,30.199547516621394
253.87585127265226,158.13508756461601,21.67875023735619,31.904811352434535
251.88168370056863,142.15488026577273,23.855440469757397,29.49921719157619
251.50903409648922,152.70882018146972,24.297957887421305,28.621437991896094
253.59303430909716,140.8869892953499,21.218163753404134,32.44024777438963
252.13630675192024,154.06517391760036,22.49915183627914,30.470257771832056
248.99844293602084,142.2646842385151,23.555806172484658,29.80650095446551
257.12348431831964,152.14867157565385,24.225565174244508,29.14484380032955
244.19054309843142,131.98398016631972,29.018605969733834,26.125445033304445
240.16417759348687,130.30461394185798,29.548690075631193,25.654627215962055
247.20913964868436,141.0561704766099,29.290865879787013,26.4706555343977
256.0841497036795,154.93890770957253,26.912080663595546,29.902336067251742
259.1606432112871,138.17534001506127,30.611641293949187,27.28169389890122
258.83765408764015,140.14782357434132,30.611286860064094,27.28179537813468
265.6007381592984,150.6858825162844,30.8018011508297,28.519220813950657
265.3234350919426,135.09656890929352,31.00297492822992,29.01345700620393
263.97139744233294,149.21847514260006,31.677287482545736,29.077641289468776
263.9649711452873,133.85451093633938,31.940508582353324,28.933556609949086
262.34207524299444,148.24336599615458,32.71181951955316,29.360859765465182
249.49089309838067,157.26522685929635,32.74138755939108,29.58785756737992
260.89520062473105,142.38200645098732,33.28427015683675,30.220867903040947
258.249459682222,153.6163599067284,34.65682318023681,29.961053813824396
247.55142517250505,162.00577021642317,35.588990679895325,28.982519487464614
256.67548179060816,143.19813018038565,34.920320421594404,31.31965853781118
255.0217593669572,153.98108438614355,35.04796666583846,31.251430790357837
254.2203187733283,167.38829700269136,34.68578118172481,31.728248156749533
253.0029592203988,148.56336636409,35.84309323745105,31.994987943473728
216.0396380447565,147.07420046166595,39.92592455357942,29.126940468231535
215.8586986756939,148.12729944393107,41.1758319133782,28.306766597329208
216.36587878589202,149.110737048051,42.15952429002785,27.753197386937845
211.77682390565857,150.47113962683386,43.31341644490393,27.163382496172037
211.07938680698857,148.26843779097538,45.82586259220274,26.1099081275753
212.41979895365816,149.14518331744011,46.31391351630129,25.899304285491777
207.03675761845997,149.67041642647777,47.70634754320401,25.48351953065803
207.5285346213807,150.9314260107317,48.1305858671508,25.378811792127557
205.70789697253008,148.098797196044,49.55994328765476,25.035134446832632
204.82252471347434,148.69795745623782,50.87440676962768,24.866045236335683
201.18056114338114,149.2395843327669,51.139266622369,24.979522216195342
202.311225509466,145.84400419523388,51.89632783046112,25.106453098256
201.20340322129334,146.90967662127534,52.39397390216778,25.21926722940367
201.41407627583672,142.51583123221522,53.23523930145045,25.063593864152313
200.05229063951725,148.85300357798099,53.34676147130618,25.30305036585809
196.27375499008843,144.63663871546964,54.10895237999657,25.54214319665472
196.69226597804226,140.43810075822876,54.48436362304492,25.647187822989487
197.65816342783023,140.18355397241947,54.72209267786045,25.758138490564896
217.64311184077542,139.3625011028173,53.67780544059312,27.30352700624418
237.15465101331068,133.54150743302597,53.69813835040545,29.622518206300466
263.6729768841625,152.02377194046437,43.07658670635807,40.93094222487092
241.62361201421692,128.44933891378523,50.31345807832926,36.06588844790696
260.38021577341686,150.09730635896912,45.823787242058295,40.08226663737316
238.99580224822756,125.14979662138282,51.273869633013064,36.18839145922543
259.0810776764565,147.10128733282494,45.05726775116451,41.867406954065814
257.92413073388246,148.72289126311006,44.473234828909085,42.413782061253734
256.67011820988483,150.69569421045722,43.62213926952829,43.32694319918273
256.83611130146403,148.47814003987332,41.38505071420034,46.10503299806079
257.4909414694321,165.0780563949388,40.81548873546488,46.71394662582043
260.24468991237035,138.33915481961043,34.52264844100376,51.73152181016859
259.72546798937793,156.51708002094858,35.18508079616678,50.60784532717005
259.24944291648427,158.8346533576696,34.82187792262115,51.04457947114135
259.2565637017477,160.58916449377057,34.62652428618296,51.26958005469803
255.35779962433656,135.40916823324267,31.440978252772883,53.30749387091988
255.50269742625775,133.94925575622227,31.07192300001139,53.741762699319814
261.7724746301701,167.9846839570289,27.760875634117877,57.08389305307765
257.1658036133713,166.24108521690704,25.753850236074832,57.98461325365829
264.028392001705,166.79813321188323,22.94011144768867,59.78932047873272
253.7501689371936,156.9466149367502,23.325006825979095,57.74667145160623
261.00358709566103,159.9642537107743,21.122645339671635,59.88802678472259
256.2844333149087,159.0372316891959,20.359884023002408,59.897600565351944
236.8238841867384,144.56137726361092,27.246241831345024,53.19716021608239
250.66700028010624,162.55610150396726,27.79525439558592,52.25452951491076
258.05832894006727,174.2317268378248,24.91853331681374,51.92369510696128
252.6822636874834,160.78598210211243,25.278637874410677,49.38071154066631
249.39799496395986,178.221037207363,30.100354037163648,42.71928434408117
248.68788599154598,162.27063024165219,31.280186896647084,40.28138749059069
246.44810557131967,175.5150953588252,33.121367924859115,37.43082014076617
246.42717855839643,158.76857470104895,32.85583140986735,36.85742087404327
245.15086408317214,172.37304495157625,32.99773214414466,35.73900504645059
258.16648167872825,184.76821364009245,31.547608860991396,35.696735525253146
245.03819037421616,168.97652496971097,30.725599169600557,35.17504084453175
257.6707309939781,181.27250831475158,30.686357544944855,34.680558743073554
241.02955978270646,180.28900327566174,31.2764201518143,34.10661613875814
257.4448896440718,179.64057929541926,31.507150352179295,33.799406310394204
244.6239532123923,191.39214677518063,31.35078446126584,32.75861075211659
256.86034244617804,177.7794430656441,31.108991635173894,32.57841857707344
244.2582239710077,189.581214337022,30.765005090031163,31.982917416153565
256.38319138748716,176.13590789219109,30.49151831615426,31.880900300932606
248.65349890560387,191.49918906594567,30.202357633253378,31.489159654473216
264.3056264625662,190.49931031572382,29.715021846110982,31.367491764673385
248.9908101212816,189.56486547848922,29.5808777495053,31.30056968110119
248.3347502586721,204.79845881857153,29.85596296315816,29.837973989095758
263.18890590969835,203.49606603003815,29.380510318942566,29.26319079861493
248.5837510268325,202.18681187168178,29.007766495807115,28.85515239863759
260.20351513218435,209.74612410586826,28.131155231514512,28.50775178826349
249.2365636276974,197.2708888576356,27.572048673227698,28.29240883868387
256.15785522416746,210.23581662057845,27.29578876062201,27.528366758843113
245.34176566595306,198.2930028666088,26.810227245947324,27.30769009808128
255.76186462959032,208.41531975711055,26.37485262189546,26.69222768853767
245.2851890263738,196.83797643617825,25.760889680379268,26.804309883991166
244.84955320341913,210.06318746398432,25.72594327437824,25.7164137683204
244.91235090816645,196.74692183258517,25.79929437066857,24.864865670156817
232.48018850621992,195.67437751710327,25.59586442907821,25.004737225772704
245.5867455219445,194.51927209904764,24.8970116433566,25.336519459665347
233.13970336062113,193.67689540084228,24.757896655700595,25.307068544705224
243.08304309141664,203.68791365245178,24.27954429677071,25.180101163800682
233.5641198962761,193.0056821947831,23.912149674478542,25.133709739538393
239.75718748264552,204.7090486588684,23.882906133819784,24.344894825894173
239.96425795493053,192.11295863961382,23.875528772671494,23.99826222707422
230.62612986950714,200.5437087169975,23.610578965124716,23.89706747697001
240.20647974217164,190.45828960695889,23.360106041695108,23.85101917666143
231.05833848509496,198.903837545124,22.998145376527198,23.77424863297282
233.3848907907302,198.8488012347622,22.998146024198352,23.77424754569862
235.66078479764806,198.82377096478672,22.99814634044079,23.774247023671226
244.9203852136203,188.8190735651782,22.772772565381025,23.716846473767184
235.91588736355936,196.81032172856783,22.46039337231448,23.68862432453919
244.9845121465782,187.0421326807779,22.262459602175213,23.514963281325105
244.98285694239098,198.60003532328852,22.257578804988484,23.089133734829268
245.08035510932763,186.59980276145237,22.292543195826646,22.788893902446894
245.16833711294407,197.9178592412759,22.217689617165444,22.553171567799847
