326.5,414.5,15,42
327.00554470888943,418.164125088932,13.866945293105232,41.47778391027077
327.9277877705224,418.7088512346535,13.195053836320273,40.99253585628888
327.5083279163986,416.75837205612214,12.868134826153575,40.57090672326978
328.05225997907854,418.43703869738636,12.60262156043579,40.333825811575764
335.10910622012295,431.95862445484363,16.501389786965085,34.84517013528415
323.81809027434537,422.54371837697664,14.507137269950931,37.00877974585214
331.40410641048487,435.1146281825607,17.303595598257875,32.94315108317038
319.3547589475528,424.4592395611413,15.067945660230404,35.75896944844567
319.8266612961656,422.4765597838502,14.020674996124496,36.7343287550726
326.87578607310166,434.67504990853223,16.965399914298267,32.751288935396026
333.2757765217281,446.80834851378216,17.441661273209927,31.090845213055324
315.6805081472083,424.59082430273986,14.874511407259293,35.21721214710281
316.1035449426647,424.93008289452496,13.952990450704847,36.521935210305344
317.1418352052026,424.8743201421357,13.290883816887302,37.10757376220697
317.1345072827333,423.22586219457,13.051573032320789,37.06248678868587
318.34082213557747,424.888055513681,12.573459518115023,37.557441571591184
317.8948844208237,423.4920416733004,12.635683413065207,37.422677345995666
318.46865197347245,425.01265421797024,12.621594881978753,37.748965436435
319.2225738661375,425.99076849503024,12.612147612494963,37.72596990500483
326.5211863076776,437.66309863720636,14.941014877241882,34.68676578215163
332.4359117232652,450.4190228894494,15.436716443222455,32.75249677595649
340.1645711577353,463.3032060796666,17.596787253237387,29.727849496474246
348.4903956106094,474.6703237023526,19.40447558198614,27.068485314334733
356.6682342600478,485.44626495589876,19.85204192019438,26.030076317984626
365.4365347342328,496.45055476746353,19.884555656882995,25.711096685699758
374.1129583539622,506.4271524806822,20.484329877385093,24.772973128158927
382.81888623796465,516.1952973237023,20.63449155017615,24.416845871928327
393.48360814202584,517.3785348435233,20.59048818700004,24.265003581843864
401.82634610445865,527.5490238293066,20.72063077714899,24.06309421379264
395.76475483565787,517.1877046445964,21.104444876029948,23.320253686118683
395.2392287690387,529.2710728653424,21.035640770903164,22.664471147824763
400.5526344200582,519.184085852811,20.982724923270737,22.675292478185412
391.82008844694525,528.4029630719255,20.77859117674773,22.772917449746544
397.29351119289856,518.4916474809205,20.539765895107223,22.98993873795763
388.53898333444147,527.4978682312378,20.449265642783065,23.08404936134646
396.90045648995346,519.5839102923635,20.441191691988575,22.97653661971026
388.2745801604848,528.6924658088026,20.346447768894713,23.019374317300738
396.3872832982196,520.5438399966915,20.396369175920235,22.858318675287627
390.5848612162559,532.234942601308,20.308636931461407,22.775799897939265
390.32006511391745,522.3398244710949,20.409937427907273,21.846158915323777
389.9113532767084,534.0164434942742,20.37063374064633,21.674136155219948
384.32992854569625,523.9087691485067,19.82873791000698,21.87105985896179
392.3767871257786,533.12683363328,19.57793056276956,21.671445934581463
386.96224386771496,523.4591343359021,19.628341999551093,21.417500504678866
376.55947327666263,524.3160745031208,19.614398470962428,21.471685622817176
386.7447052946753,525.2682968920462,19.530223650024972,21.81557358384261
378.13747249340827,517.1118325128888,19.40968444604052,21.84841201012628
388.37198997213943,518.0204284906306,19.303368070731537,21.884038066880198
378.008794555231,518.8801421200019,19.509170983405753,21.95239538455381
377.4394015723792,509.26148987635264,19.77482513749053,20.777327282740853
377.17322313246444,520.3347441341348,19.50113118028017,20.667798442469476
384.8061612611849,513.0710584637895,19.335776010485667,20.69248709730798
376.77705339611003,521.4085831625788,19.04953411429268,20.887146714622066
376.45140402509105,511.9054001518113,19.170870257053117,19.761758814648257
376.48205818931433,522.477208699352,18.986960665381496,19.644503185020938
376.3333591721009,513.3175965294764,18.874932606706803,19.09009509374177
371.76727756133204,523.0637207153254,18.53545619506584,19.494985317624874
371.3653642234327,513.9830419337833,18.542729914760216,18.63455332992787
371.4904349458171,524.1035988242631,18.267269020387836,18.729155796526744
371.606082632887,515.5212117237717,17.88239368101422,18.32895425898445
362.7760364909611,516.2393842460473,17.72877289113569,18.570366835244585
371.87832791680023,516.8187057291191,17.407826514066787,18.983231084600803
362.7631974405517,517.6554050774977,17.439509585704457,19.11393111316256
369.96534361142454,510.72074176346524,17.358040768433806,19.02837511946239
362.78490190648665,518.5467557487065,17.235747946925308,19.102817142571286
367.2975215850172,510.22005795938713,17.152014021993125,19.165276060443283
367.3899079884966,520.4001749807173,17.1719830357274,18.80273031123994
367.3321950249963,511.9156679486845,17.497384220243966,17.94587958343555
372.13497875659317,521.4993033700487,17.15292897018488,18.29031604661522
372.4610810389486,513.3496850021003,17.12072566193998,17.429184816813923
363.81556774448774,513.9023624945022,16.862632301520918,17.781095566682453
372.5406483273659,514.4741897784352,16.733226140647396,18.32769366052169
365.47405568770364,507.6579918913052,16.69828912840694,18.318064440885166
372.33746038549447,515.3238929926737,16.66399319870668,18.36986342680777
365.42144167779094,508.7416310233202,16.581827923989163,18.396621481115282
365.23087776392987,500.53801504117473,16.823197179728886,17.508094244356442
365.0595834319037,510.0204057635308,16.741225058487615,17.47269130916589
364.9287386490847,501.90508351688845,16.75099499693605,16.903656999960234
356.5789553312141,502.65620692179624,16.534755816026816,17.281454412022747
363.3774134291691,496.34637863702693,16.400065534118347,17.25251231060191
355.0552894000577,497.12238145816616,16.29776589336658,17.462026815647064
361.7974510928965,490.70167345613834,16.2341254147934,17.38143049060114
361.7880128269268,482.76156214784027,16.28540923424117,16.652949493915976
353.6891444952476,483.3930765379328,16.08171195289735,16.99899792892559
360.33572629291666,476.9655833838778,15.918300516677792,17.051638007482488
352.0440065245665,477.6426508133206,15.95001466580492,17.31171041635805
360.4835119157027,478.5549704264873,15.891293495348869,17.590584192420398
360.3106062991231,470.67817975312744,16.072559117961113,16.785245632523768
353.89831380298745,477.7415597244131,15.738214285403307,16.92018250544326
358.26720838620435,470.2997656593575,15.563076753185822,16.954280469843958
358.19070816004927,479.4653081031562,15.445924159841686,16.665370875215302
358.3227977891822,472.1214958220734,15.362642033138025,15.903786224123989
362.42229960616646,480.719009967199,15.026140497252943,16.181150969761568
358.5604752544833,473.3981990833742,14.851345501736253,16.12311911192289
362.5861762835619,482.1494481559366,14.628259655279514,16.250040293580224
358.6928539532646,474.9430945916006,14.494344432756408,16.171501198802616
358.5347348418515,483.64168504841433,14.371565896186967,15.911035220477844
362.5756862422843,476.8133912174321,14.231507558669772,15.941357356624405
358.85175958295,485.18785978926934,14.022491942706967,15.90255471917558
362.88413475664146,478.58281332677774,13.911606169756528,15.798133484002491
356.9405121505673,485.06081807321635,13.781224619514635,15.737107282751289
360.6905382385355,478.45901363022494,13.826829124639056,15.635889432283829
354.78849872446074,484.9204299324774,13.652007243364782,15.543340946431327
354.70507860075156,478.1229862434889,13.721205180819464,14.84943094586824
349.08855443042603,484.47919564153227,13.347196903733636,14.98412480542122
352.74999467141134,478.14614222913224,13.350460163370746,14.949922830477554
347.08743281854834,484.3062852981768,13.237084418413149,14.894311832769347
347.00237072178646,477.82037120817296,13.325966095300057,14.175055151021635
343.6856983264933,485.4127547821019,12.985336657981069,14.301611169057292
343.6499511072988,479.1669867121185,12.967407924194124,13.623230202395636
347.11554895099135,486.5565571490795,12.69152096025878,13.815579234784712
343.9499847788225,480.35878128782724,12.455096738068153,13.808914999647687
347.22182567974573,487.7266719570067,12.360916927493694,13.803911401767245
344.0319174638671,481.67011733149025,12.185565207395502,13.773466918974458
349.0280561436555,487.477463123883,12.142540930094116,13.715211872885192
343.802040145011,482.6314716791575,12.007694150832801,13.757985739814252
350.2489940740444,483.28303564457923,11.99649102756829,13.820234519862524
343.72164826655285,483.9105656884527,11.98822392520518,13.791775198297533
338.5558737289598,479.13772448430785,11.94968823781798,13.684162089619482
341.7427610319183,486.38577228285067,11.876579010471552,13.678733835673516
341.65132555966676,480.5659012606066,11.970145366239578,12.957451977268537
341.5952318212373,487.59996100278596,11.81317784741864,12.861332614980155
341.54597295244446,481.91340575000027,11.786941402009973,12.342945508551967
341.5142114060284,488.6836526803082,11.526564480680037,12.356015719591369
347.53357112200825,489.26056850998384,11.329537973219796,12.523981192732164
342.8904943741627,494.6299409591117,10.97310476084201,12.633686955182096
345.88592480770063,489.3567443485018,10.970943806791109,12.556642294932049
345.70870779434614,496.0326953913378,10.940244805469652,12.327205342927103
345.6014250980918,490.6745198796954,10.998966299324328,11.676015053040523
345.5284210849337,497.0570748822888,10.820973460419566,11.596195384462568
345.48264474570715,491.90836624850107,10.704532899708234,11.15820196173052
345.4500224211077,498.06918695914715,10.4878350025396,11.150364213228851
345.38667015595536,492.98919990233617,10.385632692758268,10.77024681226344
345.31576265184844,498.8707850358643,10.160673529381299,10.733352942912184
345.30043973852474,493.921141077186,10.059014091555731,10.33966161985127
349.3155660908669,498.41383273143373,10,10.382499441726994
345.14945795945823,494.6577721764934,10,10.442914618990448
344.9658399503678,489.82584389971083,10,10.081543625863661
344.79703965596855,495.3562237515709,10,10.070591470666521
344.7327257003635,490.5181216597557,10,10
344.60736100934446,496.0585570422046,10,10.010255677057785
344.5637626554817,491.27261966466904,10,10
341.9814619924873,496.74179970112937,10,10.17659010713308
341.9455263260752,491.9704822897911,10,10
337.84050771035254,496.19180506281486,10,10.106690887363186
340.4066702965647,491.6108402005218,10,10.204685332103075
337.80294176377356,486.8847015489589,10,10.256851436803561
337.69236476160586,492.52763859994354,10,10.240226297236596
337.6062173638493,487.7084736227989,10,10
333.585226515308,491.9988078590685,10,10.09531495641589
333.4893085528165,487.13743871450424,10,10
328.38535233028233,487.53660076822734,10,10.222560644827382
328.30027903802693,482.6842871308327,10,10
324.2678884435445,478.93875954972793,10,10.18818012024775
328.2427421975881,483.3540274316003,10,10.257298744930834
324.21376766450703,479.6088528150927,10,10.336172796366414
319.10461820848286,480.0304544282367,10,10.51774090281923
319.0199339557439,485.80270708506436,10,10.474231225150248
314.91910244710743,490.18442739824053,10,10.5350961331607
319.97046543844044,490.6729443006705,10,10.734774126014937
323.9920070338994,495.2611747076771,10,10.711181582875701
329.1186373401433,495.7607085496178,10,10.873289984466501
334.26569535024464,496.30302116764994,10,11.0219597122389
339.4543535877019,496.8025252933175,10,11.090021349018702
344.72164274938405,497.35149902936706,10,11.204741342129541
349.9433181453496,497.94471768229783,10,11.27969662965182
355.20355345495045,498.5166524453008,10,11.32262031176813
359.3230960536748,494.84799048219617,10,11.219208897858994
359.2651433367282,489.97138619470707,10,10.764914154050567
359.1676462534815,485.1333228391795,10,10.37806879631897
359.106448372826,480.36608774491066,10,10.073462942681427
355.05278798006475,484.6700118929235,10,10.173037856799754
350.97219773195684,489.03034872454816,10,10.283001171699846
345.858636578545,489.4752251905781,10,10.455955067757372
340.64691801927984,489.9258204208796,10,10.62556765338094
335.45444508455694,490.3769801808812,10,10.751737842278132
330.24241324327886,490.88425901969464,10,10.86172263939797
326.03088732622564,487.0240868632851,10,10.914758621681084
320.74046727083623,487.5491832531908,10,11.008896581844773
315.44421502016485,488.1101839658236,10,11.04545602865715
310.12427206896245,488.6277182149718,10,11.11094044688742
304.778444012627,489.1910536383686,10,11.174702387035342
299.42812939547,489.77120455801565,10,11.21565086245375
294.15944310091436,490.31665305115536,10,11.252582235778286
288.78670330904424,490.89581468135555,10,11.294569444051639
283.39536925219,491.45037766482466,10,11.327523307283094
277.9817936029285,492.00945567600735,10,11.339578876638289
273.67364235781133,496.65202841692303,10,11.296472121613588
268.3235303964466,497.2511749048911,10,11.317577525003184
270.96457262896,503.20326801818595,10,11.272288507581038
270.9512684037909,498.2893567374983,10,10.804723800889967
268.2899598767981,503.97489705558536,10,10.787046256146482
270.8798172166571,499.2870904238872,10,10.82601439319998
276.03284141328186,499.811135962419,10,10.957220882550322
270.7195660760626,500.3276820269784,10,11.045821649320784
275.9092991044745,500.8704783409111,10,11.18076942577511
280.00424834992737,497.2279600777642,10,11.053169672009217
284.0602781465277,493.5809093001986,10,10.936978124875953
286.7103674104437,488.8808817430717,10,10.935307470086713
286.59518125560135,494.7747677075893,10,10.756723620885468
290.51324441935867,491.19868885288423,10,10.715801858707511
295.64605930354446,491.7274492059571,10,10.817069237545606
295.5405764123425,497.5777485199184,10,10.70634583087557
299.547685100697,493.98108642877565,10,10.67581213352235
302.1022719880566,499.73333070402947,10,10.757104680426789
302.01637774612755,494.90649816172123,10,10.368300740385084
306.01732903625816,499.37903874777777,10,10.414141542454058
303.4158003916964,494.65816435082644,10,10.44053083928645
298.289500056766,495.1159367811723,10,10.641403148165633
294.15299588348716,499.5685935466093,10,10.668012529889353
294.02836678829044,505.37036974024176,10,10.598099096787038
291.37851022090763,500.5983466930524,10,10.57685855481316
291.2334793349728,506.3310744816305,10,10.498241890620918
288.6389773627743,501.5794181189269,10,10.516164906555275
288.5072330823168,507.2921536577071,10,10.441246387893859
293.5611643185839,507.7120391638442,10,10.638337391343786
288.35691064503044,508.17632119688045,10,10.7657182448576
291.0470382561907,503.52280840818577,10,10.785255838543284
293.64911597874016,509.3138413441067,10,10.846887705348882
296.283037125133,504.59515530488414,10,10.874462115336955
296.2077842047438,510.4532347114159,10,10.740343135342309
296.12134328391403,505.60259713826906,10,10.3141396820877
301.11981883551925,506.0593375841086,10,10.56363147908349
296.9480234673247,502.2371600648397,10,10.675770922375936
301.001602797769,506.7997639536728,10,10.659816074397158
305.04121032264084,503.01076011821,10,10.632002135825845
302.4016663124785,508.66008694288286,10,10.707302305755
304.9658056786284,514.427302759099,10,10.78855613627436
299.74311128165573,514.9014381128102,10,10.892748602718262
303.8073731949553,519.5441022792918,10,10.860513035563102
306.4677003910765,514.8708475965904,10,10.892918320765727
303.8106178333983,520.6377644300231,10,10.905155706451467
299.5978173306212,525.13617857297,10,10.912260373438642
296.9086391022429,530.9153740033333,10,10.907564237748694
296.8325916817412,526.0595461793952,10,10.472863302983406
296.7342838412151,531.7785402227947,10,10.453715624509439
292.65389100369066,536.1953594236576,10,10.515562147100187
295.26798216160387,531.5622624962369,10,10.598279553882215
290.06614748295397,532.0353688273157,10,10.726640885407686
294.06171766575426,528.4093934753236,10,10.654075293005313
298.09625355061144,524.8401673719897,10,10.632191005227135
293.94628015812486,529.2996130520467,10,10.67375744693213
296.56676689442247,524.6483197313001,10,10.723212221970059
293.91481820400804,530.3639796334218,10,10.752087959108668
296.5512668257579,525.6681104656828,10,10.800452995941466
300.5923010474071,530.2829507154178,10,10.800333348522287
296.443191207014,526.4721664925685,10,10.852683158661762
299.069681561552,532.3167305069298,10,10.897361740046676
301.71270266827196,527.6230016997168,10,10.903796901164398
301.59470338281244,533.5168080156079,10,10.775940929843749
306.75799102243036,534.0526578064225,10,10.916901303239126
302.5933653777465,538.5951130169799,10,10.921623870100548
307.7738310759887,539.1400231091708,10,11.023862606579186
312.9778439467773,539.7198017520356,10,11.126120868792619
307.6551420157775,540.2492104197752,10,11.196275706050438
311.7539965575561,544.9457296503504,10,11.131498620327381
307.5061113303527,549.5126163358236,10,11.096306563467902
307.454269814305,544.6117796751699,10,10.655839114816768
307.35630823951215,550.3935845434783,10,10.590582382655587
304.74400688987225,556.0527543059005,10,10.644934965965264
308.74275090079755,560.6199727168281,10,10.642228223761123
304.5729353604838,556.8311186954295,10,10.712934866564481
300.38922383170575,561.3279180360901,10,10.74804655053872
305.5625574765727,561.8702968433809,10,10.89611910277372
300.3049934087321,562.410503869044,10,10.979568352724677
295.0244305310771,562.9630493919769,10,11.055242816464204
289.7727930722758,563.5424878671918,10,11.086488947241804
295.02940728049725,564.079475374527,10,11.206772264823837
294.9365018080054,559.2162800585949,10.008596858927945,10.709900109823
294.8223296580836,564.990009255207,10,10.620191083358712
294.76621892955154,560.1902982700301,10,10.230187394532923
294.7117705931887,555.4304935336113,10,10
292.16838699486107,550.743162014455,10,10.10508028989932
292.1281293993816,545.957700908184,10,10
289.56014672573656,541.2385498794318,10,10.121303575753984
287.0334457522258,536.5301567210837,10,10.211610934320314
292.0580777293071,536.9392377141944,10,10.459847687913673
289.4666084414348,532.1768357345837,10,10.499140821024099
293.4834107523784,536.6688276944654,10,10.553270495316006
297.42968694027513,533.0612230854651,10,10.543881782408349
293.3108181124553,537.4927952127022,10,10.603079828349436
293.2394213145599,532.6715536121815,10,10.253916262728094
293.13036775495857,538.3051732990862,10,10.264946656680076
293.0818656636402,533.5115215778351,10,10
293.014651726,539.0727454592513,10,10.063584532394628
288.9859709246084,535.3190917036098,10,10.219552703467667
283.9410867197439,535.7564175562769,10,10.429667266863635
278.7923206789419,536.1935951638447,10,10.629799737885044
273.60760588478297,536.6884796324778,10,10.78476816348065
268.39052386116236,537.2060190472757,10,10.89231073185696
264.21527428459376,541.7350798483963,10,10.893355084205712
258.97332663368434,542.2491359407051,10,10.966761172941776
253.73069329094142,542.7644365362779,10,11.037489904472139
249.49617190193385,547.3271702445263,10,11.033126728392833
245.26102013420314,551.87576178464,10,11.037695929354319
241.04135603737086,556.4314497429817,10,11.033742841345159
246.22797674965113,556.9901350314716,10,11.143215859870207
246.09210663568228,562.9649124464335,10,10.981555278908967
250.1754201008007,559.2379516580457,10,10.845541076112847
254.23813038598746,563.8454223640067,10,10.81855170581683
259.3668778492138,564.3667875978996,10,10.968051224221938
263.4461467815563,560.6406788593854,10,10.836599515611937
266.0238409591839,566.441000381685,10,10.920604031132463
271.239004666917,566.9507311175124,10,11.03005596203488
267.02814107667655,571.5374156365568,10,11.02629504009598
272.19493108522147,572.0596416132976,10,11.074106189145906
267.99584346544,568.2566097466297,10,11.060662609706851
270.61217575799674,574.1520399501985,10,11.080044855462425
270.5205822167918,569.2578662132363,10,10.622163157633786
273.0803599534556,574.9642975555862,10,10.700128987033075
270.4483454404399,570.1858365209312,10,10.676301544624586
270.42170321848243,565.3944465918917,10,10.381548443719026
266.3212136020884,561.6238461778725,10,10.48371528661951
263.6754864444956,556.887001435346,10,10.545733133183765
261.07795202638954,552.1093112172572,10,10.57996679506931
261.05308858770877,547.3154964107214,10,10.229001590025758
265.0102564515546,543.7625454519244,10,10.258893280416295
270.0606877030805,544.1810726730503,10,10.521318394248365
275.1424109162763,544.6940229266786,10,10.711417132635326
280.30421130079776,545.1854020535252,10,10.901110732694104
285.50824133772403,545.7297642077045,10,11.051215560230172
290.76239172834903,546.2616653386575,10,11.171769391730948
294.87792698759586,550.9753879614549,10,11.06443732820413
299.0091711701825,555.671393142866,10,11.002139833118736
303.082863968797,560.3474176943232,10,10.974014794840418
308.27726475615054,560.9132513737931,10,11.079189948985208
313.5149542512372,561.4804875563159,10,11.193040309235645
318.77958075422794,562.0546415651272,10,11.278229434404613
324.022151154466,562.6306488614418,10,11.336523512773041
328.2026082696393,558.8609690286708,10,11.178293780884761
332.3373624505475,555.140219207994,10,11.03496790649107
336.4470502557233,551.4448023304881,10,10.862917807590836
340.50744025129825,547.8690758763343,10,10.814886367601314
344.5204168977216,544.2908068303943,10,10.744238256478274
348.56479184050113,548.8599709806076,10,10.725550306393364
352.589946907945,553.4232818128023,10,10.739183616369228
348.3747421922162,549.5826332547093,10,10.822698597545363
352.3868033112958,554.1756172352042,10,10.780960525471727
349.7149271192029,549.4081639693048,10,10.792680373615639
345.5477489652112,545.5547267844544,10,10.854220022704956
349.6041955174878,550.1442950491977,10,10.785555218682198
346.97642390150577,545.2886348840032,10,10.721087241881477
346.89270165283233,540.4844564390069,10,10.348146638892967
351.96084406692535,540.9179290291786,10,10.571468401527522
347.8167057307437,545.4588318686342,10,10.731318072347673
350.52000811416656,540.8095533105353,10,10.743315129951618
347.83271243888885,536.0033394066206,10,10.711419588782098
350.40480211097747,531.3113777397932,10,10.769614505994044
346.2499687941745,535.8608240558003,10,10.821362361650632
346.18240797985345,531.0341218739992,10,10.426212304781764
343.5311483191326,526.2936607991023,10,10.445228975144353
343.5174767905846,521.4920006903434,10,10.108278768773136
348.5648634368554,521.94452700547,10,10.294850040840537
344.44422745052725,518.1763887203438,10,10.472635667184564
344.46270136442035,513.4972373977575,10,10.171711894815411
348.2816362818703,510.07412248226757,10,10.211068881099317
353.24460415448993,510.4661394225329,10,10.48410322929032
353.15012718643993,505.78137836511047,10,10.088375138141465
353.0657029589638,500.9883905649185,10,10
353.0290072290227,506.61358941650775,10,10.031344392768773
355.6367459623143,502.15043524130033,10,10.089689905964352
355.60093004163355,507.81538277402007,10,10.127832064340815
360.5631869500503,508.21985770447156,10,10.412816858627327
355.4330166047439,508.8166983518297,10,10.534853857101123
359.4591954415664,513.3669482451392,10,10.582841161546664
359.383660457097,519.1797737964154,10,10.522955439853682
359.30764019396156,524.9868733173643,10,10.476153515570626
356.69388449098915,530.6121875669601,10,10.544489020895483
354.04273998644203,536.2143720122349,10,10.625398450658327
349.90335714723915,540.694180463518,10,10.670921852657589
349.8015418862924,535.8721290153084,10,10.258272544181855
349.69001457002014,541.5171415650375,10,10.23867610225524
354.69358751084656,541.9839387737743,10,10.480560262395617
350.5749256303534,538.2091807552472,10,10.604693208476785
355.6579572847113,538.6768785029142,10,10.792391914230835
351.48233052995056,534.8371804515191,10,10.866294471488839
355.5369536569342,539.4793415959691,10,10.838254035310836
359.64955684449524,535.7541531402431,10,10.724773391373361
364.78087589051574,536.2616272513689,10,10.892757903611379
360.62118407990783,540.8301464756074,10,10.913604052912593
360.5119720911607,546.7461591657744,10,10.772457540681575
360.487209324725,541.9407268176517,10,10.365643022449625
355.38120460975915,542.3840719037184,10,10.526929820988595
360.4452486084774,542.8509542026976,10,10.751996700195587
355.25789642799646,543.3596501305827,10,10.863708266590363
355.1711976053193,549.2605295746179,10,10.718411094218245
355.11661991197616,544.445858862121,10,10.286080308518645
352.5428932579234,549.9984928860948,10,10.413378140392805
348.4659016998485,554.4368752190014,10,10.467546473236844
351.1344488533214,549.8372790403064,10,10.533820472777732
351.1458250749856,545.120781005634,10,10.202998754952318
351.06988995708525,550.7383478435963,10,10.19336518583886
351.0416507739574,545.9527696371078,10,10
350.9581460747868,551.5028721548606,10,10.061385540666265
350.84061080403626,557.0705022843008,10,10.087240928148248
350.7432241011411,562.6564940829961,10,10.108912344795733
350.6393745560199,568.2750415147096,10,10.145256888717258
350.5276693943888,573.9033641707294,10,10.185133717180697
350.4398228023201,579.5347913244972,10,10.199366621254125
350.34422116167843,585.1856695288245,10,10.204800154005518
350.2515371758491,590.8358787150279,10,10.197461157819646
350.1777024883777,596.4725667561063,10,10.222905571268226
346.13344961591065,592.6926950453568,10,10.346044016113213
342.0204744953662,588.8842388046244,10,10.469978878406824
339.4701579231769,584.1257019984639,10,10.442157318608654
336.83897620625794,579.3354313146634,10,10.458650872794074
336.8348270165734,574.5887743359257,10,10.125456308236018
336.79532685829327,569.8260902166367,10,10
336.7899672179483,565.0033768415451,10,10
334.3027493148111,560.3517707185811,10,10.113370975481246
334.2701314291917,555.5789159536362,10,10
331.73734863614663,550.8952845971,10,10.119024149534539
336.72210892057046,551.3095268042835,10,10.3961076672967
331.59056051587686,551.7792368768435,10,10.567783308271473
336.71801098203287,552.3131553231669,10,10.741179883680184
336.65695513552055,547.5564453811417,10,10.327886777923519
336.58368107443675,553.2630641147765,10,10.315346065109495
336.59108177991584,548.5032547712326,10,10
340.52076212735847,552.8946225656542,10,10.100525138085459
338.01286188932136,548.2288090268497,10,10.196385804866743
337.96443050401285,543.4517296552658,10,10
342.9468027879484,543.8813844453161,10,10.30626377843501
338.8771745492704,548.2731464480912,10,10.376211528866328
342.8363801767118,552.7826100593782,10,10.438134907488823
342.76112740533426,558.5405926679085,10,10.382040028867943
342.6801915098913,564.2871511254028,10,10.3637184553711
342.62071310402825,570.0005829390261,10,10.34237908196964
342.5019068312831,575.7081353735144,10,10.33117435947751
346.4463865351863,580.1931259759001,10,10.38281199778479
348.9927038741298,585.8714556816469,10,10.5314368956783
344.8753170561977,582.0721226827933,10,10.621517440352228
339.75854297401384,582.5679454183414,10,10.736943845781681
335.5926861357875,578.773775076201,10,10.780691672701877
335.57592817628756,574.0204558000992,10,10.40122945586246
335.57636460952926,569.3358369120466,10,10.08130974600576
335.5270501143532,564.5724914073944,10,10
331.5410026080208,560.8525759323571,10,10.170326402955425
331.4929440050619,556.0855948925018,10,10
327.49374747567344,552.3487597718727,10,10.202950713059977
327.3883294641273,558.0406260764125,10,10.225020830725956
329.93312545411754,563.6630971181896,10,10.423861553568212
333.94506545655895,568.1971064979707,10,10.464210713927894
337.7971467553871,564.6904691808903,10,10.489365269048239
341.85222573869396,569.2438538964647,10,10.523005307503997
345.93282409303356,565.5860689245037,10,10.487240679587527
345.863341766526,571.3525797856851,10,10.424715134898124
343.27439041726757,566.6025914340678,10,10.463812512266117
343.2872633879306,561.8615932660978,10,10.12079950219782
340.76945423532743,557.1714733641656,10,10.219812194245506
338.25015878130216,552.4537448711037,10,10.2742019043686
334.19090556551237,548.6992177537986,10,10.407609547792074
330.06848525453825,544.8848145906966,10,10.504891692630277
324.85939454485197,545.3780819668592,10,10.675454875981604
320.6952109282138,541.564526228007,10,10.754074875719613
316.5058660452487,546.2152568397003,10,10.79897004424002
312.29600047518034,542.4057953930718,10,10.852765564755227
314.90613841463346,548.2834220446185,10,10.919869439396052
310.7052354757907,544.4970131039181,10,10.945990657894026
313.2382492964389,550.3685741712941,10,10.995991768381316
313.14641913969535,545.5676437193167,10,10.532270396945467
313.10738539521117,540.7875757855111,10,10.16158007742298
313.0807361846091,536.0391355156898,10,10
313.055323062581,531.2512589097023,10,10
316.96895402495284,535.660956984037,10,10.07270132447502
312.9072179180803,531.9203595127052,10,10.265119869433553
312.9154281812953,537.6367792954816,10,10.255125190660708
312.84500061452854,532.8774114251137,10,10
317.87081991613377,533.3348570849057,10,10.272401017833545
313.80206953466404,529.5927893475096,10,10.411505231181867
317.7784000533866,534.0435201906067,10,10.434682293156385
322.86689673841465,534.5008831138691,10,10.624416686042071
318.73727427900303,530.7386566472272,10,10.693142995790657
322.5986326831626,527.1718229743436,10,10.676870327672212
325.14539061964024,532.9089076227737,10,10.79082721336848
329.1329923766898,537.4712115689993,10,10.740691748285462
333.0626569885062,533.8950941191944,10,10.720739319556465
336.89284645498265,538.6330827145927,10,10.854432767798006
341.94611822545994,539.2127936665836,10,11.100539886032958
336.5875366824912,539.6462241685107,10,11.136447136458877
341.5562213558005,540.1751080545803,10,11.15724520027252
341.30547832429875,546.2547883437586,10,10.910865655241068
346.30150150239933,546.7870285262218,10,10.984481026818253
341.9709937471198,551.4270060832013,10,11.027681315996535
346.9420068162726,551.8474171753122,10,11.15873879285783
342.6897480386542,556.4131590440292,10,11.098468777652805
347.66898988664616,556.8672031887777,10,11.220279012440288
343.4350321191596,561.5110456849023,10,11.196688372912961
347.30009602487553,557.7679181059077,10,11.112531848773484
344.61542486131657,563.6661422541302,10,11.058475138631984
348.5031025308417,560.0011395327166,10,10.971210397896156
344.2675869363593,564.5341772955271,10,10.9905907667453
349.53096603334416,565.1529533052578,10,10.984950644943163
344.0162517923163,565.6616529200354,10,11.080826943342043
343.83649719238747,560.8097643692522,10,10.643079730028209
349.1359318542527,561.2179307872068,10,10.798198474643367
349.12375791196246,556.4765873203737,10,10.444852540877946
349.13186725985724,551.8050870846059,10,10.09792972597543
346.63769564044196,547.1164717272279,10,10.176815828609882
349.4339896143647,542.4896740653286,10,10.342090420291875
345.40532979380805,546.9126041773369,10,10.397553514756837
349.2245169581147,543.4351368882222,10,10.4216490312491
346.62282165896613,538.7282770991819,10,10.476678347488726
350.6649063528748,543.2521398021644,10,10.486858138667376
350.6185762324603,538.5189532421364,10,10.179209156367591
354.56848591950256,542.9530053158909,10,10.279855962532872
354.52962233137805,538.2847180565603,10,10.017293174980495
357.0085275323363,543.8686805708859,10,10.225309422879805
357.013853812241,539.1554614305496,10,10
356.97029730083887,544.7627847330493,10,10.030841561809666
361.9887251496548,545.1765779557369,10,10.296768724413278
356.9205364823574,545.6978761680316,10,10.480788086376318
351.811485731625,546.195695599488,10,10.612860281126679
354.36478444340173,551.9630638340919,10,10.736340288359182
351.7522089123959,557.68124832685,10,10.807413777208172
351.7096709922189,563.5602893087869,10,10.667558818339291
347.6171073630685,568.0431022883494,10,10.689759206565446
342.43883845361415,568.6007283397173,10,10.837257014184125
338.2830466941232,573.1200217565495,10,10.85936392136459
334.14707467111293,577.6399742168728,10,10.871532479416574
328.9610385611886,578.2116872011458,10,10.96084989332465
324.8302874282235,582.7890886979193,10,10.983409341794154
320.6366696074838,578.9511713366961,10,10.956573013215188
323.2653426841134,584.8300450657466,10,11.014146523741951
319.0518564895028,580.993298133999,10,11.01750202816739
321.686259479844,586.8724645849331,10,11.037090802934944
317.4711696818704,583.0224079590162,10,11.01538799184167
321.62058040651027,587.6957459330265,10,10.959329032956642
317.41144201310817,583.8871673479644,10,10.974716278917263
321.4914271548623,588.5390299443575,10,10.922218464976066
316.29150983842555,589.1112006626153,10,10.939400132174615
321.473359794938,589.685980055298,10,11.035039477416664
317.2349841311807,585.8155558747418,10,11.023254743741514
321.3345658496255,590.4956702987319,10,10.965507547067535
325.22865840943996,586.954971318621,10,10.885964383326872
325.13416051270906,592.8509969346634,10,10.75673587463077
325.08616780268494,588.0308867733654,10,10.284294835532464
330.130007734173,588.5071871016448,10,10.499301486407518
335.24139117228333,588.9882312138112,10,10.653553422444709
330.0203838251764,589.4479065291731,10,10.781917382747167
327.450929155224,584.6415486821708,10,10.757241032684558
330.0362403296167,590.424439057942,10,10.809767394789535
329.9583631657297,585.5788733985605,10,10.422575349294613
329.83843052911106,591.2850699194009,10,10.380976603878466
333.8155401997501,595.7878207701629,10,10.443906756602747
329.7142309002811,592.0004789227429,10,10.522540093623903
334.8042296223575,592.5029258862044,10,10.737402650732854
330.62424743699376,597.1625731618321,10,10.812039488332129
335.8720005803043,597.7234555797808,10,10.955188092185653
339.79277170228306,594.1305122903118,10,10.898371233318281
334.58547342347447,594.6917210318205,10,11.00177715270567
329.31192768143956,595.1713228353715,10,11.071350787310557
325.0663913540775,591.2932006779668,10,11.07134853534756
327.8319193177158,586.6084868923523,10,11.036303755502367
331.97410548257176,583.0654043011443,10,10.957931031271537
336.0923773102695,579.3627434344276,10,10.842466956141799
339.9472369007999,575.7795709347025,10,10.773286347529226
339.87391686218325,581.6511571718254,10,10.634085354606684
339.82995630579535,587.4917169567427,10,10.582291651471314
343.8523666985566,592.0375513032711,10,10.6078409759926
339.6804101594025,588.2204940002465,10,10.700479332347038
339.61234836059157,594.0759388587744,10,10.610357208675051
339.6175393444719,589.3025508012208,10,10.234256965749964
342.15918177191634,584.697673456679,10,10.339869465807684
346.01615971152205,581.2147393925129,10,10.410268882286896
348.6563710552873,576.6210836610768,10,10.480603607183049
352.50511997763533,573.0587319963822,10,10.510289026568378
348.3669912201585,577.6123191318588,10,10.589312990173202
350.97787517134566,572.9561627962187,10,10.668664006790603
354.81815022055525,569.367465323638,10,10.644450770952112
358.64734428946394,565.8050062538198,10,10.637661242284082
354.54091280524153,570.3118131581878,10,10.66381565254231
358.5766388756456,566.7492248198447,10,10.641573353398272
361.13241523329634,572.5332464012301,10,10.76607512776117
361.10681853827555,567.6695037466109,10,10.334177616870372
365.1734384113224,572.1859857338665,10,10.383974453211348
362.54081759986,567.4211123614604,10,10.399394148768042
362.4469852038892,573.162934495695,10,10.377097460254808
362.37621109571774,578.8815316053065,10,10.384623509281376
362.3248850220116,574.1889333175321,10,10.077160706778482
357.2057815903099,574.6338496528672,10,10.316706831732152
362.28319801029284,575.0950411255399,10,10.552197874538177
357.0713769310387,575.586632573654,10,10.6387735127415
351.9046698921593,576.1103182220761,10,10.744398994385417
347.78487361606676,572.2978641739525,10,10.794098903529434
342.5514189117821,572.8097024859687,10,10.869216501374844
338.3799182289513,569.0111436314486,10,10.867828713436527
334.18673385318834,573.5444941819983,10,10.882539927705679
331.5196677559288,568.7468902930166,10,10.847251680583756
335.5933939331444,573.3878599775232,10,10.812886164109377
333.00539983448107,568.5688982219974,10,10.766781049672744
337.0956312530907,573.1861760176711,10,10.75967678278844
337.080152260256,568.3930825730849,10,10.328700395288234
341.01117061276454,572.9143645720721,10,10.410522231054038
344.80367611546535,569.3588536539411,10,10.430106727533438
349.8905963768484,569.8433997228494,10,10.63225491945931
344.73202561039943,570.3526319154026,10,10.780167840337366
344.67052147362847,576.2177558054773,10,10.678835846931229
342.07907173607964,571.4713561939925,10,10.65682927613842
341.9496778753819,577.2682658525159,10,10.577194910874013
341.83267078374047,583.0611240778308,10,10.511497037819822
336.7165838239016,583.5736434599357,10,10.654641361912644
340.81465682957787,588.1718521132005,10,10.651028391930875
335.6374641415896,588.6720930189432,10,10.783755332124073
339.6737094876589,593.3027714804534,10,10.78845160887166
334.4161015507998,593.8077263911331,10,10.87413142526861
334.33555374119896,599.718174354359,10,10.755259958655742
338.3716441151919,596.1848019509342,10,10.71068570041129
338.28744759981055,602.0753127988703,10,10.646920550559663
338.20864367310423,607.8941355383641,10,10.575807206581565
338.1585644391598,603.1390506192738,10,10.166015115441116
341.8515347150387,599.6062183120473,10,10.205000214055383
337.83845125709195,603.9925825479681,10,10.294304632533658
341.6727827695431,600.4929088152119,10,10.346530001030825
344.2136078980984,606.1533917995977,10,10.509186583223439
341.60318171058316,601.4203533763035,10,10.518925501039806
341.486774688703,607.184592427177,10,10.483019230042345
346.5704100189032,607.6940883828107,10,10.614112171947294
343.9389646110358,613.3757135046209,10,10.661552235944036
343.8151404989185,619.1764656820861,10,10.593553320771994
343.6369262469234,624.94793229478,10,10.51404573167573
343.5442709979834,630.7001635733067,10,10.379682242310313
343.52913437981624,625.9290227107664,10,10.032928742476237
343.38009797234554,631.5012852621143,10,10.010498747812866
340.7485819925787,634.9267507938529,10,10.146498412294257
345.6613780130865,634.8296003807006,10,10.34079923859862
341.5698891748907,634.7997042182617,10,10.400591563476565
345.51902853150386,634.7847281640537,10,10.430543671892552
341.4182938208105,634.760187516775,10,10.47962496644995
341.31329644669313,634.8064686790639,10,10.387062641872175
341.2034394462826,634.8409111146692,10,10.31817777066168
336.03531906206626,634.7829694118443,10,10.434061176311356
333.47023412783165,634.7701232761264,10,10.459753447747357
333.35780161072034,634.8139640527214,10,10.372071894557138
335.9670345132472,630.1883632989078,10,10.354263812035555
333.31282728363294,634.7981307885909,10,10.403738422818254
337.3637844865443,631.0402408244641,10,10.297591089719154
333.3094417398097,627.3331677357913,10,10.471858612584715
337.31216447998304,631.8916320000369,10,10.50287262712354
341.2407399957301,628.3722878558688,10,10.527210978020838
337.0934788529994,632.9103164295408,10,10.574644164233952
342.2408005540492,633.168010828309,10,10.6883260659124
336.993036443484,633.7567218279466,10,10.777324431016874
342.04448717285413,634.2831065183311,10,10.85942355286494
336.72508352447767,634.5412032138007,10,10.917593572398633
341.82136743713636,634.512080459382,10,10.975839081235947
336.4514724557521,634.5073324232455,10,10.985335153508954
336.3416763638379,634.6077606150412,10,10.784478769917634
336.22154115338344,634.6884314311235,10,10.623137137752988
336.1120756586315,634.747400896362,10,10.505198207275985
336.0036811848404,634.7936782966939,10,10.412643406612137
335.88399614591617,634.8249467819991,10,10.350106436001795
335.7762687673094,634.8562748075134,10,10.28745038497325
335.67271786381025,634.879980315525,10,10.240039368950042
335.5800668617012,634.8985895358425,10,10.202820928315067
335.46139840979595,634.9100527360855,10,10.179894527829058
335.34375760902185,634.9144954442693,10,10.171009111461416
335.2339846511604,634.9172711368187,10,10.165457726362586
337.74702304799575,634.8333789752497,10,10.333242049500502
337.65761301864404,634.8587863458392,10,10.282427308321495
340.1851377283456,634.7990880476233,10,10.401823904753396
340.0803703387501,634.838426314924,10,10.32314737015199
339.960831234348,634.8603077910861,10,10.279384417827806
339.8492073734524,634.8781955439465,10,10.243608912106888
339.73285698343534,634.8929992860996,10,10.214001427800854
339.62791902024765,634.908229527278,10,10.183540945443983
339.5136645381572,634.916270768491,10,10.167458463018043
339.3714731876971,634.9096608283193,10,10.180678343361407
339.25474434543867,634.9171592697256,10,10.165681460548651
339.11785415757913,634.9113129929998,10,10.177374014000403
343.02279643167276,634.8737625493886,10,10.25247490122267
342.9091043790104,634.885700018593,10,10.228599962814057
337.76729777653236,634.8012347343181,10,10.39753053136381
341.78928521473426,630.9426711547541,10,10.227160265412582
341.7768420550274,626.2160822282569,10,10.026802275511255
341.7699053242104,621.4439098834991,10,10
345.6294150307076,625.8320474601014,10,10.102550988152956
343.09529208682943,621.1673385738802,10,10.18340213309294
346.9783561184304,625.6176407293115,10,10.240892419093132
351.9922363712685,626.1173439922918,10,10.52319365680421
357.06531166576315,626.6821629331974,10,10.722330346411791
357.03530866571236,632.2247438580781,10,10.537070840400487
356.9720445788698,627.4591627037444,10,10.318931238667671
362.0945273555117,627.9390603413967,10,10.53755996410302
359.48358046181966,623.1521563673339,10,10.55231639855685
363.41255723603535,627.676282322943,10,10.589760707736398
366.05783330567647,623.0035905838287,10,10.661879301016457
365.9994416265981,628.8546186826499,10,10.639900656169363
365.8992752908962,624.0823745267323,10,10.483008238329123
369.86118768446613,628.532628237333,10,10.517413498707327
369.8147886536317,623.6601337811201,10,10.294792051941474
369.76539158739615,629.3215846311118,10,10.25271978158439
369.7431753046112,624.5955885535842,10,10.07537844054572
369.68368683673907,630.1614780312267,10,10.023720525605086
369.64584792323876,625.3484729528427,10,10
369.5917632683413,630.8040589094162,10,10
364.6157896622317,631.1559540163653,10,10.126617047950276
369.6192395790713,631.5448804639035,10,10.283925385822197
369.0016203139997,631.7536580369906,10.000003077491222,10.283921369704293
364.8908850058215,634.8376419948715,10,10.324716010256804
370.03137887560297,634.7280461158902,10,10.543907768219656
364.93795407854486,634.6738585191222,10,10.652282961755681
370.06592048250604,634.5900631378903,10,10.819873724219484
364.8510567053454,634.525952145681,10,10.948095708638023
362.31319596904206,629.4668972896579,10.017669886455565,10.71003381271298
358.22769440256525,625.6968676586965,10,10.774620147542134
358.18657970719505,631.2844031289081,10,10.464020642665933
355.62235594086815,626.5414583460799,10,10.517601057626408
359.6536693602102,630.8983165518822,10,10.391580721461352
359.4713755726116,634.8048012579854,10,10.390397484029206
356.92566691630054,634.8171530129831,10,10.365693974033817
356.8617029815214,634.8803662905875,10,10.239267418824944
356.78914261155296,634.9286373310459,10,10.142725337908026
