180.5,79.5,37,114
181.5727818603441,78.23033308874255,35.11145269967619,114.98926639774072
182.56644011543247,85.59165434286204,33.823551754036494,114.35127011447733
183.82977689169928,90.6208470653008,31.991131467360567,114.54879554301291
183.11314261261833,90.59558483271226,30.963357144510507,113.6441552776411
184.68130776810594,90.60176273845876,28.81505339288818,115.51310599519323
183.0672510115905,91.44623163526829,28.73203328279583,115.31460463631996
182.0030540369696,91.52108912307806,28.653770299206876,115.63855901084767
178.54193138875166,90.84552072044065,29.516893986908585,115.32200041302343
176.3647599624364,92.322210206387,30.211903610474174,114.33581933618078
172.6459522821398,95.55176060831718,31.614032749753925,111.85161162542954
168.37574319199422,98.27124830914495,31.831830538199345,108.63084048364644
165.9702359103405,99.6983222588837,31.52978844180831,107.57610483468773
163.05166333298746,100.12530541051002,31.990412009142595,107.96557462953385
161.26379469957485,97.50577003929641,32.106805604169104,109.63631985239931
161.2942705846762,95.20270524742104,32.57912794809826,110.38825860973404
161.70972618132996,92.24183562084369,33.1767226523128,112.90908915431635
161.01592044249034,89.23043669540283,33.94444552630474,113.8624022945047
163.1234110148414,89.31537686788923,34.588286727336246,115.22869529319034
163.90588480866137,90.27940905595304,34.6210219733679,115.39386855553626
165.58490556544626,94.32189660671634,34.719543455708745,116.71074796908535
167.7753295585102,93.76891151073247,34.16038793631667,116.29825896019399
170.89207102273284,94.20270345037189,32.69316515496613,117.0393366133172
171.35290020763384,92.64709623059933,31.508079169998453,116.7929000576078
173.8327759426622,91.55150946159405,29.570737854284346,117.56809313735877
175.97669803462685,89.60933273952642,28.511701596533037,118.97643864310902
176.75396438120364,87.74636628887374,28.137969698934548,120.43320745902619
178.23392155038263,87.21555465825817,28.239963128826084,120.41294526321846
178.9493172578574,86.11783375914867,28.716017283487215,119.47938544400583
179.575436226382,86.41168889021921,28.755179898233877,119.08785568940544
178.93140172622665,86.01204940120955,29.01503563598662,117.74105178931197
177.49114580613752,86.9035912963185,29.736790981642827,115.9121418992811
176.22281543073967,86.1249227515953,30.335132526200717,115.64043762691871
175.01988819117148,86.27231574777348,31.179727020367032,116.11828465067182
174.6506010872486,85.1511401984187,31.450168285297828,117.5854369917329
173.78708458032796,82.75008620249473,31.583917765089122,118.20831238622978
173.6739557214815,82.71064578035592,31.89146561607945,119.10591488253834
173.33275657804248,81.30187795011547,32.36144919124372,119.19083101901717
170.9913297400303,83.04984930225956,32.50566189131594,118.74456473303343
172.15214957666308,84.22265587034553,32.85511115199505,119.028992719298
171.7581054564372,86.0633764430921,32.638073154577555,119.64404558091549
166.93654400952906,82.85159698112649,31.22022192730007,118.71414085509693
168.99267318249832,80.47496061573172,30.514802236833354,120.04846994231653
164.3554041801309,80.98672451123295,30.13247607530845,120.95345961213711
195.27448006886476,124.04641319712448,37.73080958836803,110.5796190445533
221.50639247716157,162.40340630498198,48.625314544723665,94.99516468918982
244.95377070354886,198.79335543027335,55.13107841665612,85.35268327820671
214.45075236426976,177.84331994016912,58.38375434692327,80.68761067321012
246.80461621385587,184.09490415970703,61.38154727763393,77.10183305749854
210.57184420022122,188.4935587902583,62.35983239377039,75.7498887484834
237.85466351552327,163.8880278371132,63.75126697483621,73.90575198533998
210.94432202137432,194.22606244487855,62.770596508544244,73.3176992798191
210.52295292871298,162.01312659540082,65.49165681834816,68.56054180396987
210.37685826661118,198.90096836623948,63.878193261883084,69.19284013485111
211.36806205837954,166.95286811273638,65.55991660447859,64.47644603736515
212.72908635669523,204.05423810081368,62.30039176625859,65.01513825115197
213.42692593427026,174.61951999707418,62.635420494943396,62.28446917298641
230.2485704816602,210.9822739795414,59.47705380922109,64.14972811479029
229.33890721413408,183.58589469834155,60.39743066156082,60.384549055119635
230.09564845438123,219.1091721582065,58.456965837869646,60.31430486537025
231.7472026135901,191.5804140510467,57.33873801452329,59.61343256040272
262.72170425269195,195.63022137878636,55.59034966551881,60.6189109072427
234.6351108332596,198.65200029382893,54.26645474779174,62.28243391822201
257.88715261173024,181.95826939058963,54.4380418146298,60.34820993368499
229.37055360016456,184.98247328795907,54.180441650505244,61.158407523772794
259.4198659782499,188.88371305107896,53.30515216044787,61.889087253514454
230.68510343545552,194.07821123442923,53.04486080926907,61.554066945773876
261.16945963803875,197.9496891848243,51.75170840166114,62.36994035253988
238.21993825803509,180.2258743840169,50.609926271531805,60.76831076836368
259.55701455285526,206.97094751029766,50.3595598452215,59.23637832195445
245.18137950010518,182.97086537675244,50.954663874061495,57.01001442132032
266.37429031442866,208.45690113116393,49.750608755424366,56.2327938341282
245.96494112599606,189.90796234882114,48.45451144747505,56.764326183970006
273.36670162403044,193.83870186787692,47.83651443822268,56.618910645309114
247.48625090535603,197.46087971329615,47.976886700766826,56.467951618136446
269.60084585442655,181.19152867249295,47.11839000941285,55.736214551793616
249.3241546873373,206.03849289567682,46.36876712508551,54.8293268158751
248.42640999455358,184.6786779881647,47.66869845739788,50.922762630655185
236.4216298359554,212.8611218576021,46.171832917050324,50.82312605144841
235.63700105149886,191.8827873954823,46.43918962231596,48.08170156138135
235.53925383322178,219.98563130403357,45.16497752353073,47.31022547523585
236.399431381831,199.42412373183467,44.87996235398567,45.4377076301317
237.25890685250164,179.53588811559294,44.263729527497254,43.14559823517372
237.65184644322676,204.6568982543625,42.60551515050565,43.224584732537
237.57967698317063,185.05771740487967,41.887960655166864,42.042151906356125
238.12661758630188,209.6210923282504,40.451694544281345,42.03305876737835
249.17819998618194,191.4618711415502,38.89520065821749,42.29780927676509
249.1479856566828,215.72787440100814,38.125735489777426,41.46145476590583
249.6209033336095,198.18625922506206,37.41272425286929,39.68725942810073
265.2992003709044,185.90058432337187,36.73019481451003,39.672032769689125
250.66040758022532,204.06641155097276,35.50739320409565,39.366528064243184
265.80908526628525,191.5886845224042,34.943443898870385,39.05969498148772
256.4007705876869,212.80540555130477,34.032467436364826,38.660928521831146
265.89006749600935,197.0423640860053,33.04181536166337,38.62915584635094
265.4991236765718,218.75226387885687,32.93168897389654,37.531534147610756
266.10312263949737,203.56893039396,32.395286383052124,35.77954114425997
283.5001376669879,206.10608721404984,31.700236278022278,36.24031270534369
266.72638391781106,208.67177996956428,31.34476678662991,36.23609632654747
266.29322213169655,194.05431492759578,32.00215103006914,34.05126856746688
266.4572600899423,213.88943416851592,31.15402536277278,33.510169032159794
266.9487626490661,199.38003460253526,30.24009717749191,32.3410657135596
251.64334709395956,201.17002802110574,29.54286096592762,32.639705223006764
267.58498186966045,203.17459721203213,28.867585875585412,33.06049180605879
267.2473599934136,189.88271731185952,29.688887576549213,30.832720539509474
267.45036539284666,207.75205330479656,28.7850285947665,30.44284921281508
260.3962874724289,194.4222750133328,27.358642351861754,30.652914294888085
271.83115744999594,208.23761357127844,26.709040946532404,30.45316827030539
260.8882639131034,198.97688454853804,25.583610903007845,30.23536850328622
260.83216156885646,186.6111449064355,25.54436215608081,28.328904519669063
250.32130403091986,199.60702074952798,24.87945651967366,28.15984570457782
257.57161886039523,188.1231586260302,23.986778024968597,27.99247244791127
247.5053817966539,179.60881474650753,23.392092652329175,27.94057854191754
257.62684932129446,191.95143319494596,23.13923366811147,27.26883613661782
247.8690659349007,184.14846182310328,22.146646525493733,26.771417750542454
238.1269925423565,196.08279106197296,21.94480202335066,25.850881297339253
247.66034183923864,188.40795541825145,21.769069844991684,25.31149065698685
238.2686600100052,199.71401273295635,21.42440463382969,24.71657268285046
244.40058807802052,189.75363341800576,20.827248860958193,24.56196815357195
238.65501845917345,202.6101543343656,20.5164767445874,24.073875203908905
238.20849912149555,193.1993331521103,20.908280232889524,22.576921682189038
238.50818124347205,206.12477040197794,20.401902215018357,22.06632008589614
249.52206070024613,207.42785647357442,19.79458016060109,22.393653239410355
244.48425499711524,198.15291370450936,19.085106842436574,22.29085933418113
252.70296859432,207.9217563327713,18.886519751176507,21.858827840474596
262.98694084782596,209.58729678054925,18.734836917138196,21.6466355614806
255.2172230109341,202.99261138913212,18.250121742533217,21.5633441815341
262.9980034680877,212.4871821735423,18.129873618143016,20.89082057841196
253.2168132032025,213.74849383504971,17.930121503260136,20.79326968696148
262.96520276180377,215.41158994204025,17.83532564716596,20.55382821875373
268.21465472144126,207.20443243808842,17.296984433884628,20.33597731784389
268.1922674628884,218.61175037646416,17.184946953695867,19.52858936589714
277.5044421358328,220.19860471883823,16.931960293964387,19.56524096976895
268.46486688791913,221.53047374550397,16.64821100951822,19.412448713404046
275.70258629169837,215.94175086233426,16.485693726007685,18.927368349067194
268.82436790397577,224.50547465126718,16.131303055468912,18.575235102256052
277.57919196353987,225.9108036175408,15.935512968567359,18.528383274368835
277.537928402012,236.23299716955162,15.83613255702367,17.875914734189962
277.7586876633848,228.90111998835903,15.570369967205243,17.00920206318891
271.5443897497684,236.6223962835665,15.070527607792522,16.843149221003934
276.0103646457501,229.7444265018718,14.477047321139214,16.829625245269817
272.0581646333431,238.6241614234791,14.220533878545957,16.436799307694876
272.30176742288324,231.9834280472663,13.997155027332845,15.520636131531594
272.2609641894089,240.75551517114678,13.730857318761554,15.158360000836051
272.55043259192263,234.36434965998018,13.406171844825103,14.409220724402166
279.7022707318938,235.48773526173287,13.008923901979877,14.519442004035831
272.94271171888425,236.25141309266206,12.655562489217235,14.616060427031591
276.65231318551844,230.4278068357401,12.190313298929853,14.50430935597559
271.34354726214684,236.84853123495608,12.025767356366323,14.183792755114457
276.46357595867204,232.81055715028594,11.932699785703642,13.791583156205206
271.46330953279414,228.70178639133906,11.629741045052254,13.678412355678567
276.4340973022488,234.72373735205412,11.50081809403354,13.32689801512003
276.5555627804256,229.2423632226597,11.368768883495221,12.57131779795673
276.851164793006,224.0291348372269,11.030649637120135,12.135428873326678
281.4755026210025,220.3149516577926,10.755790852770195,12.032200002092797
277.0521632014677,216.63751525711658,10.407362231817885,12.049046279854737
272.6402165924838,213.07162832870327,10.158489145769511,11.973955779686719
272.79488073450335,208.28494344482039,10.038607847452003,11.37340396236949
272.73732428252697,214.70117232727404,10,11.037157249403087
268.5029216259718,211.31715716698957,10,11.052073823328946
271.12548093497753,217.4680333707472,10,11.030797985943083
273.8068790882826,212.91288352042045,10,11.06798329145501
277.90413860976696,217.85005199532097,10,10.98962011942496
281.9711637943983,214.49078044199211,10,10.891151392891771
277.73756842315197,219.4227805353128,10,10.806759932751849
281.8302798718214,216.0429823312412,10,10.75598780299219
276.5929856747389,216.61305042986805,10,10.871370042170392
281.7890511006117,217.35801780277592,10,10.983296057997094
285.8225646466017,222.25387585875495,10,10.877797254083454
281.60944847762585,218.81812559679747,10,10.941640536177164
285.68318466842175,223.68114555861985,10,10.843667629133956
283.04924254119396,219.0814294886276,10,10.775964149001265
285.61234049499035,225.13394577982712,10,10.837753046399625
285.68995532393456,220.50905808003492,10,10.398031451965444
280.5297361314297,221.00740796544108,10,10.561331647774495
275.32553920149803,221.52836355543096,10,10.71347125667414
277.906180948019,227.49024944025118,10,10.812690667453648
280.6131702363491,222.95889436001625,10,10.896154688397122
277.962892383337,228.84023632185523,10,10.947761765085367
277.9765353044495,224.15272493742813,10,10.514359584293551
275.2526082834229,229.82035170810767,10,10.540388391567308
275.2861109850928,225.23001900287275,10,10.240174018406792
280.31787835340947,225.9323799039657,10,10.459250467372875
276.2347608683631,230.71061093963837,10,10.464677090790744
276.3354256404564,226.15412817238862,10,10.205542748886447
271.1907651675865,226.6061645095798,10,10.467020425646979
267.14534881245345,231.4170766541096,10,10.474535354727028
267.22222957294434,226.82006069797328,10,10.122170057832166
264.5929280249402,222.3047611279192,10,10.318861116885664
260.52409896533936,218.96600959039395,10,10.45393855945933
260.5805132491514,214.44430011596617,10,10.18912710822947
265.63890911173075,215.13529092999607,10,10.454406026853931
268.2283041579649,210.64535056213685,10,10.63879554400544
273.40272022318095,211.4009468125184,10,10.793166984244252
270.7445783717558,217.1944821196321,10,10.771843631064195
275.8980217082426,217.9317213176147,10,10.914498852500198
281.09116698335856,218.71326174656056,10,11.003796792139566
281.2075654817745,214.16059479106866,10,10.576862178953439
285.17211192380637,218.939514422491,10,10.63189790085001
285.2501339716837,214.30765040433837,10,10.200496542623961
282.63807247113436,209.7656976014576,10,10.34972502436212
282.5285349441692,215.72881520724476,10,10.24835801499724
282.461278478615,221.6677011116489,10,10.217979242077577
287.5411291522905,222.3757206277582,10,10.457825310223736
291.51904539298266,227.0765981232426,10,10.526489249308593
288.8333189887926,222.50456053587394,10,10.619669686802304
293.96833399962634,223.25860010417887,10,10.770061180838209
299.13177327346057,224.03889669957204,10,10.865622980248087
293.9062221450731,224.88871379755622,10,10.914688091721398
297.90570358466357,229.78476833428826,10,10.864242951057632
295.1738815708086,235.62377258941544,10,10.839815106391649
299.23115114402026,232.30811924558495,10,10.75361633903552
303.23448614310473,237.1306268928193,10,10.72003216639304
297.95311025809497,237.7099585439936,10,10.865028660759199
298.07972375582904,233.16417298937893,10,10.419884262481194
293.98824969958514,237.92850377331115,10,10.43226883719489
289.8846024675295,242.7257237206253,10,10.456094094544127
284.76373140048236,243.47302287730153,10,10.634278679140866
282.1188587350771,249.1969513452049,10,10.664305082262391
277.9467510385439,245.83327929290118,10,10.76069301392669
277.8358851103112,251.95472423835707,10,10.588269164579845
277.7546825436875,258.0543729566915,10,10.440682810369452
280.3497583894059,253.55113735930573,10,10.615692098707944
277.6909129647538,248.94340566044178,10,10.637366014319145
277.75840128492564,244.3890774319684,10,10.306409128980736
275.18707765173167,239.83288372631813,10,10.357107163450204
275.25244283210486,235.3318515391275,10,10.065603880360754
271.21670960914344,231.96179540429245,10,10.311372869238635
268.6408178759739,227.440940881665,10,10.414101811954495
268.54947193991393,233.45457629507294,10,10.31046932894964
265.8853650940582,228.9247841393953,10,10.475864759384475
268.42987140547484,234.8334364021634,10,10.629800277488487
264.30844577681273,231.47716681361558,10,10.687547145776687
260.140462721698,228.10007748136192,10,10.786210139507677
265.31237920653075,228.83819821415008,10,10.9256381628382
265.44993866514415,224.30942811852918,10,10.47508452015665
261.3286284310743,220.90549771153368,10,10.637454687785361
257.1622556550428,217.51379290913536,10,10.778750130136924
252.9650896890089,214.12795061883037,10,10.851995589500556
253.04389708768576,209.4751937567662,10,10.40595768551611
258.11593240033835,210.1924259341396,10,10.612265077404718
262.1074141813442,214.96150662046801,10,10.65933834677672
267.32938187848777,215.69135122370866,10,10.793342396673587
272.5229338956997,216.41873445615326,10,10.911919804808417
276.6528128935024,213.01630442977455,10,10.804189353873175
276.59671148564667,208.40111990223505,10,10.439347379899448
273.9503885200247,214.07755255827726,10,10.481466313115334
273.9933854555711,209.52546579813784,10,10.238422273579706
273.86283291038126,215.51994478475922,10,10.165996816816438
277.705837613903,220.12776760301176,10,10.284806670423679
280.26852739509195,225.9395514716859,10,10.504828715790264
277.5565339392051,221.36969471009004,10,10.607470057280281
280.14417660888284,227.33115809663855,10,10.731016787296085
285.26512540038675,228.12927403730532,10,10.8416896749063
285.25432468391955,223.50189888843022,10,10.446126595276164
285.1292833182961,229.58109855937812,10,10.340226070824212
281.0520752761513,234.3365625048445,10,10.446090858724439
286.11816156841815,235.06311081347457,10,10.67154436563269
280.91898287273943,235.64358665182485,10,10.786239733113964
286.09120214916766,236.37715356238616,10,10.934431720516457
291.3025153968483,237.19639919643242,10,11.004319363442297
291.2407070863992,243.44631965013033,10,10.764616967704166
291.2626962829381,238.79461475051832,10,10.398601756247047
296.26233770139515,239.48550354528317,10,10.644020597877354
290.998496549204,239.9751951902541,10,10.828544239812599
286.7982769180089,244.8327601807001,10,10.808216543161357
282.6662883926183,249.7606640036895,10,10.720737563869546
277.39783908613026,250.40204912438136,10,10.83683874429976
272.17876197583973,250.98757827257893,10,10.940655492727352
269.5296263862401,246.3374165388471,10,10.850625757371196
269.4614392016083,252.50424470933876,10,10.619024966009428
266.8751402590424,247.96220914961992,10,10.645869904416847
266.9936711061746,243.43773738670538,10,10.243165671762045
264.3909060228616,238.98531370378953,10,10.37818424120703
266.9271885622293,244.88687069386197,10,10.536629556716434
262.8297087419778,241.47655580922492,10,10.634427123079167
257.70268123038113,242.15224956219566,10,10.804124044971225
257.72192008048296,237.54169618291573,10,10.386867919009594
255.06452352553606,243.20946489391642,10,10.446212699156636
255.07194709870964,238.71560315434016,10,10.126473486048468
255.176233404316,234.02491075918078,10,10
255.0680863345042,239.84529686902496,10,10.028332356422482
249.99364776257426,240.54174184079852,10,10.279337800524914
253.934402176179,245.0788901610096,10,10.442486037727242
254.09022054914385,240.2989573703682,10,10.11539635777957
254.02962269354612,245.93680650840724,10,10.083173995702964
254.0949955554679,241.06789441034198,10,10
257.9970882507041,245.66506968707057,10,10.152022050912933
257.9654304580763,251.54814853044894,10,10.121012794026813
255.38628860283643,247.11663654241406,10,10.23862585090713
251.3079256610945,243.76033906223844,10,10.460205376993216
251.4167661042884,239.15386242860853,10,10.091645239406805
251.32335127610713,245.0127799242191,10,10.07560296516569
251.27756292838603,250.88524490258263,10,10.106588154312643
255.15727002639323,255.48815390468855,10,10.236836396133548
251.0679527046159,252.1791152427524,10,10.402084359043881
255.00528318900615,256.8994502387452,10,10.462613135674015
250.87502033729106,253.4902587917849,10,10.597967808464269
256.00685532111675,254.2376503387509,10,10.710451379037238
256.05091660190374,249.5186524527177,10,10.28561222068373
251.922653128393,254.19738935296206,10,10.199262306303416
255.82648937869817,250.67034179482374,10,10.2504444243806
250.72609751392156,250.92004723436287,10,10.440543473528798
250.72638349651243,246.314940073776,10,10.091115002954517
246.82906632541562,250.85493524844867,10,10.168424649031497
244.25582580684568,246.32894689473716,10,10.260775158639628
240.19471244930173,242.88130951161395,10,10.42028732875567
235.04347210048581,243.6311789819234,10,10.728622981680738
