58.5,100.5,28,23
140.5,180.5,28.0,23.0
141.5,180.5,28.0,23.0
142.5,180.5,28.0,23.0
142.5,180.5,28.0,23.0
144.5,181.5,28.0,23.0
146.5,181.5,28.0,23.0
147.5,181.5,28.0,23.0
149.5,182.5,28.0,23.0
149.5,182.5,28.0,23.0
150.5,182.5,28.0,23.0
151.5,183.5,28.0,23.0
150.5,183.5,28.0,23.0
149.5,183.5,28.0,23.0
148.5,184.5,28.0,23.0
148.5,184.5,28.0,23.0
147.5,184.5,28.0,23.0
146.5,184.5,28.0,23.0
145.5,185.5,28.0,23.0
145.5,185.5,28.0,23.0
145.5,185.5,28.0,23.0
144.5,186.5,28.0,23.0
144.5,187.5,28.0,23.0
146.5,187.5,28.0,23.0
148.5,187.5,28.0,23.0
148.5,187.5,28.0,23.0
151.5,187.5,28.0,23.0
155.5,187.5,28.0,23.0
160.5,188.5,28.0,23.0
165.5,188.5,27.0,22.0
169.5,188.5,27.0,22.0
170.5,188.5,27.0,22.0
172.5,189.5,26.0,22.0
172.5,189.5,26.0,22.0
173.5,189.5,27.0,22.0
174.5,189.5,27.0,22.0
175.5,189.5,27.0,22.0
175.5,189.5,27.0,22.0
176.5,189.5,27.0,22.0
178.5,190.5,27.0,22.0
179.5,190.5,27.0,22.0
179.5,190.5,27.0,22.0
180.5,190.5,27.0,22.0
181.5,190.5,27.0,22.0
183.5,191.5,26.0,22.0
184.5,191.5,26.0,22.0
184.5,191.5,26.0,22.0
186.5,189.5,27.0,22.0
188.5,187.5,26.0,22.0
188.5,187.5,26.0,22.0
189.5,184.5,26.0,22.0
190.5,182.5,26.0,22.0
192.5,180.5,27.0,22.0
195.5,180.5,27.0,22.0
197.5,179.5,26.0,22.0
197.5,179.5,26.0,22.0
198.5,178.5,26.0,22.0
200.5,178.5,26.0,22.0
201.5,178.5,26.0,22.0
202.5,178.5,27.0,22.0
202.5,178.5,27.0,22.0
203.5,178.5,27.0,22.0
204.5,178.5,27.0,22.0
205.5,178.5,26.0,22.0
206.5,178.5,26.0,22.0
206.5,178.5,26.0,22.0
208.5,178.5,27.0,22.0
209.5,179.5,27.0,22.0
210.5,179.5,27.0,22.0
211.5,179.5,27.0,22.0
212.5,179.5,27.0,22.0
212.5,179.5,27.0,22.0
214.5,179.5,27.0,22.0
215.5,179.5,27.0,22.0
217.5,179.5,26.0,22.0
218.5,179.5,27.0,22.0
219.5,179.5,27.0,22.0
219.5,179.5,27.0,22.0
221.5,179.5,27.0,22.0
222.5,180.5,27.0,22.0
224.5,180.5,27.0,22.0
225.5,180.5,26.0,22.0
226.5,180.5,26.0,22.0
226.5,180.5,26.0,22.0
227.5,180.5,26.0,22.0
229.5,180.5,26.0,22.0
230.5,180.5,26.0,22.0
231.5,180.5,27.0,22.0
236.5,180.5,27.0,22.0
237.5,180.5,27.0,22.0
237.5,180.5,27.0,22.0
237.5,180.5,27.0,22.0
240.5,182.5,27.0,22.0
240.5,182.5,27.0,22.0
245.5,182.5,27.0,22.0
245.5,182.5,27.0,22.0
245.5,182.5,27.0,22.0
245.5,182.5,27.0,22.0
246.5,182.5,28.0,23.0
247.5,182.5,28.0,23.0
247.5,182.5,28.0,23.0
247.5,182.5,29.0,24.0
248.5,182.5,29.0,24.0
249.5,182.5,29.0,24.0
249.5,182.5,29.0,24.0
250.5,183.5,30.0,24.0
250.5,183.5,30.0,25.0
250.5,183.5,31.0,25.0
251.5,184.5,30.0,25.0
257.5,186.5,31.0,25.0
257.5,186.5,31.0,25.0
257.5,186.5,31.0,25.0
258.5,186.5,31.0,25.0
258.5,186.5,31.0,25.0
258.5,187.5,31.0,25.0
259.5,187.5,31.0,25.0
259.5,187.5,31.0,25.0
259.5,187.5,31.0,25.0
259.5,188.5,31.0,25.0
260.5,188.5,31.0,25.0
264.5,188.5,30.0,25.0
264.5,188.5,30.0,25.0
264.5,189.5,30.0,25.0
265.5,189.5,30.0,25.0
265.5,189.5,30.0,25.0
265.5,191.5,30.0,25.0
265.5,192.5,30.0,25.0
265.5,192.5,30.0,25.0
264.5,193.5,30.0,24.0
264.5,193.5,30.0,24.0
264.5,193.5,30.0,24.0
266.5,195.5,30.0,24.0
265.5,196.5,30.0,24.0
263.5,196.5,30.0,25.0
262.5,196.5,30.0,25.0
262.5,196.5,30.0,25.0
263.5,194.5,30.0,25.0
262.5,195.5,30.0,25.0
261.5,195.5,30.0,25.0
261.5,195.5,30.0,25.0
260.5,196.5,30.0,25.0
260.5,196.5,30.0,25.0
259.5,196.5,30.0,25.0
259.5,196.5,30.0,25.0
258.5,197.5,31.0,25.0
257.5,197.5,31.0,25.0
256.5,202.5,31.0,25.0
255.5,202.5,31.0,25.0
253.5,202.5,31.0,25.0
253.5,202.5,31.0,25.0
252.5,202.5,30.0,25.0
251.5,202.5,30.0,25.0
250.5,202.5,30.0,25.0
249.5,203.5,30.0,25.0
249.5,203.5,30.0,25.0
247.5,203.5,30.0,25.0
246.5,203.5,30.0,25.0
244.5,203.5,30.0,25.0
242.5,202.5,30.0,25.0
241.5,200.5,30.0,25.0
241.5,200.5,30.0,25.0
239.5,197.5,30.0,25.0
237.5,195.5,30.0,25.0
235.5,192.5,30.0,25.0
233.5,190.5,30.0,25.0
231.5,187.5,31.0,25.0
232.5,188.5,33.0,27.0
230.5,186.5,32.0,27.0
228.5,184.5,32.0,27.0
226.5,183.5,32.0,26.0
226.5,183.5,32.0,26.0
224.5,182.5,31.0,26.0
222.5,181.5,31.0,26.0
221.5,179.5,31.0,26.0
221.5,179.5,31.0,26.0
219.5,178.5,32.0,26.0
217.5,178.5,31.0,26.0
216.5,178.5,32.0,26.0
214.5,178.5,32.0,26.0
214.5,178.5,32.0,26.0
213.5,178.5,32.0,26.0
211.5,178.5,32.0,26.0
210.5,177.5,32.0,26.0
210.5,177.5,32.0,26.0
209.5,177.5,32.0,27.0
207.5,177.5,32.0,27.0
207.5,177.5,32.0,27.0
206.5,176.5,32.0,27.0
204.5,176.5,32.0,27.0
202.5,176.5,32.0,26.0
201.5,176.5,32.0,26.0
199.5,176.5,32.0,27.0
199.5,176.5,32.0,27.0
197.5,175.5,32.0,27.0
195.5,175.5,32.0,26.0
195.5,175.5,32.0,26.0
193.5,173.5,32.0,26.0
191.5,173.5,32.0,26.0
189.5,173.5,32.0,26.0
188.5,173.5,32.0,27.0
187.5,173.5,32.0,27.0
186.5,172.5,32.0,27.0
186.5,172.5,32.0,27.0
184.5,172.5,32.0,27.0
184.5,172.5,32.0,27.0
183.5,171.5,32.0,27.0
182.5,169.5,32.0,27.0
182.5,169.5,32.0,27.0
181.5,168.5,33.0,27.0
180.5,168.5,32.0,27.0
179.5,167.5,32.0,27.0
179.5,167.5,32.0,27.0
178.5,167.5,33.0,27.0
177.5,166.5,33.0,27.0
175.5,166.5,33.0,28.0
174.5,165.5,33.0,28.0
174.5,165.5,33.0,28.0
172.5,165.5,33.0,28.0
171.5,164.5,34.0,28.0
169.5,164.5,33.0,28.0
168.5,164.5,33.0,28.0
168.5,164.5,33.0,28.0
167.5,163.5,33.0,27.0
166.5,163.5,33.0,27.0
165.5,162.5,33.0,28.0
164.5,162.5,33.0,28.0
168.5,160.5,29.0,24.0
167.5,159.5,30.0,24.0
166.5,158.5,30.0,24.0
166.5,158.5,30.0,24.0
166.5,158.5,30.0,24.0
165.5,157.5,30.0,24.0
165.5,157.5,30.0,24.0
165.5,156.5,29.0,24.0
164.5,155.5,29.0,24.0
163.5,155.5,29.0,24.0
159.5,155.5,28.0,22.0
159.5,155.5,28.0,22.0
158.5,154.5,28.0,22.0
157.5,154.5,28.0,22.0
156.5,154.5,28.0,22.0
155.5,153.5,28.0,22.0
155.5,153.5,28.0,22.0
154.5,153.5,28.0,22.0
153.5,153.5,28.0,22.0
152.5,152.5,27.0,22.0
153.5,150.5,27.0,22.0
153.5,150.5,27.0,22.0
153.5,149.5,27.0,22.0
152.5,148.5,28.0,22.0
152.5,148.5,28.0,22.0
151.5,147.5,28.0,22.0
151.5,147.5,28.0,22.0
151.5,146.5,28.0,22.0
151.5,146.5,28.0,22.0
151.5,146.5,28.0,22.0
151.5,146.5,27.0,22.0
151.5,145.5,27.0,22.0
151.5,145.5,27.0,22.0
151.5,145.5,27.0,21.0
151.5,144.5,27.0,22.0
150.5,143.5,27.0,22.0
150.5,143.5,27.0,22.0
150.5,143.5,27.0,22.0
149.5,142.5,27.0,22.0
148.5,142.5,27.0,22.0
148.5,141.5,27.0,22.0
148.5,141.5,28.0,22.0
147.5,140.5,28.0,22.0
147.5,140.5,28.0,22.0
147.5,140.5,27.0,22.0
147.5,139.5,28.0,22.0
147.5,139.5,28.0,22.0
147.5,139.5,28.0,22.0
147.5,138.5,28.0,22.0
147.5,138.5,28.0,22.0
147.5,138.5,24.0,18.0
147.5,137.5,23.0,18.0
147.5,137.5,23.0,18.0
148.5,137.5,23.0,18.0
148.5,137.5,23.0,17.0
148.5,136.5,23.0,17.0
147.5,136.5,23.0,18.0
147.5,136.5,23.0,18.0
147.5,135.5,23.0,18.0
147.5,135.5,23.0,18.0
146.5,135.5,23.0,18.0
146.5,134.5,23.0,18.0
145.5,134.5,23.0,17.0
145.5,134.5,23.0,17.0
145.5,133.5,23.0,17.0
145.5,132.5,23.0,17.0
144.5,132.5,23.0,17.0
144.5,132.5,23.0,17.0
144.5,132.5,23.0,17.0
144.5,131.5,23.0,17.0
144.5,131.5,23.0,17.0
145.5,131.5,23.0,17.0
145.5,131.5,23.0,17.0
145.5,131.5,23.0,17.0
145.5,130.5,23.0,17.0
146.5,130.5,23.0,17.0
146.5,129.5,22.0,17.0
146.5,129.5,22.0,17.0
146.5,129.5,22.0,17.0
146.5,128.5,22.0,17.0
146.5,128.5,22.0,17.0
145.5,127.5,22.0,17.0
145.5,127.5,22.0,17.0
145.5,127.5,22.0,17.0
144.5,127.5,22.0,17.0
143.5,127.5,22.0,17.0
142.5,126.5,23.0,17.0
141.5,126.5,23.0,17.0
141.5,125.5,23.0,17.0
140.5,125.5,23.0,17.0
140.5,125.5,23.0,17.0
140.5,125.5,23.0,17.0
140.5,125.5,23.0,17.0
139.5,124.5,23.0,17.0
139.5,124.5,23.0,17.0
139.5,124.5,23.0,17.0
139.5,124.5,22.0,17.0
139.5,124.5,22.0,17.0
139.5,123.5,22.0,17.0
139.5,123.5,22.0,17.0
139.5,123.5,22.0,17.0
138.5,122.5,23.0,17.0
138.5,122.5,23.0,17.0
137.5,122.5,23.0,17.0
136.5,121.5,23.0,17.0
136.5,121.5,23.0,17.0
135.5,121.5,23.0,17.0
134.5,121.5,23.0,18.0
133.5,121.5,23.0,18.0
132.5,121.5,24.0,18.0
127.5,120.5,24.0,18.0
127.5,120.5,24.0,18.0
126.5,120.5,24.0,18.0
125.5,120.5,24.0,18.0
124.5,120.5,24.0,18.0
124.5,120.5,24.0,18.0
123.5,120.5,24.0,18.0
123.5,120.5,24.0,18.0
123.5,120.5,24.0,18.0
122.5,119.5,24.0,18.0
122.5,119.5,24.0,18.0
122.5,119.5,24.0,18.0
122.5,119.5,24.0,18.0
121.5,119.5,24.0,18.0
121.5,119.5,24.0,18.0
120.5,120.5,24.0,18.0
119.5,120.5,24.0,18.0
119.5,120.5,24.0,18.0
119.5,120.5,24.0,18.0
118.5,121.5,24.0,18.0
113.5,121.5,24.0,18.0
113.5,122.5,24.0,18.0
112.5,122.5,24.0,18.0
112.5,122.5,24.0,18.0
112.5,122.5,23.0,18.0
112.5,123.5,23.0,18.0
112.5,123.5,23.0,18.0
112.5,123.5,23.0,18.0
112.5,123.5,23.0,18.0
112.5,124.5,23.0,18.0
112.5,124.5,23.0,18.0
112.5,124.5,23.0,17.0
111.5,125.5,23.0,17.0
111.5,125.5,23.0,17.0
111.5,125.5,23.0,17.0
111.5,125.5,22.0,17.0
111.5,126.5,22.0,17.0
111.5,126.5,22.0,17.0
111.5,126.5,22.0,17.0
111.5,127.5,22.0,17.0
106.5,127.5,22.0,17.0
106.5,128.5,22.0,17.0
106.5,128.5,22.0,17.0
106.5,128.5,22.0,17.0
106.5,129.5,22.0,17.0
106.5,129.5,22.0,17.0
106.5,129.5,22.0,17.0
106.5,130.5,22.0,17.0
106.5,130.5,22.0,17.0
106.5,131.5,22.0,17.0
106.5,131.5,22.0,17.0
106.5,131.5,22.0,17.0
106.5,131.5,22.0,17.0
106.5,132.5,22.0,17.0
106.5,132.5,22.0,17.0
106.5,132.5,22.0,17.0
106.5,133.5,22.0,16.0
106.5,133.5,22.0,16.0
106.5,134.5,22.0,16.0
106.5,134.5,22.0,16.0
105.5,136.5,22.0,16.0
105.5,137.5,22.0,16.0
106.5,137.5,22.0,16.0
106.5,138.5,22.0,16.0
106.5,138.5,22.0,16.0
106.5,138.5,22.0,16.0
107.5,138.5,22.0,16.0
107.5,139.5,22.0,16.0
107.5,139.5,22.0,17.0
107.5,139.5,22.0,17.0
108.5,139.5,22.0,17.0
108.5,140.5,22.0,17.0
109.5,140.5,22.0,17.0
109.5,140.5,22.0,17.0
109.5,140.5,22.0,17.0
110.5,140.5,22.0,17.0
111.5,141.5,22.0,17.0
111.5,141.5,22.0,17.0
111.5,141.5,22.0,17.0
111.5,142.5,22.0,17.0
110.5,144.5,22.0,17.0
110.5,145.5,22.0,17.0
111.5,145.5,22.0,17.0
111.5,146.5,22.0,17.0
111.5,146.5,22.0,17.0
111.5,146.5,22.0,17.0
112.5,146.5,22.0,17.0
112.5,147.5,22.0,17.0
113.5,147.5,22.0,17.0
113.5,147.5,22.0,17.0
113.5,147.5,22.0,17.0
114.5,148.5,22.0,17.0
115.5,148.5,22.0,17.0
116.5,149.5,22.0,17.0
117.5,150.5,22.0,17.0
117.5,150.5,22.0,17.0
119.5,151.5,22.0,17.0
120.5,151.5,22.0,17.0
120.5,151.5,22.0,17.0
120.5,151.5,22.0,17.0
121.5,151.5,22.0,17.0
122.5,152.5,22.0,17.0
123.5,152.5,23.0,17.0
123.5,152.5,23.0,17.0
124.5,153.5,23.0,17.0
125.5,154.5,23.0,17.0
125.5,154.5,23.0,17.0
126.5,155.5,23.0,17.0
126.5,155.5,23.0,17.0
127.5,155.5,23.0,17.0
127.5,155.5,23.0,17.0
128.5,156.5,23.0,17.0
129.5,156.5,23.0,17.0
129.5,156.5,23.0,17.0
130.5,157.5,23.0,17.0
131.5,157.5,23.0,17.0
132.5,158.5,23.0,17.0
132.5,158.5,23.0,17.0
133.5,158.5,23.0,17.0
134.5,159.5,23.0,17.0
131.5,159.5,27.0,21.0
132.5,159.5,27.0,21.0
132.5,159.5,27.0,21.0
134.5,159.5,27.0,21.0
135.5,160.5,27.0,21.0
136.5,160.5,27.0,21.0
136.5,160.5,27.0,21.0
137.5,161.5,27.0,21.0
138.5,161.5,27.0,21.0
139.5,162.5,27.0,21.0
139.5,162.5,27.0,21.0
140.5,163.5,27.0,21.0
141.5,163.5,27.0,21.0
142.5,164.5,27.0,21.0
143.5,164.5,27.0,21.0
143.5,164.5,27.0,21.0
143.5,164.5,27.0,21.0
144.5,165.5,27.0,21.0
145.5,165.5,27.0,21.0
147.5,166.5,27.0,21.0
147.5,166.5,27.0,21.0
148.5,166.5,27.0,21.0
149.5,167.5,27.0,21.0
150.5,168.5,27.0,21.0
152.5,168.5,27.0,21.0
153.5,169.5,27.0,21.0
154.5,169.5,27.0,21.0
154.5,169.5,27.0,21.0
156.5,169.5,27.0,21.0
157.5,169.5,27.0,21.0
159.5,170.5,27.0,21.0
159.5,170.5,27.0,21.0
160.5,171.5,27.0,21.0
162.5,171.5,27.0,21.0
164.5,172.5,27.0,21.0
165.5,172.5,27.0,21.0
167.5,173.5,27.0,21.0
167.5,173.5,27.0,21.0
168.5,173.5,27.0,22.0
170.5,173.5,27.0,22.0
168.5,174.5,29.0,24.0
168.5,174.5,29.0,24.0
170.5,174.5,29.0,24.0
171.5,175.5,29.0,24.0
173.5,175.5,29.0,24.0
173.5,175.5,29.0,24.0
174.5,175.5,29.0,24.0
176.5,176.5,29.0,24.0
178.5,176.5,29.0,24.0
178.5,176.5,29.0,24.0
180.5,176.5,29.0,24.0
181.5,176.5,29.0,24.0
183.5,176.5,29.0,24.0
185.5,176.5,29.0,24.0
187.5,176.5,29.0,24.0
187.5,176.5,29.0,24.0
189.5,177.5,29.0,24.0
191.5,177.5,29.0,24.0
193.5,177.5,29.0,24.0
195.5,178.5,29.0,24.0
193.5,178.5,33.0,28.0
195.5,178.5,33.0,28.0
197.5,178.5,33.0,28.0
198.5,178.5,33.0,28.0
200.5,178.5,33.0,28.0
200.5,178.5,33.0,28.0
201.5,178.5,34.0,28.0
203.5,178.5,34.0,28.0
205.5,178.5,34.0,28.0
205.5,178.5,34.0,28.0
207.5,178.5,34.0,28.0
209.5,178.5,34.0,29.0
210.5,178.5,35.0,29.0
210.5,178.5,35.0,29.0
212.5,178.5,35.0,29.0
214.5,177.5,35.0,29.0
216.5,177.5,35.0,29.0
218.5,177.5,35.0,29.0
218.5,177.5,35.0,29.0
220.5,177.5,35.0,29.0
222.5,177.5,35.0,29.0
223.5,177.5,35.0,29.0
224.5,177.5,36.0,30.0
224.5,177.5,36.0,30.0
226.5,177.5,36.0,30.0
227.5,176.5,35.0,30.0
229.5,176.5,36.0,30.0
230.5,176.5,36.0,30.0
230.5,176.5,36.0,30.0
231.5,175.5,36.0,30.0
232.5,175.5,36.0,30.0
233.5,175.5,36.0,30.0
235.5,175.5,36.0,30.0
235.5,174.5,37.0,30.0
235.5,174.5,37.0,30.0
236.5,174.5,37.0,31.0
238.5,173.5,37.0,31.0
239.5,173.5,36.0,30.0
241.5,172.5,37.0,31.0
241.5,172.5,37.0,31.0
241.5,172.5,37.0,31.0
242.5,171.5,38.0,32.0
243.5,171.5,38.0,32.0
244.5,171.5,38.0,32.0
250.5,171.5,34.0,28.0
250.5,171.5,34.0,27.0
255.5,171.5,30.0,23.0
256.5,170.5,30.0,23.0
257.5,170.5,30.0,23.0
257.5,170.5,30.0,23.0
258.5,169.5,30.0,24.0
258.5,169.5,30.0,24.0
259.5,169.5,30.0,24.0
259.5,169.5,30.0,24.0
259.5,169.5,30.0,24.0
259.5,169.5,30.0,24.0
263.5,166.5,27.0,20.0
263.5,166.5,27.0,20.0
263.5,166.5,27.0,20.0
263.5,166.5,26.0,20.0
263.5,166.5,26.0,20.0
263.5,165.5,26.0,20.0
263.5,164.5,26.0,20.0
263.5,164.5,27.0,20.0
263.5,164.5,27.0,20.0
264.5,164.5,27.0,20.0
264.5,164.5,27.0,20.0
264.5,163.5,27.0,20.0
264.5,163.5,27.0,20.0
263.5,162.5,27.0,20.0
263.5,162.5,27.0,20.0
262.5,161.5,27.0,21.0
262.5,161.5,27.0,21.0
262.5,161.5,27.0,21.0
261.5,161.5,28.0,21.0
260.5,160.5,28.0,21.0
254.5,158.5,28.0,21.0
253.5,158.5,27.0,21.0
253.5,158.5,27.0,21.0
252.5,158.5,27.0,21.0
251.5,157.5,27.0,21.0
248.5,157.5,27.0,20.0
247.5,157.5,27.0,20.0
246.5,157.5,27.0,20.0
246.5,157.5,27.0,20.0
242.5,157.5,27.0,20.0
241.5,157.5,27.0,20.0
241.5,157.5,27.0,20.0
240.5,156.5,27.0,20.0
240.5,156.5,27.0,20.0
235.5,154.5,27.0,20.0
235.5,154.5,27.0,20.0
235.5,154.5,27.0,21.0
234.5,154.5,27.0,21.0
234.5,154.5,27.0,21.0
229.5,154.5,28.0,21.0
229.5,154.5,28.0,21.0
229.5,154.5,28.0,21.0
228.5,153.5,28.0,22.0
227.5,153.5,29.0,22.0
226.5,153.5,30.0,22.0
226.5,153.5,30.0,22.0
225.5,153.5,30.0,23.0
219.5,151.5,30.0,23.0
218.5,151.5,30.0,23.0
217.5,150.5,30.0,23.0
215.5,150.5,31.0,23.0
215.5,150.5,31.0,23.0
214.5,150.5,31.0,23.0
213.5,150.5,31.0,24.0
212.5,150.5,31.0,24.0
211.5,149.5,32.0,24.0
210.5,149.5,32.0,24.0
210.5,149.5,32.0,24.0
209.5,149.5,32.0,24.0
208.5,149.5,32.0,25.0
207.5,148.5,33.0,25.0
207.5,148.5,33.0,25.0
203.5,150.5,25.0,17.0
201.5,150.5,25.0,17.0
200.5,150.5,25.0,17.0
198.5,150.5,26.0,17.0
196.5,149.5,26.0,17.0
196.5,149.5,26.0,17.0
194.5,149.5,26.0,18.0
192.5,149.5,26.0,17.0
191.5,149.5,25.0,17.0
190.5,149.5,25.0,17.0
191.5,146.5,25.0,17.0
191.5,146.5,25.0,17.0
189.5,146.5,25.0,17.0
189.5,145.5,25.0,17.0
188.5,145.5,25.0,17.0
188.5,145.5,25.0,17.0
187.5,145.5,25.0,17.0
186.5,145.5,26.0,17.0
185.5,144.5,25.0,17.0
185.5,144.5,25.0,17.0
184.5,144.5,25.0,17.0
184.5,143.5,25.0,17.0
183.5,143.5,25.0,17.0
181.5,142.5,25.0,17.0
180.5,142.5,25.0,17.0
180.5,142.5,25.0,17.0
179.5,142.5,25.0,17.0
177.5,142.5,26.0,17.0
175.5,141.5,26.0,18.0
174.5,141.5,26.0,18.0
174.5,141.5,26.0,18.0
172.5,141.5,26.0,18.0
171.5,140.5,26.0,17.0
170.5,140.5,25.0,17.0
169.5,140.5,25.0,17.0
169.5,140.5,25.0,17.0
169.5,140.5,25.0,17.0
168.5,139.5,25.0,17.0
168.5,139.5,25.0,17.0
167.5,139.5,25.0,17.0
166.5,135.5,25.0,17.0
166.5,134.5,25.0,17.0
166.5,134.5,25.0,17.0
166.5,134.5,25.0,17.0
165.5,133.5,25.0,17.0
164.5,133.5,26.0,17.0
163.5,132.5,26.0,17.0
162.5,132.5,26.0,17.0
162.5,132.5,26.0,17.0
161.5,132.5,26.0,17.0
160.5,131.5,26.0,17.0
159.5,131.5,26.0,17.0
157.5,131.5,26.0,18.0
156.5,131.5,26.0,18.0
156.5,131.5,26.0,18.0
155.5,130.5,26.0,18.0
154.5,130.5,26.0,18.0
154.5,129.5,26.0,18.0
153.5,129.5,26.0,18.0
153.5,129.5,26.0,18.0
153.5,129.5,26.0,18.0
152.5,129.5,26.0,18.0
152.5,128.5,26.0,18.0
152.5,128.5,26.0,18.0
152.5,128.5,26.0,18.0
151.5,127.5,26.0,18.0
151.5,127.5,26.0,18.0
151.5,127.5,26.0,18.0
150.5,126.5,26.0,18.0
150.5,126.5,26.0,18.0
149.5,126.5,26.0,18.0
148.5,125.5,26.0,18.0
147.5,125.5,26.0,18.0
146.5,125.5,26.0,18.0
146.5,125.5,26.0,18.0
145.5,125.5,26.0,18.0
144.5,124.5,27.0,18.0
143.5,124.5,26.0,18.0
142.5,124.5,26.0,18.0
142.5,124.5,26.0,18.0
141.5,123.5,26.0,18.0
141.5,123.5,26.0,18.0
140.5,123.5,26.0,18.0
140.5,122.5,26.0,18.0
140.5,122.5,26.0,18.0
139.5,122.5,26.0,18.0
139.5,122.5,26.0,18.0
138.5,121.5,26.0,18.0
138.5,121.5,26.0,18.0
138.5,121.5,26.0,18.0
138.5,121.5,26.0,18.0
137.5,120.5,26.0,18.0
136.5,120.5,27.0,18.0
135.5,120.5,27.0,18.0
134.5,120.5,27.0,18.0
134.5,120.5,27.0,18.0
133.5,119.5,27.0,18.0
132.5,119.5,27.0,18.0
130.5,119.5,27.0,19.0
129.5,119.5,28.0,19.0
129.5,119.5,28.0,19.0
128.5,118.5,28.0,19.0
127.5,118.5,28.0,19.0
127.5,118.5,28.0,19.0
127.5,118.5,28.0,19.0
126.5,118.5,28.0,19.0
126.5,118.5,28.0,19.0
126.5,118.5,28.0,19.0
125.5,118.5,28.0,19.0
125.5,118.5,28.0,19.0
121.5,118.5,26.0,17.0
121.5,118.5,26.0,17.0
120.5,118.5,26.0,17.0
119.5,118.5,26.0,17.0
119.5,118.5,26.0,17.0
118.5,118.5,26.0,17.0
117.5,118.5,26.0,17.0
116.5,118.5,26.0,17.0
115.5,117.5,26.0,17.0
115.5,117.5,26.0,17.0
114.5,117.5,26.0,17.0
113.5,117.5,26.0,17.0
112.5,117.5,26.0,17.0
112.5,117.5,26.0,17.0
112.5,118.5,26.0,17.0
111.5,118.5,26.0,17.0
111.5,118.5,26.0,17.0
111.5,118.5,26.0,17.0
111.5,118.5,26.0,17.0
111.5,118.5,26.0,17.0
106.5,118.5,26.0,17.0
106.5,118.5,26.0,17.0
106.5,118.5,26.0,17.0
106.5,118.5,26.0,17.0
106.5,118.5,26.0,17.0
106.5,118.5,26.0,17.0
106.5,118.5,26.0,17.0
106.5,119.5,26.0,17.0
106.5,119.5,26.0,17.0
106.5,120.5,25.0,17.0
106.5,120.5,25.0,17.0
107.5,121.5,25.0,16.0
107.5,122.5,24.0,16.0
107.5,123.5,24.0,16.0
107.5,124.5,24.0,16.0
107.5,124.5,24.0,16.0
107.5,124.5,24.0,16.0
107.5,125.5,24.0,16.0
107.5,125.5,24.0,16.0
107.5,126.5,24.0,16.0
107.5,126.5,24.0,15.0
107.5,126.5,24.0,15.0
107.5,127.5,24.0,16.0
107.5,127.5,24.0,16.0
107.5,128.5,24.0,15.0
107.5,128.5,24.0,15.0
107.5,128.5,24.0,15.0
107.5,129.5,24.0,15.0
107.5,129.5,24.0,15.0
108.5,130.5,24.0,15.0
108.5,130.5,24.0,16.0
108.5,130.5,24.0,16.0
108.5,131.5,24.0,15.0
108.5,131.5,24.0,15.0
108.5,131.5,24.0,16.0
108.5,131.5,24.0,16.0
108.5,132.5,24.0,16.0
108.5,133.5,24.0,16.0
109.5,133.5,24.0,16.0
109.5,133.5,24.0,16.0
105.5,134.5,28.0,19.0
105.5,134.5,28.0,20.0
105.5,134.5,28.0,20.0
105.5,134.5,28.0,20.0
105.5,135.5,28.0,20.0
105.5,135.5,28.0,20.0
105.5,136.5,28.0,20.0
106.5,136.5,28.0,20.0
106.5,136.5,28.0,20.0
106.5,136.5,28.0,20.0
106.5,137.5,28.0,20.0
106.5,137.5,28.0,20.0
106.5,137.5,28.0,20.0
106.5,137.5,28.0,20.0
106.5,138.5,28.0,20.0
107.5,138.5,28.0,20.0
107.5,138.5,28.0,20.0
107.5,139.5,28.0,20.0
107.5,139.5,28.0,20.0
107.5,140.5,28.0,20.0
107.5,140.5,28.0,20.0
107.5,140.5,28.0,20.0
107.5,141.5,28.0,20.0
107.5,141.5,28.0,20.0
107.5,141.5,28.0,20.0
107.5,142.5,28.0,20.0
107.5,142.5,28.0,20.0
107.5,142.5,28.0,20.0
108.5,143.5,28.0,20.0
108.5,143.5,28.0,20.0
109.5,150.5,28.0,20.0
109.5,150.5,28.0,20.0
109.5,150.5,28.0,20.0
109.5,150.5,28.0,20.0
110.5,151.5,28.0,20.0
110.5,152.5,28.0,20.0
110.5,152.5,28.0,20.0
110.5,152.5,28.0,20.0
110.5,152.5,28.0,20.0
110.5,153.5,28.0,20.0
111.5,157.5,28.0,20.0
111.5,158.5,28.0,20.0
111.5,158.5,28.0,20.0
111.5,159.5,28.0,19.0
111.5,159.5,28.0,20.0
111.5,160.5,28.0,20.0
111.5,161.5,28.0,20.0
111.5,161.5,28.0,20.0
111.5,161.5,28.0,20.0
112.5,162.5,28.0,19.0
112.5,162.5,28.0,19.0
112.5,162.5,28.0,20.0
112.5,163.5,28.0,20.0
113.5,163.5,28.0,20.0
113.5,163.5,28.0,20.0
113.5,164.5,28.0,20.0
114.5,165.5,28.0,20.0
114.5,165.5,28.0,20.0
115.5,166.5,28.0,20.0
115.5,166.5,28.0,20.0
117.5,170.5,28.0,20.0
117.5,171.5,28.0,20.0
118.5,171.5,28.0,20.0
118.5,171.5,28.0,20.0
118.5,172.5,28.0,20.0
118.5,172.5,28.0,20.0
119.5,173.5,28.0,20.0
119.5,174.5,28.0,20.0
119.5,174.5,28.0,20.0
119.5,175.5,28.0,20.0
119.5,175.5,28.0,20.0
120.5,176.5,28.0,20.0
120.5,176.5,28.0,20.0
121.5,177.5,28.0,20.0
121.5,177.5,28.0,20.0
121.5,177.5,28.0,20.0
122.5,178.5,28.0,19.0
123.5,179.5,27.0,19.0
124.5,180.5,27.0,19.0
124.5,180.5,27.0,19.0
124.5,187.5,28.0,20.0
126.5,187.5,28.0,19.0
126.5,187.5,27.0,19.0
127.5,188.5,27.0,19.0
127.5,188.5,27.0,19.0
127.5,188.5,27.0,19.0
128.5,189.5,27.0,19.0
128.5,190.5,27.0,19.0
129.5,191.5,27.0,19.0
130.5,192.5,27.0,19.0
130.5,192.5,27.0,19.0
130.5,193.5,27.0,19.0
131.5,193.5,27.0,19.0
131.5,194.5,27.0,19.0
131.5,194.5,27.0,19.0
132.5,194.5,27.0,19.0
133.5,195.5,27.0,19.0
134.5,196.5,27.0,19.0
135.5,197.5,27.0,19.0
135.5,198.5,27.0,19.0
135.5,198.5,27.0,19.0
137.5,199.5,27.0,19.0
138.5,200.5,27.0,19.0
138.5,201.5,27.0,19.0
139.5,201.5,27.0,19.0
139.5,201.5,27.0,19.0
140.5,202.5,27.0,19.0
140.5,203.5,27.0,19.0
141.5,204.5,27.0,19.0
141.5,204.5,27.0,19.0
144.5,211.5,27.0,19.0
144.5,212.5,27.0,19.0
145.5,213.0,28.0,20.0
146.5,213.0,28.0,19.0
146.5,213.0,28.0,19.0
146.5,213.0,27.0,19.0
147.5,213.0,27.0,19.0
147.5,213.0,28.0,19.0
148.5,213.0,28.0,19.0
148.5,213.0,28.0,19.0
150.5,213.0,27.0,19.0
151.5,213.0,27.0,19.0
151.5,213.0,27.0,19.0
153.5,213.0,27.0,19.0
153.5,213.0,26.0,19.0
153.5,213.0,26.0,19.0
154.5,213.0,26.0,19.0
155.5,213.0,27.0,19.0
156.5,213.0,27.0,19.0
157.5,213.0,27.0,19.0
157.5,213.0,27.0,19.0
158.5,213.0,27.0,19.0
159.5,213.0,27.0,19.0
160.5,213.0,27.0,19.0
161.5,213.0,28.0,19.0
161.5,213.0,28.0,19.0
163.5,213.0,28.0,20.0
164.5,213.0,28.0,20.0
165.5,213.0,28.0,20.0
166.5,213.0,28.0,20.0
167.5,213.0,28.0,20.0
167.5,213.0,28.0,20.0
169.5,213.0,28.0,20.0
170.5,213.0,28.0,20.0
172.5,213.0,29.0,20.0
172.5,213.0,29.0,20.0
174.5,213.0,29.0,20.0
176.5,213.0,29.0,21.0
178.5,213.0,29.0,21.0
178.5,213.0,29.0,21.0
175.5,213.0,39.0,31.0
177.5,213.0,39.0,31.0
179.5,213.0,39.0,31.0
180.5,213.0,40.0,31.0
180.5,213.0,40.0,31.0
182.5,213.0,40.0,31.0
184.5,213.0,40.0,31.0
186.5,213.0,40.0,31.0
188.5,213.0,40.0,32.0
188.5,213.0,40.0,32.0
190.5,213.0,41.0,32.0
191.5,213.0,40.0,32.0
193.5,213.0,41.0,32.0
195.5,213.0,41.0,32.0
197.5,213.0,41.0,32.0
199.5,213.0,41.0,32.0
199.5,213.0,41.0,32.0
201.5,213.0,41.0,32.0
203.5,213.0,41.0,32.0
203.5,213.0,41.0,32.0
206.5,213.0,41.0,32.0
209.5,213.0,41.0,32.0
211.5,213.0,41.0,32.0
213.5,213.0,41.0,32.0
215.5,213.0,42.0,33.0
215.5,213.0,42.0,33.0
218.5,213.0,43.0,33.0
221.5,213.0,43.0,33.0
224.5,213.0,43.0,34.0
224.5,213.0,43.0,34.0
226.5,213.0,44.0,34.0
229.5,213.0,44.0,34.0
232.5,213.0,45.0,35.0
234.5,213.0,45.0,35.0
234.5,213.0,45.0,35.0
236.5,213.0,46.0,36.0
239.5,213.0,47.0,36.0
242.5,213.0,47.0,36.0
242.5,213.0,47.0,36.0
245.5,213.0,47.0,37.0
247.5,213.0,48.0,37.0
251.5,213.0,48.0,37.0
254.5,213.0,48.0,38.0
258.5,213.0,48.0,38.0
258.5,213.0,48.0,38.0
261.5,213.0,48.0,38.0
