125.5,162.5,74,55
126.13660255605669,163.80385787088517,72.81739621292172,53.69434772334807
127.87909598380281,163.11523670591302,70.78877792298886,52.96143590137585
128.37690254327154,164.493802128549,69.60302670247366,52.32362926340982
128.61525545516366,164.28775717802915,68.39538274211176,52.00644673927482
126.68480977371121,163.35486637350039,68.55542934030723,52.01037796743478
129.25120229382352,163.48566649721488,68.39592329941121,51.91262614992411
130.19520881444203,165.77479784218502,67.83175206840063,51.36358070317843
127.07661539825185,163.30904916849263,68.00582139666113,51.724157583186454
128.97255033344192,164.14275653305944,68.10265797197493,51.26235789769298
129.98006380973774,164.88754523380675,67.18979111555184,51.12957771452116
129.69977271690266,165.36545859417905,66.89501958818644,51.008307811784945
129.50831919658205,165.05008430724374,66.23926002287823,51.051388205189866
130.82397893862523,163.87529962192718,65.72677789535923,50.884342661882556
127.67209135707203,163.46293521623892,66.80498285659186,51.03746105827725
129.51466070162815,165.20804705462572,66.92445322776715,50.68074129538304
127.85853066713581,162.91111573257933,67.47284019647103,51.22072372478465
127.19553694902883,164.18650329948014,69.10622151138332,49.031174911249785
126.38193679035753,164.90239645478582,70.15967437265218,47.980500967553134
126.2514009235183,165.3808902539841,70.66875614566017,47.40983518202473
127.0521014449726,164.56267238524075,70.7032678787449,47.42571635312804
128.10628979994453,166.18219438706421,70.72808752271341,46.83416642716358
126.72490317348856,164.80424130795447,70.78938944689,47.074846459665935
126.189821909849,165.82636524451064,70.77377743326791,46.5474543032589
128.61313007159734,166.07842191150328,70.54334677490186,46.454947847315864
126.60068684120859,165.23320647187782,70.77005933126041,46.905940550411685
128.5997314626599,166.416885636402,70.43246703850734,46.493736759517944
126.55506280699001,165.62135572417137,70.71284605783967,46.83820382389315
128.43154237936915,166.71013563739785,70.42224467255713,46.531927290210575
126.45551767174271,165.99482548340853,70.79405169240896,46.898002562826974
128.32602138896695,167.03640040100953,70.47529262145537,46.50998486396986
126.88792071064984,164.83290215580877,70.85080542523313,47.03391350807319
126.02349092966827,165.575341714799,71.01744918214257,46.55716935122091
127.7432502267419,166.5843968029283,70.59559549735809,46.30664576382189
128.68829160319632,166.27965632966686,69.81452439453469,46.22955195324563
126.63418412676164,165.4417719324588,70.56433781046255,46.65183411436095
125.68125793159791,165.53254835783852,71.10320499895437,46.82738899232125
125.20849279381778,165.4420592577625,71.37711043520876,46.99394265423341
125.6982441595913,165.64383889365808,71.45279695556144,46.92148724377422
128.03842073097655,165.8185534848926,71.23612932533368,46.83709515089148
127.97593296541166,165.8051836627875,70.55351049754238,47.04030526851031
128.05255688000915,166.0727948014628,70.56772620937832,47.18181946519691
127.84321851586944,164.91766120217582,70.44527501750696,47.10999704890271
125.02526598096618,164.5758818535139,71.38056897281152,47.45068282857443
126.02429938283464,165.40892941572542,71.65415296024281,47.156404458492474
123.28697915900585,162.58453445451883,72.11657350204712,48.0249195128942
122.20926442202193,162.02904440688164,71.09447888620173,48.085279052290915
125.50566920968436,162.4281148860767,71.83305349285321,47.73663236637124
124.2449270119264,161.5513268920638,71.59830157359553,47.65626081506751
122.7093759681624,160.7706694836115,70.40511428200367,47.70466884219244
125.97611067223751,162.54369868702844,71.23322095417572,47.285632463327964
125.35340498297803,162.19653032357158,70.84533643902554,47.20581774580653
124.63288526170615,162.44040964666289,69.73555171622507,47.03308118076061
124.27248956835085,162.11580128376073,68.8870866780318,46.824020585703124
123.44655177658656,162.36455202863945,67.62278832662386,46.43442370896373
127.19384631611187,163.3301610589685,67.15333333418212,48.299373975637124
125.38611793145499,162.5463967816627,67.22414479404765,47.70757478481114
128.77269455225215,162.98650013549062,67.08059779940159,49.091092165824115
126.67343558427376,161.04406577499554,67.159169255561,48.53334776196688
124.24376869931453,162.34955501407478,66.53378708691133,47.064214271677685
127.84214963255032,162.64490728822815,66.5664997649649,48.66874592942558
125.94549252836545,161.15542240764444,66.08575324716887,48.15158665464334
124.13606179472436,162.49196664287336,65.60568387872718,46.67015823076295
127.74069700991946,162.23524027796452,65.48312962341632,48.192628904916525
125.91776522040885,161.47638097495647,65.09907882331764,47.398410178779336
128.88489787967433,162.99979163674664,65.45067165908358,48.39510882895385
127.22640530863445,161.31603707621207,65.71948337358154,47.8092433257707
129.93987852053246,162.6715273073238,65.97016022172767,49.02048166313827
127.91368651412449,160.62111727478967,67.76978954628066,48.38225420089334
125.87176001712228,162.0454837806629,67.29215152771182,47.204725398474565
124.63674598961718,161.46275673363942,65.91514965832934,46.5270950379851
128.3331296295554,160.8017172129894,65.61373388754717,47.910722081349356
127.17362244098356,159.78617493461107,64.97300857963222,47.09515603767266
130.42168309200412,159.68247960313616,66.6300511875032,46.25516017356101
129.56304943135706,158.690976622099,65.8783553625876,45.9279876173401
128.89474976649802,158.31153339218685,64.50272925514136,45.13040094121618
132.5914894305773,158.2866845893943,65.59382043021769,44.52050782567089
130.96569809896258,157.36077240203954,65.40946783458178,44.47843228277786
130.1892690926429,156.29126545229138,63.80070213086678,44.010229108833656
134.53814503145114,156.01424789725186,64.46298996424883,43.880410771475375
133.76778391612856,154.95549719791347,63.563774126504114,43.457726718644636
137.3238691606476,155.02214600735854,64.29646657539325,43.02092668910423
136.48156897576462,152.35764642350205,64.17156601246577,43.0574525406246
136.27742198558738,151.87398239676793,63.023527046996534,42.14759441493176
139.81509015407082,152.11120376285618,63.68982555576334,41.41157726540257
139.81650797563992,149.92614157229852,63.22235665642816,41.01586540765681
141.0365035313393,148.40176938807917,62.07492421507335,40.738540897921666
142.36140103631618,146.85099222803285,61.249373227488945,40.316958125424
143.25244976330913,145.9670677979098,60.82718793056179,39.78777939777946
143.3680507311167,144.66330890852345,60.608163208973075,39.283524400902145
143.52201982601005,143.9726473758093,59.75483304235305,38.66917404828543
144.38606821198582,142.45154732280588,59.011367391560086,38.21950971146694
145.0843795706955,141.78006906356248,58.33661157983002,37.564001049556694
145.3972686179925,140.2827912455539,57.785267609169324,37.023131260998
145.64958622009163,140.04584410105295,56.931100516009224,36.34218484222099
145.76901940933635,138.98719540292927,56.59047828005211,35.91770581978245
146.51158569974913,139.17308127912952,55.50568527284831,34.94464765609654
146.11536767148178,138.70652832722135,54.788198944167284,34.171537343825534
146.2099685831282,137.44670499832114,54.24016121508412,33.77149100846188
146.49728880633506,137.33720934575683,53.28822241356782,33.070579452472174
146.77755562974377,137.13569297732488,52.65487457785281,32.36578369144942
147.28626113268353,136.5002774414867,51.763855459638094,31.784891211375605
147.30117584008576,136.0942928408131,51.03967461012599,31.174613479739456
147.47259295333077,135.68592559769615,49.77849040232795,30.533831057327696
147.11474963194945,135.47755747959545,48.904056729538894,30.245292592410642
147.75415708440568,134.77039017679226,47.776217215895166,29.81766843680179
147.83711131293322,134.24283152323432,47.07531612358996,29.23310786172319
147.67998362627856,134.43896890427422,46.36998243039389,28.869254736314193
147.5273914696867,134.32592751097087,45.61397363501891,28.41138906567984
147.3705917787475,134.20193041566225,44.839958122984086,27.873992581229196
147.2593943219761,133.89546259841208,43.89776589644357,27.459763875710266
146.55044500926772,133.48753809874682,42.76324390571039,27.286863311346774
143.95098864929406,132.5984745173943,41.87571415510718,27.122426582641
149.416694982582,132.71572895046614,40.83100593341655,26.967295486921223
148.56125929381557,132.89920517236774,40.531757395940865,26.44810932329225
147.57766433950445,132.0926466277166,40.132210654096156,26.289377734005715
150.50732699130367,132.84858670905592,40.414924172671846,26.133225482322505
149.69318662038506,132.31318797297413,39.9842909683573,25.765885661624168
148.35496766036232,132.24588939227303,39.68876071442206,25.665335361731252
150.99328621643065,132.14881338001248,39.70701305235865,25.61741961708251
153.37515948421859,132.8431385926356,39.72503340826226,25.603200325106567
151.9042197736475,131.7100641432304,39.63019517612991,25.626686555688842
150.70398179077304,131.2743835079932,38.995228551165326,25.443212029807
153.5535360695388,131.79940865152244,39.04895336002783,25.378103582920335
166.160426938523,142.70659715166238,36.977044028065315,26.287288823241077
156.35034172898094,130.05940832243675,38.60181115735452,26.01750136633588
150.6881285222851,130.25781255685456,37.88012741754797,25.560059159906363
153.82559284047198,130.89891546009838,38.02276889530994,25.435662372507483
153.22709461387188,130.338868156742,38.37978921659405,25.16586213611871
155.9880320894019,131.15761368164996,38.788767155548655,25.20875083464724
154.50503580633338,131.09591891542237,39.02026288979183,25.06640104539372
153.37124330282515,131.00730486446503,38.88855256676065,24.80684106518563
155.82239532294827,131.74926582934734,39.26341012472002,24.977622514098382
154.81074337697032,130.69122140326022,39.19299071955675,25.03648613891663
153.96379624031925,130.54676348639333,38.99553257777404,24.92228923332584
153.25650334948944,130.48256308376966,38.466869372235834,24.861755995523378
156.265538037525,133.9281283771859,39.09145632245861,24.87095356802313
154.7302478361421,130.59861272856494,39.20275385016336,25.008205328064125
148.3612172391134,130.76980450549493,37.908013416108034,24.941427810390383
160.0301406829327,134.4696624435169,35.941786706692014,25.71800912215162
153.34664746229527,132.84634643139628,36.20490370979554,25.688894800872852
151.21981162553993,133.0107174182207,36.184387341619185,25.62173707934305
153.51797156048514,134.15740088204967,36.285856187091355,25.518704233334923
152.1733511908476,134.03752667455342,36.33611892191085,25.430750960514608
154.27192562354588,134.51498908354117,36.56265179250667,25.443873880614365
152.9199105216265,133.81603974703646,36.64921816921228,25.41249346464981
151.4647241322865,134.11609649760769,36.70056785371505,25.369691915621424
153.94189805471532,135.3574032205549,36.815668479926735,25.360994523499024
152.25348909859952,134.7726441247871,36.85998331179027,25.355350280456683
153.6200619220425,136.03011157363596,36.78828256732437,25.633196735755728
150.5506298323808,135.6128149976218,36.42155869199083,25.965711652634667
162.64085739692374,145.55303530354797,35.66640797574674,26.232562224254
152.19614659745383,135.68094024072545,36.61160807810451,26.24141223149087
154.40760034518067,139.1360562325592,36.9370521565949,26.24049392656478
166.41746195591423,149.51554368562427,36.03778372333582,26.551255501147587
151.75839634522612,137.3327144298114,36.29394709498061,27.514953639848496
147.52406459644934,138.0580589045319,36.06849018542965,27.82106844139934
148.44671675316897,139.42179549596085,35.989427660854496,28.347024671383245
160.9947571396273,149.91122192955706,35.25070772778162,28.35003101134415
149.26051160449427,139.2826951712038,35.37894687544025,28.936151758275223
144.0243051604665,140.83924550580156,35.30206815277803,29.050408238203904
156.41518843335115,150.00813378091,34.752618577833886,28.93512009130736
156.73895399264208,150.3128179173435,34.75298023240346,28.934754885456904
157.51858990591077,149.51328592058331,34.75329218901577,28.934472956507197
158.0432673241072,149.73343959456997,34.753705562080334,28.934149512895605
160.33127902539567,149.12441638410945,34.753656623919866,28.934219840524378
172.9688827322265,159.51103603072298,33.47078357610295,28.430469835627452
185.70270358649105,171.3231113494733,32.085707175191025,28.49910255383969
185.78465717890782,171.50569823011983,32.08570020181094,28.499110655854594
198.60448554180786,182.2223234618811,31.783195957089973,28.590695778879848
199.7542715215241,184.93641169764194,31.783195750205746,28.59069571040387
200.99739003102832,187.58993062901416,31.783195541881444,28.59069567801222
201.87464370993172,189.82605087663228,31.783195487312597,28.590695630774007
202.7688815148734,191.7815245590674,31.783195390887467,28.590695588749227
203.3668520203155,193.4656322412016,31.78319535137778,28.590695546975297
203.77582182294134,195.18527336144862,31.783195325612965,28.59069548536008
204.2586209519606,196.6663988003736,31.783195233563355,28.590695317043828
205.26389502953936,198.04860479890152,31.783195193182443,28.590695246257507
206.3842249057957,199.6599684782696,31.78319515441491,28.590695186257907
207.49111773934118,201.15746866379286,31.783195135669843,28.590695177607667
208.6299829880639,202.8405731834922,31.783195103159738,28.5906951683603
209.5620309814243,204.24977672378623,31.783195042723705,28.590695146488066
210.98266345394808,206.06673789025047,31.783194822407605,28.590695152045345
212.24983217208256,208.32924819936494,31.78319466831941,28.590695133181597
214.0089037596718,210.51287675045637,31.783195385429163,28.590694195549553
225.8778725292666,221.90620898944687,31.30379895341728,28.570944085244346
232.02400840745716,221.16440503039013,31.30381311622561,28.57092361113824
244.1092226569587,225.6527043981131,30.421106251133686,28.694591203773832
250.1421489837434,225.52915882400202,30.421129604644378,28.69456082420494
235.6072064392256,225.59856740331364,30.20469686836257,28.802865193372714
250.99251909208581,225.436184826585,29.740359328145058,29.12763034683002
251.42914028936437,221.10971770410652,29.74035686803238,29.12763242473372
251.9602849111963,216.4694713827611,29.74035483578665,29.127634192180427
245.00424329122217,225.54108169946994,29.272133739187076,28.917836601060106
245.80332117833026,219.59661828873524,29.272118204686503,28.917851221601783
247.39285630320234,212.4197239741748,29.272097446824684,28.91787054835451
249.06828474960992,209.14698903329494,29.272065386925746,28.91789594158884
250.5001273788858,206.8574275187237,29.27199683331479,28.917953171018148
250.53667101029572,205.43636761579072,29.271992635945164,28.917956144151013
249.9441428966541,204.2805308290695,29.271992296036267,28.917955837969977
252.8190761651895,204.2579425639331,29.271989383538266,28.9179564805985
252.58492249799855,202.21680281147533,29.27198722604736,28.917958210703254
251.12789702166077,199.99508378034884,29.271908444683632,28.918058832465512
250.89948414422977,200.3343267234676,29.27190775110506,28.918055478729215
250.59223161285544,198.82068647407684,29.271906151961762,28.91805683894568
250.2875220812023,198.9413314368065,29.271905511784475,28.91805295283876
250.01943559802237,198.93538267351335,29.271904657648733,28.91804908961763
249.8116789471455,198.77332992794103,29.271903996895226,28.918045652320256
249.45032683859827,198.72874293637702,29.271903803436693,28.918042146167604
249.09982190469844,198.69977050522328,29.271903682451555,28.918039272241543
248.81189767753503,198.60698646514328,29.2719036169763,28.91803460898572
249.05937723313585,198.43881846668936,29.271904098593883,28.918029373832187
248.7922399229517,198.27056503605453,29.271904736914156,28.918024682768017
248.8483842694558,197.90972545987685,29.271905033032642,28.918020571344695
248.84356833371697,197.95700562742223,29.271905566912302,28.91801738745233
248.83563257337883,198.13213746370815,29.27190588129015,28.918014568647894
249.40313724286543,197.87343114576794,29.271906069523354,28.918011263766743
249.48313708570822,197.56597451893145,29.271905933226655,28.918006702708087
249.84700062060182,197.4548204252368,29.271905978593754,28.918003601979066
249.88037923199323,197.294023252968,29.27190630813662,28.918000728003143
250.06011631393127,197.21015405509394,29.27190558133138,28.91799848072684
250.27671602338788,197.19443916502325,29.27190455480939,28.917996209656632
250.3569556862624,197.16388858798058,29.271903746473466,28.91799374410684
250.44933404747786,197.2188486720729,29.271902572877394,28.917991082497764
250.50330745265532,197.15826131659068,29.27190124197505,28.917988470299715
250.60373718000693,196.8188283609228,29.271899665003136,28.917984538152517
250.71801335913892,197.06740082869746,29.271898500810977,28.917980904235073
250.64701936125897,196.9718974765006,29.27189790621117,28.917977356987535
250.57686491260478,196.94297019777017,29.271897395212502,28.917974095546864
250.66073814951054,197.1168088455371,29.271896809634125,28.917971706266837
250.69629844048742,197.32863450271205,29.271895394591,28.917969315552405
250.55475590871848,197.1480392011958,29.271894843686106,28.917965635814767
250.48826024011896,197.411686537651,29.271894270904365,28.917963214491223
250.31039868330728,197.86241397666555,29.271893675659665,28.917959685720582
250.1822948030271,198.1554451417394,29.27189334424575,28.917957164303946
249.96713795495594,198.4623783013207,29.271892648536678,28.917954492125418
249.968276891936,198.57702473073024,29.27189211880896,28.917952193194264
249.86199607531026,198.8073041662225,29.271892025490345,28.91795009754123
253.07217671407153,198.30518137048475,29.27189131315335,28.917950169378667
252.05319391891567,197.94342671523512,29.271890890510356,28.91794975096942
252.18727282695102,197.6708476967062,29.271888321412675,28.917941712797592
252.28726729673167,197.67774657016216,29.271885809873783,28.91792979192795
252.13607667604444,197.46068349762714,29.27188258531539,28.91791912907944
252.2094441101337,197.5864445926131,29.271875487703802,28.9179047280041
252.09767873064368,197.6101970045522,29.271871588132637,28.917891745144143
252.14569709854084,197.86581730528923,29.271866749108284,28.917880479931775
252.21687290542397,198.11289544187375,29.271859163099705,28.917866232471923
252.1654822088455,198.31759250643438,29.27185516266092,28.917853910201085
252.12135523833186,198.40898123899694,29.271849317320815,28.917838531467382
251.7464594357617,198.52953864790487,29.27184524718341,28.917823712006438
251.61441660944402,198.4691859940362,29.271844563921295,28.91781730571447
251.40435161246515,198.4877498297655,29.271843738796797,28.91781155603361
251.3591855328078,198.71885012201673,29.271843367672584,28.917805861314978
251.19760671594773,199.09765937190483,29.27184255841867,28.91779964953704
251.24174596892578,199.47258653441466,29.27184177982803,28.91779452476605
251.1424928324063,199.62632437309918,29.271840833313977,28.917789586284805
251.06738402729997,199.9904647392923,29.271840776304654,28.91778415297086
250.74716241382387,199.95736621488334,29.271840916632705,28.917779298862808
250.59279223973215,200.45791898744199,29.271841125808564,28.917775485999503
250.31092434358962,200.42979733809727,29.27184107538885,28.917772638129264
250.21685125397258,200.52841003874582,29.2718409763608,28.917768694790357
250.1139321537084,200.59693415498595,29.27184045191839,28.917764906990353
249.83085357479155,200.69582054795785,29.27184026874863,28.91776095826006
249.7541424205361,200.3820708068178,29.271840430223882,28.917757105064215
249.4488834143167,200.65479185364785,29.271840821622376,28.917752168558216
249.3689506459082,200.34090394590328,29.271840979105868,28.917748083019646
249.19708708827363,200.06579229559011,29.271841131570202,28.91774278791235
248.89134775058224,199.6236443339596,29.271841716666742,28.917736512286552
248.7005152452981,199.18897667528276,29.271841348426037,28.917731052243024
248.5190264929724,198.90707856804767,29.27184152716121,28.917727289410653
248.10765883627403,198.4446821686225,29.271842425026787,28.917723387783376
247.67634349830618,197.72133703223494,29.271843150915895,28.9177188096369
247.26045736990295,197.14710450035477,29.27184480883399,28.917712517958982
246.73279467624934,196.5820578092057,29.27184599932573,28.91770708052443
246.21621735904355,196.12408254058516,29.27184805347607,28.91770088215457
245.81210407354212,195.61195347446923,29.271849588811484,28.917694559544817
245.24959702105764,194.7163474877068,29.271852488107246,28.917684914417375
244.6006745880454,193.97465913470253,29.27185652046777,28.917671050739006
245.15943246991918,209.50454387408323,28.85663760978571,29.099724768388747
247.68683128289928,208.59383563901162,28.85660282409649,29.099749417624366
255.2428273815247,223.32191920927366,28.467248757033662,28.711663179199892
255.34741145111724,217.53822469086987,28.467245401207173,28.711658913090012
252.3885209475325,213.93040460137016,28.467245532216946,28.711651394640676
241.40584858058804,202.72265800561522,28.30682160460686,28.6970412841486
252.35994550941294,214.82681536538567,27.900552261727572,28.553528734407532
252.24115528898304,209.8989769087571,27.900549408076554,28.55352518196641
242.3163192318159,219.41147876128932,27.625431330760442,28.70652860275646
253.1796501412269,208.6330427226591,27.616275920629842,28.670899993371403
240.47110384089885,209.8606400937871,27.639897757125787,28.932856654542476
243.861367055435,212.06869326783087,27.675173425373988,28.925548524228425
246.87110798167234,211.36237837404877,27.675172278160595,28.925543104616388
249.6438930057808,210.123096509964,27.675172126641677,28.925540901465762
249.16718397497408,205.44843381142374,27.67517050289133,28.925541118492557
249.39209110212764,219.45907650460214,27.789088216987047,27.96511731966019
249.10633482051784,206.03195321025316,27.66549004192921,27.83591969449091
249.34334608205177,219.4612555908421,27.658249850328076,27.556927665246675
249.01540643413026,206.2583426586637,27.436715515685535,27.3766691637587
249.1952522298032,219.73846731625267,27.44477635716284,27.12877069391769
249.11450313184088,206.97330898770576,27.171122439649835,26.98130910699294
249.31161845962617,220.17997240658983,27.18010808647409,26.648726058897704
249.2745935953507,207.9361692499036,26.77108997468731,26.35069356306602
249.59680509980834,220.21976270474508,26.804460587788924,25.86473872430595
249.8321558646857,208.3645838376768,26.0911522840617,26.058004707343876
250.14213138572924,220.3369617583279,26.166243613724497,25.216621439894187
250.66345842144838,209.08282593082617,25.318400573508562,25.780219556689623
238.32517989518152,209.4532464956803,25.361761748967098,26.786307118845404
230.00628287421875,199.39339601444559,25.274082386961936,26.463108377335363
237.18707426321976,200.90264774424995,25.75031775471189,26.38836984272966
247.5063161824562,212.69558389360026,25.427719460062242,26.574477829673565
249.40084031759702,212.61609906751946,25.42768004560033,26.574401293838324
248.05557577248084,202.6586326779893,25.329470408263116,26.554861035178913
248.3084112333967,216.20064645957078,25.336868818077342,25.865786246063784
248.23431376908005,204.87329021739694,25.06467430307469,25.787790753116557
258.1922779581024,215.7947315238743,24.947583586773174,25.73214721486888
248.1939090645651,206.45679546479334,24.84352181330084,25.911481170799334
258.23094770868636,216.97427853012775,24.695197164828834,25.723038325042655
251.91348735111842,205.9279518090916,24.44719570741838,25.689289865869775
252.37118593635634,218.1296001435063,24.54362254874521,24.70526085145932
252.5396855710076,207.64180610673694,24.187687677284373,24.444690554026426
253.04174370289547,219.39377199470044,24.09401394461746,23.671031071190242
253.3833184341406,209.7858037790501,23.830073485575745,22.833115421192062
253.8435406566843,220.88527709060008,23.44715314460667,22.012836629513004
254.17867906072357,211.0769947478181,22.921738332701985,21.708613503797693
254.64735467675763,221.80362342448763,22.53924632161543,21.166090327094388
255.15741586686056,212.13744975682147,21.887142091739154,21.127338190380783
255.60025219728306,222.5616780647707,21.540973362893368,20.559160734028218
247.62629283368332,214.51338787120756,20.882233154545983,20.97669544396947
249.110121819592,215.6117234002128,20.882217251591534,20.97669587185981
249.6003773634518,216.64224053741054,20.88212442873785,20.976610923025863
250.08349984720292,217.56847422043649,20.88208213753184,20.976531342885572
250.4548827807745,218.4866322649993,20.88206017974759,20.976490354467945
250.96921115602336,219.36177290666723,20.88204012320436,20.976450708361988
250.1353086066052,218.04048144265622,20.881063703104516,20.97719079428197
249.45630351438527,217.0033587480168,20.879799857812632,20.978304145444337
248.87635466764652,216.89369115484735,20.876637959043123,20.981067613328907
248.5637908723359,217.8149955028469,20.868146181588095,20.986656258295085
246.86314775755338,218.6692321650227,20.868079051930685,20.98655290426515
245.2839583778854,219.25354762444124,20.86807301130938,20.98651336554733
244.14052391025072,220.23549126234116,20.8680783811338,20.98649005859672
235.4556944177079,228.74396928100137,20.49664468433467,20.989439111608302
235.88276945196262,219.08861356208644,20.464452740462857,20.948809301879574
229.9653350763848,228.0429908432219,20.364787418742495,20.977322043075457
228.70835571510514,218.76019829446608,20.292530883657165,20.721476934288262
227.9105305737935,227.86778267816052,20.104726152051622,20.242598144926706
220.36331899153916,220.2250986719734,19.962484544526585,20.289843217237486
225.39283193583955,228.90485066721916,19.55174642905812,19.94126642706335
218.2500684429722,220.06974575587125,19.584281738462263,19.882712669436906
218.31558656741592,229.81116972027428,19.518356269873543,19.265066690704067
218.50565555937845,220.32946012254823,18.839955838829745,19.286690537035085
218.71509942093593,230.41285552464387,18.68707410860418,19.174288950712274
217.82937761070264,229.00984241968183,18.68707400443849,19.1742887018961
217.94220113682428,225.9035587760639,18.68707350761894,19.174289136562383
215.33463596376637,225.47597805264388,18.68717366040591,19.174163210336452
213.14736797085072,225.15238631430404,18.68735146905213,19.17393563860383
211.42397867387677,224.33977781087967,18.68754607671771,19.173628839834272
210.2946184596585,223.52416265686824,18.688819500835997,19.172386513541635
209.3556157978768,223.33626899553775,18.688931257314174,19.172218254537576
208.61661440014214,222.76156640322927,18.690774241763563,19.170538658461535
208.163253568159,222.07133129097193,18.692839316698635,19.16895348117411
208.3344404084547,221.295431516335,18.69508130416562,19.167457775740672
209.15227678845434,220.9152197978143,18.699052570922614,19.165049703668714
216.48377669532172,221.69408297471912,18.798269325181035,19.072281183149194
217.1460765240404,220.95276704156586,18.9221189217796,18.8758406693898
217.2821723298279,220.56272300560445,18.77667912051693,18.83368344149646
207.95798829617945,220.4391163039353,18.80315235138803,18.728331168860905
198.40589996891936,220.57791906901775,18.678054256152315,18.809630000420853
196.80304735494144,220.06252785718144,18.678047880943506,18.80960469055773
187.58089389828265,219.58723699184029,18.629978466746447,18.870175349081176
190.05027747967983,218.2480224260518,18.629911979916432,18.870178930197355
192.86374910749814,217.46400594371045,18.62988704016727,18.870182371984267
195.66618130706297,217.04000482027067,18.62988246998657,18.870184688482034
188.50103770544283,208.97670135733722,18.53466784980158,18.733718646819632
189.47782420644484,209.36999015807808,18.534667955516937,18.733718091255387
190.4819240222022,209.9586073776596,18.534668015774688,18.73371782491341
191.5022211759299,210.4417181425702,18.534668047690065,18.733717687246884
192.48725271221252,211.20458997878404,18.53466806544918,18.73371761852559
193.75658317146292,211.63328321982286,18.534667911642597,18.733717189056442
194.02975533075826,203.20567051680612,18.4850738584118,18.427861281003025
194.05188481361375,212.6318668480055,18.335932555547828,18.243269521924553
194.05745923548034,203.86436369172722,18.01832348027212,18.160205232064136
194.30386495893256,213.3023455605945,17.890882515573992,17.758766945989727
198.91204677980622,205.11846229084037,17.710069944993666,17.933187461938395
194.60137787470669,214.35598230852577,17.527766435917847,18.009066005669183
196.7444166524743,212.90547172281236,17.527766379772242,18.00906593495427
197.04604037917994,204.1580934068011,17.524393840053428,17.46804070662521
204.05617409895174,211.27999450198354,17.26841530279254,17.483202101160263
203.62642128207838,209.03344869687396,17.268413971855754,17.483203081801797
203.04982530247605,205.23105733804974,17.268411265151624,17.483205125469514
201.74472370453614,207.12154428911018,17.268411194887623,17.48320441937831
202.46099135767608,205.0851257246033,17.26841094090726,17.483204672476493
203.52843864535006,206.4837328800296,17.26841097501059,17.48320463126199
210.31878815400268,213.07017268207176,17.032556775820602,17.294576049516564
210.65074544937485,204.19056836684558,16.95532772336815,16.95516712625796
210.69687359999642,213.30482671867134,16.878267635623704,16.92695063928126
210.7781093701749,205.44695753785552,16.73769826902434,16.755412351437755
215.17891047009795,214.09479607288227,16.606235381922367,16.72133005372311
215.39373958290895,205.93469185630045,16.557083224768487,16.47710252802449
215.57503345263578,214.40308325456704,16.49840079356143,16.27841596867395
220.14251788616858,206.50724541667614,16.04264640403488,16.715838829209126
220.17403735625317,207.48582236742965,16.042647340386328,16.715832406759453
220.3820931541715,208.9009936303173,16.042648584725256,16.715826451723903
220.12881447371967,210.33123978648305,16.042648898261877,16.71582446150541
220.0131360699522,210.97738304702727,16.042648563467612,16.715824813280733
220.32134033430418,210.38343816957934,16.04262197798946,16.715849430122706
220.29133002513447,210.92141195977803,16.042621706242002,16.715849730470275
220.8816046383344,210.23622013894746,16.04260410082142,16.715865249076924
221.3413496390998,209.67685545756825,16.042577078130513,16.715888862323567
221.8396368129482,208.98542072980396,16.042555972640262,16.71590683641451
221.87920547088927,209.8169672531531,16.042555818132264,16.715906998982852
222.7861297034558,209.87579036230628,16.04254988801811,16.715910559400253
227.1154042091885,202.29414080704004,15.932956793911112,16.78167739759388
225.4421696728453,203.6894523068424,15.932957417958624,16.781672102380583
225.20708952235984,205.04978219564714,15.932958218092217,16.781667289218163
224.91177761724703,206.2768677954355,15.93295835154095,16.78166607827364
225.01280278383584,205.28051299428483,15.93295767606579,16.781666759142492
225.8058821307706,203.82309571565762,15.932954277568207,16.78167015489789
224.72838071222293,204.63228421483018,15.932954282250872,16.781670126843917
225.37445885768298,204.47882800899907,15.932953376348191,16.78167083158169
225.52421708791246,196.36898469249948,15.9006644165663,16.67561665037188
225.5209177244991,197.5384902692767,15.900664528771118,16.675615973883463
225.41457320902398,198.83786656361107,15.900664860356711,16.675614214911366
225.23203427054239,200.043689123101,15.900665003326372,16.675613554702295
225.12764506825084,201.03419240372466,15.900665056364135,16.675613258141556
226.39985495737153,201.99279276784114,15.90066504359517,16.67561321445603
227.3089228864507,203.67160908852017,15.90066504301891,16.675613210121888
228.7029997153033,203.92302698791508,15.9006650336902,16.67561316191187
229.04412141354558,205.08945505490487,15.900664984373597,16.67561320621596
227.83217897698495,205.41164725729968,15.900664988873022,16.67561318558166
227.98918022496568,206.1331086860176,15.900664768378478,16.675613397146037
230.80094181097206,206.00587939364607,15.900666739035382,16.675610276204463
229.0300978591032,205.34985173105372,15.900666200542911,16.675610013620574
229.80804808469134,206.87151231620737,15.900666203887798,16.675609975973213
230.43975681945386,203.11646599173682,15.900665739901672,16.67561036646097
230.70446259618177,204.4642625906302,15.900665800387044,16.675610287341758
231.45570076283576,205.8729302940195,15.900665801650899,16.675610247765942
231.711620062288,202.967027459424,15.900665698477773,16.67561019185926
231.15557376066346,203.23755934474497,15.900665806762301,16.6756096703285
230.75038032867437,203.62035396164384,15.90066583421166,16.675609494929986
230.45678285933894,204.1317581850733,15.90066585329637,16.6756093614408
230.78235867784724,205.34420254207959,15.90066593298886,16.675609258268082
233.44179954596032,205.1369143081731,15.900669046311062,16.675604308043678
232.91719586234163,206.1784695580717,15.900669203007665,16.675603187061153
233.9348009245246,203.84592479308742,15.900669211240588,16.675603109790917
232.40532235074477,204.46882511682702,15.900669258885753,16.675602957459454
238.93305092033282,211.10470871238007,15.792419570576307,16.49936627630208
238.55106869814745,209.3038285912515,15.792418885094754,16.499366607975716
238.0944824886963,207.71257922704356,15.792418224506427,16.49936688134396
235.9832494441837,208.45030291729145,15.792432626672435,16.499346770783777
235.81750102182542,206.65661284685103,15.79243233861085,16.499346979261073
232.8659587073624,206.9821057625645,15.792435073615986,16.49934245486391
232.91882555123226,204.1880971996868,15.792434564432236,16.4993425937723
239.3136030773514,210.7493120717733,15.575115573290168,16.4307668382468
239.3598245755815,208.8161157448448,15.575114627406176,16.43076759490224
239.36367602353843,207.37869919084156,15.575114080246141,16.430768072751253
239.41146726428002,206.12625949705088,15.57511362202595,16.43076846252992
231.5815259196079,205.8806573146807,15.586284153167012,16.364425675227906
233.5389436525792,204.06996500359026,15.586284140257897,16.364425676742233
227.56996364930228,198.1424740362191,15.503153639304381,16.409920268650048
234.16031686837886,204.68579978970416,15.017730137247426,16.395650734946557
234.77739883367465,202.32028213162823,15.017729610166878,16.395651295391655
231.46663176336318,211.34736209935758,15.152968527553742,15.757905620797203
233.78729805660677,211.11296387810594,15.15289704183562,15.757912336804718
234.19543615292213,203.28792353857816,15.104571741653336,15.712383923147916
234.8175792276101,211.44063307519443,14.76747573633941,15.43228681036458
235.25473095188727,209.46109962580684,14.766986691795871,15.432643753924326
235.77201535353225,206.89029731024533,14.766919202669106,15.432698797797563
232.44632722096404,214.71375363257954,14.703428829621938,14.541575909904049
232.87503272420844,207.27584038134884,14.488626763734501,14.489525939892308
235.34230301603733,206.46827471699086,14.48862502132428,14.489524579132237
235.85063433126214,214.02589892351696,14.115773795579681,14.298897748111294
236.164538163896,207.02944574288426,14.072565208013557,14.282504831117418
236.11301581885567,205.3428547013999,14.072564017299698,14.282505809426166
