1
235.5756,164.6778,33.4087,68.3729
248.3051,183.0666,34.1402,67.4744
230.1899,167.0416,31.5667,68.8829
242.4545,188.4282,31.9476,68.1009
233.9843,177.8943,30.7979,68.5433
234.1310,192.9805,31.1484,67.9317
218.8346,190.8833,30.2647,68.9042
226.2869,214.4612,31.4442,66.6601
245.0500,240.1337,32.4103,65.2682
263.2401,260.6645,33.9222,62.9887
256.8536,287.9814,34.2662,63.3898
265.0680,306.7662,34.3626,63.3325
230.6286,293.5001,34.3768,63.3729
242.5289,320.9384,34.9715,62.7680
243.0282,349.1424,36.0246,61.1055
244.4328,377.0803,36.4395,60.3878
219.8413,382.5155,37.7814,58.2092
200.8726,368.2604,38.5288,56.0923
176.9561,373.6809,39.5144,54.5303
157.8962,360.8074,39.8393,53.1221
134.6880,365.1474,40.5036,52.6722
153.6490,351.9479,40.8795,50.5351
131.3355,357.0663,41.3271,49.3544
131.8178,336.2258,42.1969,47.3176
132.6895,314.4302,41.4342,45.8126
155.9519,317.2235,40.8200,46.1208
179.3562,320.2119,40.3278,46.3993
202.6438,323.1965,40.1081,46.6518
228.8020,301.7108,40.1081,46.6518
246.1969,283.7905,40.1080,46.6528
263.5316,302.2281,40.1008,46.6619
275.6505,306.0758,40.1008,46.6619
282.5164,313.8327,40.1007,46.6619
301.4539,333.8218,39.6083,46.3455
319.5570,353.2212,39.1308,45.9120
341.9193,356.1995,39.1879,45.9124
364.4865,358.6762,39.2150,45.8205
382.6575,378.9854,38.6956,45.4341
404.8914,383.3251,38.5662,44.9184
426.9941,387.3102,38.3044,44.5894
444.6660,406.9467,37.8535,43.9440
429.4011,394.7358,36.3202,43.6303
450.2625,398.2552,36.3085,43.0902
466.7909,417.2390,36.0616,42.8116
447.7014,419.5939,35.6189,43.2361
463.8263,407.6415,35.5735,41.8320
480.3846,426.1902,35.2366,41.0568
500.8421,429.8309,34.6558,40.7096
520.7910,433.8164,34.3575,40.2708
536.2044,422.0572,33.8120,39.6827
536.5666,442.9091,33.6337,39.1491
552.0887,460.5534,32.9490,38.5885
538.5413,448.6030,32.2225,37.5509
525.2964,437.8394,30.8964,37.4101
512.1417,426.8288,29.9467,37.3712
499.0552,416.3840,29.2110,36.8914
485.9132,406.2753,28.2040,36.3032
473.1874,396.4117,27.8465,35.8107
460.6604,387.1638,27.2566,35.0067
448.5636,377.4305,26.9548,34.3394
433.5424,380.0836,27.2050,33.8286
421.7587,370.7293,26.6450,33.1898
410.1443,361.6141,26.0675,32.6686
398.8396,352.9165,25.3392,31.9788
387.7343,344.2291,24.6689,31.2042
376.8936,335.7077,24.1198,30.7144
366.3836,327.4148,23.7763,30.1839
355.8485,319.6302,23.2739,29.4217
345.7228,311.8264,22.6989,28.6887
335.8327,304.0515,22.4021,28.2890
325.9690,296.1319,21.9031,27.9945
316.0233,288.7483,21.1276,27.3957
306.5718,281.4775,20.8441,26.6267
294.9704,283.4395,20.9763,26.1892
283.4114,285.4036,21.1268,25.9391
271.9398,287.4035,21.0787,25.7271
260.6226,289.2775,21.1443,25.4943
251.6663,281.9573,20.2456,25.3655
240.5729,283.7817,20.4442,25.1153
229.5906,285.5435,20.3778,25.0193
229.9875,298.6826,20.3573,24.4881
236.2984,311.4702,20.2802,24.4199
245.9921,321.9444,20.1126,24.0124
257.4399,323.6225,20.0301,23.8022
266.6081,317.4669,19.7755,23.1034
266.6259,307.1725,20.1165,22.1696
267.0129,297.2895,19.9713,22.0460
267.5657,286.8858,19.9647,21.4233
268.3607,275.5681,20.2124,20.6804
267.9156,268.1454,19.0757,22.2724
268.6186,264.4413,18.6772,23.3837
268.7293,254.9320,18.8825,22.5891
269.2537,245.3596,19.0806,21.6240
269.6990,235.9407,18.9349,20.7496
270.3001,226.7418,18.6854,20.0391
270.9123,217.7544,18.4044,19.6042
271.4236,209.0364,18.0565,19.0654
276.9323,201.0376,17.3920,19.2160
282.2747,193.0483,17.0312,19.2702
282.8069,184.7199,16.8199,18.5081
283.4318,176.5931,16.5885,17.7705
275.1360,177.4550,16.1355,18.1376
268.4931,171.6938,15.5856,18.3596
260.2554,172.8242,15.4225,18.3732
252.2119,174.0626,15.3677,18.2717
245.9373,181.2632,15.2344,18.2133
239.7044,188.3126,14.9558,18.2260
233.6049,195.4330,14.7685,18.1906
227.5634,202.4028,14.6274,18.1608
221.5133,209.4032,14.5544,18.1397
213.6212,210.6754,14.5781,18.0746
209.8901,220.0678,14.6865,17.9682
206.2085,229.5644,14.6844,17.8856
206.6036,239.2249,14.6811,17.5861
211.2324,248.6140,14.5773,17.4797
211.5472,241.5383,14.7636,16.6672
211.9438,234.5103,14.6773,16.1203
208.5066,227.9702,14.3711,16.0988
208.9335,221.0637,14.2552,15.4881
