704.4329,243.1084,33.6792,71.3382
695.9363,244.9867,35.2968,69.6827
710.3635,259.5220,36.4310,68.6497
694.7068,246.1235,36.0053,69.5493
693.0879,248.2627,36.5928,68.6312
688.5904,245.7356,37.0844,67.5279
687.7439,245.9940,37.2120,66.9125
684.5338,243.8224,37.2582,66.2474
683.3962,248.8283,39.0216,63.9916
676.0647,251.4629,39.8462,62.5454
664.7328,243.5998,42.6592,61.4899
670.6967,254.7054,44.5770,60.7981
665.9769,255.8340,46.5706,59.6464
659.0536,257.2535,47.8583,58.7659
654.2603,255.3597,48.7769,58.2444
651.3915,252.9017,49.5606,57.5271
652.6801,260.5840,50.5126,56.5840
638.4539,256.5300,50.2585,57.2303
644.5875,270.7840,50.8765,57.3774
626.8904,260.1173,49.9186,58.5321
639.2473,271.7267,49.9492,59.1948
624.6099,253.5134,48.6339,61.9169
637.6179,274.0502,49.1891,62.2597
616.3854,253.5932,47.6125,64.5007
632.6276,274.2333,48.7232,64.2040
608.1288,247.1271,48.4923,64.4589
624.5510,268.4732,49.1023,64.3121
602.7982,248.4771,48.5572,64.8959
620.9581,270.2789,48.9168,64.7884
599.6309,252.0757,47.5863,66.6057
618.4747,271.9480,48.0471,65.5795
593.9659,252.4777,47.1096,66.7380
613.4741,272.7025,47.8160,65.8349
590.6009,251.0063,46.1573,67.7131
602.4018,268.5784,47.0931,66.6844
585.5660,250.5167,45.5686,68.7824
603.3715,268.7900,46.3161,67.5517
577.1095,246.9869,45.1918,68.8437
593.3541,267.1759,46.3430,67.3437
570.1329,247.7953,45.6471,68.1206
586.6133,265.8854,47.0065,66.2300
563.9954,246.5668,45.7796,67.3447
581.6408,265.6978,47.5579,64.9453
560.7587,262.2551,47.0425,64.9179
580.8577,274.9563,47.6971,63.7968
549.7352,254.7998,47.4480,64.1311
569.0521,269.8551,48.5897,62.1279
546.1864,259.0405,48.4348,62.4001
566.8647,271.9239,49.2815,60.6611
536.2289,255.7686,48.8357,61.0753
556.0879,269.8013,50.1937,59.2503
537.9218,266.5440,49.3261,59.2251
556.2203,277.5944,50.7046,57.0903
532.7220,257.7625,50.5059,57.3131
550.6553,272.2299,51.7097,55.0357
530.4474,257.2996,49.8770,56.5698
549.1537,271.7646,51.1046,54.0752
532.7744,264.4180,50.0525,54.4202
539.5236,270.9997,51.6429,52.2079
542.2626,276.7929,51.9773,51.0127
525.9189,256.1747,49.0225,54.3919
543.0065,271.4080,50.2460,51.9116
532.5023,267.8689,49.1418,52.7653
538.5284,272.4904,50.0879,51.4142
534.9585,266.1662,49.6899,51.5793
552.0683,277.8021,49.9771,50.1375
527.1984,251.7574,48.4404,52.2436
537.7665,263.6341,49.9937,50.5521
538.6608,266.7219,50.8340,50.0908
543.7034,272.5124,51.4887,48.9812
543.6406,272.6708,51.0268,48.3026
538.8256,265.6777,49.8536,47.9710
534.1031,255.5901,49.4452,50.5085
549.8594,265.1558,50.6285,48.7632
550.4313,271.4503,50.5131,48.5440
531.0795,251.8296,49.8918,51.3250
547.1815,261.0868,49.7670,49.7962
549.6336,265.5533,50.0677,49.4997
534.8850,251.3492,49.4350,50.7196
550.9891,261.9621,48.8417,49.9851
546.0154,259.2924,48.5714,50.6896
565.6490,272.1601,48.9531,49.6551
548.5314,253.7842,48.8497,49.7635
564.9796,265.7178,49.2426,49.1017
551.5950,263.1525,48.9031,49.5851
565.5832,268.4964,48.0448,49.7228
570.6007,276.5444,48.0713,49.5158
555.2579,257.1667,47.5805,50.5262
573.9144,270.6339,47.5196,49.6836
564.7736,257.4839,46.6325,51.1103
578.1617,261.3838,45.1304,52.8526
586.9161,268.5491,45.1539,52.8076
584.6775,267.5177,44.7064,52.5561
571.3022,244.9944,44.0697,53.9531
587.6042,260.2543,43.7049,54.5855
585.1571,259.3103,43.9376,55.4584
580.8232,250.2208,42.8370,58.1747
590.7610,258.8495,43.8392,56.8331
590.8359,258.5547,44.1203,57.0030
594.1380,257.5142,45.3497,57.2424
595.4946,254.2617,45.9411,57.6834
588.4227,252.4334,45.6064,59.2306
587.0858,241.3699,43.8171,63.3068
604.0416,253.6077,46.1711,61.7868
590.9033,242.8707,45.8196,62.6624
589.7150,238.6728,43.7206,65.7613
593.1555,239.1099,41.9734,67.9152
598.8575,242.4412,41.6948,68.3689
596.2596,234.1986,40.2184,71.0302
598.3917,235.3657,39.3422,72.3509
600.1693,236.6534,38.2716,73.5646
599.8117,236.4183,37.2330,73.9464
602.8086,238.2672,38.6122,72.9607
600.8779,239.5507,39.0137,72.7842
600.7755,239.5073,39.9017,72.6467
597.6067,241.8611,42.0564,72.0965
607.2404,256.8892,43.3553,70.5260
587.6898,241.9412,44.3649,70.2697
580.9707,241.8645,45.8802,69.2482
567.5651,230.8514,45.4739,69.8268
588.6228,247.9170,47.0325,68.3991
568.2607,234.9043,47.4183,68.5234
564.6674,244.0196,49.1181,67.3550
547.7319,242.5751,49.8264,66.9140
536.5919,237.7406,51.1559,66.6249
550.2148,249.4162,51.7712,66.1181
543.5411,238.9241,51.9635,66.0439
515.9879,234.1440,52.2768,65.9208
515.3927,246.0047,53.1445,65.1242
486.8611,228.2225,53.2071,65.1977
482.5364,234.2292,54.3559,65.4331
475.3646,239.5089,55.3484,65.0853
452.0049,230.4268,55.9585,65.6390
462.4514,247.0184,57.4335,64.9783
440.0221,243.3975,57.6469,65.0800
417.1131,236.5729,58.0092,66.0086
418.1392,248.7903,60.5229,64.3361
391.7357,243.2475,62.6037,63.9969
383.5850,251.2333,64.7740,63.2832
358.8872,242.2473,64.8981,64.6521
356.9784,256.9453,65.3286,64.6665
355.5684,262.9324,65.3980,64.6376
338.5211,253.8304,65.5650,64.7270
323.0775,267.8791,65.6315,64.7320
299.0819,261.1925,65.9533,65.1291
317.1813,263.7301,65.6845,65.3258
313.3239,275.4241,66.6546,65.1094
292.3844,273.3807,67.0510,65.5437
312.6329,269.6566,68.6525,67.0192
304.4338,282.1473,70.2573,67.6719
289.8515,292.4738,70.0575,70.0822
281.5991,268.0048,69.5361,71.1453
286.0681,262.4285,67.4132,73.6190
264.1364,272.0754,67.6637,73.3797
245.7927,288.7563,68.0860,72.2198
246.0218,268.0414,67.3828,73.5459
224.1254,282.1363,68.3852,71.4294
235.7737,265.4458,65.2048,74.8003
232.5089,273.5577,63.2685,75.9339
233.4221,276.6859,61.7658,78.4322
236.3194,278.3233,59.9352,81.0536
238.2869,276.7146,57.9422,84.2188
240.0280,278.8349,56.4551,86.6302
242.0968,273.2493,54.7383,88.9230
247.6625,268.0800,52.9347,91.4828
251.6998,273.0360,51.7193,94.6803
253.9156,277.0193,50.5896,96.8729
254.2635,278.4633,49.8608,98.8874
254.2238,278.0860,49.6413,100.8554
251.7593,280.1415,50.2568,101.1355
251.3346,280.3803,50.7822,100.8114
252.4018,277.7961,50.8338,100.9431
254.0956,278.0714,51.0384,102.2247
255.8633,275.6005,51.4268,103.5057
259.6704,277.8589,51.6167,102.9232
263.5232,281.7096,52.3694,102.7193
268.1895,289.1176,53.3816,101.6115
275.2440,281.9297,54.7417,101.1384
277.0221,290.7011,55.4621,100.8142
292.1207,270.2870,55.5802,101.0241
279.2004,292.9346,56.8503,99.9332
310.1346,275.9007,56.9785,99.9272
318.7863,282.2490,58.1063,99.4644
330.8665,275.4250,59.0024,99.1732
336.2872,281.8179,59.3549,98.9787
350.0920,279.8942,59.3221,98.7621
356.6630,281.2151,59.6519,98.4425
363.5700,284.9879,59.4810,97.3188
367.5579,283.8694,59.6013,96.3324
374.3509,285.2950,60.3464,95.9582
381.1150,285.4369,60.7247,95.5388
387.9812,288.6451,61.4381,95.2112
390.5328,286.7145,61.3518,94.5308
395.0200,284.7762,61.8393,94.7778
401.0772,278.7237,62.1089,95.1556
401.2410,270.0484,62.1934,95.1335
412.2086,279.4938,62.7488,94.7536
417.6525,270.5491,62.7544,95.4583
421.6273,265.7396,62.9531,97.2100
430.8768,271.0624,61.9768,98.8394
448.7822,278.6179,58.9651,101.2986
455.3029,276.4472,57.3577,103.0587
469.8371,280.2367,55.1567,104.6367
476.3829,278.9357,53.3493,105.5047
482.8779,277.6022,52.9019,104.5579
468.9858,286.8450,55.3883,102.6778
495.1959,274.9642,56.0537,102.6907
493.2662,279.4753,57.4018,101.5115
509.5676,281.3630,58.3399,101.2758
514.2263,276.1858,59.6673,100.8465
515.7075,275.2040,61.0676,100.3414
525.7345,269.9147,61.3141,100.0291
534.0053,265.4159,61.9447,101.4017
538.2958,268.1180,62.4057,101.0052
554.4740,275.0304,61.4485,101.1409
561.7596,274.3483,61.1421,101.0349
573.3748,281.4717,60.3323,102.2629
580.2954,273.0698,60.5097,103.0221
594.8051,276.8890,59.3073,105.0593
601.9923,269.9087,57.4942,107.1284
599.8727,268.9523,59.7803,106.8910
614.2659,262.5193,59.1305,108.2165
623.4820,258.1230,59.7924,109.1020
621.5010,268.6871,61.5559,107.2340
636.0681,264.3070,59.2575,108.9526
625.3115,262.3127,62.8003,107.7320
639.9598,263.8522,61.9565,107.6175
650.8989,264.3961,59.3990,108.8843
637.7733,265.1010,62.0045,106.5785
655.7126,261.7207,59.1761,106.4001
653.6052,264.3342,59.4024,103.0839
655.8519,264.7677,57.2771,102.1683
650.4320,268.6329,58.3079,102.0983
657.0164,262.6537,56.6559,102.5131
650.0939,266.9733,58.4170,100.8831
652.0103,263.4369,59.9315,97.9970
652.8483,261.1127,62.0626,96.5504
652.3101,262.4933,62.7262,95.9785
653.5737,261.6370,64.9189,95.2693
630.0255,268.3680,67.0030,94.3598
633.7734,269.7426,68.1215,93.8849
625.5845,275.6980,68.7107,93.4856
623.4084,283.6977,69.1996,93.0679
596.9986,286.8627,69.9594,92.3749
579.8432,295.3488,69.9684,92.3693
548.3339,296.4163,70.1956,92.2130
515.0068,303.3588,70.9356,91.7801
501.2211,295.7680,71.1085,91.7186
475.9105,298.6154,71.8361,91.4690
459.7760,312.0734,72.1051,91.3360
461.2698,294.1017,72.6242,91.2596
434.6476,305.9568,73.1402,91.0160
425.1794,295.9476,73.8710,90.9535
397.4874,311.1386,75.4742,90.2665
367.3225,323.3510,72.3717,92.1802
356.0672,314.8290,69.0615,92.5504
360.2077,305.8921,64.1122,95.9718
356.9647,311.2051,61.4811,97.9669
356.0648,312.3511,60.2300,99.2631
350.8842,315.2061,61.1236,97.9115
358.9163,319.8906,63.6504,95.4864
358.9998,330.0699,66.9486,93.3520
354.4500,335.6458,67.2155,93.1883
351.2073,338.7982,67.5917,92.7853
332.9330,321.0056,67.2192,92.9787
313.7303,328.4500,67.8530,90.0967
308.1155,327.9583,67.3379,88.6551
297.8757,330.5531,66.5972,87.7890
289.2118,321.4891,65.9675,87.1724
276.5259,333.9263,66.5922,86.8903
255.2826,341.5448,68.0014,85.9210
244.6396,334.5391,68.3948,85.7511
228.8074,347.4267,68.6765,85.5152
222.4110,331.3657,69.3474,85.9181
233.5628,328.8210,69.7082,86.1164
233.9778,306.8853,69.8313,86.1435
286.9023,292.0249,69.3871,87.3281
290.9128,299.1339,69.6078,87.4343
288.9129,286.1017,69.3277,87.6305
283.6530,288.5352,69.7505,89.4981
294.5746,279.6501,68.7111,90.9602
293.9454,284.6322,67.9865,93.0266
299.3187,279.4765,68.0700,93.7109
298.2682,288.3934,69.3512,95.1345
295.9446,282.8534,70.7584,97.3834
307.4610,276.1909,70.9638,97.8772
319.0219,272.2553,70.3503,100.3655
335.4398,264.3155,67.9297,103.8975
337.1664,272.9366,66.8993,107.7865
348.1120,257.5569,66.7506,108.4026
343.8274,265.3216,67.2140,108.4394
344.7671,264.8101,68.6889,109.1161
329.7624,285.3777,70.0857,108.4058
335.9241,281.0384,71.3962,107.6441
338.2531,292.4875,73.1192,106.0876
351.4438,282.5250,74.6999,105.2204
366.9315,283.5135,74.8689,104.5375
374.3577,269.6068,76.0134,104.7463
380.0795,274.1333,76.9501,106.2178
393.9539,265.3709,77.1856,106.1447
413.7494,262.2750,77.7433,105.9508
418.7612,274.2134,77.8598,106.0583
442.2129,265.8783,78.3444,106.2205
452.6656,266.5768,78.3515,106.8266
452.6973,271.9512,78.7878,106.7779
470.1860,275.8745,78.9943,106.6222
493.2426,279.3746,80.0722,105.6704
505.3011,299.0451,80.1684,105.6182
511.7224,296.6291,80.7503,105.5545
519.3250,301.2618,80.3548,106.7647
525.0008,310.3649,80.1282,108.0941
529.5409,308.9487,79.8063,111.4911
538.3111,288.7020,77.7091,114.5250
540.5917,289.5436,75.4751,116.7568
544.4656,290.4614,74.2004,117.9580
541.6064,302.3084,74.2791,116.4790
545.1294,297.3518,73.9471,116.9569
543.1191,297.6760,74.0640,116.7320
539.7688,299.8254,74.0452,116.7179
541.3021,301.7095,74.6257,115.9795
540.0016,294.1123,75.0909,115.6587
552.9043,286.0414,75.4357,115.4445
552.1420,280.9948,77.1108,114.1724
565.4146,282.5752,76.6519,114.3092
547.1478,282.5658,76.9604,114.5454
556.7677,274.6447,76.2964,114.7813
556.6459,282.9643,75.8964,115.0169
560.5810,274.7791,75.1711,115.3102
551.4466,277.5703,75.0102,115.0439
561.0934,279.0023,74.2668,115.1199
554.6849,283.6232,74.3595,114.3301
552.6541,284.5612,74.3793,113.7372
545.8099,282.1577,74.7151,113.2269
541.2846,278.4208,74.7493,113.0501
540.5039,278.6549,74.2673,112.6381
537.2903,275.9379,74.2453,111.3932
524.5506,278.0881,74.8517,110.0780
520.8307,278.3775,75.8252,109.2910
521.8613,278.0557,75.4837,109.0183
522.0585,278.9775,74.9751,109.1497
507.4531,284.0725,75.2115,108.9942
507.6675,279.8745,75.0620,109.4418
499.6532,279.4401,75.5307,108.6737
503.1012,279.2250,74.7700,108.8883
497.7892,278.3123,73.7098,109.2807
486.5418,278.5628,74.3695,108.7216
481.5916,288.3337,74.9764,107.8673
482.4504,278.7097,75.0785,107.3188
473.1265,282.2385,75.5642,106.8259
471.8484,275.5186,75.4834,106.7804
471.9014,279.9861,74.1524,107.1237
450.5033,278.8288,75.1332,106.6214
458.3787,272.3099,75.0602,106.2770
433.8673,276.9248,75.5851,106.0382
430.5029,273.7392,75.8620,105.9108
412.8773,271.8543,77.8931,104.7155
407.5740,273.7959,78.3053,104.4480
401.8288,274.7642,79.6209,103.4714
373.3849,285.5206,80.8080,102.1900
367.1926,286.0705,83.0542,101.0152
344.8972,290.7116,84.5660,99.3563
338.5841,277.4074,85.5646,99.1737
334.0006,282.1010,86.4561,98.7651
314.1996,274.0562,87.8666,97.8817
307.5952,276.3120,88.3677,98.7824
317.3554,286.6844,88.4829,98.7849
321.8810,291.4845,88.4158,98.8026
310.4395,292.0692,88.3927,98.8135
296.3502,292.4444,88.5280,98.6750
283.8049,304.3486,88.5653,98.5643
284.3745,301.4886,88.5722,98.2865
285.7057,300.7949,87.6965,98.3957
275.0299,304.6783,86.7439,98.5803
267.2641,305.1711,87.7497,97.8093
251.1841,304.9584,89.8761,97.4824
224.7581,329.0891,87.2169,99.7559
243.4214,304.0591,87.4534,98.9589
236.9915,311.3214,86.8118,99.1371
244.2968,313.6014,85.5929,98.8813
237.6659,328.0496,85.0480,98.7616
249.6078,331.6898,84.9958,97.9018
264.8143,312.5219,85.2783,97.7103
287.2386,316.2816,81.7623,100.1397
279.4811,321.1946,82.4219,100.9550
274.2154,321.8486,84.3008,102.6955
283.4952,318.1057,83.5217,103.1083
295.0565,315.9273,82.6983,103.9131
295.3268,315.7737,85.1312,102.5356
297.2566,322.0345,86.9943,101.5720
290.3470,323.2800,87.3663,101.1599
258.2004,310.6491,88.1813,100.6134
254.2196,305.9617,89.3741,99.9401
263.3144,313.6624,90.5257,100.0412
280.9564,315.3553,88.3527,100.4803
271.7213,301.6381,88.1822,103.3725
265.4058,300.7770,87.7635,104.7147
262.7847,293.4947,86.8538,107.3780
263.9909,286.4435,85.5583,109.9830
256.8923,293.4799,85.5628,108.6896
262.1776,289.4648,82.8687,110.9666
253.6311,297.0016,84.9090,107.6794
249.8062,301.2520,86.6734,103.8253
