1
343.2162,218.2283,226.4216,153.6085
341.4386,217.9357,224.0197,154.1936
342.2224,217.6254,222.4520,154.8141
342.3803,217.3493,222.1362,155.3664
342.9017,213.9133,221.0935,156.3169
342.8979,213.8280,221.1010,156.4874
343.1781,210.5652,220.5407,157.0885
342.9084,207.4976,221.0800,157.2979
343.6995,206.9451,219.4979,158.4028
344.4239,206.3033,218.0491,159.6863
344.4122,206.4948,218.0724,159.3035
343.8258,203.9515,219.2453,158.4652
344.3327,203.4896,218.2315,159.3889
344.6522,203.2523,217.5925,159.8635
344.3831,203.4316,218.1307,159.5048
344.0790,200.6684,218.7388,159.1022
344.6201,200.2970,217.6567,159.8451
344.7186,200.2642,217.4596,159.9106
344.1215,197.7039,218.6539,159.1057
344.2381,197.8394,218.4206,158.8347
344.3348,198.0126,218.2273,158.4883
344.2037,198.1266,218.4894,158.2603
344.2274,197.9374,218.4421,158.6387
344.3061,198.1390,218.2846,158.2355
345.7481,200.5898,215.4007,159.2446
346.2304,203.5906,214.4360,159.1263
346.3517,215.4838,214.1934,158.8067
350.1196,214.8134,212.5155,160.1476
351.7043,217.1273,209.3462,161.3740
352.0642,216.8462,208.6262,161.9362
352.1938,219.7073,208.3672,162.0379
348.8055,220.0453,209.3219,161.3619
352.1077,219.6508,208.5428,162.1509
347.9899,220.7838,210.9523,159.8849
323.8116,221.1586,212.6999,159.1354
317.5465,221.4922,213.5493,158.4683
331.6244,222.0841,214.6059,157.2844
340.6751,222.2837,214.0218,156.8852
337.1370,219.1397,215.2743,157.3495
334.2907,219.4435,215.1165,156.7419
334.2472,219.1507,215.2035,157.3275
334.3064,218.7513,215.0851,158.1262
333.9285,218.6539,215.8409,158.3211
333.3434,218.8467,217.0112,157.9356
330.1577,219.2056,217.4962,157.2178
329.9741,219.0039,217.8634,157.6210
330.0390,215.9579,217.7337,157.8189
321.8828,215.9080,216.3598,157.9187
318.5050,216.2474,217.2394,157.2400
315.3584,216.4971,217.6541,156.7405
312.5673,216.6230,217.3600,156.4888
306.6774,216.4629,217.4041,156.8090
303.6505,216.6831,217.5840,156.3686
300.5159,216.9659,217.9841,155.8030
294.3607,217.2174,218.5623,155.3001
291.1836,217.3885,219.0501,154.9577
287.8140,214.8730,219.9211,154.1206
285.5498,214.6635,218.5818,154.5395
279.6813,214.6855,218.6104,154.4955
275.9316,212.1581,220.2559,153.6964
272.3057,209.2979,221.6420,153.5511
269.6487,209.1524,221.0719,153.8422
266.3040,206.4212,221.8808,153.4242
266.7557,205.8808,220.9774,154.5050
266.8223,205.7657,220.8443,154.7352
266.9829,202.6631,220.5230,155.0486
273.3003,202.5655,219.6723,155.2439
276.3858,199.5968,219.3837,155.2990
277.3107,199.0745,217.5338,156.3435
277.5188,198.6779,217.1176,157.1367
277.6060,198.6589,216.9431,157.1747
278.4738,198.0150,215.2076,158.4626
279.0008,197.4829,214.1536,159.5268
275.3820,198.2416,215.5223,158.0093
275.0469,198.3822,216.1924,157.7281
271.5687,195.9670,217.2784,156.6880
271.9466,195.9870,216.5225,156.6480
269.7364,195.8967,215.0851,156.8287
266.5713,193.5832,215.5764,155.6168
266.4890,190.7290,215.7411,155.4988
267.0341,184.7481,214.6508,155.8064
267.4221,181.5578,213.8748,156.3714
267.7667,178.5675,213.1857,156.5391
264.7295,176.2661,213.4548,155.3365
264.8314,173.7216,213.2509,154.6359
265.1199,170.9823,212.6740,154.3394
265.5997,170.7088,211.7143,154.8863
277.0434,167.8965,211.8505,154.7552
284.1619,164.4947,209.1251,155.8029
282.0262,164.3342,207.6647,156.1239
280.2324,164.1682,205.5379,156.4559
280.4129,164.3969,205.1770,155.9985
281.0301,163.8994,203.9425,156.9935
281.3356,163.7621,203.3315,157.2682
281.9037,163.6063,202.1952,157.5796
282.4638,163.7322,201.0751,157.3279
285.0856,167.1016,201.4652,156.2227
288.3763,173.0790,200.5054,155.5111
292.1471,191.6736,198.5590,157.4894
292.5460,194.6928,197.7613,157.0488
295.4718,206.0661,197.4881,156.6155
295.5452,209.3221,197.3413,155.6706
299.1867,224.7012,195.6078,158.2099
298.9976,224.9693,195.9859,157.6736
302.2427,230.0682,195.0569,158.5984
307.5684,243.3633,195.5296,159.8180
308.1504,246.1263,194.3656,159.8811
311.5373,245.8592,193.1639,160.4152
314.9486,248.1765,191.9035,161.3428
320.4731,247.8504,191.9699,161.9950
323.2135,253.0862,192.0584,162.6618
323.1517,255.5437,192.1819,163.3282
325.5427,260.7778,192.9940,164.0479
327.9351,266.1744,193.8272,164.4908
332.6146,268.9812,195.7443,164.5153
340.6487,271.6543,196.6804,164.8372
340.1149,271.8024,197.7479,164.5411
339.8793,274.3500,198.2191,165.1452
342.4700,274.0420,198.7541,165.7613
342.6021,273.6682,198.4900,166.5089
342.2403,276.1706,199.2135,167.2465
342.2476,275.4816,199.1989,168.6244
344.1656,275.3751,201.1503,168.8375
343.3292,275.3788,202.8231,168.8302
342.8188,274.8481,203.8440,169.8914
342.2043,271.6194,205.0729,170.4694
342.2908,271.2212,204.8999,171.2659
339.0983,271.4574,205.3670,170.7934
338.2054,268.8567,207.1528,170.0772
337.8575,269.1885,207.8487,169.4136
337.8291,266.3060,207.9053,169.2452
338.0583,265.9636,207.4469,169.9300
338.4552,265.7487,206.6532,170.3599
338.8183,268.3514,205.9271,171.0847
339.1799,270.8369,205.2037,172.0445
339.6023,269.9971,204.3591,173.7241
340.1461,269.6490,203.2713,174.4205
341.2122,269.0541,201.1392,175.6102
341.6115,269.0373,200.3406,175.6439
341.7861,268.9642,199.9915,175.7901
342.4768,268.1391,198.6100,177.4402
342.5576,268.2788,198.4483,177.1608
342.9907,268.3365,197.5822,177.0453
343.7927,268.1718,195.9782,177.3748
343.1279,268.6393,197.3078,176.4398
345.0547,266.2908,199.3378,175.2532
343.7841,264.1139,201.8789,173.7110
342.9536,262.0212,203.5399,171.9857
354.1924,260.1528,204.6967,169.8141
355.4598,264.5530,208.0531,166.9051
358.1319,284.6275,208.6050,168.0278
358.6536,283.3729,207.5615,170.5370
358.9918,285.4800,206.8851,172.2700
359.3327,287.7589,206.2033,173.6770
359.5590,290.4974,205.7507,174.1767
359.4953,290.2426,205.8781,174.6863
358.4170,293.4875,208.0347,174.1845
355.6646,293.0457,207.5262,175.0683
361.6636,292.6287,207.5675,175.9022
379.5655,292.3116,207.9662,176.5365
372.8063,292.3736,209.3845,176.4125
370.0751,292.4758,208.7769,176.2080
367.5581,292.1477,207.7535,176.8642
358.7336,289.2929,207.2462,176.5218
346.6611,289.5581,207.2364,175.9914
350.3781,286.5213,205.8323,176.0349
368.2407,287.2392,206.1616,174.5990
369.1882,283.8761,204.2666,175.3343
359.0653,276.3845,206.5915,172.3966
344.4406,268.2809,206.0298,170.7171
341.6778,256.9072,205.6288,169.7584
339.1525,251.5112,204.7746,168.7406
336.0449,246.6504,205.1145,166.7117
333.1835,247.1006,204.9896,165.8112
330.7323,247.8706,204.0608,164.2714
331.5357,247.7211,202.4540,164.5702
332.2526,245.0141,201.0202,164.2121
345.9762,223.1326,202.2948,162.0202
346.2946,200.6777,201.6581,161.1021
346.4748,178.2573,201.2978,160.3122
358.0537,155.6858,200.8818,159.9713
361.6887,135.8982,199.2854,159.8314
365.5166,113.4644,197.2766,159.5242
364.0222,112.8801,194.6543,160.6928
364.0642,125.0715,194.5703,158.6685
379.2127,121.7715,192.0513,159.7130
398.6422,105.6933,191.9287,158.6669
395.8561,92.5434,191.9858,157.3919
374.5793,79.2806,190.5772,156.4411
370.1873,65.4706,188.4449,156.7700
369.6900,48.8560,184.0086,157.4148
369.1609,40.7238,179.6943,157.5610
384.3300,29.7404,175.8972,158.2950
383.3824,29.8054,172.5313,158.1648
365.7451,45.2495,171.3600,158.5162
365.9586,50.5373,170.9329,158.3285
366.2462,53.3575,170.3577,157.8723
369.3329,53.1964,169.3523,158.1946
367.4440,50.6914,167.9727,158.0471
367.9776,50.6693,166.9055,158.0912
371.0663,50.8249,165.8457,157.7801
386.4922,54.2609,165.5703,156.0042
383.6731,69.9719,166.1449,154.9638
384.7276,90.8819,169.0920,153.5923
391.0339,109.0873,171.7199,152.7427
392.2288,130.0128,174.4375,151.7515
396.2268,148.3915,176.7090,150.9300
393.0540,167.2466,177.8989,149.3097
395.9037,187.6758,177.3475,149.6349
414.2653,185.7220,176.6372,148.3979
414.4505,186.2104,176.2668,147.4212
394.3810,186.1994,175.6668,147.4431
379.2184,188.9422,175.4910,147.0409
376.6563,192.0241,175.5409,145.9514
390.1031,192.9578,173.9348,144.0840
388.3189,190.7037,172.5005,143.5896
383.2038,196.3672,172.7856,142.2078
375.6841,204.3389,172.9610,141.1285
373.4438,204.8876,172.5016,140.0311
366.3218,217.3868,172.0003,139.6083
361.8623,225.1528,171.1180,138.7781
359.9792,230.1375,170.0107,138.5560
357.8025,238.3562,169.5111,136.6775
359.7276,240.0087,165.6608,138.1875
331.5125,262.2071,159.9496,141.5917
336.3788,260.0648,154.9635,145.8764
341.1354,256.2137,150.1872,148.8414
345.5028,253.1988,146.1616,150.1621
348.8067,250.1300,144.2202,151.6335
351.5937,250.6666,143.3050,150.5602
347.6120,258.3685,142.0134,149.0388
350.6349,261.0062,140.5509,148.3465
353.2726,261.1185,139.8246,148.1219
355.8785,266.1031,139.1469,147.2210
358.2304,268.8250,138.9524,146.2865
345.9593,282.8488,136.5451,145.1882
338.5515,280.9203,133.6157,144.6090
354.0714,277.4865,133.2404,142.7153
351.3676,312.5195,129.9577,142.1712
352.2713,299.9406,128.1505,141.6226
352.6902,313.4354,127.3126,140.1154
352.5285,301.7108,127.6360,138.3030
342.5625,338.8543,122.4450,139.3852
350.5662,311.0751,118.8010,137.2475
357.5282,319.8920,116.9660,135.7323
358.9619,320.1378,114.0987,135.2407
361.5596,317.2292,112.8262,133.2118
368.0122,317.8705,111.5348,131.9290
370.0387,313.5772,111.3127,129.0236
370.6901,323.6928,110.0098,127.7036
371.5202,326.3000,108.3496,126.2301
372.5288,328.7998,106.3325,124.9220
375.3098,328.7365,104.4092,125.0486
374.4079,316.7784,102.6032,123.6959
364.7632,326.9106,100.5332,124.7908
360.6422,314.8803,98.1455,124.0485
362.2751,302.0630,98.3729,121.7378
369.6137,292.4476,97.5413,120.2000
369.9258,282.7940,96.9172,118.9611
360.0566,283.1022,96.2841,118.3447
355.6366,274.9896,94.9976,117.6925
361.6151,263.2308,93.0747,117.7972
363.7176,250.5602,92.1849,116.6175
365.8643,248.3008,91.1740,117.8537
368.0165,237.5899,90.1546,116.2802
368.0094,236.2535,90.1689,115.7085
369.6072,224.0327,90.2092,114.2628
389.5533,200.8531,92.1048,112.4051
367.5284,217.7783,87.9048,113.9380
370.7328,214.9228,87.8401,113.3048
372.2766,211.9791,87.9137,112.8697
375.3171,211.1618,88.1443,111.3484
379.5067,208.5633,89.1741,110.2730
380.6500,201.3255,90.0240,109.0660
381.8035,202.9969,90.8487,108.8549
403.1011,194.4355,95.3795,107.1273
379.3495,203.6226,95.0667,107.8795
397.8175,194.4523,99.6579,107.0536
394.9130,197.8526,102.2122,106.7627
392.0136,199.3662,104.7203,107.0262
389.8944,199.1459,105.6240,107.4668
377.8813,199.0749,106.1601,107.6088
375.7993,198.7029,106.9577,108.3526
366.7458,198.9664,108.1114,107.8257
365.3181,198.4868,107.5662,108.7849
363.2997,199.9467,108.1957,109.2721
359.3712,198.7923,109.2036,108.1563
355.8432,198.7890,109.4135,108.1629
354.6472,198.8176,108.3790,108.1058
341.7132,198.5208,106.9735,108.6994
342.4419,199.8583,105.5161,109.4207
339.2230,200.2399,105.1845,108.6576
339.4236,200.4680,104.7832,108.2013
338.0593,202.2301,104.1579,108.0311
325.7253,202.3384,102.0944,107.8145
325.8546,204.5497,101.8358,106.6973
322.5158,206.2130,101.9460,106.6545
301.1886,207.4512,98.6126,107.4629
325.1193,208.0150,99.4193,106.3352
325.8076,211.6660,98.0426,105.5127
336.9750,213.6037,98.1432,104.8426
342.5248,213.7513,96.6323,104.5473
351.9507,212.7560,96.7859,103.3702
350.2415,213.3232,97.0527,102.2359
340.4711,213.4046,94.6265,102.0730
338.7398,214.3280,94.9920,100.2262
337.2589,212.9336,94.8799,99.9410
328.9493,212.8634,93.0921,100.0814
307.2760,214.5793,90.8148,99.6913
298.3847,220.0445,87.6024,100.7579
319.8893,208.3109,89.0606,97.5447
320.2043,207.6419,88.4306,95.9449
300.2088,221.2633,84.8775,97.7314
304.3885,218.4554,82.2658,97.5993
306.9201,217.8944,80.0327,98.7213
308.0468,213.6996,77.7792,98.6775
310.7917,214.4491,75.0635,99.9525
316.0125,215.6241,72.8693,100.3517
321.6712,214.5948,72.4291,99.6909
328.8086,216.0541,71.6646,99.4744
336.2943,209.5591,72.8103,96.3472
338.6036,209.1377,70.8490,97.1901
342.4979,209.7574,68.3367,98.5888
353.3153,210.2004,67.6454,97.7028
364.1151,211.5829,66.7909,97.5308
364.7094,211.3115,65.6024,98.0738
368.0567,207.6024,64.0375,97.7974
369.6698,209.1179,63.3459,97.3009
372.1691,231.1337,63.3788,93.5206
364.8651,208.0816,60.7706,92.8956
363.6376,241.7117,60.8190,88.2093
360.5201,204.9953,57.7060,86.8590
357.9963,239.8966,58.2238,82.7418
359.4614,203.9910,55.2936,81.5728
364.5445,237.0897,55.8544,77.5926
361.5060,201.2766,53.5533,75.9098
358.7993,231.7756,50.8419,75.8470
370.3426,254.5192,51.5797,72.0523
358.7042,212.6044,47.6926,72.4501
354.7202,242.5783,48.1330,68.9605
355.1396,270.9846,49.1306,65.4117
2
0
0
0
0
1
360.8972,182.9954,79.8272,114.1542
359.7955,182.9315,78.9879,114.2819
358.7227,184.6929,78.1025,113.7901
357.4480,186.4368,77.6430,113.3111
356.3109,188.3883,76.9233,112.4022
355.1572,190.1557,76.2623,111.8357
351.2040,192.3359,75.3220,110.4242
350.0430,193.8432,74.7319,110.3218
348.8358,194.0727,74.2457,109.8628
346.1502,197.6652,73.8453,108.4492
342.1953,200.5498,73.1816,108.3957
342.6981,200.8017,72.1761,107.8917
341.5570,205.6440,71.6366,106.6724
339.0467,208.8137,71.0683,105.9219
338.1340,210.1307,70.1200,106.0616
336.7162,212.3091,70.1956,104.4648
335.8791,213.4732,69.1325,104.8739
334.8464,216.5067,68.4720,104.2584
334.0187,217.9014,67.4220,104.1746
331.7168,222.0864,66.6521,103.8648
330.7896,222.2222,65.8374,103.5932
331.2190,223.9316,64.9785,102.8261
330.1376,230.2146,64.5155,100.7631
329.0623,230.5641,64.0791,100.0641
328.1220,236.3333,63.3904,98.8031
327.3388,241.5971,62.4178,98.4313
322.8336,243.2702,61.3595,97.6023
323.5767,252.0076,59.8734,97.5365
323.8343,253.4568,59.3582,97.0992
324.4410,257.3227,58.1449,96.7051
323.4077,261.3883,57.7918,95.8328
322.3197,263.6194,57.5671,93.7713
322.5530,268.8915,57.1005,92.6918
322.1949,272.6429,57.8169,89.8734
322.3949,274.3217,57.4167,88.8278
321.3612,280.8304,57.1944,87.2592
321.7118,281.2674,56.4932,86.3853
321.7737,287.5281,56.3693,85.0524
320.8560,288.2880,55.9893,83.5326
312.6762,296.2542,54.8570,82.9054
304.4388,296.6809,54.0661,82.0520
300.8871,298.1192,52.6405,81.3076
296.1877,301.9217,51.5528,79.9945
293.4246,303.6618,50.9006,78.5739
283.3753,309.7798,50.7263,76.4742
282.7350,310.5752,50.0141,74.8836
281.9603,312.5787,49.6064,72.8336
275.4181,315.2729,49.2542,71.2841
274.3528,318.0117,49.4946,69.5871
274.7453,319.5223,48.7096,68.4347
272.9139,323.1961,46.8577,68.4399
271.3047,324.3862,46.4606,66.0598
269.7580,326.8612,46.0234,64.6403
270.3302,328.6794,44.8791,64.4769
272.4522,329.7466,44.0655,64.0579
272.6371,332.2678,43.6958,62.4063
272.8820,333.6428,43.2060,61.3206
278.3450,334.8645,42.1193,60.5173
281.7796,339.6657,41.6893,58.9638
282.3755,339.7754,40.4977,58.7445
282.0335,341.7485,39.6253,57.9107
281.5812,345.6266,39.0007,56.2715
281.9055,346.2791,38.3522,54.9666
286.0071,347.5068,37.4677,53.9749
283.9513,350.6913,37.2768,51.9084
289.1571,350.4789,36.6634,50.9334
285.0794,353.6760,36.5694,48.6639
286.7788,354.8483,35.8485,47.6582
289.5738,356.1871,35.5056,46.2924
284.6726,359.8294,35.0251,44.1491
288.8574,360.4846,34.1241,42.8388
289.9602,347.9081,33.1285,41.3703
287.7805,365.3233,32.8022,40.5107
293.6128,350.2260,31.5141,39.5760
291.4745,367.3981,31.3198,38.7636
295.9937,350.0709,29.9963,38.1503
297.5289,365.7486,29.0684,37.8612
302.3954,351.5974,28.8010,36.7151
307.1000,365.3407,27.6307,37.0349
308.9137,381.4545,28.0660,35.2770
292.0536,379.6527,27.9251,33.9011
314.7661,355.3695,27.2352,32.8699
318.7011,368.3306,25.9837,33.4217
318.9579,382.9081,26.4038,32.2772
298.3070,382.5038,26.1728,31.2397
314.5576,358.6710,25.2856,31.0330
313.3924,372.6889,24.9587,30.4553
311.8360,385.7737,25.4568,29.5618
296.0715,375.2299,24.9499,29.0036
314.7912,349.7876,24.0203,28.9446
312.7354,362.9630,23.9660,28.4227
311.0052,375.5987,24.1291,27.8794
2
0
0
0
0
1
302.9485,321.5938,37.1831,45.5990
303.8055,318.5889,36.7709,45.0991
299.4877,316.7980,36.3932,44.8180
300.8977,316.3708,36.1276,44.3951
301.7102,312.2217,35.7691,43.8285
304.3946,311.1703,35.4077,43.4277
304.4889,310.0602,35.2191,43.1680
299.7645,305.9147,34.8052,42.8290
295.6795,305.8759,34.4285,42.9067
295.8222,306.0182,34.1431,42.6220
296.5446,302.6317,33.9054,42.1525
298.5095,302.6596,33.5636,42.0968
298.6631,302.6945,33.2564,42.0271
298.1294,298.8860,33.1403,41.3592
297.6010,298.3981,33.0256,41.1636
299.4738,296.2534,32.7796,40.7867
301.3358,294.1845,32.5261,40.2973
304.8625,294.4270,32.3437,39.8121
301.5887,294.5257,32.0828,39.6148
302.1719,294.7519,32.0439,39.1624
305.0972,294.4036,31.7930,38.7391
305.2235,290.6237,31.5404,38.5330
305.8470,290.8947,31.3957,37.9911
305.8619,289.9490,31.3658,37.6995
301.7722,288.8986,30.8532,37.6274
298.5284,285.8439,30.8780,37.2741
294.8630,286.6127,30.7043,36.8085
290.7583,283.7359,30.4169,36.1895
290.7636,283.9843,30.4063,35.6928
289.7683,280.5206,30.3167,35.3395
290.2094,279.6697,30.4677,34.9748
290.2082,278.7705,30.4700,34.7133
290.7279,275.4577,30.4567,34.1570
291.7596,275.5238,30.4275,34.0249
291.2678,271.7237,30.3964,33.5084
293.8274,271.8725,30.3077,33.2108
293.7899,269.1471,30.3826,32.6613
296.3758,269.3737,30.1742,32.2081
298.9464,267.1509,29.9443,31.7423
301.9512,263.9667,29.7627,31.3114
303.4729,263.7535,29.6044,30.7760
307.8233,262.3869,29.4612,30.6569
311.6664,260.7397,29.3485,30.1645
315.4236,259.9823,29.3316,29.8049
319.7906,257.6956,28.9790,29.7220
320.7434,255.4864,28.9224,29.5182
325.9470,255.1433,28.6386,29.2842
328.7498,253.9476,28.5058,28.9390
331.5257,253.6317,28.3818,28.6662
335.2635,253.3563,28.0933,28.3186
339.8381,252.2388,27.8279,27.8884
343.8837,254.7256,27.6336,27.3021
347.4282,255.8286,27.4655,26.8263
350.9214,258.6674,27.3189,26.2784
356.5796,258.8044,26.9747,26.0046
360.0668,260.7408,26.6745,25.4688
363.0803,263.5583,26.3953,24.7604
365.6329,261.6469,26.1231,24.5556
366.0528,266.7098,26.0813,24.0059
368.5836,263.6273,25.7514,23.8620
369.0987,266.6225,25.5023,23.3399
371.1671,264.3664,25.2104,23.2381
370.8614,268.8948,25.0589,22.5722
369.1274,264.7190,24.7778,22.6756
369.1945,269.9420,24.6434,21.9421
367.8016,264.7132,24.4961,22.1332
368.3892,268.2567,24.0550,21.6529
370.4062,267.3095,23.6189,21.3887
370.9409,272.5807,23.2580,20.7660
372.1762,272.7489,22.8663,20.4298
374.1395,273.1939,22.3476,20.2212
377.3878,272.9325,21.8825,20.0739
377.9142,280.1299,21.4901,19.5513
378.0267,272.8957,21.2653,19.8046
380.8697,273.5948,20.7526,19.6997
381.3253,282.1835,20.4783,19.0841
379.6903,270.8932,20.0108,19.2391
379.7987,278.9059,19.7939,18.6657
379.9395,268.2583,19.5123,18.7649
386.9824,270.5416,19.2901,18.4176
386.1485,266.0847,19.1765,18.4247
385.9015,273.6921,19.0785,18.0128
382.0294,264.4667,18.6458,18.3580
382.7657,271.6936,18.3388,17.8896
385.1232,262.5161,18.1878,17.9883
393.5844,264.5841,17.7866,17.8401
393.0471,272.4098,17.7393,17.3371
389.4166,259.9078,17.2669,17.4842
390.0776,267.2556,17.0394,17.0172
392.3982,257.0706,16.6889,17.0069
393.5948,264.9583,16.4182,16.6201
395.8093,254.6017,16.1514,16.5217
396.4632,262.1973,15.8727,16.2520
395.4524,269.9609,15.8707,15.9014
396.0871,255.4074,15.6021,15.9882
396.0978,262.3236,15.5806,15.5878
392.7294,253.9277,15.4457,15.6910
392.7762,261.3813,15.3521,15.4938
385.7786,254.7687,15.2603,15.6035
385.7838,262.1258,15.2498,15.4706
379.2375,255.5583,15.2803,15.5434
379.2527,262.7143,15.2500,15.3082
370.9083,256.6553,15.0956,15.3954
370.7040,263.3068,15.0240,15.0569
365.6662,256.1251,15.1517,15.2088
365.7208,263.1805,15.0424,14.9635
362.6523,256.7580,15.0366,15.0500
362.4544,263.0948,14.9586,14.6953
365.5685,259.8191,14.8011,14.7091
364.9481,266.2417,14.6478,14.4113
364.0545,259.3046,14.6044,14.5571
364.1215,265.8776,14.4705,14.2697
368.7071,265.0978,14.3512,14.0188
368.2916,271.4984,14.2888,13.7270
367.1000,263.2578,14.0249,13.8850
367.4201,269.7437,13.8241,13.6592
372.2478,268.6943,13.6905,13.5941
371.2067,275.0547,13.6244,13.3339
2
0
0
0
0
1
383.6885,235.3199,16.1515,19.8318
387.6370,236.5508,16.1773,19.6337
390.1532,232.2594,16.2146,19.7671
394.6773,230.3378,16.2216,19.6486
397.4643,228.1774,16.2900,19.4555
401.3601,226.8939,16.3717,19.2106
405.5103,225.9073,16.4697,18.9442
408.8493,225.1619,16.4800,18.7629
412.9843,223.2908,16.5308,18.6222
416.8766,222.8358,16.4930,18.4254
419.0551,221.8345,16.5335,18.2293
422.8918,223.6427,16.5221,17.8967
425.3549,221.8232,16.4730,17.7422
426.4919,222.2478,16.3542,17.4318
426.4955,222.6947,16.3469,17.0700
427.3457,222.8264,16.2251,16.8065
427.1400,222.6511,16.1163,16.6370
425.3881,222.7460,16.0097,16.4471
426.6859,221.8423,15.9696,16.2100
425.4633,221.7040,15.8809,15.9799
426.5191,221.2988,15.7764,15.7869
425.2968,221.6843,15.7357,15.5128
425.5675,220.0538,15.6864,15.3292
425.6290,219.9101,15.5634,15.1282
425.9001,218.2902,15.5046,14.9847
426.7155,218.1381,15.3142,14.8087
428.9304,218.2201,15.1535,14.6447
429.8786,216.9074,15.1341,14.4546
431.9829,215.5287,15.1190,14.4165
433.6186,213.0785,15.1032,14.2009
435.7923,213.1204,14.9086,14.1170
438.6010,211.2810,14.7759,14.1394
440.8753,209.4875,14.7806,14.0837
442.9146,205.8880,14.7927,14.0104
447.4860,204.0257,14.7210,14.1066
450.9275,201.3246,14.6473,14.0613
453.4174,199.8155,14.6403,13.9149
455.8804,197.8924,14.6604,13.7144
460.4086,191.1509,14.5397,13.7938
463.7727,189.3835,14.5039,13.7594
451.1958,184.0082,14.2898,13.8286
443.3063,179.1176,14.1282,13.8683
445.2755,177.6731,14.1578,13.6712
446.7807,176.0452,14.2150,13.4212
444.6416,173.4904,14.1414,13.3086
440.2101,173.5627,13.9277,13.1641
433.2637,173.4186,13.7425,13.0257
425.7853,171.7845,13.5250,12.9217
419.9686,169.9903,13.4977,12.7620
415.7211,171.7491,13.3092,12.5525
415.8882,167.9599,13.3823,12.3934
408.3951,166.2313,13.3523,12.1981
398.6591,165.6858,13.1134,12.0824
391.1904,164.3717,12.9760,11.9336
382.8613,165.3989,12.7700,11.8401
375.9147,163.7285,12.7136,11.6936
379.0047,163.7910,12.6821,11.5686
386.7363,164.3739,12.4909,11.5481
392.4994,162.4250,12.3195,11.6611
400.1547,161.0815,12.1134,11.7047
413.5618,161.8356,11.9295,11.6968
419.6121,163.1746,11.7349,11.6233
408.4922,160.2723,11.5363,11.5424
2
0
0
0
0
1
370.3138,155.3828,17.4187,17.0345
379.2071,153.4765,16.9940,17.0491
389.8003,152.4318,16.7160,16.9941
394.0631,152.4991,16.6841,16.8594
400.4991,150.6732,16.4901,16.8135
398.7853,150.6474,16.2464,16.8650
394.4485,148.7925,16.0560,16.9250
387.9738,149.1011,16.0217,16.8272
381.7511,148.8826,16.0528,16.7468
375.7908,147.1685,16.0938,16.5595
370.1750,148.7748,16.0128,16.4322
364.3356,147.5609,15.9400,16.3053
360.3300,147.6272,15.8267,16.1728
352.8074,149.9693,15.7541,16.0239
349.1696,151.7475,15.5233,15.9705
345.5284,150.9843,15.3663,16.0091
339.8808,151.9884,15.2978,15.9771
343.7426,152.6141,15.4541,15.7107
346.2423,153.9391,15.3625,15.5147
348.6930,154.2799,15.3237,15.3194
348.7606,154.5974,15.1885,15.1669
352.7975,153.4801,15.2413,15.0112
357.5704,153.0855,15.2237,14.8477
361.1241,149.3070,15.2197,14.8279
366.8540,148.4342,15.1161,14.6807
372.5352,147.3028,15.0153,14.5973
378.4686,145.7234,14.8068,14.4919
384.3209,146.0704,14.6369,14.2591
388.8745,145.9301,14.6306,14.0847
391.8347,146.2628,14.5887,13.8715
394.7834,146.3617,14.5173,13.6737
397.0224,147.1094,14.4783,13.5101
400.3267,145.5923,14.4801,13.4593
405.5025,145.9118,14.2467,13.2603
405.5835,146.2426,14.0847,13.0317
411.2528,147.8056,13.8467,12.8944
414.4275,147.8773,13.8132,12.7510
414.9188,146.6868,13.6671,12.6226
412.9077,146.9859,13.5500,12.4383
411.3474,146.6033,13.3972,12.3852
410.6069,145.2256,13.2545,12.2988
409.2450,144.8783,13.1618,12.1888
405.9040,142.4990,13.0583,12.1576
404.9688,143.3631,12.9436,12.0177
404.2228,143.2439,12.8633,11.8630
402.1709,141.8793,12.6847,11.8670
405.5311,139.4016,12.5364,11.7968
398.2903,141.0382,12.4580,11.5889
397.7821,141.0896,12.3386,11.4860
397.6375,141.3452,12.2525,11.3499
401.8014,139.2723,12.1005,11.4080
391.6925,140.6606,11.9589,11.2226
391.1738,142.5688,11.9012,11.0562
386.8810,141.3414,11.8116,10.9808
392.5283,142.2142,11.6421,11.0296
383.3348,144.4237,11.4649,10.8945
388.8749,145.9915,11.2995,10.9278
378.2679,147.4620,11.1620,10.7868
378.1054,150.1294,11.1414,10.6367
376.4249,150.3264,11.0731,10.5856
374.4208,150.8484,10.9885,10.5648
373.7790,155.1664,10.9145,10.4139
369.4162,153.2006,10.9077,10.3153
373.8256,152.6453,10.7779,10.4233
360.2757,152.3502,10.8344,10.3459
365.0009,151.3185,10.7229,10.4080
351.3363,152.1996,10.7656,10.3097
349.2103,152.2022,10.7032,10.3045
349.2540,157.2238,10.6158,10.1857
