182.6521,350.2611,51.7458,104.3578
186.4121,357.9856,53.8504,103.2050
196.0182,356.7582,49.2607,106.2471
203.6366,355.4089,44.7235,110.2503
209.6688,364.2178,45.1518,105.8329
223.1287,370.4403,44.0616,103.7131
235.0174,373.8092,43.9671,101.9195
249.6780,373.9421,41.8997,103.7851
262.3585,382.1794,39.5105,101.7985
275.8307,401.8378,39.4826,93.4081
291.7699,396.3100,40.6163,89.8776
308.5586,418.9825,48.5086,75.6147
332.2632,438.7061,49.2453,69.6106
336.1855,441.1574,49.2447,69.6101
346.9094,384.2570,48.4845,73.2170
365.9525,403.7387,50.6941,67.5088
388.2574,432.7597,52.5391,63.0550
410.7541,458.4594,51.8494,60.5291
435.3814,484.0326,50.8290,59.9649
463.4013,484.8248,51.2845,58.9411
491.9972,480.9809,51.7372,57.3095
494.9434,484.5328,51.7371,57.3094
523.5280,480.9656,51.8820,55.4763
565.6612,469.6293,49.3475,57.5703
582.8829,497.8641,49.2295,56.6943
594.5027,480.9498,50.8351,53.1590
606.3029,511.2289,50.4756,52.7464
600.5421,489.8783,51.6791,51.1554
621.4946,508.9302,51.2900,50.8767
648.7640,507.4964,50.7569,50.2894
647.1317,512.1234,50.7569,50.2894
647.9907,502.4523,50.7566,50.2892
653.1458,495.4709,50.7565,50.2892
678.5222,497.5127,49.5021,51.4360
702.0786,523.0912,47.9436,50.0400
723.6062,540.0565,47.4369,49.3075
724.0866,547.6384,47.4366,49.3070
724.7747,538.9986,47.4359,49.3065
725.7948,528.6087,47.4354,49.3066
726.1796,517.2889,47.4353,49.3066
730.5848,505.0893,47.4340,49.3078
732.2569,492.2705,47.4310,49.3106
743.0750,470.1512,47.4821,49.6289
748.0172,459.2408,47.4818,49.6291
748.7870,446.9260,47.4818,49.6291
749.1159,435.3368,47.4817,49.6291
749.9600,421.6549,47.4817,49.6291
750.7094,409.6041,47.4817,49.6291
751.6516,398.2577,47.4816,49.6291
752.6902,385.7807,47.4816,49.6291
753.6619,375.6042,47.4816,49.6291
754.6022,363.3831,47.4816,49.6291
755.5785,352.4042,47.4815,49.6291
752.7759,343.4691,47.4815,49.6291
747.1663,344.8398,47.4815,49.6291
745.9890,349.8948,47.4815,49.6291
740.9557,349.8091,47.4807,49.6295
735.3567,348.8637,47.4803,49.6296
732.1755,342.7731,47.4803,49.6296
727.4695,344.0502,47.4794,49.6301
727.3188,332.7309,47.4794,49.6301
725.9368,337.9478,47.4794,49.6301
720.5471,337.1078,47.4787,49.6304
716.5157,329.6488,47.4787,49.6304
713.0321,323.9671,47.4786,49.6305
728.3945,342.1306,47.7500,49.3095
733.2913,342.3548,47.7463,49.3130
735.4023,346.7121,47.7461,49.3130
760.2365,369.3157,47.6934,49.5974
752.5666,424.9647,47.1468,51.5068
762.3814,424.9768,45.9302,52.2009
784.1794,453.3388,44.7195,54.0759
777.8433,488.6355,42.7496,57.0895
791.4777,514.8458,42.8232,56.3940
819.5275,514.6118,41.8624,57.4956
821.9395,521.2953,40.6577,56.3329
821.3509,527.8277,39.8198,55.5077
819.6576,523.3080,39.0884,55.8925
826.7830,485.8464,38.8856,56.4106
832.3597,494.0605,39.1376,54.0941
832.9725,512.9945,40.7422,50.6597
872.7855,487.4689,40.8490,52.4026
871.2917,503.7948,42.2231,46.9901
872.0834,523.4008,42.7294,44.4549
867.4310,491.5097,42.1677,45.3768
866.7842,506.7334,41.9157,41.6201
866.5603,499.2258,39.5550,42.8035
858.1849,508.4754,37.7609,42.3082
868.5675,495.7213,36.9615,42.4311
864.6032,500.9633,37.2523,41.7825
869.3160,493.9619,36.4006,42.4848
876.2481,490.9517,32.5438,44.6955
869.3576,496.0149,33.6631,43.5563
875.4153,483.6030,31.6175,45.6842
866.5200,490.8359,33.4331,43.3706
869.2512,486.7126,32.4461,44.0725
862.0551,493.6925,34.1155,41.4203
866.9954,485.7068,31.5047,42.4782
865.3388,500.6452,33.6130,37.5868
856.4111,518.6831,33.2733,36.6831
857.0706,522.4902,33.2727,36.6828
859.3851,498.6555,33.7201,34.3931
878.5694,486.2870,30.6465,36.9089
877.9474,502.5234,31.6086,33.6768
866.0821,485.6569,28.1417,36.3671
865.5411,502.2164,29.5306,33.5181
868.1286,517.5859,29.8734,31.4046
870.2514,522.2050,29.8718,31.3983
872.3453,525.7529,29.8706,31.3975
864.9462,492.2255,27.3014,33.8954
871.7971,507.5783,28.1790,32.0191
880.6872,517.0173,27.2315,31.5211
868.8887,517.2497,29.0247,30.1276
869.1133,503.1078,29.6949,28.8366
870.7736,517.6462,29.7097,27.4050
871.0568,504.5052,29.2964,27.7393
858.7672,490.7870,27.6811,28.3657
867.3711,506.0357,28.1463,27.5990
