1177.7635,699.3790,42.4730,48.8421
1188.9526,678.3947,30.7448,56.6407
1177.7117,673.2548,37.5766,58.2605
1154.0000,671.0000,35.0000,62.0000
1132.8602,671.9442,28.9795,25.9566
1083.7224,676.5425,43.1052,67.7750
1031.0684,689.3434,67.2382,61.7232
1011.2735,690.1808,62.5380,62.1434
998.8342,693.2743,56.0368,60.6214
992.6878,698.9329,47.5444,45.9942
971.5591,688.7765,62.0717,33.9370
960.9590,678.0666,51.7719,48.8968
944.8751,672.8695,58.9198,56.5310
928.5166,653.7471,51.1868,57.4159
921.8826,652.3947,51.6799,52.5307
921.5302,643.2093,45.8496,49.8114
906.9562,644.6885,47.0076,43.9431
901.8869,644.0009,42.8562,40.4181
898.1358,635.7326,40.3584,41.3947
882.7948,634.9849,33.3604,53.9552
872.9715,634.8775,47.3470,47.6850
869.1328,631.1987,53.0444,51.3176
864.9443,637.1890,52.2613,47.9769
861.4920,638.0641,52.9460,46.8016
861.1171,645.8194,61.2508,30.1912
860.4788,649.9026,70.1625,23.6596
882.7939,650.9108,47.3971,23.0285
873.1493,628.6727,47.4614,42.7195
879.0227,628.8391,46.1746,35.4468
885.0000,611.0000,44.0000,30.0000
881.0000,596.0000,40.0000,46.0000
879.2477,583.6092,43.4395,58.9366
876.4473,574.4453,47.9353,50.0995
879.1666,575.2015,38.2568,40.4619
876.6348,575.1451,37.0403,36.8247
871.0421,572.8051,36.9409,31.4898
863.0836,576.0836,27.8328,27.8328
850.5205,583.1171,39.7989,16.2759
836.0000,585.0000,48.0000,10.0000
825.5518,579.5164,36.0564,12.6073
815.7140,576.1289,22.8321,9.1622
797.4684,568.6079,28.7882,12.1642
774.1187,562.8690,34.0275,14.2721
754.6743,556.9161,33.5163,17.3177
737.9477,552.3271,27.7746,21.6357
709.0000,549.0000,38.0000,17.0000
686.0781,544.0044,37.9689,18.1162
665.0065,538.7233,33.4370,20.7384
635.6206,535.5921,37.3388,19.8608
608.3308,533.0528,38.3484,23.4744
578.0361,530.3020,39.0977,21.1110
545.5068,527.5283,41.0064,21.7783
514.6903,525.3225,41.7644,21.5150
480.4343,523.5623,43.3165,21.4905
444.9740,521.7357,41.6219,23.2086
409.4839,520.4319,40.6573,24.4762
373.1230,518.3981,36.7041,26.5837
333.9539,521.6308,35.0421,22.8084
290.5633,521.2909,33.2185,25.8832
247.7337,522.9081,33.6126,27.4888
199.9541,525.7779,37.9918,24.7942
151.0000,529.0000,42.0000,25.0000
113.7150,526.9384,31.3570,32.7283
