343.5609,112.7923,73.1833,14.8253
328.8057,104.5729,61.8504,20.7856
349.4814,116.4432,51.4252,28.5524
368.7513,131.2741,44.3810,34.8398
380.9646,151.9979,40.6727,38.6892
381.6556,173.9409,39.1468,39.3709
392.5072,195.6424,37.8577,41.0233
376.9348,181.9237,36.4525,41.9370
361.2031,168.6720,35.6309,42.0450
376.6133,186.5471,35.5637,41.7571
367.5497,169.2415,35.3360,41.4862
347.5560,170.8992,35.6312,41.0551
363.2936,158.3382,35.4093,40.3927
343.7065,159.9116,35.4383,40.0480
359.4263,147.3507,35.0602,39.6913
344.2975,134.5268,34.2626,40.0034
359.3215,122.3639,34.2443,39.2722
344.7743,138.5742,34.2637,39.3342
354.9121,122.2650,33.9895,39.5673
354.9019,105.4565,34.7856,37.3662
354.9691,125.8492,34.5147,36.9509
355.3776,109.0120,34.4883,35.6612
355.7024,128.6573,33.9418,35.5500
356.1739,112.1369,33.7783,34.3883
366.1329,96.5773,32.4961,35.5236
358.1505,115.2325,32.0184,35.8905
358.3004,99.4882,32.3768,34.3003
367.3951,118.0283,31.7367,35.2433
359.8179,102.7763,31.1285,35.4686
373.1373,117.9526,30.7890,35.5453
373.1883,102.6710,31.3822,33.6968
373.3307,121.1398,31.1099,33.3358
373.7009,106.0630,31.1363,32.1067
374.0417,123.8099,30.6851,32.0391
374.5751,108.9750,30.4692,31.0447
374.5466,125.8674,30.0653,30.4975
375.1757,111.4491,29.5589,29.7869
364.0255,124.1503,28.5526,30.7984
364.4167,110.2241,28.5219,29.5761
364.3699,126.2888,28.2687,28.9784
349.9937,127.0994,27.6023,29.5457
361.6158,139.8963,26.9083,30.0246
347.0045,141.0193,26.7353,29.9807
361.6822,142.6179,26.6507,30.2509
347.0717,143.7776,26.5809,30.1795
346.5898,159.7509,26.9124,28.9378
332.2408,160.8266,26.5766,29.1253
343.5304,173.4002,26.0522,29.4510
329.2108,174.2955,25.9362,29.4693
340.2762,186.8943,25.6065,29.5042
329.1834,177.5498,25.0199,29.6725
329.0159,193.3626,25.4264,28.6488
318.2021,184.2062,24.7328,28.8054
325.1776,199.4155,24.8307,28.8233
314.4903,211.3302,24.8956,28.6948
325.4092,202.5536,24.7508,28.2375
325.0504,217.4635,25.0480,27.0790
325.3668,205.2373,25.0852,25.9913
315.6349,216.2268,24.4287,26.6095
305.7711,227.4862,24.0770,27.0077
299.4195,241.2574,24.1020,26.6587
309.8955,232.8110,23.7438,26.4823
303.6773,246.3385,23.7349,26.1436
297.5144,259.6816,23.6610,25.8981
307.8384,251.3780,23.2266,25.8371
301.7413,264.5877,23.1900,25.5937
311.5227,275.5668,22.8300,25.7947
301.8175,267.3835,22.1988,25.9762
301.4330,280.9971,22.5983,24.7805
311.1794,273.0532,22.1938,24.6760
301.9795,283.3686,21.9804,24.8790
301.6123,296.5412,22.2276,23.8923
314.5947,297.5515,21.4493,24.3372
305.6296,307.7434,21.3670,24.4025
314.7555,318.2208,21.1696,24.4127
302.9496,319.2306,21.2636,24.2728
312.0399,329.6455,21.1127,24.2311
320.9621,340.0044,20.9615,24.1162
309.3335,341.0119,21.0104,23.9126
320.8500,342.3175,21.0099,24.0536
320.7790,355.1663,21.1914,23.4536
332.1885,356.5176,21.0733,23.7451
323.4226,366.4075,20.9527,23.7564
334.9055,367.5102,21.0393,23.9954
334.8410,380.4720,21.1754,23.3744
341.1251,370.4326,20.7477,23.7091
340.8205,382.9397,21.0303,22.7074
340.8991,395.3629,20.8809,22.4198
341.1825,385.2138,20.8399,21.6248
341.3585,397.1935,20.4505,21.5827
347.0655,408.9513,19.9588,22.1672
341.8909,399.4388,19.6051,22.1221
347.3873,411.2842,19.4379,22.4126
347.3160,423.3379,19.5890,21.8259
352.8264,435.0870,19.3738,22.1197
344.4926,428.0862,18.9119,22.1709
349.8304,439.8065,18.9679,22.2051
349.7049,451.7220,19.2119,21.5174
341.7258,460.7164,19.0653,21.6688
352.2438,461.8792,19.0746,21.8775
344.1824,470.9666,19.0684,21.8294
336.1910,480.0105,19.0387,21.8272
336.1469,491.7654,19.1925,21.2543
328.0972,484.9341,18.5700,21.5292
327.7766,496.2632,18.9058,20.5730
333.0505,507.3972,18.6041,20.9824
328.5883,498.4121,18.3178,21.0087
328.3362,509.5003,18.5770,20.1284
328.2122,520.2728,18.5929,19.5006
328.5603,511.2800,18.4341,18.8856
328.5638,521.5422,18.2052,18.5186
328.9404,512.8039,17.9650,18.0405
328.9710,522.6601,17.6527,17.7850
322.3017,530.2535,17.0775,18.3382
327.4363,522.2133,16.5979,18.7385
327.3763,532.3552,16.7002,18.2817
323.0582,524.4255,16.3739,18.3362
323.0905,534.3740,16.3847,17.9799
322.9310,543.9640,16.4493,17.3612
323.0649,553.5214,16.2174,17.2300
323.0119,562.7916,16.1446,16.7795
327.5479,571.9615,15.7017,17.3017
327.4066,581.1573,15.7735,16.7099
334.0276,588.4341,15.3407,17.0165
338.3616,597.5519,15.1550,17.2556
342.6256,606.7339,15.0936,17.3895
342.6895,599.2462,15.3575,16.4802
342.7781,608.3055,15.2188,16.3057
342.6465,617.0834,15.1794,15.8100
346.9333,625.6835,14.7702,16.2440
353.3615,620.5187,14.4793,16.1640
349.5362,628.7811,14.4911,15.9612
343.6244,635.4622,14.3275,16.0889
349.7362,642.4096,14.1127,16.1703
341.9744,643.0515,14.1007,16.0554
347.9579,649.9457,13.9614,16.0509
340.1728,650.6342,13.9972,15.9201
346.1154,657.4349,13.8614,15.9014
338.4678,658.0939,13.8962,15.7640
338.4214,666.5943,13.9877,15.3428
338.4661,674.9713,13.9254,15.0725
338.5152,683.2115,13.8165,14.8526
344.3301,689.6300,13.4739,14.9966
351.6333,690.4127,13.4300,15.1692
358.9604,691.2110,13.4485,15.2829
364.8305,686.4584,13.3415,15.1049
370.6671,681.7840,13.1945,14.9177
376.4629,677.1495,13.0448,14.7550
382.1714,672.5698,12.9243,14.5830
387.8529,668.0198,12.7786,14.4471
393.4636,663.5371,12.6375,14.2753
399.0034,659.0891,12.4883,14.1184
404.4985,654.7197,12.3401,13.9813
409.8907,650.3817,12.2221,13.8232
415.2580,646.0901,12.0934,13.6727
420.5710,641.8257,11.9705,13.5219
427.1656,642.5574,11.9599,13.6286
433.7610,643.3223,11.9686,13.7113
440.3727,644.0856,11.9849,13.7950
446.9845,644.8301,12.0267,13.8582
453.6242,645.5999,12.1047,13.9016
460.3433,646.3960,12.1397,14.0010
467.0557,647.1958,12.1841,14.0736
473.7968,648.0068,12.2419,14.1293
480.5976,648.8124,12.2907,14.1921
487.3616,649.6454,12.3854,14.2433
494.1794,650.4109,12.4806,14.2587
501.0637,651.2032,12.5017,14.3476
507.9689,652.0125,12.5496,14.4067
514.8984,652.7892,12.5950,14.4464
521.8079,653.6276,12.6334,14.5250
529.2474,654.3345,12.4016,14.5615
534.4719,660.6203,12.4046,14.3926
539.7006,666.8391,12.3703,14.3291
544.9577,673.0104,12.3021,14.3388
550.2329,679.1376,12.2460,14.3011
555.4614,685.2568,12.2252,14.2583
560.7143,691.3604,12.1670,14.2041
565.9417,697.4553,12.1264,14.1190
572.6337,698.2630,12.2301,14.1234
579.4005,699.0562,12.2930,14.1685
584.7894,694.7136,12.2205,13.9535
590.1177,690.4194,12.1283,13.7563
595.4157,686.1791,12.0284,13.5763
600.6812,681.9695,11.9143,13.4210
604.2178,676.3221,11.7584,13.5324
609.3356,672.2012,11.7041,13.3198
614.4830,668.1017,11.6121,13.1354
619.5776,664.0359,11.4927,12.9834
624.6273,660.0068,11.3707,12.8422
630.8838,660.7194,11.3597,12.9551
637.1020,661.4088,11.4058,13.0186
643.3723,662.1273,11.4343,13.0635
649.6396,662.8708,11.4746,13.1324
655.9501,663.6315,11.5171,13.2073
662.2880,664.3781,11.5642,13.2753
668.6683,665.1618,11.5978,13.3325
675.0430,665.9309,11.6554,13.4297
681.4572,666.7116,11.7183,13.4718
687.8972,667.4713,11.7818,13.5600
694.4153,668.2384,11.8383,13.6130
700.9296,669.0167,11.8908,13.6687
707.4539,669.7893,11.9639,13.7710
714.0009,670.5437,12.0469,13.8224
720.6512,671.3540,12.0879,13.8974
727.2789,672.1369,12.1521,14.0409
733.9982,672.9376,12.1985,14.0709
740.7226,673.7247,12.2685,14.1634
747.4509,674.5139,12.3289,14.2458
754.1832,675.3248,12.4493,14.2246
761.0010,676.1370,12.4832,14.2847
767.8193,676.9739,12.5221,14.4102
774.7135,677.8130,12.5774,14.4828
781.6575,678.6020,12.6387,14.5449
788.6149,679.4103,12.7018,14.6359
795.6026,680.2512,12.7622,14.7429
802.6381,681.0967,12.8398,14.7948
809.7220,681.9219,12.9022,14.8487
816.8333,682.7586,12.9660,14.9384
823.9905,683.6180,13.0282,14.9938
831.1910,684.4819,13.0897,15.0674
838.4026,685.3608,13.1500,15.1503
845.6339,686.2538,13.2236,15.2258
852.9103,687.1555,13.2800,15.3152
860.2375,688.0229,13.3510,15.3731
867.5668,688.8853,13.4451,15.4315
874.9838,689.7594,13.5077,15.4767
882.4367,690.6364,13.5519,15.5710
889.9025,691.5126,13.6032,15.6215
897.3668,692.4073,13.6780,15.7124
904.8949,693.2960,13.7342,15.8191
912.4741,694.1767,13.8048,15.8873
920.0188,695.0685,13.8921,15.9800
927.6526,695.9694,13.9700,16.0327
935.3264,696.8756,14.0273,16.1655
943.0686,697.8682,14.0845,16.2478
950.8210,698.8075,14.1482,16.3621
958.6408,699.7457,14.2210,16.4259
966.4965,700.7048,14.2966,16.4842
974.3719,701.6931,14.3656,16.6012
982.2971,702.6564,14.4404,16.6631
990.2228,703.5871,14.5386,16.7430
998.2228,704.5691,14.6226,16.8315
1006.2364,705.5217,14.7045,16.9267
1014.2993,706.4828,14.7591,17.0315
1022.4609,707.4228,14.8342,17.0989
1030.6161,708.4195,14.9040,17.1507
1038.7930,709.3721,14.9975,17.2539
1047.0492,710.3454,15.0621,17.3372
1055.3442,711.3409,15.1258,17.4318
1063.6681,712.3268,15.2237,17.5225
1072.0566,713.3503,15.2893,17.6379
1080.4894,714.3881,15.3637,17.6991
1088.9573,715.4077,15.4357,17.7728
1097.5007,716.4437,15.5107,17.8425
1106.0240,717.4562,15.5976,17.9281
1114.5972,718.4799,15.6677,18.0238
1123.2306,719.5030,15.7391,18.0979
1131.9540,720.4952,15.7870,18.1969
1140.6646,721.5087,15.8686,18.2779
1149.4238,722.6025,15.9358,18.3740
1156.2385,730.4927,15.8202,18.3720
1163.0033,738.3885,15.7291,18.3350
1169.7162,746.2366,15.7159,18.2472
1176.4592,754.0567,15.6182,18.1874
1185.1270,755.0950,15.7252,18.2238
1193.7372,756.1613,15.8657,18.2565
1202.4427,757.1866,15.9725,18.3369
1211.1958,758.2046,16.0587,18.4452
1220.0469,759.2776,16.1090,18.5638
1228.9152,760.3345,16.2027,18.6327
1237.7832,761.3285,16.3072,18.7348
1246.7034,762.3826,16.3920,18.7843
1255.7279,763.4214,16.4539,18.8951
1264.8866,764.4846,16.4815,19.0082
1273.9735,765.5314,16.5781,19.0839
1281.2523,759.7026,16.4841,18.7790
1288.4316,753.8804,16.3520,18.5339
1295.4987,748.1260,16.1884,18.2962
1302.5353,742.4301,16.0426,18.0943
1309.5485,736.8294,15.8653,17.9018
1316.4760,731.2399,15.6843,17.7258
1323.2781,725.7795,15.5453,17.4958
1330.0571,720.3347,15.3667,17.3150
1336.7794,714.9490,15.1895,17.1395
1343.3933,709.5737,15.0366,16.9437
1349.9388,704.2975,14.8717,16.7687
1354.3788,697.2507,14.6885,16.8913
1358.7622,690.2512,14.5624,16.9476
1363.0426,683.2927,14.4968,16.9772
1367.3094,676.3395,14.4431,16.9619
1367.2864,669.1748,14.7661,16.0606
1367.4497,662.0051,14.7986,15.4631
1367.7063,654.8799,14.6665,15.0153
1367.9700,647.8297,14.4688,14.6447
1368.2546,640.8832,14.2307,14.3276
1365.1478,634.2068,13.6495,14.7358
1361.9680,627.7146,13.3082,14.9244
1358.6687,621.3395,13.1281,14.9500
1353.0430,616.6103,12.8007,15.0473
1347.4047,611.9830,12.5714,15.0577
1341.7289,607.4717,12.4289,14.9782
1336.1259,602.9426,12.2966,14.9104
1330.5455,598.4641,12.1972,14.7802
1325.0374,594.0240,12.0814,14.6769
1319.5885,589.6361,11.9868,14.5444
1314.1434,585.3033,11.8946,14.3875
1308.7357,581.0107,11.7950,14.2584
1303.4065,576.7166,11.6753,14.1499
1298.1273,572.4736,11.5900,14.0270
1292.8884,568.2299,11.4754,13.9423
1287.7017,564.0750,11.3636,13.8466
1282.5443,559.9539,11.2753,13.7104
1277.4225,555.8665,11.1890,13.5754
1272.3663,551.8000,11.0842,13.4719
1267.3474,547.7736,10.9988,13.3394
1262.3611,543.7718,10.9002,13.2223
1256.0897,544.4030,11.0892,12.9411
1249.8665,544.9818,11.1730,12.8002
1243.6802,545.5394,11.2083,12.7105
1237.5533,546.0679,11.2055,12.6474
1231.4429,546.6012,11.1966,12.5777
1226.7001,542.5787,10.8820,12.6850
1221.9397,538.6592,10.6687,12.7042
1217.1768,534.8021,10.5272,12.6589
1211.1385,535.4146,10.6836,12.4254
1205.1528,535.9617,10.7457,12.2935
1199.2313,536.4916,10.7745,12.1893
1193.3596,537.0049,10.7622,12.1139
1187.4924,537.5139,10.7603,12.0698
1181.6407,538.0278,10.7322,12.0429
1175.8176,538.5352,10.7053,12.0051
1169.9933,539.0330,10.6795,11.9685
1164.1525,539.5234,10.6546,11.9003
1159.6471,535.7123,10.3433,12.0419
1153.8705,536.2452,10.4149,11.8892
1148.1368,536.7740,10.4376,11.7946
1142.4391,537.2587,10.4266,11.7317
1136.7529,537.7487,10.3989,11.7080
1131.0919,538.2278,10.3759,11.6643
1125.4403,538.7161,10.3609,11.6010
1119.8163,539.2036,10.3315,11.5875
1114.1888,539.6855,10.3114,11.5522
1108.5990,540.1550,10.2729,11.5397
1102.9969,540.6044,10.2479,11.5080
1097.4353,541.0692,10.2142,11.4805
1091.8806,541.5248,10.1888,11.4351
1086.3508,542.0034,10.1661,11.3850
1080.8384,542.4725,10.1358,11.3437
1075.3015,542.9189,10.1238,11.3025
1069.8065,543.3561,10.0990,11.2958
1064.3470,543.8229,10.0692,11.2513
1058.8878,544.2803,10.0390,11.2168
1053.4148,544.7156,10.0060,11.1683
1047.9958,545.1580,10.0000,11.1484
1042.5626,545.6225,10.0000,11.1299
1037.1368,546.0766,10.0000,11.1102
1031.7172,546.5233,10.0000,11.1098
1026.2728,546.9695,10.0000,11.1061
1020.8538,547.4065,10.0000,11.0891
1015.4474,547.8613,10.0000,11.0788
1010.0353,548.3021,10.0000,11.0773
1004.6332,548.7459,10.0000,11.0875
999.2300,549.1902,10.0000,11.0738
993.8206,549.6228,10.0000,11.0646
988.3843,550.0544,10.0000,11.0529
982.9700,550.4991,10.0000,11.0555
977.5630,550.9355,10.0000,11.0468
972.1517,551.3786,10.0000,11.0511
966.7419,551.8219,10.0000,11.0742
961.3464,552.2807,10.0000,11.0588
956.9988,548.6979,10.0000,11.2180
952.6071,545.1180,10.0000,11.3350
948.2117,541.5124,10.0000,11.4454
943.7876,537.8698,10.0000,11.5033
939.3588,534.2762,10.0000,11.5481
934.9116,530.6664,10.0000,11.5722
930.4718,527.0452,10.0000,11.5963
926.0057,523.4262,10.0000,11.6048
921.5319,519.8544,10.0000,11.6162
917.0703,516.2177,10.0000,11.6507
912.5948,512.6212,10.0000,11.6702
908.1243,509.0173,10.0000,11.6693
903.6519,505.4098,10.0000,11.6703
899.1815,501.7980,10.0000,11.6768
894.7095,498.1761,10.0000,11.6948
890.2207,494.5640,10.0000,11.7057
885.7331,490.9638,10.0000,11.6972
881.2530,487.3712,10.0000,11.6843
876.7872,483.7661,10.0000,11.6829
872.2960,480.1615,10.0000,11.6989
867.8065,476.5365,10.0000,11.7112
863.2958,472.9503,10.0000,11.7462
858.8173,469.3124,10.0000,11.7418
854.3304,465.6979,10.0000,11.7296
849.8454,462.0623,10.0000,11.7117
845.3665,458.4541,10.0000,11.7142
840.8800,454.8563,10.0000,11.7201
836.3978,451.2322,10.0000,11.7322
831.9155,447.6384,10.0000,11.7098
