397.8585,187.3584,30.2831,30.2831
397.0598,186.1941,28.7222,30.4174
401.6035,192.4653,28.1487,28.3608
410.5659,202.3601,26.5929,27.2071
420.9125,212.3513,24.7645,26.2748
431.5647,222.7695,23.1850,25.1074
441.6133,232.3011,21.7401,23.7940
450.7320,241.2904,20.6513,22.5461
459.5892,249.9117,19.4205,21.5216
467.5887,258.2308,18.4356,20.6049
470.9569,266.1898,18.0862,19.0019
471.5051,267.1922,16.9899,18.2538
471.9969,268.2542,16.0063,17.4408
472.4462,269.2897,15.1077,16.6093
472.8310,270.2517,14.3380,15.8124
473.2140,271.1962,13.5720,15.0213
473.5671,272.0883,12.8658,14.2769
473.8778,272.9440,12.2444,13.5716
474.1863,273.7427,11.6273,12.9166
474.4917,274.5431,11.0166,12.2476
474.7853,275.2949,10.4294,11.6289
475.0000,276.0066,10.0000,11.0533
475.0000,276.6768,10.0000,10.5239
475.0000,277.2631,10.0000,10.1194
475.0000,277.7105,10.0000,10.0000
475.0000,278.0956,10.0000,10.0000
475.0000,278.4870,10.0000,10.0000
475.0000,278.8800,10.0000,10.0000
475.0000,279.2484,10.0000,10.0000
475.0000,279.6193,10.0000,10.0000
475.0000,279.9924,10.0000,10.0000
475.0000,276.4036,10.0000,10.0000
475.0000,276.7693,10.0000,10.0000
475.0000,277.1260,10.0000,10.0000
475.0000,277.4842,10.0000,10.0000
475.0000,277.8423,10.0000,10.0000
475.0000,278.1982,10.0000,10.0000
475.0000,278.5675,10.0000,10.0000
475.0000,278.9224,10.0000,10.0000
475.0000,279.2763,10.0000,10.0000
475.0000,279.6330,10.0000,10.0000
475.0000,279.9895,10.0000,10.0000
475.0000,280.3551,10.0000,10.0000
475.0000,280.7122,10.0000,10.0000
475.0000,281.0764,10.0000,10.0000
475.0000,281.4486,10.0000,10.0000
475.0000,281.8208,10.0000,10.0000
475.0000,282.2029,10.0000,10.0000
475.0000,282.1981,10.0000,10.0000
475.0000,282.1907,10.0000,10.0000
475.0000,282.1797,10.0000,10.0000
475.0000,282.1613,10.0000,10.0000
475.0000,282.1404,10.0000,10.0000
475.0000,282.5038,10.0000,10.0000
475.0000,282.8745,10.0000,10.0000
475.0000,283.2409,10.0000,10.0000
475.0000,279.6387,10.0000,10.0000
475.0000,279.5859,10.0000,10.0000
475.0000,279.9402,10.0000,10.0000
475.0000,280.3000,10.0000,10.0000
475.0000,280.6705,10.0000,10.0000
475.0000,281.0340,10.0000,10.0000
475.0000,280.9910,10.0000,10.0000
475.0000,281.3627,10.0000,10.0000
475.0000,281.3321,10.0000,10.0000
475.0000,281.7069,10.0000,10.0000
475.0000,282.0816,10.0000,10.0000
475.0000,282.0392,10.0000,10.0000
475.0000,281.9969,10.0000,10.0000
475.0000,281.9660,10.0000,10.0000
475.0000,281.9352,10.0000,10.0000
475.0000,281.9045,10.0000,10.0000
475.0000,282.2814,10.0000,10.0000
475.0000,282.6536,10.0000,10.0000
475.0000,279.0426,10.0000,10.0000
475.0000,279.0150,10.0000,10.0000
475.0000,283.0095,10.0000,10.0000
475.0000,279.3954,10.0000,10.0000
475.0000,283.3819,10.0000,10.0000
474.7762,278.4493,10.0000,10.0000
471.9217,283.7189,10.0000,10.0000
471.6842,278.8382,10.0000,10.0000
471.3521,284.2013,10.0000,10.0000
468.6173,279.5250,10.0000,10.0000
468.3517,284.6911,10.0000,10.0000
468.1562,279.8128,10.0000,10.0000
462.9222,279.8390,10.0000,10.0000
465.4018,284.8274,10.0000,10.0000
461.2640,281.3073,10.0000,10.0000
465.0968,285.1295,10.0000,10.0000
459.8107,285.0903,10.0000,10.0000
459.6794,280.0916,10.0000,10.0000
462.0950,285.1377,10.0000,10.0000
456.9057,285.0750,10.0000,10.0000
460.4924,281.5640,10.0000,10.0000
455.4078,281.6552,10.0000,10.0000
459.1805,285.5195,10.0000,10.0000
455.0157,282.0330,10.0000,10.0000
454.7807,287.1796,10.0000,10.0000
454.6596,282.2871,10.0000,10.0000
450.6005,286.2066,10.0000,10.0000
450.3850,281.2679,10.0000,10.0000
450.1231,286.4250,10.0000,10.0000
445.9629,282.5524,10.0000,10.0000
445.6798,287.7784,10.0000,10.0000
445.4971,282.8651,10.0000,10.0000
442.7501,287.8515,10.0000,10.0000
442.5525,282.8322,10.0000,10.0000
442.2333,287.8907,10.0000,10.0000
438.1029,284.3554,10.0000,10.0000
435.5115,289.3450,10.0000,10.0000
439.2604,285.7426,10.0000,10.0000
435.0578,289.6550,10.0000,10.0000
434.8200,284.6968,10.0000,10.0000
434.5293,289.8177,10.0000,10.0000
430.2700,285.8516,10.0000,10.0000
432.6313,290.8203,10.0000,10.0000
428.5195,287.3268,10.0000,10.0000
428.0410,292.3784,10.0000,10.0000
423.8730,288.8340,10.0000,10.0000
427.5742,292.6142,10.0000,10.0000
422.2609,292.4880,10.0000,10.0000
416.9870,292.4251,10.0000,10.0000
420.7931,288.7140,10.0000,10.0000
418.0907,293.7081,10.0000,10.0000
417.9294,288.8095,10.0000,10.0000
415.1354,293.7990,10.0000,10.0000
411.0417,290.2064,10.0000,10.0000
410.7053,295.2258,10.0000,10.0000
410.5181,290.2292,10.0000,10.0000
410.2083,295.4122,10.0000,10.0000
406.0072,291.5744,10.0000,10.0000
401.9656,295.4185,10.0000,10.0000
404.3764,290.7130,10.0000,10.0000
401.6516,295.7561,10.0000,10.0000
401.5078,290.7689,10.0000,10.0000
397.3791,294.4795,10.0000,10.0000
397.0893,299.7037,10.0000,10.0000
397.0224,294.6943,10.0000,10.0000
391.7670,294.5219,10.0000,10.0000
396.4863,294.2932,10.0000,10.0000
391.1807,294.1612,10.0000,10.0000
386.1414,294.1916,10.0000,10.0000
388.2917,289.5077,10.0000,10.0000
384.1432,293.4300,10.0000,10.0000
378.7491,293.2283,10.0000,10.0000
382.4836,296.9811,10.0000,10.0000
378.2426,293.0723,10.0000,10.0000
377.8931,298.1447,10.0000,10.0000
373.6898,294.2441,10.0000,10.0000
378.4097,294.1466,10.0000,10.0000
373.0907,294.1159,10.0000,10.0000
368.9773,298.1842,10.0000,10.0000
364.7327,294.2575,10.0000,10.0000
366.9500,299.3036,10.0000,10.0000
362.7566,295.3105,10.0000,10.0000
358.6445,299.2890,10.0000,10.0000
358.4628,294.3666,10.0000,10.0000
354.2161,298.0929,10.0000,10.0000
350.0091,302.0671,10.0000,10.0000
349.7747,297.0089,10.0000,10.0000
345.6069,300.8524,10.0000,10.0000
345.6209,295.7668,10.0000,10.0000
341.5147,299.8089,10.0000,10.0000
341.4928,294.6927,10.0000,10.0000
338.7859,299.7896,10.0000,10.0000
336.1233,294.9770,10.0000,10.0000
333.4853,299.9981,10.0000,10.0000
333.3825,295.0095,10.0000,10.0000
329.2123,298.7917,10.0000,10.0000
324.9518,294.8661,10.0000,10.0000
327.1763,299.8231,10.0000,10.0000
322.9799,295.8843,10.0000,10.0000
322.6755,301.0723,10.0000,10.0000
322.4999,296.0021,10.0000,10.0000
319.6313,301.0356,10.0000,10.0000
319.4081,296.1295,10.0000,10.0000
315.2115,299.9409,10.0000,10.0000
309.8561,299.6306,10.0000,10.0000
305.7902,295.9909,10.0000,10.0000
305.5546,300.9846,10.0000,10.0000
300.4103,301.1552,10.0000,10.0000
300.4045,296.0570,10.0000,10.0000
297.7072,301.0427,10.0000,10.0000
292.5902,301.1841,10.0000,10.0000
296.3261,304.9814,10.0000,10.0000
291.1776,305.0649,10.0000,10.0000
287.1603,301.3871,10.0000,10.0000
281.7679,301.1143,10.0000,10.0000
281.2961,306.2918,10.0000,10.0000
277.0636,302.3813,10.0000,10.0000
274.2939,307.3466,10.0000,10.0000
270.0891,303.4476,10.0000,10.0000
267.2057,308.5164,10.0000,10.0000
261.9119,308.5474,10.0000,10.0000
259.1046,313.5384,10.0000,10.0000
258.9004,308.6418,10.0000,10.0000
254.7285,312.6758,10.0000,10.0000
254.4061,307.9354,10.0000,10.0000
249.1267,307.9537,10.0000,10.0000
252.7877,311.8105,10.0000,10.0000
248.5496,307.9444,10.0000,10.0000
244.3437,311.8662,10.0000,10.0000
241.5782,307.2551,10.0000,10.0000
236.4437,307.1291,10.0000,10.0000
236.1302,312.2939,10.0000,10.0000
231.8633,308.4265,10.0000,10.0000
231.4966,313.6503,10.0000,10.0000
228.7198,308.8383,10.0000,10.0000
224.5120,312.6074,10.0000,10.0000
224.5715,307.6640,10.0000,10.0000
220.4284,304.0647,10.0000,10.0000
220.2093,309.1656,10.0000,10.0000
214.9012,309.1252,10.0000,10.0000
219.6010,308.8450,10.0000,10.0000
214.5405,308.8541,10.0000,10.0000
209.3902,309.0737,10.0000,10.0000
212.8955,305.5017,10.0000,10.0000
208.8291,309.5078,10.0000,10.0000
203.4950,309.4356,10.0000,10.0000
207.2410,305.6550,10.0000,10.0000
202.9621,309.5517,10.0000,10.0000
200.3362,305.0935,10.0000,10.0000
197.5468,310.1674,10.0000,10.0000
193.2990,306.0210,10.0000,10.0000
192.9644,311.1690,10.0000,10.0000
188.6763,307.3331,10.0000,10.0000
188.2711,312.5699,10.0000,10.0000
188.0496,307.6119,10.0000,10.0000
183.0841,307.6753,10.0000,10.0000
179.0447,311.6660,10.0000,10.0000
174.7787,307.7732,10.0000,10.0000
174.4399,312.8138,10.0000,10.0000
169.1768,312.7740,10.0000,10.0000
171.4518,317.9743,10.0000,10.0000
167.3177,314.4230,10.0000,10.0000
167.1940,309.4637,10.0000,10.0000
163.0084,313.2601,10.0000,10.0000
157.7969,313.0951,10.0000,10.0000
153.5652,308.9510,10.0000,10.0000
153.2811,313.9453,10.0000,10.0000
148.0214,313.7503,10.0000,10.0000
151.7294,317.6011,10.0000,10.0000
147.5921,313.6833,10.0000,10.0000
142.3365,313.4210,10.0000,10.0000
138.2054,317.4288,10.0000,10.0000
134.0150,313.6194,10.0000,10.0000
133.7188,318.7132,10.0000,10.0000
131.0469,314.0056,10.0000,10.0000
126.9629,317.7802,10.0000,10.0000
129.2787,313.1136,10.0000,10.0000
