23.5,88.5,66,55
24.556521277037362,87.80981980461591,65.17130045015196,54.33643439017309
23.359486926093574,88.96482115310266,64.68498089215184,53.45231784737439
31.651478414029476,90.64994572281836,62.22517203432203,53.450698163509415
26.763131266581382,90.01210052821787,62.39998244097359,52.97995207600293
24.56690143346759,89.0647940186615,62.562411093712406,52.59956237714384
25.325943211097293,90.22032741839485,61.28009464963521,52.049332655771664
26.270623513666372,91.15828114205665,60.38310661691908,51.15310604464875
28.47594884916476,90.90059048907912,60.03878590197699,50.355385105273015
25.67813070419095,90.19133588794149,60.236266025847954,50.27437782042668
26.597738667764407,89.94825447588855,60.0215051930385,50.07330767334115
33.69277653467096,91.30931828914956,58.39729116119072,50.32213398816437
28.174716705250194,88.84772663041988,58.27920168306937,50.20789750963372
27.71038023394304,88.59912335967411,58.35808250284279,49.400003014099795
30.10470015764168,88.5822864288047,58.53835287273067,48.517914987811444
29.547909691568073,87.6779024377889,58.690271989234574,48.097871944223535
29.511071021594553,87.01045533032811,58.59968234054655,47.88453181561636
31.812890829449337,86.44634662426861,58.18392562507502,47.66599551126656
31.74134472662571,86.23586455693078,58.16146385859722,47.477521941855905
30.714414979685415,86.52559909290032,57.88148155178811,46.88091799485769
37.098794165420834,87.88982671275114,56.9065654959911,46.683929239225876
30.67017932881651,85.9267983855171,56.70623710950737,46.7368529495869
32.62833410546574,87.90001429514083,57.146379067591965,46.989214541594336
37.51631444439902,88.88445534584578,56.491691430496886,47.13927565460094
33.62704038465816,87.70597789451739,56.43029089580381,47.05486245423037
39.35027874718597,88.27709875722317,56.05708782950064,46.80136377176468
34.960797860825004,86.65922082287223,55.98365931291592,46.5294082299441
39.68889752469839,87.672083956361,55.05363071575997,46.052764599799715
37.303001248796036,87.73134542686653,55.10082485981932,45.74891609583474
36.890471267985056,87.37420139253919,54.87336061241875,45.57468267200818
42.40389817064682,88.75916218521644,54.568109246975595,45.47925130004785
37.007224950542735,88.5474086581844,54.31220317711297,45.12778853790404
39.23762754335768,88.83333554662775,54.7263998988317,44.48695182457543
46.06894655622168,89.02608959978478,53.627396745540224,44.19203470189061
40.05542835054532,86.83785115818476,53.21249380295008,43.97224293122101
44.55050672716556,87.82624056860875,52.75313691543225,43.78482809066631
41.596730131432075,87.08175725149081,52.98043040230938,43.175774409731886
46.95214868570594,87.2570069592665,52.45549398193303,42.62299028556141
41.5592468630425,84.50217266356142,52.19402494506996,42.56393567521985
48.16141609678574,84.72165147671089,50.9397539977251,43.01242451202897
43.57209895216383,82.27352251916669,50.563628307720876,42.48723944158272
50.400480703119165,82.94038157434323,49.06620089589809,42.217088015952534
45.59445452030346,83.37972827777782,48.971064655267305,41.80533459483547
51.16258354424495,84.18877981887363,48.41871087374173,41.971864791490596
47.85785668214025,84.70602000057661,48.296711179219436,41.37964964062047
51.93359417165556,86.80863398723469,47.52010936150476,40.994388698783226
48.35966820916481,87.33914983598399,47.54747025865422,40.88516676519298
50.910083818744376,88.62203578035405,47.59387443301925,41.07255773732322
48.86129829387167,88.34501385577373,47.39531911710304,40.596186409138596
52.381173748311724,89.37580457981258,47.14914874029691,40.22694295086803
48.765381725043284,90.09059692314575,46.885363829314265,39.91515993046145
54.1413720004005,90.10287357288237,46.32405710672482,39.42225225681789
49.42503919976031,89.5477886816001,46.262312193173656,39.237326357238295
49.72329599032014,86.79409658595888,46.163419790681026,38.95797882855002
49.6189836281914,88.82398566389699,46.910584043785235,38.98436371664962
54.06192374573296,89.64709607316424,45.92407018748629,39.04678645375631
49.40135606971733,88.20736687144833,45.83602012997166,38.95219314324465
54.12093021571141,90.76492832183803,44.99966171682871,38.699113623202535
50.943123004224475,89.94669353563498,44.893399270600916,38.46395395747998
59.60178840357414,94.43859250089778,43.30125672721165,37.41555603610965
48.385340100845994,91.26330639018079,42.632041516261694,37.50553055170257
53.4553452100905,92.69194747427612,42.64427205094652,37.281062314023394
52.26625543318799,91.62258460373495,42.88177439108271,36.86118119208388
52.05347084179939,91.72602728196418,42.90059894471524,36.650366854835326
55.64413666302158,93.9843247730507,42.517750197168326,36.165711856030214
52.71153135564174,92.40047551605437,42.469717995002945,36.037452089459514
52.64441100220953,91.45217375886914,42.07569107987335,35.94537977108157
52.005693154909146,91.09744506013153,41.9637032849035,35.80490116010342
57.79397218896318,92.94327659287403,40.98851888928078,35.83290934400807
51.55413519039854,90.25469893129876,40.879184555111244,35.799166458540434
58.71772447416178,91.34351394186604,40.188663702428514,35.557006780041995
53.65532239110715,87.69995219356802,40.05256927844988,35.50186085601424
54.82019217009935,89.29883462023125,40.831755301443884,35.42559315692364
54.20837306369354,88.43406103905988,40.61382037125011,35.358160176672996
54.04066467299393,86.97211592822222,40.450913831306885,35.17346885537954
53.84304682582567,87.6438020617465,40.25923748970132,34.87176524181917
60.63238367270536,91.03134621712141,38.78268514909135,33.86312352149294
54.01803490296035,89.0505981606674,38.75363217741192,33.75864110733184
60.32679277729999,90.06560462492338,37.971084041952864,33.58643986819672
55.962335434801965,87.92915154552603,37.87886320601386,33.54176818809372
56.97491441413109,88.00382330601454,37.83554168553462,33.16620295667322
57.96741511643248,87.85528664055913,37.74651169835891,32.67272873785944
57.19462265231379,87.64140452192012,37.652481686906654,32.64273499550603
58.619218474124686,85.62697331497183,37.589578543117014,32.540118622934095
58.47543438642613,86.3255878112297,37.14397471905963,32.29408253393705
66.75698309757209,90.8836443483574,35.27292155488539,31.952172760157723
59.04110823717339,87.45856706022012,35.28622950322184,31.94354599869424
67.34874352174924,91.08792088423988,33.56890433812287,31.331777628303662
56.55362080798919,87.73793168472044,33.43137228456387,31.556618793608408
65.37871413368491,91.95246968209703,33.0898938240904,30.141995256283202
59.69155979286347,88.62603227767207,33.11157856621912,30.126775430123345
71.26696237806503,96.27581393658184,31.2549514048492,29.930942314025007
59.30127784823993,87.62910203388023,31.375470321066796,30.13653080753858
68.17536819732227,94.13512366005023,30.86957439768238,28.321296370201026
67.65197825959083,95.03630675746776,30.869565580670905,28.321235992970028
67.80206864621886,95.50979066337236,30.86954610950454,28.321183986500632
67.77852018998452,95.52034427416712,30.869544627489883,28.321178345843848
67.27967794443781,95.37712894098908,30.86953856014979,28.32116595752387
67.18174417667663,95.46026836118219,30.86953644125509,28.321161426295973
67.19100381333097,95.82812829713085,30.869533365747053,28.321154261441364
66.78937736631114,95.70895257532257,30.869531417028522,28.32115123075182
67.01150825732091,95.03996904507764,30.869524092959573,28.321145054204003
67.55011761655892,94.75091138156952,30.86950781379173,28.321122268198387
58.592325352273555,87.57795937568366,30.924469936356598,28.440745113893456
66.35945323937796,91.48039214645068,30.35618896988707,27.49154954764017
66.03593825253988,91.8230727394316,30.356157178369276,27.49147023442767
58.298725390318616,84.47327928909223,30.397474573038846,27.611215521336877
69.26740481975973,91.58301728477272,29.047273917281615,26.7068735784378
70.10011772929755,92.79301909255227,29.047273398804123,26.706872423358448
59.83359670719175,79.86847913479104,29.945879789329197,26.821110038465875
70.57948295978663,86.89091972880806,28.59983825642948,25.902445738859555
71.06449753354599,88.01288552468955,28.599837211308692,25.90244210272401
71.24435142839734,88.70496548032592,28.599836419477395,25.902440206702426
58.2009103830634,79.58337356171879,29.329414890760482,26.325775029634492
68.69599440975611,86.63749059109509,28.001697627780352,24.93584560497612
68.2422777192431,87.59574335263773,28.001688856306217,24.93577782698513
56.205261087584795,81.38713459757112,28.56596793871462,25.37051719533369
66.75797737841918,87.58038759699151,27.16700393919916,24.917615436910374
65.43851336794562,88.53448595653273,27.166982089083067,24.91722523352161
55.74429149427938,86.70990291210191,27.26495762047315,25.113246772059757
65.56068857555137,93.23175582866597,26.939536504804188,24.577824554043957
65.53220597970811,93.86982923418483,26.939531148605994,24.577807346392152
65.322121953513,94.60340851632455,26.93953035415059,24.577744991638795
65.49860648876678,95.12583330762621,26.939528724725022,24.577741466927307
65.77167902066738,95.7953985539519,26.939525523793087,24.577737441980712
66.5722518775157,96.80795526347575,26.939525077583017,24.577736175032612
68.14290397662688,98.86641150159734,26.939524895473944,24.57773606374914
55.83297699461344,83.70062490617421,29.33154415796274,24.769798146196955
63.687294579391704,88.64967184897161,28.62069646399215,24.569652716412712
53.988777800941676,82.59234176964051,28.93581893385607,24.92756849030928
64.35206322298214,88.47392724790232,27.50752499102026,24.838869388949238
64.38815654694356,89.13367585271813,27.507509889616216,24.838847353267816
65.02673817508256,89.9002715490641,27.507509185218115,24.838846091763322
52.58876415124001,84.15686961852631,27.79801755089638,24.947224354694367
62.66779093974458,90.3575986966539,26.75716673267629,24.342495286268786
63.20868261572856,91.06906795302922,26.75716309910738,24.342485702847064
63.5604529823544,92.00496533798568,26.7571620353694,24.342480269138665
64.10716956789688,93.31053572233196,26.75716081389993,24.34247832109428
51.99901582480234,84.76685887308064,27.307914253458136,24.436721362858655
61.18760012135124,91.31671109169828,26.060870706136704,23.529747829248855
61.83163465874909,92.29370879338269,26.060869687447575,23.529741931647862
62.24249769668007,93.55099350017514,26.06086838403893,23.529740608501825
63.53915036058528,95.16036609135034,26.060867690322734,23.529740180942678
51.04602828623046,84.08414037324866,26.875231116986484,23.813644177570822
60.4516377647315,90.67168944845534,26.116035093944358,23.336615599606198
61.43149708426286,91.6265087153636,26.116034920686698,23.33661475538013
62.65590617832585,92.94807479893471,26.116033985673504,23.336613367504263
64.58696165302287,94.69570876207469,26.11603388947467,23.336613309266323
67.08961221711273,97.01417664255715,26.116033759982674,23.33661325920838
48.61229173626381,83.30837180007302,28.31275541015708,24.075865384972538
58.2561490259677,90.07099996233825,27.26689835943582,23.679090925371284
58.29397882467073,91.18913044153746,27.266895503887294,23.679086089561963
59.593527397440546,92.38609297758589,27.266894894984024,23.679085253762704
61.2450950586425,93.90482549299283,27.266894490793007,23.67908484163168
63.397511587696485,96.34745269644145,27.26689436801828,23.679084817821607
45.3900136533661,82.0283066167336,28.24259885484313,24.18885601166112
52.42747061513373,87.52148838721213,27.918165583163322,23.717303032837854
52.843176970114925,87.8783620760887,27.918163162011663,23.71730107029545
53.659342500640214,88.59349453755829,27.918162399384855,23.717300024271257
55.034045451513876,89.85680766595699,27.918162120119828,23.717299877550754
56.53649362305874,91.35379040342934,27.91816194097054,23.717299789950417
41.61552088827986,81.53532415721234,28.865574253179652,23.996249646886366
49.1586557974308,86.65354338267329,27.301089217287462,23.471488747233995
48.36873802165165,87.6676115153331,27.301032371918872,23.471382162166446
47.98666586266313,88.43730279070881,27.30101701048307,23.471370029009943
48.08462126782608,89.06722034338921,27.301011840878484,23.4713658753398
48.328508094794884,89.75990525561025,27.300999714240767,23.471357245508344
38.89670705948421,83.85692166599374,27.188552361644344,23.589575515744777
48.53081799037146,90.31294703233216,25.540998911124717,22.953168131761778
48.77468324064882,91.01228881598033,25.540997840768664,22.95316548983469
49.776353367595036,92.13497102135575,25.540997592750863,22.953165268231793
51.504179040791236,93.54475644947931,25.54099752962263,22.953165191785118
53.63327472511141,95.06702992840198,25.54099726968589,22.953165076514825
37.72986895723358,83.05688063169306,27.105068174338037,22.704174653209044
47.270870489560195,89.71043177804232,26.383344192936768,22.489049479956325
48.26714699312764,90.53962614090912,26.3833434662279,22.489048653621513
36.04230200026921,84.11585108595078,26.485537419229914,22.644488701892705
45.09149936103462,90.68026740305477,25.80293707025768,22.325586869076318
46.08668350526882,91.5034775171045,25.802935598309965,22.325584735611862
47.55580376183363,92.4664066186107,25.802935136449886,22.32558419575406
49.79548425215769,93.7563625307872,25.8029347362461,22.32558384181429
51.414590167292346,94.65596507300671,25.80293429933311,22.325583702939515
53.1550453349659,95.76415526270488,25.802933549938768,22.32558344286694
55.196858601366586,97.38241044256078,25.802933287431582,22.32558335994955
57.71997498300034,99.3463428399618,25.80293322451197,22.325583355110258
60.301340638564085,101.4241905720339,25.802933084038784,22.325583329351094
62.59597431942371,103.31214302508694,25.80293297619526,22.32558331712014
65.14726394649904,105.1919787697737,25.802932838865907,22.32558327740788
68.02097697983089,107.33729681191379,25.80293280522222,22.325583255749756
71.14424769540003,110.07866230842791,25.802932397338342,22.325583128200023
74.43953885801935,111.79441535514374,25.802931966020594,22.325582953271187
77.7405149206553,113.59250044117242,25.802931439869795,22.32558249137312
80.72400390000315,116.1111105540467,25.802931077457025,22.32558226684526
83.12621577513599,118.41719606168458,25.802930659405707,22.325581947828063
85.29326103512872,120.29564984391982,25.802930372269362,22.325581846431298
87.66873018715174,122.54925572661736,25.80293000691353,22.325581766216885
90.03936460694894,125.1579097640235,25.80292980211526,22.325581735838202
89.92271049120737,127.79875552675095,25.80292968851899,22.325581761591796
92.27904739290352,130.62882698608286,25.802929549219694,22.325581741487525
92.28688129378926,133.385342486459,25.8029294299618,22.32558174659465
92.33246572928843,136.53723728856565,25.80292927551336,22.325581758012447
94.84603823005277,139.8902002716524,25.802929182889688,22.325581733306237
97.23719946957979,142.84805192809884,25.802929110604467,22.325581717074726
97.316850778131,145.9904991642519,25.802929041076087,22.32558171116874
97.33015353465633,148.95172896611527,25.80292897019174,22.325581709797966
99.69848261646129,152.1714958279958,25.802928902895307,22.325581696516632
99.71599882608587,155.1124700593662,25.80292881186438,22.325581704845227
102.24751875342571,158.36495939611348,25.802928736847782,22.325581688119417
102.28144086100747,161.37663284622724,25.802928689035966,22.32558168883183
104.80198447052906,164.6044093830157,25.802928620566508,22.325581670064455
104.85856512072415,167.48066418091295,25.80292857857583,22.32558166823363
105.40156381448477,162.62622491826002,25.80292841490864,22.32558167638858
104.11363094256215,165.08246199607584,25.80292841320945,22.325581676183006
104.64799687274747,160.19113508906202,25.80292821845008,22.325581681616885
103.3606660238062,164.21506134983628,25.802928184612657,22.3255816762427
100.26151660318037,161.63810294484568,25.8029280947425,22.325581650438952
102.7705395615429,164.16357916448888,25.80292808026961,22.32558164569235
102.73070149462815,167.02384346340287,25.802928018120017,22.325581650464446
103.20650035790808,162.1696035186196,25.80292780332849,22.32558165874438
103.27155015475063,165.26870053549672,25.802927759532974,22.325581651937195
105.72486474099733,168.44442433711737,25.80292767258034,22.32558163094077
102.6888194767548,165.87403937398304,25.80292757530246,22.325581598713292
107.39425587375064,166.452090544727,25.802927240722397,22.325581556915616
102.94420422742445,166.93779232662945,25.802926964344017,22.32558147268684
105.35968849101243,163.05970338548366,25.802926817142392,22.325581452756726
104.15561160546483,165.48708490106844,25.80292681588348,22.325581452593042
101.18965042550501,162.84373073555219,25.802926740042636,22.325581428675633
103.66539992863308,165.44822888664152,25.802926719077025,22.325581422425884
100.6611277554106,162.83770520122272,25.802926620484122,22.325581391835268
105.3702235408232,163.25683522601793,25.80292600577464,22.325581337228506
100.98789383051039,163.7874304587727,25.802925544808478,22.325581238464014
105.88951314080083,164.24621908922518,25.802924839266655,22.325581065438172
101.23875030660346,164.80338320021508,25.802924438020288,22.32558098943926
104.58939517357791,162.01539169860519,25.80292435784947,22.325580945173698
103.1788318481455,166.26428114795615,25.802924309266643,22.325580938988825
101.83451703560755,168.73217927851687,25.80292430711478,22.325580938701165
103.97978769356936,165.02025544751694,25.80292416321872,22.325580925377473
102.66732478393989,169.3756445680433,25.80292413065578,22.32558092071397
103.17413892100579,164.61173474892416,25.802923981714716,22.32558092546834
103.16944405933849,167.42253530155895,25.802923932038112,22.3255809249351
100.06205393241937,164.7637585554672,25.80292385521838,22.325580896915955
102.58726098842482,167.30030073721554,25.802923828595667,22.32558088781991
103.0729971856736,162.56366122031767,25.80292345901572,22.325580922287045
101.84193002843112,166.67425978679586,25.80292341223357,22.32558091762658
102.37229122585539,161.9104415139422,25.80292324924998,22.325580935318754
102.31815687190851,164.78355848032436,25.802923159746115,22.325580942678936
100.857587746517,169.0079942894453,25.80292312393856,22.325580936985908
103.06301545221,165.1405526407679,25.802923005826504,22.32558092592999
103.15056955848766,168.22972333374153,25.802922972721213,22.32558092868513
103.64803517912188,163.32919681012305,25.80292265443785,22.32558092874197
103.78538239887872,166.44044100884108,25.802922598068537,22.32558093462619
99.04760434358754,167.04575416317863,25.802922335054724,22.325580870496104
103.89010561396817,167.4878482021556,25.802922121258785,22.32558090813891
101.17583246882927,164.87873309286493,25.802921982856162,22.325580879222706
103.72402473543696,167.59103673250328,25.802921974939864,22.325580876862496
101.36714696076496,163.7758471422468,25.802921916678876,22.32558085739378
101.46250350395673,166.86491842020132,25.80292184847427,22.325580849092166
103.89523710782888,162.9189657663389,25.80292171226317,22.32558084904717
102.49506012415281,167.02820105629092,25.802921675709072,22.325580842568453
107.18828996246589,167.63986940944145,25.80292134966886,22.32558083289217
103.06642099604473,167.98455439346176,25.80292110807269,22.325580781767428
103.54060778618859,162.99744377681043,25.802921024317428,22.32558078551686
103.67327273870791,165.89215622641942,25.802920986880178,22.32558078253913
103.6699709097695,168.6425295903573,25.80292096001497,22.325580781653088
101.3502442183494,164.98339019941625,25.80292093175289,22.325580774014956
103.99453896474024,167.6087907449618,25.802920916510256,22.325580769349624
104.41003556689319,162.80379569189606,25.802920768501686,22.325580755547037
104.55593209231779,166.17197430305552,25.802920736231965,22.325580745294783
102.86008460025577,170.48369277060104,25.802920697772976,22.325580737999132
105.29420985198225,166.6098906048619,25.802920564345666,22.325580699360202
103.99584867037267,169.21291794877766,25.80292056313918,22.3255806990287
106.41196520413665,165.06531587973998,25.802920447729125,22.325580674506384
101.65046125852513,165.70151722391864,25.802919992394536,22.325580630306508
106.14161253016488,166.30487917682672,25.802919161151184,22.32558077215119
106.63967470464759,161.77029512511623,25.802918960554603,22.325580784751825
106.5788789010682,164.62551042814377,25.802918828356866,22.325580800797574
104.62629788515667,168.96187565478098,25.802918764156342,22.32558079338497
105.13471896109556,164.31829139676964,25.80291838149703,22.325580806600065
108.39547190686599,161.91620539183353,25.802918322628287,22.32558077744029
103.55423156623351,162.47434103784119,25.80291819182048,22.325580742825498
108.1096982700354,162.7762443551144,25.80291808804971,22.325580723154882
103.61152371495959,162.6913868255907,25.802917863484552,22.325580645912613
108.24128552560914,163.00910047344505,25.80291763390906,22.32558064636562
105.03553364358602,160.3971484109671,25.802917606146213,22.325580638478467
107.44690965982596,162.83414130024502,25.802917572567697,22.32558062728712
107.27517163889753,165.4210884970709,25.802917497767304,22.32558063900032
107.76686518746548,160.46081093812734,25.80291745364425,22.325580642141393
107.81219818042216,163.41938809533625,25.80291741910211,22.325580639857385
107.88104605557882,166.38418320796387,25.80291738362014,22.325580639821858
108.3956055703883,161.42107896489784,25.802917130322584,22.32558062986017
108.49136913980279,164.32504968822062,25.802917060108577,22.32558061998218
108.58116358376607,167.15380268287805,25.802917026494896,22.32558061974202
109.22370869314466,162.30458336215125,25.802916658163436,22.325580616786436
109.23035537631785,165.678424411178,25.802916619580756,22.325580613306908
106.06246726317097,163.21342880776263,25.80291651683396,22.325580574867875
108.60586517518492,166.02900989291294,25.802916499690838,22.325580571162725
111.95314718433536,163.42928349061214,25.802916347051557,22.32558049871963
110.77486373269147,165.8286381870186,25.802916344364014,22.325580498454325
106.42923089847453,166.11363178514299,25.80291595292241,22.32558036084508
111.077940006086,166.47556495319503,25.802915378385503,22.32558024902994
108.19319396075556,163.95821595719062,25.80291531969334,22.32558023154781
110.64950544001618,166.45336867384887,25.80291528979148,22.32558022196788
108.76260884355489,163.02995945128683,25.80291526219407,22.325580219978907
111.12474501022037,166.08243872693595,25.802915179992244,22.325580202921408
108.22701970501764,163.49567726359822,25.802915102989267,22.325580180378097
110.72767942360004,166.1743235931974,25.80291507424122,22.32558017330985
107.78666493707668,163.6198170664101,25.80291499073886,22.325580146287543
112.71501364771342,164.01359191723307,25.802914651984896,22.325580119152562
108.29361702202762,164.62470001997377,25.802914438695858,22.32558004297412
112.96040485570244,164.79750605985288,25.8029140200645,22.32558004212104
108.51139553999259,165.14999486951376,25.80291381450908,22.325579994763547
113.13008348231583,165.83312581857692,25.80291318926202,22.325580055713125
108.43706424342261,166.47267839845264,25.80291288683607,22.325579963214807
112.12638008901277,163.75337435441145,25.8029127874526,22.32557988174154
110.97434282698717,166.07207490648523,25.8029127856707,22.325579881567336
108.93526415334885,162.47730614766684,25.80291270802056,22.325579874027135
111.28292304993543,165.6994323998339,25.802912660056148,22.32557986069033
108.24053898667549,163.00237517876366,25.80291249128794,22.325579808507104
110.82911030609807,165.85710697909124,25.802912472529457,22.325579804195886
107.71508788810515,163.15963634073455,25.802912321790448,22.325579750953217
110.59196663560434,165.96016129284152,25.802912303598696,22.32557974679421
109.40795589312718,168.37391861740022,25.802912300363328,22.325579746114347
112.91287902138795,165.74549232068415,25.802912254321523,22.325579712745963
107.8207503006782,166.35654037826924,25.80291218841679,22.325579683124165
112.48565882968123,166.47394466505017,25.80291194864803,22.325579658847243
108.16234699301256,166.9097328724957,25.80291105686087,22.32557967236956
113.01770719936917,167.29087748403643,25.802910706403505,22.32557961573861
109.86633430573488,164.6481901690297,25.8029106745803,22.325579604333605
112.30008257149852,167.76588217056266,25.802910633531514,22.325579588694442
109.2417165280583,165.16674820696701,25.802910599898027,22.3255795791792
111.80426755810781,167.61145727225252,25.80291058295089,22.32557957376074
109.48549764574081,163.98478763032057,25.802910544098474,22.325579567005754
111.76995176720138,167.33584754700286,25.802910515746426,22.32557956091173
107.2642284034864,167.82072926388213,25.80291029035655,22.325579525323647
112.04972906826035,168.1402830778859,25.80291001366509,22.325579482269397
112.51426711867263,163.11602255015248,25.80290974997584,22.325579495866098
112.61294207935887,166.26293989543885,25.802909704768748,22.325579491572668
108.03717037106311,166.53569147187957,25.802909504111735,22.325579478187098
112.75802235113083,166.8431441265309,25.80290934036301,22.325579466640654
111.72507683907635,169.36374253838113,25.80290933702142,22.325579466060272
112.20307223219959,164.4396845699497,25.80290892486323,22.325579481902633
112.04662812442248,166.47916072085158,25.802908845959042,22.325579492568366
111.89643916287389,168.98261683173908,25.802908774280482,22.325579502238686
112.37980263053461,164.67888203927097,25.802908440082817,22.325579528459063
112.27792448789991,167.33550683104397,25.802908378053615,22.32557953292577
111.02715978839043,171.3118609557242,25.80290832188762,22.325579527889012
111.45302629688526,166.5560654674178,25.802908095368114,22.325579546860254
111.41047945507975,169.44040241276673,25.802908027429385,22.325579552951943
111.99236933034645,164.6854394863269,25.80290789325189,22.32557956354642
111.86928855502259,167.33866919218542,25.802907804209223,22.325579578709277
107.51402262782385,167.76618909610687,25.802907470191183,22.32557948663326
112.33248278076769,168.14627542745885,25.802907139584242,22.32557942944384
112.9128744797518,163.45459832895466,25.802907032479048,22.3255794394405
112.83142536667118,166.2847048198026,25.8029069416609,22.32557945136643
112.6850081448651,168.94926441248288,25.802906835130788,22.32557947148077
110.9252526701504,165.49112714054755,25.802906800139404,22.325579467774492
113.25815869118318,168.25909031480722,25.802906773607276,22.32557946126567
111.11322406436122,164.68285025647526,25.802906718779518,22.325579452502303
113.72253804009547,167.34358634269392,25.802906696998512,22.325579448033746
109.16618612745927,167.9375545286795,25.802906245232347,22.325579382062347
114.14633024020247,168.33717883351076,25.80290606753648,22.32557940816871
114.94318444314614,163.57056727971107,25.802904984723487,22.32557936360748
113.80426342130065,165.9028977454037,25.802904983584146,22.325579362855766
114.59798318279807,161.19704957257903,25.80290416317261,22.32557927448411
114.70697610613549,164.7560557880337,25.802904125347105,22.325579271858448
114.63900847915765,167.7115580569758,25.80290407275371,22.325579277278653
115.14247666728755,162.84645338434436,25.80290353137856,22.32557927195565
115.12125707105058,165.85257358803375,25.80290348289024,22.325579274427945
118.66250519244556,163.15619585701643,25.80290340632951,22.325579228039732
117.51182369744156,165.75818059647978,25.80290340500452,22.325579227720173
114.54941351787818,163.32291268431726,25.802903341005035,22.32557920152035
117.36878689634334,165.82262324834124,25.802903322508573,22.325579193162294
119.8696644218492,162.15161259267978,25.802903032239055,22.325579039183733
119.80679366062938,164.57771999759436,25.802902983490707,22.325579042586963
116.88877994817535,162.03800760154488,25.80290278617586,22.325578976592688
119.82221109945277,164.4646395304497,25.80290278067912,22.32557897376354
125.10453039767765,164.58800133051128,25.80290232204676,22.325578965921704
120.71557874895336,164.86138097380882,25.802902062671603,22.325578867501818
125.45097950272242,165.58814968441177,25.802901908588055,22.325578910437738
122.06611923665365,162.7518738737325,25.80290188637381,22.32557889986879
124.54630952849246,165.21517529935673,25.8029018568954,22.32557888904392
125.07366950993791,160.27583136666607,25.802901699721946,22.325578895843687
125.321606695296,163.1578330053213,25.802901614703742,22.325578895358206
125.38980372756721,165.77870359211323,25.802901544254233,22.325578902194266
128.77077356197557,162.8853084503394,25.802901401041765,22.325578814800735
124.46556972030547,162.4440048786833,25.802901255097296,22.325578796114225
129.44988818092656,162.70362517752625,25.802900846611458,22.325578875785006
128.59368564019059,165.52267930455662,25.802900842519783,22.32557887520332
131.18835366483833,162.0853810771687,25.80290061628334,22.325578734214982
126.46829964913411,162.3353693532838,25.80290034843641,22.325578608347747
131.40497768348152,162.80179031496522,25.80290014522012,22.325578581995714
127.14226740586777,163.0188157603857,25.80289955786949,22.325578549175532
131.90569724566038,163.34691913890347,25.80289916173154,22.325578519167884
136.54924873906026,163.6378889182709,25.802898874211536,22.32557847888471
132.3741361634851,164.16107723661332,25.802898576753467,22.325578428160288
135.75716183715872,161.32535766357972,25.802898521825664,22.325578403390086
135.8061628985977,164.0933077203319,25.802898445294378,22.325578405852507
135.73690411682767,166.60064981194913,25.802898331050457,22.325578422904925
138.33030222445439,169.14445422390637,25.802898304151515,22.325578413229973
138.8045650632457,164.35673783219877,25.802898114945567,22.325578419240326
138.94528772346385,167.29504654939237,25.802898059325493,22.32557841649379
141.51949312875328,169.8319623305798,25.80289804586579,22.325578412346434
142.0483959793106,164.88584683450225,25.802897882928598,22.32557841695274
142.03249719473393,167.66274712508465,25.80289780833108,22.325578418673693
144.2697747600907,163.4921114259744,25.802897693181485,22.32557841644252
144.29634921510868,166.13010498450467,25.80289751473489,22.32557844766689
149.29931054715058,166.25699906911413,25.80289716815594,22.325578392042
145.18413490131707,166.2562099141045,25.802897011763918,22.3255783774705
147.85964674233213,168.79633766967987,25.802897003744974,22.32557837474259
148.3905187045604,164.38020332773135,25.80289598109051,22.325578343734804
148.54294013588202,167.72388967765335,25.802895858744588,22.325578328369623
153.12785072392649,167.7422249707634,25.802895468178118,22.325578326381095
149.7632944508891,165.07693391581427,25.802895389130803,22.32557829440314
154.3928626828735,165.45578710194263,25.802895125113185,22.32557826627405
152.26103701167833,161.9760533981255,25.80289509650133,22.325578262867122
154.68581714902635,164.62076298702095,25.802895082577983,22.325578259270504
159.55740834152684,164.83741676729113,25.802894879889053,22.325578227225943
155.18124073309755,165.2490597204781,25.802894548346718,22.325578198556652
160.18335033568147,165.42067815161582,25.80289439835466,22.325578170092026
160.565050678432,161.09118559467976,25.802894267510602,22.325578146024654
160.6218476281784,164.27498725094375,25.802894229478504,22.325578135498613
165.5052129448945,164.2774175884326,25.80289390457896,22.325578122444842
160.95103007986194,164.01605458706285,25.802892668396574,22.325578185433624
165.6110554963078,164.7581714077664,25.80289207506782,22.32557840022771
160.88424941268374,165.24270404011477,25.802890961065952,22.325578324892568
165.64702290425996,165.8792077947893,25.80289005182711,22.32557868526399
166.0960829844576,161.7451028328491,25.802885645559286,22.325579151746886
166.00050485280963,164.22557061389102,25.80288552152612,22.32557918231441
171.05662729225628,163.8454665274605,25.802885248650913,22.32557898687408
166.86325678695516,163.4181942278651,25.802884621069566,22.325579065686796
171.86200968264689,163.6291933350492,25.80288401767439,22.32557926273559
166.96802907173267,164.53962857807568,25.802883279663924,22.325579295367003
171.85154517075355,164.89978594009605,25.802882751238904,22.325579193251624
174.49870881976975,160.68927460525205,25.802881758595905,22.325578494104164
174.56424147479038,164.0577466998847,25.802881638393043,22.325578503447282
169.68108392345206,164.85816224210785,25.802881280864614,22.325578450800247
174.85834449909507,164.8931786651946,25.802880927308074,22.32557840983114
175.4288319346918,160.22352684482703,25.802878431984368,22.325578080229384
175.59117974290868,163.8851958653021,25.802878372906473,22.32557807104805
178.37988367019173,166.18039931683796,25.80287835525445,22.32557806266017
175.9945540351563,162.94209997594513,25.80287817860899,22.325578004821825
176.20325291873985,166.38048928446906,25.802878119142616,22.325577990374025
178.87861777705547,162.4036511821426,25.80287786799603,22.32557797127206
178.84018257485428,165.36376470330674,25.802877756455818,22.325577979725036
179.36014024858042,160.65397591772847,25.80287713621451,22.32557795230983
179.43037282349871,163.5235845595814,25.802877052214853,22.325577949945508
179.53151995988503,166.5169493688633,25.80287696519986,22.325577953268894
181.8266772891065,162.63745472841958,25.802876695032076,22.3255779000499
181.02773579913628,164.62080154919906,25.80287668890378,22.325577898246195
181.73031988441636,159.73909293993037,25.80287633641309,22.325577872826027
181.52368445239193,162.58771429421319,25.802876250144557,22.325577901076826
181.4990384545651,165.6927710503179,25.802876139616846,22.325577914258048
185.24111055194723,163.284269855784,25.80287567883082,22.325577530040924
184.2904687468538,165.54450802645144,25.80287566722967,22.325577529953616
179.77140767891945,166.07839075859468,25.802873718625754,22.32557670552152
184.47158584273188,166.36661645516313,25.802872730051178,22.32557685237794
181.11745701693985,163.58159682958464,25.802872706464314,22.32557683122654
183.98246490373577,166.0866262735883,25.802872687572147,22.32557682307154
181.72370568647656,162.40641354058454,25.802872601735395,22.32557681681956
184.1372212665508,164.82959650873482,25.80287257714598,22.32557680916886
186.44314904191404,167.4360055872422,25.80287253331646,22.32557679790606
183.10851904252468,164.7367248535727,25.802872507070802,22.325576787583955
187.89842290618827,164.8381594791567,25.802872061237707,22.325576668577096
183.21207181786784,165.1928749275832,25.80287163930681,22.325576645118083
187.9871198183614,165.45020420187942,25.802871196486223,22.325576607210607
182.95727484894692,165.76982417318575,25.80287065985128,22.325576571862634
187.6535240859986,166.12990988166734,25.802870202105353,22.32557654686344
182.7046374181444,166.46276069883316,25.802869795138008,22.32557648065844
186.5195876212041,163.8135725624095,25.802869367656307,22.32557619329462
185.5326545730584,166.01155487541783,25.802869358867994,22.325576189775514
185.95403921072975,161.43575612690844,25.80286791818872,22.325575710109728
186.01891808538156,164.72436992549396,25.80286787123574,22.32557570540694
184.96928782008092,168.75416795598463,25.80286783321821,22.325575706132142
185.46820325908294,164.29116049701707,25.802866869307188,22.32557572385975
185.6303979130036,167.60757152846924,25.802866750947615,22.325575697698604
183.58732596416976,164.230044295777,25.802866678125785,22.325575689206143
183.52271008940966,167.02025525699187,25.802866587273883,22.325575691367444
188.58088585832115,167.25260186740888,25.8028661770754,22.32557559959605
184.38539656397154,167.71758287895344,25.802865952603266,22.32557555589616
186.9612723369812,170.20403021825652,25.80286592483343,22.325575545869068
183.83086287075795,167.7336003249746,25.802865898997492,22.32557553781622
188.56031529772565,168.04920367858372,25.80286531141949,22.325575462258445
184.39636973224626,168.3991371818923,25.802865092585815,22.325575406153195
184.73681236774334,163.64315812195858,25.802864957719105,22.325575403767242
184.75888182772692,166.87701861651297,25.802864920061133,22.32557540007107
183.54765441158006,169.52077834419345,25.80286491837052,22.32557539966614
183.92141013388598,164.85846202529856,25.802864801025343,22.325575392802616
183.98205751022763,167.86441486164026,25.802864747951354,22.3255753902852
184.46857637764447,163.2995511804381,25.802864494425638,22.325575389103104
184.36903115639456,165.86491696802494,25.802864426318692,22.32557539657105
184.2610742723852,168.45804396981086,25.80286427274279,22.325575417504812
184.9900451266215,164.22462403248448,25.80286361956802,22.325575501813322
184.89659507748416,166.81058322044757,25.802863489580766,22.325575518068526
180.18132222919857,167.09128322477505,25.80286147191855,22.32557538648497
184.77147476298148,167.49182132148616,25.802860931635443,22.325575247635825
181.73212789897917,164.82749968201705,25.80286079291032,22.325575204583064
184.11115600214524,167.50424867799038,25.802860750366026,22.32557519466156
180.90655526254739,164.74570545169007,25.8028606075525,22.325575141372294
183.32777915963266,167.37054738451735,25.802860571102862,22.325575132681838
180.16883008642765,164.72559391709973,25.802860444044896,22.3255750889099
184.94428050011706,165.21443681279771,25.80286007595563,22.325574987440042
180.52610233219292,165.61634843280424,25.80285929510469,22.325574801263826
181.13518107688236,161.06842581130542,25.80285897792882,22.325574821788322
181.09981583012683,164.0322193248304,25.80285891936262,22.325574827056474
179.92218219072797,166.6442822563211,25.802858911859666,22.325574826196654
176.84261530108498,163.99973123978893,25.80285878001284,22.32557478177689
179.46032948361844,166.82190126323616,25.80285874822839,22.325574773181977
179.44932677442972,169.6767124508617,25.80285865515803,22.325574781048612
179.91653344720496,165.3438739094061,25.802858206240746,22.32557479334207
178.87897374783427,169.18261378297052,25.802858109590233,22.325574790170784
179.51822800338698,164.61202662379975,25.80285790403444,22.32557479210604
179.58519661768108,167.3775347975701,25.802857840587343,22.325574794357838
176.40669579781195,164.74009985610962,25.80285769886198,22.325574758455545
178.9591872352126,167.35822172177942,25.802857676996485,22.32557475193899
179.6238356007054,162.39897411908285,25.80285729649002,22.325574779109424
179.59048136951458,165.19576686072196,25.80285722391569,22.32557478701165
179.5560511905423,167.88927810676105,25.80285717766684,22.32557479020326
180.11682059353615,163.29570739910324,25.802856891538454,22.32557478706183
180.25831926953776,166.3948988293292,25.80285684969682,22.325574781071577
178.41748848607028,163.13862103316126,25.802856810796786,22.325574774194802
180.91829745016432,165.8983811770962,25.802856791086537,22.325574769070272
177.77474160405293,163.30689926477552,25.80285672412349,22.325574745597656
180.1432723676759,166.08403726203053,25.802856697426897,22.325574740620088
180.73315252711285,161.578108264153,25.80285647701033,22.325574749924947
180.73889737061285,164.7392179486404,25.802856404854662,22.325574752745815
181.32051411133753,159.9175893798755,25.802855726749996,22.325574749162335
181.5259847315089,163.21779818745856,25.80285566997427,22.325574747979392
177.1438914651708,163.6882013423165,25.80285534351963,22.32557470790919
182.0839187563679,164.1829482324638,25.80285523500244,22.325574714903265
179.55866644318579,160.75381697196465,25.802855176918392,22.325574696991602
182.03998231014228,163.1005205067398,25.802855145428516,22.325574686157143
180.86777257202795,165.53670705910332,25.80285514228707,22.32557468552556
184.45829971352322,162.86429209534623,25.802854974591927,22.325574576876402
180.25117428598537,163.20044678582468,25.80285450215298,22.325574534965998
185.20689466353357,163.37345273678693,25.80285364268643,22.325574420694466
180.92363685516534,164.02209374724248,25.802853336876545,22.325574380297923
185.6848127194881,164.1555538471814,25.802852873184634,22.325574270141722
182.5725826694295,161.59736922887024,25.80285284833237,22.325574259327524
185.00837417232248,164.25428322739882,25.802852827470684,22.32557425375598
185.43468590216557,159.5671580334386,25.80285247283367,22.32557422968911
185.49544268550457,162.59513359292623,25.80285244421823,22.32557422918307
182.2667527981823,159.95079428014577,25.802852400900107,22.32557420865636
184.8018580400821,162.57774573976207,25.802852373948692,22.325574201563633
187.41890822688478,165.13257963502951,25.80285234214018,22.325574189043916
184.75617113452284,161.85390242637393,25.802852264626498,22.32557415612922
187.05399242836256,164.0422988826494,25.80285224362796,22.325574151293157
187.7051675487609,159.3027320322402,25.802851093407448,22.325574246154524
187.67656246736271,162.34504390226405,25.802850840602108,22.325574319735942
187.6445962689011,165.3835992616643,25.80285068459163,22.325574368299943
188.07930427669433,160.88006591528148,25.802850131022222,22.32557433438103
188.05462469391,163.71215057277746,25.802850042051897,22.325574330912477
188.54777390142104,159.26439464225314,25.802848936428482,22.32557456476388
188.50953375221258,162.1214689081665,25.802848831302896,22.325574554360493
191.18793958478693,164.94116059258673,25.802848689591652,22.325574501560094
188.085435600232,162.31306306750284,25.8028486287638,22.325574483368463
190.5819253807325,164.73380868486453,25.802848594282548,22.325574471026705
186.71593628982586,164.95831450759883,25.802848359652938,22.325574419615183
191.34076572215778,165.24050530532202,25.80284807958384,22.325574363990405
188.12506464513038,162.6794298666496,25.802848027217767,22.325574343355544
190.62145309657097,165.1814232894405,25.802847995064113,22.3255743332535
188.27269825133394,161.57400165745398,25.8028479199132,22.325574324063687
190.75781381414046,164.73571312322122,25.802847850513498,22.325574301312116
187.80889240051886,162.1254423955884,25.802847793693,22.32557427937437
190.40569941761507,164.86520494487422,25.80284776554307,22.32557427006666
190.7582665068385,160.45189061909423,25.8028475616483,22.325574236629127
188.68603524329268,164.55270067724547,25.802847503290767,22.325574222255323
189.13483792532097,160.08101005175274,25.802847021951344,22.32557416373154
189.02195644057267,162.68584556140735,25.802846983449435,22.325574164930146
188.8638125108903,165.45844382154272,25.80284687823173,22.325574177862496
189.47905489948562,161.1289359688267,25.802846467458018,22.32557422777692
189.45347382100348,164.22536316804133,25.80284640388467,22.325574233797163
190.04365362257712,159.67265739998223,25.802846164293264,22.325574240374344
189.9500544390499,162.53700103437032,25.802846041443352,22.3255742579751
188.9103596551072,164.71826710394635,25.80284603718521,22.325574257647503
186.99242644888596,161.5547665614636,25.802845998364226,22.32557424779494
189.57891924082952,164.29399910523043,25.80284596821853,22.325574240522506
186.59694095487828,161.69252511184567,25.80284570723528,22.3255741338777
189.16804452965386,164.45148082944672,25.802845703375056,22.32557413284914
184.5286613007545,164.5416825838191,25.80284552909368,22.325574005690523
189.2273553241287,164.3690188224124,25.802844986922945,22.325573882963667
184.7362508916844,165.05647961045608,25.802844646184102,22.325573747954458
189.60340903061604,165.33459631408624,25.80284424051318,22.325573746761027
186.28711416423405,162.78760164945024,25.80284415623005,22.325573703779614
188.86947921198328,165.52533239353326,25.802844132753098,22.325573698615305
186.6274414641729,161.97640723712834,25.8028440821092,22.325573688701734
188.98689303693013,165.0886733098343,25.802844001322523,22.325573670670224
185.77281987164977,162.50567098815213,25.802843969578518,22.325573656289162
188.1100479468415,165.1507267618089,25.80284393873243,22.325573650723722
188.69584204562992,160.48195836258176,25.80284356597705,22.325573637349375
188.741461375338,163.54246327478597,25.802843517007386,22.325573639601117
187.5027128258002,165.9735755643778,25.802843515252878,22.325573639274886
187.99435973412866,160.99834486515672,25.802843291525782,22.325573650082724
188.007629595691,163.94203063135458,25.802843227528747,22.325573657756568
188.12464366080962,166.6109466178673,25.8028431535554,22.325573658760693
188.65523256232404,161.92558620273388,25.80284284266829,22.325573625685262
187.50397399548393,165.48765299443258,25.802842800674078,22.325573629171405
184.56412618614567,162.96546007761194,25.802842527016576,22.325573552778494
188.9640671164023,163.29744342722393,25.80284164794864,22.325573628495043
184.2479576090795,163.74309680598793,25.802841157284206,22.325573509684666
189.39841822577927,164.16616608921098,25.802840410334838,22.32557342056402
184.65527988446036,164.52509731116714,25.80283951271142,22.325573284677017
189.27897579650647,165.06512093505884,25.802839389363843,22.32557328668763
185.857498961072,162.30453348546342,25.802839378287008,22.325573278194135
188.15546407694512,165.26344634432883,25.802839246028064,22.32557325931589
185.10470479232848,162.5142193033174,25.802839184279907,22.325573247405657
187.4389445240111,165.06434156758388,25.80283916351105,22.3255732409674
184.3199906278111,162.34729460527632,25.80283906940593,22.325573213403594
186.67497254461696,165.10492209639472,25.802839034317174,22.325573205532034
187.2978168438878,160.9512705027467,25.80283851656318,22.32557296417816
187.51070838871468,164.2615446322138,25.80283846504877,22.32557295353495
183.29818644888633,164.28920573931765,25.802838284952042,22.32557293193656
188.3395136587653,164.25195118309466,25.802837864522683,22.32557293780611
183.58153347979604,164.63454996827306,25.80283657542753,22.325572882936957
188.00420253001928,165.19436207326152,25.802835389043555,22.325573049257084
185.0623114151686,162.67572706207073,25.80283523196512,22.325573002516293
187.39197758207357,165.8557061521734,25.802835173545812,22.325572994155465
184.2884739497974,163.2118482177442,25.802835029956032,22.3255729511486
186.54979861830344,165.94205995788278,25.802834981121478,22.325572940414926
183.41160367876782,163.3859918064075,25.802834784509134,22.325572879382307
186.13394402936447,166.02455758673494,25.8028347740812,22.325572876192066
184.20439903549828,162.73322106543554,25.802834672015596,22.325572845975916
186.64932196380104,165.4204161292528,25.80283466349359,22.325572843616026
183.13768380842316,162.63299443275412,25.802834645208794,22.325572829936156
185.61563772852782,165.1841142398709,25.80283462665479,22.325572824467244
182.61306235143797,162.76440647178862,25.80283458585157,22.325572810399848
184.99893210409255,165.37071421911432,25.802834563422028,22.3255728057082
185.47199444931542,160.69559911462454,25.80283436705208,22.325572797707736
185.56158395261622,163.8617692368527,25.802834328522383,22.325572793729986
182.34298824173547,161.15249090510144,25.802834263925266,22.32557276701643
184.79025006939827,163.625715073047,25.80283422920514,22.325572757236177
181.4163172602932,161.12126524206522,25.802834170535395,22.325572730478992
184.28156404822184,163.53249700541735,25.802834140210354,22.325572716195364
184.66953156368973,158.95260584764273,25.802833507448856,22.325572622076685
184.6843032120234,161.81542384643961,25.80283337403636,22.3255726298845
184.6260220096816,164.96526562809632,25.80283323342043,22.325572637432916
180.07333686427873,165.43731702116926,25.802832049006458,22.325572496207357
184.70678668270114,165.96817547440273,25.80283152104832,22.32557238470811
181.65424169739504,163.30017265733576,25.802831350364148,22.3255723311284
184.07620040407716,165.90659198778812,25.802831306842428,22.325572319973464
184.56970807436971,161.17669400041464,25.80283085597444,22.32557234287714
183.28576389369954,165.04395970648972,25.802830719008536,22.325572333314877
183.8552465320972,160.41243990019115,25.802830452856217,22.32557235698377
183.74317310190037,162.9888282396794,25.80283026167703,22.325572396146907
182.66221163880994,164.92839389863929,25.802830256186766,22.325572395365853
183.24191845929798,160.17233996152717,25.80282983370895,22.32557242046897
183.10366727232739,163.13247445966306,25.802829658001837,22.32557243664836
183.13435322719434,166.27677825685436,25.802829566452758,22.325572439616828
183.75396942198893,161.7541284838539,25.802829359366363,22.32557245558848
183.69213427070042,164.636796975731,25.802829262754333,22.325572462190745
179.07561030361825,165.2262727462158,25.80282780421849,22.325572065439545
183.87994930025965,165.60790817180893,25.802826721336107,22.325572009598613
180.72498156678265,162.9975041727117,25.80282661852691,22.32557197861827
183.21207312670816,165.74893349632686,25.80282658125643,22.32557197015135
180.05298956404013,163.17172618549137,25.80282649696725,22.325571938044284
182.50050197546375,166.0141546364624,25.802826450578802,22.325571927734305
183.1234135066419,161.34962578466582,25.80282617550732,22.325571937846018
181.7582891061357,165.38368626781616,25.802826048449656,22.325571927966248
182.32860133054356,160.9157511773069,25.80282576516891,22.325571938391487
182.36852100573583,163.9829580371504,25.802825681621005,22.325571937881687
179.16730536264456,161.305142394023,25.802825479766458,22.325571872665567
181.217536843307,164.12391137445624,25.802825431954748,22.32557186803687
183.4589757269006,167.02732300359168,25.8028253960908,22.325571863397585
180.95719793004815,163.73241737638588,25.802825215106978,22.325571792735943
183.74022156561458,166.8412154187821,25.80282513559399,22.32557176202069
178.92124753306757,166.97016741781948,25.802824210819836,22.325571369645445
183.6408750407875,166.8234932748731,25.80282395612218,22.325571343160284
184.2315801622223,162.6345642678929,25.802823549068012,22.325571195194406
184.38751661278312,166.19944846842535,25.80282345807169,22.32557116571157
181.1207746667572,163.5842255605966,25.802823368037387,22.325571119552624
184.09396641243515,166.25281372443527,25.802823352938788,22.325571114812334
184.60775785842046,162.47791476757828,25.802802483177345,22.32557197042082
184.67369270667533,165.63291831708344,25.802802430594234,22.32557196674741
181.42229582198303,162.77735730526103,25.802802411068935,22.325571954412016
184.09551837344225,165.1288981134245,25.802802391768616,22.325571945903686
187.78219018831186,162.3916721527545,25.80280222974182,22.325571848505884
182.97083883186158,162.6218502930174,25.802801390396276,22.32557180348426
187.71968407938795,162.90097770005696,25.80280109614922,22.325571767790294
183.48886546174876,163.06287923841057,25.802800834479342,22.32557160927876
188.55569967021262,162.82695272055958,25.802800363413414,22.325571597371425
183.55374339622892,163.26276737146333,25.80279998566062,22.325571474087965
187.22013171382537,160.32013429184283,25.802799896946013,22.325571329312805
184.99130189548794,164.16907848021825,25.80279981224634,22.325571326890604
187.58255114767408,160.4204098101281,25.802797855573026,22.32557132576235
186.64727017363822,161.89989413107332,25.80279784628545,22.325571323245637
191.14838181852144,162.63904574712603,25.802795664001895,22.325571404395532
186.39547250395827,162.8440934910206,25.80279306510087,22.325571429473396
188.4178173212682,158.9339241357336,25.80279260894789,22.325571414003644
187.05491241320743,162.65299929663837,25.80279213568646,22.325571498077903
190.2325294534271,160.07212851332872,25.802791724528124,22.32557133114618
189.1337363085415,161.96848700459392,25.802791716310445,22.32557132859623
184.91056091462718,162.52122405944786,25.802791452808474,22.3255713333064
189.85899060919874,163.3665962809258,25.80279123267173,22.32557129037497
187.89736662610267,159.7977236024015,25.80279114626682,22.325571267021935
190.34015621482035,162.96486599786365,25.802791078023347,22.325571258507274
185.68568317827177,163.44497431730164,25.80279054162343,22.325571201452743
190.5754557111432,163.84955035828366,25.80279030620285,22.325571186196303
194.49081214218248,161.19114532605573,25.80279023938184,22.325571119579205
189.5405208402865,161.58927483769475,25.80278957596192,22.325571082297394
192.05578418487556,164.0643951528644,25.802789524814806,22.325571063988136
192.63970488657904,159.70323054489373,25.802786337235755,22.32557018654569
192.81960784399357,162.72538894045485,25.802786274581475,22.325570164069692
188.1819760153203,163.16671743247986,25.802785191937826,22.325570111896813
192.688405865572,163.74351240081404,25.802783882242473,22.32557013914143
193.32941673894592,158.8553097581986,25.802782585133023,22.325570089899664
193.69845566577615,162.111510318615,25.80278243161064,22.32557007304021
193.8094488709465,165.080759561563,25.802782315062643,22.325570084153448
194.3789471403618,160.32798437765214,25.802782138918232,22.325570067453747
194.31896015671077,162.67364696522216,25.802782074175887,22.325570079996794
196.98593375709171,165.21783522932887,25.802782055115625,22.3255700738476
193.80967234917478,162.50793724190038,25.80278202091293,22.325570058714362
197.51997282999764,159.716774061806,25.802781950380464,22.32557000670215
196.61253097741817,161.95196779156737,25.80278194658554,22.325570005980666
192.3090619085967,162.40558472903257,25.802781722106875,22.32556996531697
196.9956073508797,162.85928292823792,25.80278158155943,22.325569943039238
196.03761301011818,165.31323309511882,25.80278157938193,22.32556994268194
198.3912551317071,161.25962135707738,25.802781309897913,22.32556990802264
197.05924977492728,165.19002721388608,25.802781260289226,22.325569904762897
197.59362404492106,160.5232524731704,25.80278107521347,22.32556988668255
197.69643380973258,163.18479250256433,25.80278097017194,22.325569890760896
200.0062046780787,159.1455704515826,25.802779924855493,22.32556951182837
197.98099447414916,162.23395476137088,25.802779094768994,22.325569672006438
200.55896547840368,164.49640689522303,25.802779049455747,22.325569655400766
197.3377193541286,162.50851901133575,25.80277881295948,22.32556946606782
202.86499571637464,162.24957689471825,25.802778166714493,22.325569504451895
199.3102509566334,162.08507475607513,25.80277109272165,22.32556946421606
198.67878630073216,164.63858542239677,25.802771084188773,22.325569463359905
200.99693360254568,160.37908445405665,25.80277084549088,22.32556943928576
199.3324933719178,164.5369166065157,25.802770758269507,22.3255694257495
202.9683734068928,161.7893835597374,25.802770675196932,22.325569353382036
198.32064892560533,161.8760279626201,25.80277038087488,22.325569280383732
203.55198616743323,161.8710734163367,25.802770038149266,22.325569266531993
199.17444882148632,161.48565142383757,25.802769275331187,22.325568851601275
204.17096439186554,161.7584169368959,25.80276868266845,22.32556885995414
199.67150351070674,161.87264482083765,25.802768096963565,22.32556862068762
204.97933033774615,162.20722740955168,25.802767480909644,22.325568577689474
201.81121191810706,159.51419263052972,25.80276688961531,22.32556836110571
204.96129523008028,162.22082930126152,25.80276687257198,22.32556835414528
202.63446318972223,159.66178139004955,25.802766364359826,22.32556830178285
204.92721359060351,162.57309278519048,25.802766279760373,22.32556828753248
205.13882891185528,157.66194374245828,25.802765957472026,22.325568323070094
205.15114629842017,161.10102613734384,25.802765256899345,22.325568301517965
210.24360499164408,161.61051687142606,25.80276913509998,22.325569720621626
204.9995054506662,163.5108381078035,25.80274418751477,22.32560025583185
209.8966143265651,164.08233013951164,25.80275022111734,22.325603324488007
203.76277258695148,165.63260364059744,25.80274971749546,22.325601967076498
209.8486297457571,166.4204198211127,25.802750182599027,22.325603251103697
210.25492081777196,161.43000981625238,25.802748206816563,22.325603558675883
210.25170869448544,164.74516102798822,25.802747929499574,22.325603564403398
212.57327585225275,161.33772513476913,25.802744393231283,22.32560356281671
211.57521343018283,163.06761655479372,25.80274437374655,22.32560356158894
213.8797664080252,159.68539912371463,25.80274209771883,22.32560360929398
213.70355591565362,162.65389326575533,25.802741828542366,22.325603678941818
213.88427386262822,157.7898529041449,25.80274060289571,22.325603652650962
216.44935798509485,161.15374859043882,25.80274031908308,22.32560358941982
216.683952749594,157.74520629365128,25.802715757621684,22.325601486370125
218.88463807196058,160.33383937977555,25.80271563824863,22.325601435032226
221.28104664848803,163.0408811274098,25.802715600977415,22.325601420598733
218.71166173328365,159.46558641347127,25.80271532793159,22.325601382380782
221.13379066130474,161.63624834488098,25.802715303462907,22.325601372100447
223.58381232154574,157.8373894890833,25.80271499369257,22.325601321702365
223.859923278947,161.41946557047316,25.802714973154256,22.325601304308403
220.3909270665825,158.73351771440886,25.802714825098867,22.32560122633692
223.079361448804,161.16275699726182,25.802714785478845,22.325601206773552
227.81889995530375,161.32332984519192,25.802714157977384,22.32560125404501
223.09348493150566,161.5649039296249,25.80271279230456,22.325600855345446
227.8928640245896,161.69788074282425,25.802712349972072,22.325600918760347
228.43437870018917,157.1236477504318,25.802710600015022,22.325600793315804
228.64866030334207,160.37956625724786,25.802710571294824,22.325600785298906
231.35863745888963,162.74446613349934,25.802710560126485,22.325600780262977
232.18286164495822,157.81121809150068,25.802710178406727,22.325600778139677
232.38578984000256,160.84158022971565,25.80271009963933,22.325600760132602
235.01602148210264,163.29147419043156,25.802710053201636,22.325600741532835
232.6014307515783,159.6034036746687,25.802709843107696,22.32560070173897
235.10636506538685,161.8030859119377,25.80270983731679,22.325600698636467
240.1844011248578,162.45782802300695,25.802709381277765,22.32560071989094
235.50352505661996,162.84783370835834,25.802709007682587,22.325600526251126
240.08804127971615,162.83278445657388,25.802708658353016,22.325600444408142
236.13856261127967,163.15098736490054,25.802708265886377,22.3256003937651
240.76063169630942,163.70717300164023,25.802707859803952,22.3256004457786
237.60751334073245,161.34449686012988,25.802707827030847,22.325600441506808
242.0955599997026,161.48679025964267,25.802706847652594,22.325600131681806
237.62617395157528,161.8181477409847,25.802705788694805,22.32560006758404
242.1643882430879,162.21457312321647,25.802704665386383,22.32560003592385
242.8891883171816,157.1076170963453,25.802704379297673,22.32560007947331
243.0302767068754,160.39454479989928,25.802704332927036,22.32560007245083
246.7234056098527,157.86871888401694,25.80270417544045,22.32559994956458
245.56811751059146,160.46953489565533,25.802704173477707,22.32559994914549
246.07605220782662,155.69565535998498,25.8027038004231,22.3255999643949
246.12150063021744,158.65588069981376,25.80270369619723,22.325599972145785
246.13598147335026,161.9489886949912,25.802703625568544,22.32559995469131
246.50414184432287,157.3793941758202,25.802701650694072,22.325600226553753
246.56302074299663,160.04560077379227,25.80270162078544,22.325600227173357
246.48136425667263,162.86794435423653,25.8027015473357,22.325600242035613
249.07681096857164,159.34751317994247,25.80270129675543,22.325600030351477
247.46389104886435,163.33335159362733,25.802701282883262,22.325600029458805
250.2289202994131,161.0587957605274,25.802701165727466,22.32559985254953
249.07477042229218,163.20660478988233,25.802701140077332,22.325599851090647
249.38216385403086,158.64443656917862,25.802698040485435,22.325601003496594
249.37181639704542,161.81146192141568,25.80269783249745,22.325600954387482
254.11604868983386,162.4352060319706,25.802694741366405,22.325600159081766
248.77967166569366,162.9638185469745,25.80268973355552,22.32559809145348
253.4640262290203,163.66705690368693,25.802688263762544,22.325598233306632
248.75392346196546,163.95426566552075,25.80268677425164,22.32559764508286
252.0001634670789,161.41282547762012,25.802686565202773,22.325597523905337
251.94336466190285,164.34352744205563,25.80268641744052,22.325597537142475
252.4275056074286,159.86471851941607,25.802685914671784,22.32559762271702
252.40105896929572,162.9045959096414,25.80268565663484,22.325597671673105
248.02570774165036,163.59259056757548,25.802682392931384,22.325597196861732
252.85178354333658,164.15355998831086,25.802679036324086,22.325597776091083
253.26751867691024,159.59796977719043,25.802678424213717,22.325597892850944
253.1001567107867,162.22513626771365,25.80267828781908,22.32559793106111
252.01094489520952,163.97919963605008,25.802678275861286,22.325597930075517
255.23574087156334,161.4694688026306,25.80267748297423,22.32559748830246
254.115210513568,163.70648405030795,25.802677465169726,22.32559748763767
251.68636348236146,160.9505472144689,25.80267642489117,22.325597437239324
254.13838127153798,163.44136261781946,25.8026764147754,22.32559743269277
258.10651201823606,161.00294801024032,25.802676098442237,22.325597023674998
256.77850933403676,163.96946856068962,25.802676084303013,22.325597018510063
252.3932977844842,164.36868582631993,25.80267434057367,22.325596446733538
257.2082327319567,164.95061961671175,25.802673906688305,22.325596458761495
254.2871273963688,162.19920724402965,25.802673808210727,22.325596420800483
256.7297028704429,164.32146686706457,25.80267376948632,22.32559640843423
252.03788958922755,164.533199237141,25.80267339405084,22.32559620494827
256.9926784308631,164.33544612692572,25.802673080469628,22.32559616259959
253.16655137471903,164.00474677319994,25.802672134469198,22.325595803602926
258.4237934584094,164.8834472462891,25.802671418931737,22.325595966166368
255.09111252280826,162.34370406437594,25.802671408877934,22.325595959906025
259.66957162711793,162.66998643810126,25.8026707722801,22.325595976478184
255.78111498868648,163.0846532041761,25.802669929422507,22.325595868896674
260.60626085343176,163.2553366047698,25.802669642802993,22.325595746185645
256.65506668376656,163.29381001111472,25.802669409440583,22.32559572103196
256.85484458022074,158.3205120358364,25.802663518017702,22.325596479633035
256.87767252870213,162.0644876674829,25.80266325903435,22.32559649502655
256.98415045246406,165.84387711145018,25.802662558538472,22.32559636990936
256.5239902122936,161.66437825296407,25.80260781095131,22.325619630094465
256.4379876959325,164.68724872564835,25.802607384007217,22.3256197659637
253.09762873544108,162.54651604173128,25.80260688305399,22.325619603402345
255.47486464242775,165.11442767127394,25.802606847950305,22.325619594133936
255.98897682218222,160.30438591832788,25.802575247001535,22.32562310582437
256.16595302421206,163.22940851765037,25.802575131569434,22.32562311134197
252.14374795096364,163.13491190630222,25.802574572499918,22.325622954564583
257.1402401362223,163.58450687043904,25.802574020036804,22.325622975326603
252.18112782497175,164.5457842761031,25.802573354146787,22.325622895367527
256.9751180716301,165.06061320693337,25.80257313121578,22.325622874435755
253.85221261102498,162.38885647057205,25.80257306686089,22.325622858388865
254.1362271475464,165.48151643053404,25.80257298027201,22.32562283897754
254.6323919625675,160.78449784250233,25.80257264967974,22.325622768336864
252.8969768992697,164.7583421361598,25.802572574172714,22.325622760581247
253.17545658050705,159.48842510738385,25.80257224471041,22.32562279561117
253.66520080988965,163.00175320583202,25.802571979933965,22.32562274953274
254.4749490754909,158.0286306842517,25.80249442742255,22.325659792510262
254.29773369637903,162.56929212950345,25.80249358626777,22.325659571989636
250.11598032233863,163.27482695959284,25.802492109861255,22.32566002022459
253.8735451442191,160.86389443865488,25.80249203229292,22.325659980313407
252.7920552247446,163.26671717174523,25.802492030009656,22.325659979983516
249.4857970709081,160.66411804353314,25.802491934484426,22.325659948443832
252.28833787250528,162.90088153041825,25.802491889517565,22.32565992932451
247.6431134118027,163.1839343938481,25.802491668466725,22.325659806636573
251.1280636177389,160.41248065438936,25.802491387819874,22.325659570710293
250.06421369500524,163.3963499699796,25.802491381297425,22.325659567917242
250.5548501246975,158.8944884174913,25.80249086173375,22.325659528362607
248.45382746246986,163.07773170151236,25.80249074551522,22.325659509697914
249.0472047332365,157.93304881227624,25.802490549875827,22.325659519737545
249.23804426214707,161.0986190726811,25.802490490524953,22.325659517116343
244.8001529822399,161.71636299377178,25.802490083725573,22.325659374443628
249.92331072675697,161.70408685293364,25.802489597132805,22.32565929966811
245.1473004178447,160.88061144261502,25.80249204936899,22.325654749402343
250.84754316775008,160.6095778737151,25.802492541989857,22.325655134291615
245.49389886035382,160.27718305797197,25.802492414716962,22.32565234729793
248.96440846167175,162.23776332119968,25.802492270308605,22.325652280360934
245.79246369425255,159.77409646069825,25.802492091859662,22.325652169576674
247.59081313215236,162.18357886604554,25.802491261790653,22.325652317073025
247.81471082438736,165.68947928564398,25.80249067235695,22.325652243867378
248.4818106190408,160.9340824161967,25.802490153980543,22.32565229684881
246.69228185012284,164.8140770429924,25.802489044660703,22.325652304884603
251.45651920092476,165.2720039364385,25.802487243447523,22.325652554800445
246.8401077913508,166.2006101294081,25.802482876010995,22.325649732116588
250.04194934957158,163.26166637539998,25.802482468309638,22.32564951430269
248.95735177203733,166.28533180669888,25.802482448207254,22.325649508028178
249.59130504009235,161.43153578286365,25.802481862643464,22.325649545200555
249.5385502858792,164.74339966652613,25.80248128524855,22.32564957633752
246.04384326919063,162.28479775845466,25.802481103537858,22.325649489282238
251.175862602978,162.94978210832926,25.80248052190066,22.32564948040523
246.23692624503502,163.3301008254569,25.80247886339691,22.325647958568318
251.5166995923994,163.40839488169487,25.80247577828731,22.325650933672076
251.091409505153,159.27572249530334,25.802475737325985,22.325650133029878
249.99444437946195,161.4863068668735,25.802475124374002,22.325650194058237
246.6478652206854,159.06429736991382,25.802474338533578,22.325649774983244
249.8391889432039,161.35505145341736,25.802473931002638,22.3256492907764
250.9107523668708,156.38096451006288,25.80245974312315,22.325655376582066
251.02902495591889,159.8231625221841,25.802459293306125,22.325655428541992
249.9347838329989,162.687378136417,25.80245925460022,22.325655424899175
250.3932946113812,158.22440317895115,25.802457780309318,22.325655289476884
250.66338090316734,162.06975202410226,25.80245759482746,22.32565526915759
248.74879870170204,158.98246342547054,25.802457492753152,22.325655230245527
251.0860044739466,161.62570084099985,25.80245724510852,22.325655103929304
246.50458351724825,161.67949613029776,25.802456407955876,22.32565491011487
251.44794899110963,162.0181711090804,25.80245565432492,22.325654758381457
246.99225207149473,162.5690987530943,25.802455374292016,22.325654748368834
251.98991183825893,163.05163203127384,25.802455207218717,22.325654684567265
248.81676011474622,160.5713964576383,25.802455191261952,22.325654678579088
251.31452376375097,163.1079295784785,25.80245516070852,22.325654671487307
251.71918708531626,158.16333184976182,25.802454868266885,22.325654686720952
251.8384743731367,161.84210216195532,25.802454752774782,22.32565466978635
252.31873602743042,157.61892620255688,25.80244354583762,22.325659351949934
252.45831535506522,160.54300729904216,25.802443274175886,22.325659333204207
246.94877424772542,161.07484499225748,25.802435790063967,22.32566340348436
252.91901383570732,161.3606591779316,25.80243493899028,22.3256659272739
247.64815491862467,162.63265858506313,25.80243333651007,22.32566654652832
251.2865126188192,160.0279735396106,25.802433214746525,22.325666501172417
251.71832155079616,155.70377495825844,25.802426810524643,22.325665264523696
251.8365880991172,159.65131167184754,25.802426744750157,22.32566525119437
252.75911687570263,155.06666928021596,25.802426440648528,22.32566521390089
252.69313045903448,158.2125728689374,25.802426365011105,22.325665211140635
248.9808080678336,158.5566312517231,25.802426200360856,22.325665174828686
254.2214528985552,159.00592260287598,25.80242544882977,22.325665169437638
251.29212375171568,156.89144020344347,25.802425428757623,22.325665162699643
251.2874108776154,159.77601795187627,25.802425365488613,22.32566516815334
251.8177355898068,155.13764744889286,25.80242497846692,22.32566514628815
251.84873447612333,157.95490605050787,25.802424902591234,22.32566513589869
251.9305691926196,160.91103063197298,25.802424653448973,22.32566506125584
252.1112106629132,155.21260644962527,25.802422094541278,22.325665701036723
252.19554435572365,158.97630546612734,25.802417405997186,22.325667684817233
250.8761389417166,161.45212971300603,25.80241664572397,22.325667903218083
251.52119910623568,156.92616369852576,25.801404593052943,22.32618639610684
251.77262319097665,161.67244598206779,25.801401055242923,22.326186030377773
249.9158848837588,159.21343076774923,25.80139838920684,22.32618572018429
253.1405389251999,155.67967617442477,25.80139774803601,22.326185732486305
251.94256984735307,158.21489298299613,25.801397745694445,22.326185731981756
247.85973666486674,158.34262594129268,25.801397530466883,22.326185740128516
252.61215429600497,158.38976465957734,25.80139739697459,22.3261857078079
248.38343895077747,158.83513686970485,25.80139724789104,22.32618567565632
251.7472065704487,155.7222723226778,25.80139677951415,22.326185304225827
250.00678504910812,159.08285086066857,25.801396755026154,22.326185302218924
250.74868095026224,155.27853935365582,25.801382118130796,22.326185288442876
249.1189093605614,157.68092148929188,25.80138211706678,22.326185287953233
249.8048199078888,153.32320693045077,25.80138135303177,22.326185099605173
249.828490783459,155.92701055137923,25.80138126155652,22.32618512703536
245.64985871525016,156.4134800780146,25.80138087923635,22.32618508819945
251.13934750386744,156.30700360500433,25.801380505370947,22.326185077662736
246.18897858034435,155.61176127918728,25.801363423828242,22.32618217760766
251.39373575359312,155.34278543591262,25.801367319213043,22.326188653223337
246.82240683227627,157.3563911544117,25.80135453043804,22.326212724190214
247.62573369576018,153.0723476597191,25.800103869151695,22.327181068861094
246.5241206004373,157.34359255244578,25.800097771436842,22.327183196249482
247.6663086866163,153.2194230836496,25.800087968326302,22.327184388175418
246.30582897505357,155.81524017304477,25.800087966479218,22.327184387546662
247.058909101279,151.31604096968107,25.800086661973,22.327184013451316
245.84445099545331,153.881185985835,25.800086657727775,22.32718401257654
241.4961258716143,153.8974485113056,25.80008640033988,22.327183968317005
246.91371255323537,153.69353196639952,25.800085690295962,22.327183899159326
244.90890515591758,157.88567875304307,25.800085540473543,22.32718388208559
245.37866266488507,153.81294410887463,25.80007639764923,22.327180643872175
245.6024042434096,157.6970252399197,25.8000763331466,22.327180632300855
242.25647392574197,155.20513100842786,25.800076292670095,22.327180604989127
244.95175233684148,157.6035353706514,25.800076282757477,22.32718060017701
241.52972906554285,154.9211241904809,25.800076232642287,22.32718057282275
244.55065151276807,157.20106170745828,25.80007618301,22.32718055031208
239.78607772993058,156.91247668879268,25.800075646878316,22.327179977215394
243.34415159026534,153.81536597271244,25.80007544436676,22.327179435956662
240.15129858308515,155.050081953961,25.802507380358016,22.326940693598075
245.26739413011956,154.22107304654628,25.802507372104632,22.32693097871107
239.5588917140886,155.71412855325065,25.802499035831616,22.32692802995384
243.94194987236085,154.11222571066293,25.802498861559997,22.32692779166736
239.22440319924166,155.2639998404449,25.80249546707572,22.326928344969613
244.18872316442162,155.9925260526467,25.8024949486421,22.326928270610278
239.32838409657774,156.77534265283748,25.802494754862085,22.326928247985954
241.90314044057524,152.8028375760825,25.802494357821697,22.326928216254196
240.44688276511576,156.80218860489833,25.802494306900407,22.32692820787791
238.2007146398458,153.38612792039666,25.802494284246936,22.32692820465835
241.05322011506973,156.24108313800934,25.802494224759805,22.326928162194253
237.010272922924,156.70737670409864,25.802494024395525,22.326928117170024
241.06281041268568,153.87741879232738,25.80249392737947,22.32692801664031
239.7352313921599,156.45675066737846,25.802493925523326,22.326928016232973
240.34351184533384,151.48341063667922,25.802493621363553,22.326928008661717
239.13208904511433,154.6180980605372,25.802493619767056,22.32692800835784
239.60750366767044,149.7990739765318,25.80249322492413,22.326928004371617
238.23862483105668,152.48794536108878,25.80249321535139,22.326928002591615
238.69518636834079,147.18451852173857,25.80249249672112,22.32692819618462
238.81047977727988,150.5028509614829,25.802492386434945,22.32692818409706
234.1928366756305,150.36419415318267,25.802489969738584,22.326927078159514
239.17491730873226,150.89002660625232,25.80249057639883,22.32692664364651
235.08437706206266,153.7473020226527,25.802365320226304,22.327080801232725
237.1747521502475,150.27180686327503,25.802261086544593,22.32722635527859
235.66679792956813,153.7743841709893,25.802261048212785,22.327226349530246
235.70209941916167,149.12507199649386,25.802240704726465,22.327242872288203
238.89607086202514,152.07532101031362,25.802240609984594,22.32724275800926
233.66172860679197,152.73357085418,25.80223806295585,22.327241945894492
236.86485128799129,150.06307156427516,25.802237932185633,22.327241876106992
235.60432621092417,153.985641078126,25.802237871552414,22.32724187504717
236.16422070473828,149.52333073242505,25.80223717299428,22.327241938092115
236.14989884527535,152.60605720873846,25.80223710873828,22.327241942618624
236.16037709467523,155.8450081785751,25.802237027484207,22.327241938522707
236.19084270412193,151.49539708803536,25.80223190696726,22.32724250857929
236.2049334887565,155.2271432866466,25.802231806766073,22.32724250485044
236.27934990251913,150.9780824555414,25.802229899698684,22.327242905464185
234.7977672619908,153.5241203680951,25.802229897552188,22.32724290509431
237.05039971151754,149.6687464900074,25.802229280725292,22.327242942458646
235.874807433911,153.75483514953643,25.802229229386207,22.327242938158903
231.32988567444252,154.08370700761338,25.802228998323173,22.32724285479845
235.88014013268452,155.08618331936734,25.802226864370965,22.327243615689977
233.71488894461382,151.9200818652142,25.80222673044154,22.327243612619284
236.23959867603827,154.4174812047249,25.802226670668826,22.32724359387616
233.43065313797914,151.8680358294583,25.802226435141566,22.32724356300677
235.7855995367016,155.02993110930535,25.802226387483028,22.327243553544623
232.51311264908063,153.17399658517053,25.802225835637554,22.327243600425746
235.82035913834872,150.70026510562604,25.80222527348322,22.327243523931173
230.96438097157457,150.5276776203492,25.80221318509545,22.327235420010553
235.93902909541097,151.38199824345247,25.80221102769367,22.327236298933702
230.6673670776648,151.41143405554126,25.80220010224849,22.327226951131426
235.48954945309308,152.17620614986748,25.80219780103796,22.327227235173396
232.14313974808653,149.60070161374537,25.802197615714153,22.32722722462341
234.42847650310227,152.59380607474523,25.80219757141141,22.327227218334166
234.8477128649186,147.77504226466922,25.802196618065274,22.327227372665824
234.9064924324929,150.77771374519705,25.80219656572282,22.327227371967886
230.36957313357337,151.11094583444685,25.802195975939824,22.327227224210922
235.13569842202995,151.52455183834277,25.802194849710265,22.32722755009827
232.0785616908309,148.80556390543956,25.802194763982108,22.32722753242078
236.56686013250024,149.094411202965,25.802193759244503,22.327227532229998
232.16447830126444,149.70334621616558,25.80219267409648,22.327227264434807
