561.5,311.5,22,51
557.0230580465311,312.20670022365545,22.7271588054669,48.38727034038117
552.7867805563957,312.6285284592181,22.976420481294397,46.704106229847724
551.0278240766962,323.9731021488705,25.28860693636748,44.19742535750091
543.0775613169518,313.3870003356947,25.632312540084804,44.133977967617184
539.4515701419231,324.8764902472103,25.88511791107727,43.70687993474715
538.2708060725196,325.650667814993,24.9875315460238,43.6266574142711
531.1981550791967,320.4737905710583,24.117174200394285,43.540731802653255
528.0793791430165,321.4309260617591,22.780248400177737,44.10784581385104
537.5328655560697,339.4758722229084,24.266101654393534,42.74779663120101
521.5373573648473,319.0091447854738,22.81300335177985,43.91609189913659
521.4704893556482,319.7716767088514,22.788439104508143,43.88050330262563
518.2838974369054,322.81309312359747,22.484481275581484,43.87291633037212
516.0482078616162,320.0170746290703,22.484193136425908,43.87258757769677
513.0139873831805,318.42771474287,22.484001967442794,43.87247672647056
509.5246271217794,318.4442240052067,22.483343789988574,43.87233423885847
506.36058294135796,318.44458091764915,22.483060149183505,43.872328558480916
503.64545181237776,317.5763612291548,22.482673603433042,43.87206573171892
500.7910492564415,317.50298631275183,22.481476769809923,43.87157093228085
497.7777313584296,318.10719251363093,22.47949709113278,43.870527500440005
495.3421401734166,319.34708041512874,22.479361597694428,43.8704682368273
492.9848781038694,319.5515266842477,22.47929900201716,43.8704300937405
491.16167008757793,320.7124668173175,22.47926618396832,43.87041252520226
489.82913329937696,321.6498966443261,22.479262789316152,43.87041065450263
488.6410988660718,322.85849433407856,22.47925710339056,43.87040844935987
488.2051637224536,324.29292030832437,22.47925389266394,43.87040601678315
488.25066278231026,324.8600148005116,22.479252470495677,43.87040437314508
488.4555222058955,326.3134920763793,22.479251332151318,43.87040315621799
488.4719725814047,328.51951344888295,22.479248116844325,43.870399691148485
464.5351364184467,326.3348387135414,22.039703279674427,45.24481555663751
463.8304552221223,323.6562460955715,22.039682852193913,45.24479921634441
462.52148446506317,321.8543773558448,22.03966558220875,45.244775022824115
461.4946412079364,319.5013033720496,22.03965689458851,45.24476530608831
460.840584048104,318.34509476483686,22.039651321179225,45.24475762236624
418.6793823780644,339.53615012152375,21.84945853088729,46.14467129253741
420.6198922741614,340.60229728246765,21.84894191633621,46.14374656140885
447.1032102829585,318.36335679381875,20.919731893614944,45.68317767908751
425.6490211289844,344.386143321605,23.063271029199996,44.262982278544285
436.077709913708,356.05194276448134,23.354739132360148,42.5751974797057
436.36043568821015,350.3538104834085,23.35435678196428,42.57514455985673
447.31658327811886,364.0083231241418,23.919459520847983,40.52123669477201
430.6934274621194,322.62046725083036,22.492808964126237,40.75351429832847
445.5221036699629,350.52587791569795,22.85680359433763,41.82073328231395
446.5114152054845,346.00454413943993,22.85668768443486,41.82065429094575
453.565602917243,360.932151241659,23.472556378654755,40.870667747640404
420.6574833058062,322.7927317580436,22.34797681490725,42.0391246347931
417.9190790569299,322.1173657921002,22.34755524063839,42.038937081587726
414.653922625378,322.07728533524823,22.347414898633453,42.038837755750194
411.9411916055486,320.93274702195873,22.347262104460494,42.038638974537996
408.9834709633794,323.09496559825925,22.347207039464266,42.038570298804665
405.38508960570505,324.4978564828417,22.347158555624674,42.038518634086124
401.85533240295564,325.977503706311,22.34688187301921,42.03834708334206
398.11222916467824,327.9759659897466,22.3467101566724,42.038313061362196
394.70846100853754,328.79073326572393,22.34647144835442,42.03825958660169
392.54707582064367,328.0044661288342,22.34558001994302,42.03763356966301
390.5156453509489,327.7443621808391,22.34544314133942,42.03753827589873
389.39215428650243,329.6724766631017,22.345429821166192,42.037527172549204
388.51925021023857,331.43133803136084,22.345426988128626,42.037524658503976
388.6899819692983,333.88374942526895,22.34542554571948,42.037522789724626
388.960034953845,336.9325132084005,22.345425038700363,42.03752225059171
388.9877783787857,339.46425735578134,22.34542426812435,42.037521485584605
389.1969503837784,342.04292068909524,22.345423861750007,42.03752104042291
361.78315285907684,335.81496501201804,22.039309957295725,43.618582121445044
360.70566403607836,333.87438257251284,22.039290492925836,43.618567190885116
359.2616827468777,332.8728317980731,22.039248768348727,43.61850564047563
357.7769296012654,333.368659695125,22.039219231936517,43.61847247315327
356.3492937651336,333.47985899252217,22.03920239864594,43.61845049316801
356.5891009834219,335.0695718978934,22.039201057591246,43.61844896831411
356.77090846505894,335.9351422477805,22.039199610409433,43.61844709395658
338.20583640574597,333.0937907731214,20.74336030008037,44.37755938317955
336.38719687579993,331.6642212664352,20.743337438127895,44.37752652918131
334.9096358271908,331.1538339446274,20.743320375189892,44.37750082070028
333.3509336682258,331.3339697790854,20.7432730253342,44.377451998053964
332.3767032072494,331.21969959491526,20.743267527113446,44.37744321378155
331.83733286520993,332.63498910404047,20.743266064700368,44.37744061536149
331.92385507331187,333.7558149933338,20.743265599888666,44.37743989497187
332.29392458497205,334.84947382832166,20.74326480927635,44.377438642690215
311.64018117948245,336.1970815484322,20.001061373673462,45.512405277969634
310.7143046119244,333.2651446637265,20.001017762535668,45.51237695540098
309.5161373750993,330.88887516387763,20.00101091233333,45.51236726048823
308.2282763416033,329.4907213671279,20.000992880372053,45.51233152741912
307.0069156394782,329.2517592529987,20.000982665740914,45.51231460024387
305.55831930584196,329.805202505589,20.000977848043366,45.51230077286616
305.0523827043814,330.39625361758,20.00097446786517,45.51229324206817
304.51225747567975,330.76744864284854,20.000970608938523,45.51228565832407
304.4407607074165,331.0598556003623,20.00096865384116,45.51228158302205
304.69360875023244,332.10364309882976,20.00096505020386,45.51227391549388
304.766788624923,333.0855494024213,20.000960199633106,45.5122624538644
305.0085857311032,334.49262748527514,20.000955964298694,45.5122525684454
305.1484236665469,336.24877566751616,20.00095393798718,45.512248112227546
278.7097298038987,327.51660523198126,19.48962401191637,45.109645623922376
277.71591310869724,327.04878307227864,19.489607961553887,45.109619746317534
276.5369620140498,326.46182848596874,19.489603332458962,45.10961091013308
275.62005672354553,327.40864642336476,19.489601557472295,45.10960720887922
275.4237943795539,329.34378566901074,19.489601317600993,45.10960659920953
275.7602835149158,331.4134745572436,19.48960126924742,45.10960641673799
276.522929400743,333.3424312502365,19.489601178882577,45.10960604802519
277.25682137076086,335.7186913242568,19.489600809136466,45.10960503069137
278.0399500723001,339.3158460909035,19.489598617888195,45.10958899639087
278.48528560697457,342.18164611417507,19.489598324906446,45.10958828074975
279.169210662057,346.53910760450003,19.48959708787996,45.109580575673604
242.85321611806862,330.9822070950984,20.474109979567668,44.720049456415396
242.034761295516,329.33490345307786,20.47409368892767,44.72002764347156
240.32584495825068,327.94652610954046,20.474083975305213,44.72001388457772
239.20177636730293,328.5528503038491,20.47408344472209,44.720013291637606
237.5691614642213,328.3505030597736,20.474082595215155,44.72001211991274
236.740915487194,329.8589638344497,20.47408243520269,44.72001185237513
236.5516438360313,331.6154915856832,20.47408218179155,44.72001143604409
236.40719699730346,333.72456374128353,20.474081950985035,44.72001106481531
236.62448641748048,336.0795328263693,20.474081648571914,44.72001046712294
236.92515487962544,339.20254971772175,20.474081382283,44.72000987609902
237.27087656787563,341.78933666655485,20.474081210662323,44.72000947239032
206.5095915745179,330.65501989341,19.985756421987155,44.64280065722978
204.85456117732335,328.7055908337616,19.985748132208816,44.64278711629399
203.06238669539763,327.26489196498454,19.985738642309606,44.64276900988457
200.90711732328938,326.12986233355446,19.985726696828888,44.64274651424557
199.10205772026205,327.549723597451,19.98572584482383,44.642744474047014
198.01081857086484,329.2838909940078,19.985725000475576,44.642742925257224
197.7650804924096,330.5433040554585,19.985724830205182,44.642742571780204
197.94957986847103,331.95801095116707,19.98572445659755,44.64274195594601
198.32880494535382,333.6635221527643,19.985724214903225,44.642741500612246
198.6368186401179,334.9233621051326,19.9857238229413,44.64274066539469
198.98398422100902,337.111751742847,19.985723532264227,44.642739992565986
199.28990621602608,339.4743098834848,19.985723307012037,44.642739487352415
169.49972310774655,328.862211009595,19.97484959437188,45.26156957460957
169.27515578492017,327.5101104788561,19.974841575353693,45.26155749369234
168.72593162784895,326.73059772529314,19.97483183781462,45.26153863970371
168.6397864076912,327.1539039312082,19.974831118500305,45.261537131613544
168.88812538246728,327.9515848216397,19.974830388815853,45.261535987461635
168.8204629458858,328.6025304149201,19.97482899569006,45.26153362441006
168.72501943495072,328.8427096735161,19.974828059748837,45.26153200910223
168.4394195081358,329.26022598857287,19.974827006148313,45.26152987510911
168.1307460873742,329.44870056677104,19.974826428409603,45.26152862830634
143.7181348122651,330.5336281184814,20.1840898111473,45.38294950297401
143.22744537734465,329.59617685494186,20.18408595336522,45.38294096018303
142.9085492881669,329.36044415934737,20.1840851868126,45.382939482256255
143.05317025971328,329.62839943697423,20.184084825875065,45.38293887773565
143.62098106053628,330.77564739821855,20.18408453350944,45.38293829940905
144.30901801435712,332.6153437614273,20.184083628683034,45.382936241860556
145.17414340790936,334.88004374545574,20.184082246485797,45.382932807769755
114.69427345253887,324.70089256072185,20.41682859643575,45.74926702233028
113.93525693375996,323.67140446534114,20.416787955976908,45.74920052090725
113.14076684115545,322.96215515386547,20.416765651142256,45.74915711638518
111.78390108192256,323.9453363130567,20.416756105536386,45.749134266958684
111.02444229924764,324.40880721991084,20.416748838542187,45.74911709915112
110.20426938021669,325.1118515900565,20.416745169272232,45.74910693590146
110.03112169669161,326.9002561612973,20.416736566700727,45.749092656167036
109.71563663233907,328.5916417976971,20.416727395860526,45.749078093419925
109.31054092013913,328.5321516661693,20.416722778199546,45.74907162321781
109.03537054024643,328.40744876988083,20.416719249635797,45.74906721865592
108.71081232946338,329.21895487688954,20.41671116806623,45.74905574564343
84.91173672170362,327.63452144835975,20.317478502970516,46.46717129807658
84.06096260009417,326.82967095512856,20.317466487324058,46.46715181601784
83.29079210387619,324.7853243564183,20.317453704735627,46.467131844340464
81.8194005439904,322.6290234106814,20.31743964051671,46.46710737396739
80.25338650426251,323.00041371601355,20.317433418214687,46.46709540858961
78.09846295196915,322.2147853392104,20.317413140751814,46.467055708719904
75.47034404508256,320.603263020001,20.3173457367821,46.46686760101437
72.80751103925859,320.82962436513793,20.317295252916136,46.46669216291879
71.29986136414101,320.76498533822144,20.3172282873096,46.466548058748906
69.65658152377117,320.1588292124773,20.31720645178343,46.46648681513518
68.7246323639617,321.01597122420884,20.317190877702703,46.466421527367054
67.61903493581619,321.4458207080411,20.317177867325043,46.46637346960321
67.15187166523361,322.81702365157395,20.31717597163867,46.46636727507286
66.6617345427129,324.2274194513127,20.31717446651988,46.4663633438236
66.24958399309544,325.2447738158946,20.317172475182446,46.46635786935948
65.98596494727785,325.7702482746277,20.317171005736697,46.466352088108465
66.1504473591032,327.78401896200836,20.317169521414765,46.46634758239627
66.4957153421204,329.5458257397031,20.317167252985495,46.46634056577935
66.8042098485919,330.58136535257785,20.317163263064202,46.4663274811584
66.8183145693034,331.4871625223496,20.317161863204824,46.46632202501482
66.56377190100973,332.29557092941286,20.317158921975388,46.46631100274317
66.00230893702236,332.376616479282,20.317155992146777,46.466299788606904
64.96603768306352,332.0137157262593,20.31715440216408,46.46629362787369
64.40306457320345,332.37594284690095,20.317152550404426,46.46628568328232
63.53155512011256,332.0122315378773,20.317151160489406,46.46627992465489
62.84054436707632,332.72893621521024,20.31715040494231,46.46627632693946
61.809372931470094,332.5331097927904,20.317148963486915,46.466268660285486
61.18461194723022,332.1562819158226,20.31713978210246,46.4662288070357
61.2434473198543,331.6519639767599,20.317116595305002,46.466153823955054
61.282477708870246,330.26295458927245,20.31708971157358,46.46605184278063
61.28544416169473,330.07396472948085,20.317076933424467,46.46599714950297
61.08478381359003,329.9816835857376,20.317067695036844,46.46595079870293
60.981118957090274,329.92869010380457,20.317063500551342,46.4659284282431
60.807046106215445,329.79338334181386,20.31705453826139,46.465886797042735
60.5622550756123,329.25998024386047,20.31704377906172,46.46584078099728
60.30179325003324,328.9776063991228,20.317029629812417,46.465757869257246
60.23399492523733,329.2160073257651,20.317011899163802,46.46561480727627
60.068883231802204,329.8312398729961,20.317005973852595,46.465532632125765
59.71965816349679,329.3894990789125,20.317003220544137,46.46545541053586
60.198994759102646,329.9352302771585,20.317001539551992,46.46541902894403
60.69687067400348,330.4001380698493,20.316997097159543,46.46538523811046
60.64748261211781,330.4485775357316,20.3169930582984,46.465363600786034
60.593242075661024,330.71089447246817,20.316986249491922,46.46533124642071
60.638147522320466,330.9982911653537,20.316977479779236,46.46529972817294
60.83149808770714,331.7487930342726,20.316960379300312,46.465236551629644
60.878316504159976,332.3408697587232,20.316939748868275,46.46516513397843
60.551220240213084,332.4674981028466,20.316926716077866,46.46511770881797
60.32564672320377,332.7317417354771,20.31691489871137,46.465076283438854
60.09064034491422,332.7653499022688,20.316907480310306,46.46504671522823
59.87851555876331,332.3980895196221,20.316899058914007,46.465012236075836
59.38002900927888,332.31781988899877,20.316888987373535,46.464964395147696
58.95308911746015,332.2719614182103,20.31688186867868,46.46493337478622
58.69062114170838,332.1465999989679,20.31687077294864,46.46490102242187
58.58055763948265,332.3850906058267,20.316862237629984,46.46487647422012
58.127751812149654,331.7534574486199,20.31683877381147,46.464815905317636
57.829897925670835,331.69771084414464,20.316829295468292,46.464792027643036
57.3932580340485,331.21132992738393,20.31682062608769,46.46477035524785
57.10501706776724,331.1426414528273,20.316813288916777,46.46474719876546
56.75710399295161,330.08101904473807,20.31680396739477,46.464710774480714
56.88293078350487,329.9924155140719,20.316798514320954,46.464690010886635
56.81582330828759,329.7581463926199,20.316790435738053,46.46465837902728
56.710932257026954,329.3980380601849,20.31678253197939,46.46462407973255
56.68917958598059,329.12080166085326,20.316774710147897,46.464590993748445
56.92547986917072,329.71512604225376,20.316768851971904,46.46456852031512
57.02977201919716,329.91966999372255,20.31676346632294,46.46454681763382
57.24140212177171,330.2116127754022,20.316757959688772,46.46452427421779
57.498458545414756,330.5970916463979,20.316751803286323,46.46449688205314
57.13413697852265,330.7601496745879,20.31674317506188,46.464463710938524
57.440619692295314,331.0592282102376,20.316729205017,46.46441242787003
57.24319886658514,331.12902791090113,20.316716072425503,46.46435833310639
57.605525912952984,331.2671396025162,20.31669853440783,46.46428252406257
57.65194593918212,330.99709241137685,20.3166743728578,46.46418698448528
57.86684909762018,330.82477045460956,20.316658552807848,46.464121591064576
58.150642614045275,330.9406756334614,20.31664703427423,46.464076384384754
58.39039873466689,330.7138146938582,20.316637351739196,46.46403489784562
58.438522190369085,330.4818475784473,20.31662862878036,46.464002878247854
58.49520075205735,330.1682541325889,20.31662121878894,46.46397629187623
58.77365012937471,330.53225339352235,20.316616170475942,46.46395623795056
58.79379900407541,330.3602392878945,20.31660997257509,46.46393359476179
58.73786093694358,330.3137876564239,20.316602012064035,46.463906481173254
58.69443900237131,330.5164207897747,20.31659281661191,46.463874521522335
58.64587974489751,330.8428053187982,20.3165853021277,46.46384606120032
58.47203935827847,331.4433554061161,20.316580797903764,46.463828116178824
58.1263197163554,330.99993887357067,20.316574075451857,46.46380075102899
58.00658112458795,331.7656258890884,20.316570689028048,46.46378543886561
57.47471254663404,331.0093217412906,20.316561631022914,46.46375313902518
56.87017597243711,330.8467457937625,20.316553129636503,46.4637235796612
56.756302158174556,331.0417348398179,20.31654424301631,46.46369036875123
56.80160833425445,330.89112364218954,20.316534810315865,46.46365905779116
56.94926387559292,330.5535572132073,20.316523943121634,46.46361767945801
57.07692980384356,330.12258488125707,20.316517493410135,46.46359460091536
57.40639448618809,330.7802492477279,20.316511695062474,46.46357062413822
57.40447540938,330.8962035595155,20.31650523267532,46.46354870035872
57.37727970871772,330.924950661143,20.316497654008195,46.46351815421471
57.36611055368012,330.98886710609315,20.316490201383555,46.46348885818838
57.43373651253272,330.7680154272225,20.316483189627007,46.46346040535991
57.45184769307747,330.62475805981194,20.31647430102305,46.46342643627218
57.49850394075569,330.50052858474993,20.31646798948161,46.46340329318112
57.373770774655824,330.2084564239304,20.316460943619095,46.463378286607494
57.46028897243541,330.9005866001626,20.31645721927307,46.463361541664106
57.25123254412351,330.7006678428178,20.316449810889853,46.46333497878577
57.33286941294301,330.4214880417768,20.316444162545274,46.46331206972876
57.508532193166,330.2994939044685,20.316438481392748,46.463287899134
57.46075852639663,329.9205714566238,20.31642857975016,46.46325270315616
57.54242907605183,330.35913263320157,20.31642220772705,46.463224797613385
57.59381866231823,330.3235902665998,20.316416269442414,46.46320475097744
57.62884271679856,330.0925332197331,20.31641070359498,46.463185168897105
57.69283873925556,330.5644520649796,20.316406371302662,46.46316396142494
57.819733806496565,330.02840174399233,20.31640128077551,46.4631421487562
57.96352992915766,329.82048496389734,20.316397601994993,46.46312021182443
58.13378510230913,329.9321407496028,20.31639112713294,46.463082677655365
58.3098925648102,330.1638469445865,20.316383743596564,46.46304120691554
58.46767956232694,330.25121400212225,20.316374023350974,46.46298216904402
58.64988759274071,330.46175729162604,20.316363475333183,46.46293016454512
58.75624049537652,330.20648746313384,20.316349319856165,46.462872592525606
58.56486944946674,330.3430049447036,20.316342062796853,46.462832415887135
58.26399924825311,329.65473239710644,20.31633775382504,46.46281384283034
58.08355531664537,329.3205082805936,20.316334304679735,46.46279681916512
58.11662605113111,329.0825305711248,20.316331311841623,46.462782804318145
58.02539931537887,329.4021161795013,20.316328915817184,46.46277067093151
58.08770505644256,329.2923786470753,20.316325846074793,46.46275467123503
58.453802960597,329.6753173788223,20.31632344816248,46.46274318931993
58.65175480262772,329.8877940847739,20.31631980496598,46.462727115053646
58.84804150894492,330.1474601043935,20.316315189204687,46.46270543100097
58.75592013498164,330.5444370057563,20.31630840192825,46.46267756926573
58.68327987590138,330.56065373747214,20.31630037817575,46.4626489085737
58.49559644960368,330.8349711654869,20.316294761345944,46.46262938896231
57.98596940482894,330.78704746472886,20.31628808677341,46.46260005204936
57.48636627935726,330.62755935331387,20.31628147665567,46.46257018948351
56.87146112101456,330.54706599936964,20.316278456015034,46.46255604955547
56.73355626480816,330.9274588163563,20.316275214717276,46.462536087312195
56.719193760166675,331.28892778620235,20.316266950032137,46.462498419035796
56.344093575133805,331.8899956591972,20.316254471911396,46.4624385120887
56.07233424597797,332.5365557776275,20.3162386725395,46.46236939884731
55.66739709433908,332.2264801521976,20.316198029261187,46.46219657448496
55.2201479409173,332.5416527005371,20.316187676265123,46.4621601654929
54.83956794305303,333.20025424929287,20.31615564823955,46.46202469111982
54.58520358648896,334.08741740076823,20.316128617864102,46.461926007340274
53.91655709730692,334.4440113856752,20.31605728024155,46.46171461242406
53.45970642703491,333.52643009059426,20.31596696429143,46.461463269785675
52.81774866879416,333.0469117875252,20.315865633162463,46.46118701972652
52.51275415842034,332.53754739257846,20.315813393190794,46.46102101801686
52.217880161987644,332.10205388523775,20.3157768830731,46.4609121965357
52.218282123819876,331.778307785539,20.315744991364053,46.460796473379126
52.222396328055076,331.88629028442375,20.315716823215116,46.46065180301077
52.102704737313076,331.9973829284394,20.315694506790514,46.46056283894659
52.11059951864234,332.5091300116543,20.315680850054054,46.4605050996331
52.12864688401757,333.0663331772072,20.31566875586856,46.46043847780925
52.08895654242767,333.99578281688866,20.31565474090535,46.460356060552655
51.63885078797789,333.827161597127,20.31563870311302,46.46027009588786
51.43318143992006,334.41332169802087,20.31562279784547,46.46020755591951
51.013883044937636,333.4473484848712,20.315596898563186,46.460088137682966
50.915108206625106,333.0739549495803,20.315580095743734,46.459993902093395
50.72657080316185,333.6441923755233,20.31557803842771,46.459914572324976
49.80357407131682,332.5504893502961,20.315579890637057,46.459854955054745
49.16493354578141,332.2814594163929,20.315582399189257,46.45980164603845
48.706998085305486,331.3181480892229,20.31558801805522,46.45973956317299
48.93175729059689,330.2324599631157,20.31559773538111,46.45967974399165
49.75933923043624,331.44143938345,20.315602150609042,46.459631240771074
50.28409126643005,331.4510696841857,20.31560378922321,46.45956186901561
50.94496775862963,331.4371153416527,20.315603472251134,46.4595186932812
51.68866069723709,331.86155103110735,20.31560048383015,46.45948463040818
52.023066259698254,331.9549989688893,20.3155975211202,46.45946043248142
52.414848293059976,331.8062738905477,20.315760265805743,46.45767607969648
52.63202823346488,331.75212423293726,20.315849610660077,46.45637154288377
52.82861575507827,331.92597115437985,20.315896482201527,46.45566515608186
53.1444163507448,332.6191988839805,20.315956050317467,46.454791667095336
53.18765225625299,332.3462122913887,20.31606953748166,46.4536903555329
52.941365163690556,331.39717237778535,20.31624006636225,46.45269574750557
52.98571212176485,330.6560253016163,20.316527771181054,46.45134732171864
53.28258914157307,330.68771063651985,20.316739321564775,46.44997360733608
53.406670830192354,330.03205346601703,20.316954191348824,46.4488456456379
52.788437313224335,329.2050783447733,20.317427363132758,46.446744729220335
52.77017371752315,328.52192744129434,20.31776080001115,46.44501539203608
53.03833112232371,328.25122900802097,20.318088482227488,46.44305977387979
54.01960777420411,328.7875260427952,20.318370013519186,46.44122082842343
54.27040130843184,329.2679655646052,20.318789952662595,46.43765633568006
54.85027489905947,329.6205625084337,20.31923096949695,46.43395392312837
54.69670566800313,329.47880048453356,20.31941325962018,46.43141409120032
54.55317664199204,329.9812655637146,20.319436561657625,46.42973465095498
54.57878597428486,330.54370744846267,20.319500895246406,46.427977507473564
54.3228316920827,330.4861915679145,20.31947732502243,46.42610932372804
54.27726308206276,330.5743287788031,20.3196548098476,46.42327447917271
53.87340147979787,330.4479473032439,20.320070413402345,46.41968113136766
53.72460431980539,330.90222659461324,20.320438304401723,46.416226470519184
53.57122493543367,331.10727735421773,20.320696370048765,46.41319329328069
53.34623414517694,330.60632047291983,20.321665969074942,46.40736941931028
53.03588919684924,330.16372389869656,20.322829956306528,46.401193105743545
52.7972152697343,329.40011699884406,20.32384314929105,46.3963630907895
52.82175067978531,328.8358840124473,20.32484014511868,46.390994701552955
53.45905959365638,328.96240316427077,20.325490514436176,46.38770894922318
53.665052778083336,329.4571860041679,20.326064161499097,46.38403860510327
53.52408322402973,329.3957438832382,20.326949845724766,46.377222812105906
53.20650118491247,328.0206196900654,20.32922709696725,46.367217769038575
51.754367701115115,328.766689330392,20.33610250686848,46.34677438834876
52.46559142538453,329.8454745534009,20.338430539553716,46.336064780267385
