177.5,51.5,21,129
177.0804546604302,47.0121037725884,20.92760401621531,126.09260611449118
176.79666903667763,45.172298063501906,20.26784958584873,127.4608030524548
177.14373002267055,46.98816300488623,20.309436267789746,128.27878496930774
176.98721763709992,47.0520645601855,20.659438479049797,127.12548084590708
177.38067257102293,47.992713566095134,20.99801844217454,127.5033781618466
176.14698553672903,50.258843449307285,21.21959296928894,127.27409834155877
176.0523586327531,49.08560777870111,21.216751914779724,127.44420073097363
175.72388571397815,48.041894160665805,21.153586024615073,128.11352319924487
175.90999202435503,47.10008269353385,21.070585600926698,128.46495747956286
176.35550314055806,44.93599568998913,20.98506959792128,130.16872443365853
175.00867106126088,44.934616399467274,21.13337128398144,130.83743420708123
175.05033952693225,47.4807428880781,21.432549127438033,130.07550063446163
175.13402383591887,46.03354987039313,21.3378324992228,129.1664935442975
175.4091686894137,48.06736046599258,21.47350922432777,128.74177734997056
174.41497285231412,44.060249783519495,21.46233231694575,128.67325983857395
173.9128008489339,43.89126337317282,21.785845845037983,129.34219901268375
174.405715247435,43.99880263652523,21.407848824177933,129.63133083887658
174.2831681180051,42.0280689859903,21.649322691326123,129.39830768813368
173.92617555876723,43.24608844246704,21.715784227820215,129.19172066994034
173.80542138262942,45.589069330523486,22.285579525915708,127.44626940522576
173.69513922926376,46.666811052238266,22.086561525308298,125.23021818419234
171.96014044254372,47.788603715145896,22.588632119683417,121.93093899355469
171.87364435334143,50.17063421179646,22.368810317508647,120.49927236174953
172.46693583405727,51.46661354099896,22.05925528490615,119.05192470435925
171.34134394102904,52.305273239821155,21.707779607080184,117.51016507419952
170.55475708740087,54.813750037084915,21.358438994916618,116.12935540247778
171.29226696056205,58.69434667009179,20.76535335494424,116.09880779304973
171.08562514431034,64.62883356831816,20.800529082059754,112.36855737001008
170.81076372636736,72.6393984919475,21.39618886749686,109.41760650834709
169.29020179247513,75.22930032057076,21.89179028388054,107.95487867583815
168.94792178492867,72.8833320462018,21.452666369530128,107.95515863506799
168.2627300975308,73.99423519180522,21.699417313295548,106.94887713653237
167.20121068854752,73.35668248402307,21.66343952207022,105.29028389792185
167.8546516838219,74.26915023792672,21.656725092098846,103.95179965831065
167.31073932004736,75.39234454622225,22.365268239199803,102.8662153134176
166.11163579836202,79.69306304560617,24.28713936962759,101.26525562864512
164.85390268919133,79.4914348354928,25.47970863057152,99.87932104125773
165.82552417121028,82.90701852050643,25.803019068480623,99.04334143062988
165.43037349649566,86.00896122517209,27.20490472367313,97.03589051913181
172.09362813595385,103.23207481159858,34.5362991160214,86.58232386873976
184.00406100005142,127.69073535358275,47.085218696664114,67.88300510410735
157.3913484091246,89.58677149836213,42.445066180763874,77.77190205282986
165.74807025035796,102.13154138864053,41.74932650830694,79.00093336297128
165.55912908665258,111.29199571311082,41.43948859655525,75.33716258481928
160.4140658210548,75.28735720552969,43.11854640216485,71.0942041873839
160.45886959584294,93.3869324454945,39.054398142139355,75.81790908465155
168.237701367659,108.91936880669532,37.99898050152234,72.01380334528213
163.47330857264978,125.41789877924114,38.43711648674345,69.38668892631352
163.33374810813677,84.92879657195246,37.24013804385939,70.08396377546121
178.5651583151035,93.45276014488033,38.941391574017686,63.67325129025001
159.80479247186548,108.8324176390068,37.55725036620665,69.29267089062009
161.35528273269605,117.54153604050336,34.108354224933734,75.61071643625979
161.94745376206882,124.88982838760617,33.580575388596515,73.90307007365816
160.70664403870813,126.87879738120688,33.24568749584037,72.61980419415329
178.19238804641046,144.24875904761734,35.27007197799429,68.37573619275324
154.72673020942352,113.52903379020856,33.84704042296424,73.93367883403569
157.1848067110812,116.09328564251082,30.749495703645465,79.54986697818603
158.3912766892596,115.46507276454051,28.768294272917714,82.60094233510931
159.21755624032403,112.7996180020549,27.82041918987764,85.04497193912107
159.745608788976,115.20044846821081,27.069819785532523,85.97624214389421
160.36369396617778,117.1414524328444,25.839995379333363,86.57856343825982
165.57486822997242,120.43440515687774,27.335449662412984,81.16432353947141
159.21687933292696,117.61397389881685,26.40390739119629,81.05886342375726
165.70384845554366,128.7079988780924,28.074099852750017,75.42384538659284
170.21177910648188,88.58163577608433,29.655807062836434,75.79706261844106
169.50858972507822,88.84400720795098,29.70186621123338,78.1946584788441
169.9722636395837,96.50403402876067,28.137809466988834,81.82090343646789
167.32738226368463,100.26993913529938,27.157080618750328,83.40823957043636
166.4251997393248,106.41443312181468,25.790172674382212,85.97898041057715
164.61441431481398,105.81671767401821,25.93637192420647,84.10998488405097
164.36549172060163,106.94510375381321,25.72842075166163,83.03752363754688
168.63812422121026,100.42262498252741,25.63745663087648,83.0226848468055
166.98149647445447,100.40067445525685,24.68445006994471,82.38162023123782
166.97276018074467,101.53066247003233,24.077970566624124,80.31828211527157
164.9598418832461,105.67882782559622,24.360178182892042,77.5805894999995
163.00275735156765,122.50425275555949,28.94122117813367,68.41049830706515
178.8771560896982,140.52053418776836,33.781882167448785,63.53327754469822
161.06674403068902,99.30194051904417,30.47240080451006,69.40788095880676
162.0495125087122,114.3236247471524,28.859972969786334,68.90423303786861
177.61401205366565,132.13322984847417,31.595273654049358,65.89501581618205
194.11307531589404,131.40768725723143,35.574838779983224,61.40041799619564
211.65114446365973,152.44649273430832,38.587750777420595,56.18195697490317
228.1646984569138,151.2851408834594,38.70844323646905,55.56311328280219
245.8114011008262,165.5600494420076,38.74117549136887,53.3877125170242
263.1966311054394,163.32620041334556,35.99105544796283,54.35452604141979
245.54728235756482,177.00859589366175,37.21800230284283,52.78121037680789
264.2051933992206,160.84516552209706,37.64799168193362,51.47411802545488
241.13606383651913,157.96633267630085,39.72684834151623,49.40653547562272
260.7289453451878,157.61141865601772,40.21224697579021,48.141602387763385
238.31561364096964,157.9773529310922,40.63453340058398,47.68821430779493
249.87731822208062,128.50244300664275,37.77006779610126,50.06058435810982
250.5013506057403,143.23590656090533,34.62076625624468,52.6694018784909
238.82688998158136,162.99079835358555,36.53973488310258,49.6515654672028
238.23964467073782,140.69861556031745,38.417580459509225,46.66750682888545
238.59633254323967,153.41687518531376,36.099558031766236,48.77123835709109
259.4997082053597,142.81119755861053,35.80641373267265,49.43400008937937
238.10803805829917,149.1958305121268,32.683793943785915,52.84046393393371
234.54175969353298,135.25573398541914,28.5829407917265,57.365537282148864
231.26545366358144,132.39048767021546,26.28080412573846,59.22226945074899
242.72452879815373,129.59783830430518,25.954105501491348,58.257346739393284
260.54180257277903,139.37750433835242,26.84008483822705,58.46796744534664
251.2086040587659,129.16784923430131,26.262776116741634,55.135091831915645
247.52229798724105,133.45041481532448,23.62593734731574,55.90897853791133
249.3435646803604,133.72037747957916,21.765966693773564,58.21221932230176
244.93409004588682,126.06249014807227,21.178315964246636,58.22247297396298
251.84537802060288,142.80833480110374,22.9128851335279,54.422792640067975
247.26158107923752,133.64124735872755,22.978233685448075,53.924194316202225
244.64884132112755,137.59945123843892,20.64727237143726,56.812673374711636
244.8623169492605,140.2466272210103,20.184670575028147,56.60434903179174
242.0243027366993,140.78366621391797,20.088768782407598,56.48168884974078
243.47219569142905,145.52482993339254,20.22906394861642,57.30019892757629
239.03566274462264,143.91795995324378,20.085798169560814,56.513067229548625
244.91961870860462,146.41341463905925,21.212098010700878,54.89046377947221
260.71790426472046,136.1330648113021,23.691851361359795,51.4793521404309
276.23523756257924,130.53717750028116,31.02421204835708,44.78081075295127
259.9293404451583,139.8487274768922,33.0486020321003,41.789217719590006
231.47072196309009,150.9454641640346,30.229316321676226,44.52571222555421
229.95339882692633,151.76767466860431,25.78324398133281,49.33498031477297
226.70809808748263,153.46150556167842,23.771712090774415,50.69091269824147
232.80717047248046,151.03739221865257,22.69454567618645,53.122341507935104
228.48120976384024,152.41383538993958,21.924298361777467,53.79578668544168
233.1145911785338,151.05092287730062,22.1924972328298,53.741285344295
229.05711474519822,151.80227808806586,20.803458018812464,55.53430312939906
234.29969378975136,151.77052146828396,21.70717493733562,55.198684981490686
252.3668290047932,140.9739388851563,22.88821212443939,52.40293222477245
224.3417725706427,151.0244594138399,22.10298258551388,53.225431282761605
225.58242649062478,152.18336233563485,20.88653573321294,54.553417446618035
237.46983769098148,148.2435106822374,21.485486907328646,52.69067099297591
252.39101468941288,143.63010156141095,23.743020758366264,50.29459971589103
238.5274452501409,125.39014131870516,26.43693171637803,47.01641015491589
218.86988399056386,149.3518280097723,23.322793981625818,50.49626171784998
225.30368350354343,152.5332458893717,22.740411287148635,51.2201140003382
235.01125697707678,141.02426918217589,30.02543294970106,43.609174516170256
215.43740745627366,152.38779447104645,25.06066708652212,49.95319365583636
220.9523395644394,146.25946700041425,23.442176962292713,50.24411697631217
229.0320095425665,149.78593812942825,22.935094925350015,50.50728437557179
241.18419447487096,140.08123301183605,26.295600091258677,47.60107228104426
255.28289163267908,119.86003114805348,29.15374013843539,44.4132918350254
250.26355417903855,131.35883701624238,29.957076834656917,41.55893151771498
238.81912054793807,128.8719625069924,29.873245885187963,40.96715309709756
251.65180894065205,136.71723200174395,34.84248785891525,35.465696253285344
239.76540070052826,130.54771504898432,34.076798784963614,36.92020104503509
251.81869986825532,141.4198502739347,33.947487741989974,34.71623859379149
261.00158303234707,156.47113442252694,34.707402337268384,35.088148064551376
258.43182975618333,142.68003098399032,35.53538068372423,35.42050180746933
260.25877534808825,156.14025381429374,35.18344901453235,36.99017417359591
258.6950790759519,141.49789972903406,35.37482809864571,37.4029417313223
260.0754725839083,152.05541590580384,33.84401535259987,39.18651472446241
267.3714947326092,139.6099622049259,27.664807130027178,45.63276766149662
265.1025816790892,147.71655656037154,26.369402264777094,47.02591172953599
254.65257589340388,147.3731631555492,25.57421577706579,46.71510901062004
266.13683311753545,162.07518867224275,27.420530201483338,41.954896859679224
250.5899516579643,147.6056682383122,29.51296751332583,41.034545561402616
258.7497233623178,159.87574514672548,29.527755617069886,40.59208804889735
245.09025760997807,167.85554808913236,29.107168002486738,41.44616472023598
259.27143032325745,159.81454702155526,27.830662801147675,41.73669728141559
255.5033480837919,146.87413698200712,23.839432031665673,46.0742548788224
248.7154898177691,164.91860884191098,29.720763035146827,39.18654979121682
260.5371525104614,165.80515788000423,26.429269085919437,42.095887227573016
242.72513199866233,168.12676253818094,27.22578401698832,42.33500212996962
254.84684259711392,167.85926133633308,25.76820571559294,43.8574781407286
244.77167838960793,157.72131895985703,24.563975185902788,43.16830170593657
256.11781476124145,171.03935382499583,26.430816898812488,39.820821453198064
259.1189544874474,163.3332831063018,25.11109932079018,42.28279046626969
253.11408412454756,172.2773933161522,24.145957920735423,41.94177501788239
256.22603733878174,166.80730852766897,24.62426859431789,42.63783544110126
255.8080388934617,173.48357125665882,23.33696230998536,43.87498111807031
254.30634360702422,164.906287545901,25.725534011839102,42.82813061661231
247.74480647719776,174.97148057364467,28.16003920258334,39.73606700985545
252.8165129314257,161.77965980189794,25.99991124438378,41.32868911365163
253.17307704549535,174.51396441315313,28.254509246865858,39.15474808877309
244.98532203977183,158.69493865942513,29.535755227856335,38.694094304481055
245.10383875294178,171.87222688583986,30.065848361727625,37.62405421334589
257.20305005179875,168.38916143514777,30.311784589697204,39.029808470595576
245.65414064563925,144.92194632107203,27.294130608437186,41.68035274293654
246.10534835020383,157.65090609308902,29.059958369092534,40.15951167485468
242.23922961641972,138.9804124486096,27.505334416983057,41.382548524360395
243.0561279010064,152.69612063699375,29.159057779602893,39.39039263038017
242.8007354253179,156.09565102292632,29.141659747581453,39.397861857294345
237.79751490642042,126.5294960891999,27.985628060461863,40.22486624379017
238.56299579062323,140.05477968667623,29.677738820895343,38.19723491614706
235.37481453254782,118.84669621100151,27.581735957712667,40.217962719547266
236.3130729617134,132.00245986298972,28.89276749835308,38.540668890302314
236.44137948699438,111.183099045577,27.76927671313004,39.36669979026448
236.5723330746314,128.40016730824922,29.74433590939225,37.00459619338681
236.65009718113177,132.25532089889828,29.744147518564628,37.00458135141367
236.85986305427735,136.005587500848,29.744031097199816,37.00449971230304
237.05114534212268,138.93361318952387,29.743969494588818,37.00447593810072
237.35584166552073,140.75389736446397,29.743949821234796,37.004429114557205
237.6565276778299,142.69944627880085,29.74393239561548,37.00440189020779
238.28537120585378,145.08111171339345,29.743897264654734,37.00436810201623
238.6874245069803,147.1747152299692,29.74387359248971,37.00433586592284
239.1675994076644,149.54547573965175,29.743852072047304,37.00431474737559
239.44949061510488,151.37432197714185,29.74383875926285,37.00429539289404
240.0332724291373,153.78576171133963,29.743805667849667,37.00427235073751
240.26421235941356,156.27991758463224,29.743791232406963,37.004259497127116
240.4811868411269,158.80965839077413,29.743769387758498,37.004241862657096
241.0873820483822,162.49654156344678,29.743744838955333,37.00423001865451
241.44867810556715,165.11287631062072,29.74372618373384,37.00422272523441
241.9143904389292,167.59401133864688,29.743703961849235,37.0042119617846
242.43057779656522,169.5119151665329,29.743685031947063,37.004204000073834
242.80418543723553,171.18477465185327,29.74366505404654,37.00418886968886
243.1204087555718,173.2864664928428,29.74365427562368,37.004180050380675
242.50578680866627,177.6201116333755,29.743624134934596,37.0041671054359
241.63397948722317,182.05241387269683,29.743596447651093,37.004155178978316
239.90522293674942,184.01861795242624,29.743595739394507,37.00415439866989
225.5426989994052,183.71530185493353,29.744224973946253,36.940865493515666
229.1673637499078,183.27469867280436,29.744217887339243,36.94086737188074
233.28314036562392,182.87298372740634,29.74421105788449,36.94086879158842
237.30534571709214,183.118882791685,29.7442053384686,36.94086942153784
238.5776046735464,186.87767623765325,29.744204704231297,36.940869237670206
241.3827413962025,182.84400965455288,29.744204620125174,36.940869182435385
241.7628308402534,186.04525850908388,29.74419285391059,36.9408668575897
244.7695280497709,181.32663298069193,29.744192790649507,36.94086682337021
