58.5,100.5,28,23
68.68854989545733,105.07534951095641,26.420744142190813,23.524785635374755
67.7319072433226,103.12401401061827,26.420742045260933,23.524781722644686
77.51054851132102,111.17295241034157,26.092131536851994,23.669492966410978
77.47732094992223,110.58068472632692,26.09212930611725,23.669492235006384
76.56674770529827,109.086750013365,26.092126565361813,23.66949072930485
75.33001186321819,107.23049882776021,26.09212422379566,23.669488713612566
75.11964563669129,104.58495121051745,26.092098697694865,23.669477724038053
84.82135198921667,112.98023867008754,25.336709597990797,23.900736224697656
84.11255895319744,112.0997434850335,25.336708747383682,23.90073573672774
83.30429870367026,110.70018009163448,25.33670562297155,23.900734229534706
81.61675993484823,108.12717219440904,25.336696376252814,23.900727227354707
80.09920451546205,106.56311558320908,25.336633322050332,23.90069594711486
79.64431126573774,106.47122430557829,25.336173687694597,23.90057768414772
79.46572565141773,107.77061007340558,25.336105252733702,23.900517162287073
78.57709575954328,107.4908261390218,25.336079460615913,23.90050130750957
77.88522191187616,108.13926003402855,25.336041431310257,23.900482053033798
76.27829196897429,107.55331432510042,25.33572704648412,23.900265774356843
85.17020080566346,117.42998193788647,25.200636790097963,23.8917082282281
85.47473597691007,117.45084041344656,25.20063651024207,23.891708031544432
85.39064172324103,117.59691007763654,25.200636147626987,23.891707637299906
85.44150498841105,117.75793431769993,25.200635955554276,23.89170740403361
85.51610923244144,118.28404366170231,25.200635685352776,23.89170703401438
85.4098248730287,118.00998330231097,25.200635167422895,23.89170647927947
85.65470893931194,117.97806068088866,25.20063455647618,23.891705610826467
85.89959297579297,117.9461380594663,25.20063394552929,23.89170474237358
85.79096527936257,116.84144146017645,25.200632092015006,23.89170253232291
85.61332298058275,115.90737284487149,25.20063134306663,23.891701211220802
86.0309383683417,113.90975447838554,25.200625374811146,23.89168557335836
87.3180069868528,111.61536283636832,25.200625348634887,23.891670811280743
98.22221603181232,120.67778025367775,24.85374748088382,23.782625008644303
99.25635346228304,121.15964605555833,24.85374640267247,23.782623620909458
100.29214850391597,122.03809927985711,24.853745074060548,23.7826215359441
101.32817030829148,122.93376322629658,24.85374369210092,23.782620165892297
102.4168038537865,124.07420112739324,24.85374319885867,23.78261980811121
103.50768974677891,125.12043967963986,24.85374221441804,23.78261907156841
104.70501873182448,126.40979509208334,24.853741856173833,23.782618802711703
105.77561266586068,127.84837249434763,24.853741417529548,23.78261858688247
107.01474573566,129.41369418607195,24.85374056342284,23.782618094363993
108.51131922507338,131.3100305539347,24.853739765702635,23.78261727750752
100.01022289826506,110.1593752399299,26.43733519794479,21.663056170897992
110.9885400504709,118.23261998512213,24.450826091897355,22.743955062471535
110.7207669358631,116.5991237149234,24.450823872550327,22.743953364969226
110.33242979473246,114.23493684111284,24.45072124498342,22.74385011140014
109.01351156894297,111.43803960832503,24.450698113661378,22.743811607310246
117.2241805299738,117.25676458484145,24.307827369944476,22.82960155295904
116.5049792896348,116.27910671473744,24.307810747000016,22.82959002075192
116.55393844315267,114.86904857438344,24.307752813520878,22.829534230003006
116.71864645645627,112.73488617137775,24.307748293566522,22.829530369327344
116.04372613871656,110.50101353118109,24.307745546210565,22.829526530915757
116.14784236201756,108.49426760085015,24.307744459328802,22.829522469489017
116.79788689490569,105.72251316853222,24.307737004232177,22.829489902697873
116.99220839410825,103.40838756247686,24.307734528783897,22.829469535066142
117.71666861217061,101.80511805925607,24.307732077621633,22.829457704944602
118.25450916940717,99.35772102210171,24.30773372243349,22.829449685747473
118.05471548904995,97.92563183446521,24.307734107573427,22.829447734558688
118.13554106409605,96.97058850204978,24.30773576090226,22.829441568731596
129.0749913513193,101.16194751585397,23.88192394683173,22.056741317612463
130.00280498522167,101.31887857782765,23.881923619754204,22.056740682961085
131.47693811938646,100.82168921547594,23.881917658736675,22.056728443156434
139.9544038835869,109.76464272329555,23.689750107386516,22.051295518093372
140.28758943132652,110.70123415394103,23.68974916533442,22.051295191973946
140.6481722245919,111.52321543848514,23.68974869940536,22.05129500615599
141.11040054562213,112.4606466240308,23.689744481394253,22.051292921777296
141.31324911371826,113.61187184573089,23.689742932598644,22.05129218159369
141.6868940272889,115.03344929541592,23.689742405422244,22.051291951031594
142.31467390635586,116.42448398479888,23.689741853297235,22.05129154008489
142.9912065304815,117.63744486859676,23.689741261303595,22.05129121261364
143.5803616612064,119.08864865105336,23.68974079809441,22.05129081704248
144.28999202420425,120.7628838564454,23.689740573960318,22.05129061728746
145.2103933289112,122.48912916577522,23.68974027644366,22.051290328370243
146.37749187188854,123.99713565189334,23.689740234861567,22.051290263162198
139.48474581132993,99.81988961795733,24.86564468660623,20.913583386942424
149.77908668240283,106.5833615030058,22.950918861818817,21.607816717980747
151.24179321365006,105.91502304312954,22.950918692619684,21.607816682510194
152.08277964143835,104.85140167620415,22.950917506240167,21.607816612787364
152.6255217389646,103.87172919378413,22.950917219840928,21.607816475317197
153.12525489270257,101.94555445281333,22.950905470260665,21.607815722273482
153.78214580194074,101.81771013557503,22.950644321721423,21.6078007882915
153.67754397044146,101.46614583615442,22.950558478642233,21.60776093534666
162.29879898495562,109.07157023713009,22.78448163137662,21.45154145926203
162.7001315840814,108.67631694895098,22.78448154752784,21.451541315077336
162.7088042631124,108.0563709425096,22.784481282656486,21.451541083621127
162.7174769421434,107.4364249360682,22.78448101778515,21.451540852164932
162.8736531256357,106.81433591927812,22.78447716559582,21.45153737195879
163.7737041333049,106.37404610474394,22.784474880749084,21.451535622090372
164.2836246223185,105.29840580744083,22.784470805340256,21.451532952536432
164.20675048332748,105.62829303210472,22.784469513071798,21.451532091389208
163.88481438802992,105.67768587781404,22.78445781971383,21.451524565847425
164.2241116216389,106.08261625154788,22.784455736357422,21.45152035238395
164.63919309613678,106.12676733131077,22.784454299259746,21.451517914337597
166.7657916876671,105.43761803545776,22.784454309344852,21.451504633561306
176.30624481630505,112.27659260936967,22.419461824651925,20.819107739460634
176.53884044415068,111.71123919282857,22.419460621946843,20.819105758875544
177.4373290304416,111.02104297818283,22.41945488968025,20.819100868373322
177.9843285952813,110.65077021351911,22.419448112486474,20.81909468757198
177.90049751455587,109.92590410302296,22.419446282486085,20.819089359736154
178.05633336528055,109.0401404027452,22.41944390090483,20.819083509482958
186.11944985267385,117.30897809796336,22.273060741486884,20.8388784407019
185.86091123097964,117.24122743892062,22.273059167984574,20.838877167058225
185.60237260928517,117.17347678732855,22.273057594482765,20.83887589341435
185.7379215259542,117.50759107885598,22.273056825163017,20.838875340564268
185.5288882095477,117.32437941863917,22.27305668813766,20.83887520313695
185.60655071727547,117.26252038436698,22.273056563891707,20.83887508446838
185.68421322500325,117.20066135009479,22.273056439645757,20.83887496579981
185.57410470792735,117.31033767371301,22.27305582862923,20.83887439998141
185.42567712578585,116.9486962792838,22.273054410747456,20.838873480744287
185.85493803200166,115.09883770440796,22.273052748500533,20.838872393572757
186.37297025310056,113.34606413863222,22.2730476858803,20.838868425347002
186.72257009348783,110.78324874957163,22.273023422529054,20.838843075538517
194.5321654820283,117.91689587363562,22.156865329774273,20.800477393389507
193.39507801520685,117.12027377746999,22.156864142659128,20.80047619864345
191.80220466418666,116.12016097203275,22.15686345967449,20.800474835030638
189.50119460723914,114.26358476254839,22.1568628330605,20.8004736533066
189.26386174391394,111.76148390972024,22.15665278175105,20.80026699943532
197.69843336910483,118.71639739038065,21.245606035580707,20.72053532925218
196.9332544855495,117.49359818787383,21.24560548817722,20.720534893552323
195.29995372570787,116.55730137545055,21.245578980898195,20.720516757305735
193.78839902148093,116.26062599160197,21.245553442528927,20.720509961984106
192.56764546302682,115.35820749762861,21.245196784183882,20.720533207293194
192.00628504714467,115.66892083309187,21.24496384340327,20.720525846936418
198.39910044880446,122.19870420352242,21.20729885276682,20.627862792598776
197.19472057699815,121.40307460033308,21.207296618230018,20.627862638664034
196.34757692353818,120.62072880516443,21.207292691133546,20.62786268542223
195.43213055989818,119.76518821300057,21.207289875315094,20.627863080183914
194.51668425586263,118.90964768044145,21.207287059497066,20.627863474945414
193.6842163964343,118.72602881979094,21.20727979854112,20.62786562510041
193.16606948281427,117.830389375923,21.207253297068696,20.627875329677398
192.90942748524148,118.31824208931965,21.207214819641916,20.627891083323107
192.65278563658597,118.8060945345887,21.207176342403837,20.627906836782213
192.060353653699,119.51268466578209,21.207166727245188,20.627910144303574
191.52868734556614,119.93890957096782,21.207061404820717,20.62792399655647
199.31456534834686,129.56974638035382,20.90437220986716,20.867802959571595
199.7746980394604,131.24081682360955,20.904372084998688,20.867802747651197
200.5647234977103,133.7483819278025,20.904371994571505,20.867802582295017
188.45433136475023,115.24560914419847,19.472436762811036,22.445457371915246
188.7155600342549,117.29049140055179,19.47244244746423,22.44537925294641
188.542490705971,118.71746636038316,19.472445428124875,22.44535265405392
188.05542984147138,119.87278508668854,19.472447493885603,22.445347907131648
188.62877799494592,119.90010659513382,19.472453714936396,22.445328620721742
186.65180738475803,120.69077161648758,19.472454782190244,22.44532553953155
185.85747841514728,121.54763055975968,19.472464998213784,22.445297457064488
184.2012514564971,121.59321958795582,19.472492348436564,22.44523165672233
192.1617188113959,131.156350353952,19.396401503079872,22.075294892796336
193.39922338039614,132.2903001455791,19.396401568036516,22.075293630693942
194.93020445941244,133.57271570322558,19.3964015376895,22.07529281859307
196.74393325894394,135.69975858232232,19.396401557339868,22.075292601171107
198.74170864022676,138.04006869478812,19.396401665669615,22.075292092883792
200.42404064135687,140.1339897859995,19.396403171679655,22.075287511169044
201.43188917417442,141.99601472206663,19.39642361245325,22.07524476870393
202.50222143920757,143.52565970230162,19.39648445660875,22.075112418173553
202.16639180546133,144.20699615109984,19.396511195796183,22.07504366181248
201.700961580824,144.76647996754483,19.396530616380485,22.074998262504046
202.04525080426467,145.66233683947547,19.396563378891678,22.074905846042963
201.4551286349827,146.0889687613197,19.396604279650425,22.074795171509603
201.73790284614796,146.67468950775634,19.396648921151275,22.074635254792952
201.94166094942128,146.6570811200109,19.396725815867676,22.074458520270017
201.8244260306715,146.6362118537767,19.396749664235305,22.07439986183382
202.02977234492036,146.6971285923039,19.39676516514356,22.07436099599502
202.27286445637748,147.06939047969576,19.396770575837184,22.074343282288385
202.5159564933429,147.44165224786434,19.39677598650259,22.074325568609765
203.1688682996809,147.95470285056277,19.396777368867525,22.074318799858432
202.9537230687032,148.53090883292805,19.396777340434024,22.07431746153932
203.10126044478233,149.33147531029098,19.396777349189627,22.07431689969672
203.44813418572676,150.37181403764788,19.396777268538226,22.07431647745366
204.2253936269035,151.49950709805506,19.39677720504006,22.074315993922568
204.758748499511,152.24211793485463,19.396777216676217,22.074314752604934
205.58952533626695,153.10970785565453,19.396777045247166,22.074313143198125
206.9074594252364,154.0181714717573,19.396776701399453,22.074310602192813
208.0569210406414,155.01141347342582,19.396776486183917,22.07430945751365
209.34092487677086,155.71482612943137,19.396776283102255,22.074306230883135
212.06220678699526,157.38610644844772,19.39678601001671,22.074273459213924
215.4593592872098,158.75860914753162,19.396793486699497,22.0742591251178
218.35940709042063,159.87193583344734,19.39680583621043,22.074232626302724
218.00491729312716,162.3559237418115,19.39681363237739,22.07421239886886
218.0247993610915,165.91724348172926,19.396824003732902,22.07417252077891
217.40861134162057,170.41559960151943,19.396679223964433,22.07426833326157
218.86841911658848,177.75350809008407,19.428359049852606,21.970942048270956
217.79031412633725,177.14624459442268,19.428256564687345,21.970834144269027
217.11555241989998,176.76933669158595,19.428261797668373,21.970692439947968
217.34736345834722,177.0186105936143,19.42782696828861,21.970339777445115
216.6301023963169,179.4216137115829,19.427739917620926,21.970377166385894
217.28141551907927,178.53696908352896,19.42773062594589,21.97036608088765
215.20722826518522,177.16976834777256,19.427699581823592,21.970332232499903
215.65412575627204,178.88335233857984,19.427617656691165,21.970288512741433
214.1432612060188,177.26281445457016,19.4276199105027,21.97025896269136
214.26064999359374,179.31788587999063,19.427492053160574,21.970211612796422
211.7948940179046,177.48296489155067,19.45140741640409,21.935991843079073
211.76513224876442,177.19683869686045,19.45154000001116,21.93517918996376
212.91415520879596,176.44929569728453,19.451626499534257,21.93460726827821
208.04340619793754,176.56147185604965,19.4910638217882,21.847641526089205
209.07539068421585,177.75666151793615,19.49269643652714,21.845366641097964
202.4430489414025,176.66461177815694,19.590662392856927,21.701018778737406
201.87264909479924,177.28763017637422,19.590678776126953,21.70042973716276
200.4492333001921,178.86319331112426,19.590621346328778,21.699714119823337
205.9587514729469,174.20496403211246,19.55848628408335,21.726221353384073
200.7278674618949,175.40164078579133,19.8496858400008,21.38084481669894
190.76533165536745,176.79745302499867,19.75826079473051,21.298849397122133
196.0378993467768,177.48601974621633,19.774233047409854,21.256111124898624
194.23311286198884,175.76067780225432,19.772654083315715,21.25541237579872
193.58441147941377,177.39813159295323,19.772421650826384,21.25488833932275
191.49061688259667,175.32924182749736,19.770860034218888,21.255747418116602
195.95691233683544,177.06774158388018,19.681943785470377,21.263810266114476
190.5760160807078,176.19318713680434,19.88825724804301,21.004454823870926
189.68719923691216,170.4777853654402,19.863574389194188,21.027006604209046
190.02068096822498,174.37699422407843,19.86100315946345,21.025062390045388
188.0404925681023,175.25914228105532,19.860845387107492,21.02499903079892
188.1735328472021,174.41272011234832,19.860508322941715,21.025187804858458
187.7619286665686,172.4691883805777,19.858390420304133,21.025502239240137
186.85301026745628,173.55574467982078,19.858343727012674,21.025452918952226
186.17389292942985,172.3844155571948,19.857072272847024,21.026300937763725
185.63904589452835,170.83831804041412,19.856057471762274,21.026589185360127
184.27373017776557,170.86530483885866,19.856056838561116,21.026572920396674
184.45655761850043,168.7993361291259,19.855052117165652,21.02718557179581
183.33312404747033,170.97538987901555,19.855533923303582,21.025715984766762
181.20758208265187,170.07294025677544,19.855534478917075,21.025711245177124
181.33929266231937,168.27964989498986,19.85506159419455,21.025648272916992
172.19436276905935,169.49786144483457,19.89191730661789,20.96271955990056
176.22478697116907,169.11030520000918,19.89285173931251,20.96208880347284
176.20731041654463,166.55583255169586,19.892225800464228,20.962876465364374
167.12019439791135,175.36385674823163,19.204296201378288,21.304206459744016
170.19632310910896,175.6822680828434,19.203021158896398,21.303957760838315
174.28153709291675,171.47883716521113,19.201054037228054,21.312100762179515
174.013811544627,170.3424020966055,19.199942571818713,21.311238475608416
173.9846200161669,167.19189407489932,19.19876420105632,21.312580008064995
171.6747732051022,165.21724982742091,19.198757391361934,21.312582757401078
173.70755477926548,162.7405610316032,19.198561464867684,21.312690390540403
173.76162285961712,158.46061672086333,19.198341972221844,21.31305256853867
171.64584913076035,160.20108555089638,19.198343504795016,21.313047144190378
174.19964915110052,157.1190607520897,19.19832078802825,21.31303519547806
172.2807044901636,158.3700106798664,19.19832091541357,21.31303410548863
166.88199132255463,158.3536925487321,19.200877827718898,21.31069877294667
171.83493907006886,157.68324426376887,19.201948542102087,21.30947564911709
166.5921631068432,158.033037117323,19.202472201646653,21.308865505058147
171.76784107040504,157.298732414851,19.203727816270995,21.3075169622711
166.46813184230544,157.60800476215627,19.204207330514627,21.307014915499156
163.34610391956312,155.61156553090407,19.204207428013405,21.30701422570559
167.62665798254972,155.0827195831492,19.204514974342512,21.306536637076803
162.7845242525792,155.68437073196998,19.206365518389987,21.30436544485829
160.1334181426052,153.38257475837673,19.20636550002622,21.30436404258796
162.6486908862114,155.5172428394139,19.206359048610896,21.30434884532682
159.92671654047274,153.26091647954152,19.20635899436067,21.304347737404363
160.11312047085323,156.33849868367258,19.20634173842953,21.304288443125444
158.35314088659882,153.09599121352935,19.206340980333117,21.304286560596932
157.06181867538555,156.49547756526184,19.20632067459495,21.304261191421503
157.6595017524033,152.70017133422957,19.206318995809735,21.304257427289777
158.0319542229673,149.2196898015666,19.206317797948756,21.304255336060507
157.91282039370572,152.09725035932448,19.206316753249688,21.304247345392206
158.45227952166573,148.6548042038608,19.20630980180349,21.30423479486932
154.41513269062932,149.0244804970151,19.206324632394423,21.30415516064052
158.61716585480866,148.70275246499335,19.206325343525467,21.304152560266772
153.73239721746262,148.9411787824088,19.2063676078416,21.304097118724652
156.2566701547103,146.0377414375228,19.20636757074856,21.304097056451972
154.71396158827415,148.76580597148987,19.206358611473057,21.304078465965347
157.63839347041963,145.23038335148743,19.206356541518012,21.304074287330092
156.74467977759957,146.75786818728437,19.20635650177357,21.304074164915253
151.76556758831387,147.10676327297847,19.206393777073522,21.30403182010333
156.24473722990697,146.87890910694617,19.206410397512812,21.30400557141271
153.6095505863663,144.48656671313404,19.20641034017275,21.304005224149265
154.4696966963857,145.81349683629617,19.206409853875673,21.304004116313777
157.11862775570953,143.0722334872707,19.206409788145532,21.304004035189894
152.13999282870162,143.62522509262521,19.20647386976145,21.303915270853825
156.3632543919316,143.55565889011518,19.206482039077873,21.303899172331985
151.5944206532991,144.04965086445188,19.206558535813063,21.303780790865925
154.02656676783624,141.3485439084394,19.206558451514184,21.303780652597897
153.22196326317018,142.718105134275,19.2065584267353,21.303780591673814
150.41004120648185,140.3722112440573,19.206558393383407,21.303780175545455
151.56474536107353,142.03832627783757,19.20655731839195,21.30377662280117
151.7280925311624,138.61626589041708,19.206557168716405,21.30377641833306
151.95662219853108,141.67023167128593,19.20655671073186,21.30377122530879
150.27056472174405,138.70899801130707,19.206556529113094,21.303770836678833
151.2870808828664,140.4043079641922,19.20655567049141,21.30376925518833
153.88530290790496,137.8094822406803,19.20655565499071,21.303769212954375
153.00353859961436,139.5849025846787,19.206555566928678,21.303769141183757
150.11491798076617,137.0662944703776,19.2065555746141,21.303768706425313
151.29238773873755,139.0264760091332,19.20655504258856,21.303767863029773
149.65028449334682,135.83161959020208,19.206554904570567,21.303767413538463
145.84653131211243,135.50804120476243,19.20655356135086,21.30369218835837
150.6553046876344,135.32192628852064,19.20655575287279,21.303688391615236
149.22891735885202,138.24427065567812,19.206539577918104,21.303668522504175
149.31066628269596,134.91674539541492,19.206539461319757,21.303668288483454
152.26279636181442,132.4335176734,19.206539461621677,21.30366827291858
151.56469963486472,133.3821595103722,19.2065392919783,21.30366815305132
151.18560443057746,135.45608575949157,19.206539187895636,21.303668075619452
148.45963964596461,132.92237842712098,19.20653918787697,21.303667502933884
149.73206269716144,134.1827661005926,19.206538189700847,21.30366652046205
145.84940871773273,133.8285269972598,19.2065401526171,21.303625864403386
150.47490484235425,133.54571140458046,19.206540678337443,21.303624587260497
146.55498008335795,133.2021427216989,19.20658030176827,21.303492921022166
149.66871933529345,130.66392708781066,19.20658030207816,21.303492914384552
145.66062907218688,130.56249776339408,19.206596048628207,21.303409191849312
150.29801517664683,130.26355222129507,19.206596483751287,21.303408230072602
146.21040696981046,130.288611659071,19.206633415917658,21.30327754609555
150.45560994398846,129.8486446032517,19.206633503938644,21.30327704879782
146.23876635732935,129.78254287862453,19.206739325022973,21.303036503768528
146.8136040438003,126.05223000212087,19.20673860608802,21.30303517776581
146.6842950896609,129.12248610963525,19.20673622241847,21.30303209130764
150.9516390356342,128.75894601567217,19.20673632638256,21.30303151684748
146.27571966879742,129.28238217031372,19.206964876340272,21.302758476477607
150.37794211551932,128.89387185357683,19.206964868150433,21.302758059498196
146.06549971917292,128.96266916678883,19.207027044266066,21.302636584161956
150.12819665353052,128.59735206687597,19.20702704304353,21.30263627347055
147.41890501780975,126.24230021893113,19.207026921388156,21.30263598071278
147.42446512329045,129.72683888111672,19.20702382604355,21.302632428772014
148.1883985393661,126.04497223324442,19.20702311899907,21.302630048704856
147.8131149757371,128.4623511457586,19.207023108061982,21.3026300285471
148.63006250416967,125.07935022791601,19.207021779453104,21.30262682501721
144.57175672287588,125.56177037904942,19.207031398070953,21.302518692855358
149.13438195916828,125.29745554943523,19.207031741831358,21.302517916616985
145.0795431720028,125.83659659548766,19.207067287353752,21.302322319911585
148.06214624713417,123.4854518089834,19.207067283331227,21.302322311621285
147.7318270939072,126.30213321015783,19.207067257418228,21.30232227935297
145.1042893734177,123.89151492315338,19.207067243685305,21.302322242949273
140.64888431648717,124.22576973747351,19.207120292727023,21.302128680574125
145.45002899112959,123.99562063010285,19.207121096945645,21.30212734382848
140.9443849119308,124.35128719038129,19.207178786593232,21.301936942063577
143.90691838804509,121.73426945528335,19.20717878230163,21.301936920316088
143.08609496466443,123.4998539348536,19.207178767032914,21.301936898858695
138.73870444302167,123.44700758311478,19.207188043655833,21.30184356191104
143.54803228169018,123.22480825944871,19.207189478440398,21.301841123866428
139.1994587675278,123.2145089838846,19.207198674123585,21.30174934934706
143.7679426708831,123.00093782884589,19.207199480083865,21.301747370407753
139.41552145524503,123.03638223743634,19.207209834333657,21.30165861177054
142.35234577774168,120.21548895770223,19.20720983283399,21.301658595921367
141.5962569871773,121.92819409687381,19.207209827407286,21.301658588269127
138.5549738627244,119.36869246997242,19.207209815021535,21.301658546173478
139.64329809372677,121.10701324076534,19.207209731389007,21.301658421137315
142.5589599053134,118.48422863181369,19.207209731872954,21.301658409914637
141.8375342549441,120.17224934087824,19.20720972760366,21.30165840413907
137.40162606638654,119.99908692539455,19.20719993284377,21.301610183701484
140.17546840122895,117.30385525812999,19.207199932653566,21.301610166027245
139.50753934939019,118.99832185072933,19.20719992971794,21.301610162591263
135.13298625620178,119.02140740775069,19.207194940557645,21.301585161974042
136.1883822601879,120.77184974786071,19.207194854200996,21.301585014682445
133.21701157684393,118.08656350032413,19.207194826845953,21.301584942769523
134.24584239373465,119.6101841884902,19.207194726420262,21.30158477737489
129.85428818277737,119.76264489870698,19.207197298115073,21.30156525484859
129.6379649308496,116.05851195442645,19.207197467799354,21.301563168556132
129.7033227568213,119.2021660339507,19.207197349946902,21.301562748765434
125.02966033047677,119.37033896488734,19.207261727477288,21.301432442560046
129.7294598101969,118.68477430256513,19.207295221955526,21.3013888622362
122.3066280039062,119.54033434009287,19.21448646820388,21.28256994131738
126.72201791359944,119.21962494476188,19.214737494459474,21.282281669258108
121.5679686268761,119.59439614228039,19.215289452305598,21.28177469225469
126.02384948676809,119.32587801008266,19.2157010037008,21.281290905647634
123.024713994076,116.77564226710966,19.21570100062064,21.281290895011605
125.31357620452894,118.53366844458095,19.215701036501855,21.281290309325623
122.58820948937554,114.86686635836799,19.215700805157034,21.281289192292313
124.68035276196571,116.64634044834233,19.215700854367586,21.28128857551501
122.0001083869831,120.06555213530206,19.215697374871123,21.28127271807506
125.01330915133572,117.42076565229009,19.215697365941278,21.281272491502563
122.57367220964997,119.0291263103993,19.215697357863792,21.281272471594555
115.19288317490359,119.57672488939748,19.229073103443014,21.261986239463372
120.2792993108608,119.07338536473131,19.229102884446053,21.261953209747563
124.96270195697073,118.60633361900659,19.22918468481651,21.261856533541057
117.64300685153651,119.40116951720877,19.246268071954482,21.245414884498437
112.34116674834426,119.56158624920047,19.24670158949621,21.2449292660694
117.37424473206389,118.92762101242428,19.246717268175118,21.244908727964074
116.1710428643929,121.35685224993372,19.246717223533587,21.244908586624362
110.95085266249184,121.66896123115421,19.246905404740485,21.24468676275609
115.66964758659077,121.30841223533828,19.246909016625647,21.24467953645429
114.58515383868506,123.66710994069442,19.24690899984856,21.244679431375573
114.901861816589,120.2137975293138,19.246908683441152,21.24467755278183
115.19605219313381,123.4528993465783,19.24690814790372,21.24467626123986
113.24819565547469,120.08700722019623,19.246907655488194,21.244672832424456
113.49518468727767,123.39760848182377,19.24690737699271,21.244671824367114
116.88576772042714,121.08360607928788,19.246907387353925,21.24467160166791
115.69301823969548,123.27238766007957,19.24690734826794,21.24467143980986
110.47793017837674,123.43233730849687,19.246951558673974,21.244619577734404
115.00672956782705,122.87679932121763,19.24695661583292,21.244610375824966
109.5891891976816,123.1957663627366,19.247055437788834,21.244503450761258
114.0542378701194,122.53294883387981,19.24705758021795,21.24449866453412
112.1396472111817,125.75289197405115,19.247056273276446,21.244495616308146
115.02683253241653,122.572038146873,19.24705582428823,21.24449081491494
113.74432035402508,124.92431285928919,19.247055805155608,21.244490702674106
112.15245065286514,127.1977609231383,19.247055783723663,21.24449055581084
107.0168025871855,127.36669569611311,19.247090699872988,21.24444612935661
109.80975512730053,124.5800906191161,19.24709069471614,21.24444604394022
107.89147571800268,126.67307101518414,19.24709069449471,21.244446021457488
108.02972212379231,123.34838100772028,19.24709062759969,21.244445829323432
108.0208608421388,126.3184595345751,19.24709061591274,21.244444758584983
108.04154630566507,128.90493958361174,19.247090401080857,21.244443988209497
108.22682802290174,125.24477635313414,19.247089996850423,21.24444269037558
108.35674882556455,128.15199848888938,19.24708971442367,21.244442007121968
106.74650944823046,130.12087381558268,19.247089695974815,21.244441931661978
109.60322465509843,127.26801245432844,19.247089686901948,21.24444184533258
107.96639171157284,129.28914687838582,19.24708966895436,21.244441750269548
106.40056363133274,131.0697554513095,19.247089659543178,21.244441674048065
109.59803000490372,128.1075403070348,19.247089659288434,21.244441592266625
108.00958578687062,129.70931674218588,19.247089629473287,21.24444144489543
108.07204575296588,132.50873084881147,19.247088545558917,21.2444367790075
108.0952984880494,129.00841049467198,19.247088407384982,21.244436141308704
108.25005257704733,131.78594583152497,19.24708748017494,21.244431576306336
108.31264920241131,128.40664376555685,19.247087214385587,21.244430228048458
108.43689731856423,131.33750813379007,19.247086888671163,21.244429206120618
106.4317267431278,133.176305078937,19.247086872094084,21.244429023865127
108.63792020340996,135.8046123748729,19.247085892081504,21.244423395005956
105.77532132539928,133.16972496035106,19.24708585604966,21.244423310261823
107.50700102477373,135.0900869706353,19.247085813227276,21.244423042668796
109.38632310528216,137.83200217188406,19.247083610447106,21.244416416416417
106.77016726766063,135.09721522689807,19.247083560073722,21.24441633177901
108.61745117360158,137.08298008221186,19.247083428550695,21.244414912853692
108.397238801067,133.56614204404136,19.247083224689117,21.24441293438513
108.65388795092777,136.7293921926897,19.247082542403046,21.244411622379
108.7214473486261,140.0536640779739,19.24708182917209,21.24440977914821
108.29507792275047,136.35837140172757,19.247081883258726,21.244406848102074
109.7154409025631,138.29464745859667,19.247081822376106,21.24440641397509
111.44619182145765,140.0835958424467,19.24708205978235,21.24440481076478
111.37382414875516,136.29051269134504,19.24708180066269,21.244403777457812
111.50669535227333,139.53661285208398,19.247081039916207,21.244401923234612
108.94088149874895,135.79830045826137,19.247080710465934,21.244401268374933
110.51137784636825,137.5877523108213,19.2470806566763,21.24440052307871
112.22577969462849,139.60058881128094,19.247080642483102,21.244399004245537
116.72837728711187,139.4163056630677,19.247119222164784,21.24434570967435
112.49448191290612,139.08466747764194,19.247096478754965,21.244281452378747
112.50632275297396,142.93366171337695,19.247096279056823,21.244281014203384
109.88043416867714,140.50300767601567,19.247096275561844,21.24428099108662
111.61742237115259,143.5530218139365,19.247092906423322,21.244268832340893
116.28184845291186,143.34382001891942,19.247121052963358,21.24423795148312
108.95464148136735,143.23844016209787,19.25288005830824,21.22881998761404
113.74327440509259,142.95326932277635,19.252912375225446,21.22879105172842
111.14580023485092,146.21241220179033,19.252913949809113,21.228751467559118
114.47848066775747,143.55176306251582,19.25291401157782,21.22875114686498
114.31147137154659,147.13819384151617,19.252913539096326,21.228748303921627
114.32525156125304,143.88383173864165,19.25291351109988,21.22874782018703
114.15289791900759,147.43885299339792,19.252913097960864,21.22874502167302
114.1657813086774,144.18687149030538,19.25291307128151,21.22874455739914
115.96866361180729,145.73025628263093,19.25291309247839,21.2287443151705
118.22243747636931,146.9536643885452,19.252913218731557,21.22874311722747
115.97933449606776,149.0119154749911,19.25291312464713,21.228741798827865
121.17662129983678,148.26242186475807,19.25315400838107,21.2284887400962
113.69497995625575,148.37285940982875,19.26282246061881,21.208087256541294
118.42746366056907,147.9015458090708,19.262911471364742,21.207966984340487
123.49515942619318,147.1772309476548,19.26294836876642,21.20792667753228
121.42655384080359,150.5396054467184,19.262946786249714,21.207915323600623
121.35803657223882,146.7462251364601,19.26294668366311,21.207910654810597
123.79473005960455,148.87787931887405,19.26294847617408,21.20790175516212
123.7290075849319,151.86652003904166,19.262947853739156,21.207899501075683
126.99047479173056,149.6787690815158,19.262947876939926,21.20789930659981
124.74899139154209,152.34136951088902,19.26294777744504,21.207899005562137
127.88031541912355,150.10879308086052,19.262947827903485,21.207898648303445
127.6552446141181,153.57120207269168,19.26294750137376,21.207897273070106
127.13373303276883,150.38878964114718,19.262948865938448,21.2078892580463
126.94491617536218,154.18371570065923,19.262948055452686,21.20788661106808
130.06825343078367,151.96218111886168,19.262948082268373,21.20788631665538
127.31124645655866,155.38021805941574,19.262956369707666,21.207803341309
130.57649687067092,153.01592514544407,19.26295643030761,21.20780297235292
130.37704165860913,156.28348795548484,19.26295612335402,21.207794501624413
132.40413124916154,152.620279799337,19.262956133838543,21.207792890946426
129.4580893690624,155.56622127309225,19.262959587029943,21.20776184544402
134.51501784522682,155.31413235509953,19.262970394405727,21.207749474901753
129.6919202530394,155.37158711095063,19.263152318892867,21.207478582324413
134.63910737805676,155.12933884563114,19.263171036082245,21.20745625715324
134.60812300576674,158.8018776536951,19.26317099215774,21.207456155673736
134.44419210200073,155.25038383030486,19.26317074558016,21.2074546056769
136.30773573616406,157.15782167306565,19.263170736546122,21.207454522877473
136.21558505552133,161.13990318832356,19.263170497971398,21.207453842062613
136.24466395427672,158.207641244718,19.26317041268173,21.207453364802284
136.37948206163261,162.1901868334886,19.263169845505285,21.207451985234684
138.4811994670127,159.45482029063498,19.263169978897977,21.20745047468952
139.76729795604763,161.22972875464333,19.263169961277303,21.20745039352034
141.7574938977644,158.16556481342144,19.263169818642748,21.20744995259984
139.22439984677771,161.7221795377956,19.263169108360227,21.207445010229744
144.4611112140708,161.52224552217348,19.263187497736457,21.207423572327258
139.51963086837858,161.48836320030568,19.263224109225867,21.207374029847422
144.76618639257362,161.2908388257296,19.263243744734716,21.207351361906333
142.08712332201716,163.48625341205678,19.263243722364958,21.207351275555645
146.71156363827265,163.60733202388974,19.263268271738735,21.207323869494783
141.93837102753642,163.47180458758282,19.263300153062296,21.207260637650734
146.33085284588927,163.56356181195338,19.263313475585093,21.207243617803684
147.04201532729272,165.1184651999779,19.26331340863697,21.20724314096426
149.10896825458306,161.8023365966459,19.26331296482287,21.207242409243218
146.69559957832678,164.81670930107455,19.26331148295436,21.207232638050673
151.13446553917564,164.60967512151132,19.26344249155446,21.20704350058176
148.77355968342403,166.95838128556326,19.263442431664913,21.207043186485475
153.0920702412403,166.79908874459522,19.263559682731557,21.20676445931283
145.45013882056801,167.1664038195758,19.271591301541932,21.19388891989012
150.51096281148787,166.9491289816607,19.271670309448336,21.19379753250701
155.3070220074799,166.70000812748268,19.271712142378803,21.19374673512193
153.80739888569002,170.56756556491192,19.271696529879495,21.193742143161398
156.32009848227992,167.9991873984591,19.27169654476854,21.193742055931548
157.7149494259337,171.6104852418997,19.271629838887947,21.193723464082066
157.41899617768996,168.17155915640024,19.27155504360453,21.193797104960126
157.58354535048628,170.4867796438571,19.271384512972382,21.19328138105353
160.61871473775477,169.94638200622472,19.271146045899986,21.19279928586536
163.7841923724715,167.94522547842064,19.2711405597917,21.192792051861687
165.2611638748694,177.04000214548972,19.428530209948946,20.914495507884652
166.1971887482778,172.42555487766685,19.41056888876841,20.963158949170086
163.85995468920314,173.24581102466544,19.411683334890153,20.959198869795397
167.22527991673542,172.86662476842778,19.411351902957875,20.959203188167482
172.88002906477607,175.66585495065962,19.474724052128096,20.997165934665723
170.38422324551274,176.35480053601142,19.47451821628948,20.996531276604
170.57674483457822,174.71279734935496,19.472245785104846,20.99830512695247
172.3500076075291,174.28507556766857,19.471259141485813,20.998807799059385
172.16388891868044,174.10423973411008,19.471169012640935,20.999078236079505
172.34768728115387,176.16895598995538,19.600510277882655,20.963357577416282
172.70476004614477,175.77731109739116,19.88670425595749,20.545825009181694
171.7276847550744,177.5744111129278,19.885957911218355,20.542999375386223
172.52564428846526,177.81726240735347,20.08265783438109,20.458551917302728
172.81173477809307,177.35516354875674,20.52011754879004,20.073574143163164
170.55412977686225,177.20138962212772,20.703899977093936,19.803098145503395
168.68785136414226,178.04151967318427,20.46364558045754,19.816198252855322
169.35405309654544,177.79261355539617,20.39905675188165,19.811675774495633
169.01850510215877,177.51254500392938,20.214184920964247,19.891446170581112
169.40042556804212,177.4470587256254,19.974896572892046,19.950182338267304
169.64518992287339,177.37511303425205,19.86025583629966,20.021520369492528
170.69059231997386,177.4419318412421,19.880489250106482,20.010501251930414
167.86314897796433,176.33337673047282,19.6329053454415,20.08040087547704
168.71416894290488,176.8916992273987,19.597780236231458,20.093812858897316
170.44718282764282,177.45725005623382,19.786030029850664,19.93189399055281
171.290635464925,177.14900580936535,19.920350279234974,19.68992491898211
172.10942615153874,177.23417102046375,20.18459802950453,19.48138092338913
172.3162142277942,177.56712228255356,20.245102469387472,19.477670267037855
173.46533221567776,177.75624982350794,20.382615309156826,19.507036091958938
174.65739614699243,177.85942310643605,20.49450824044232,19.508184813163435
173.62863143195642,178.07807101632466,20.572713568112583,19.521077034119592
174.7851281035573,178.2126230710539,20.64955105262387,19.530281822871572
173.66958346861247,177.77942168668613,20.669484192676467,19.53073305352119
175.20687466613234,177.659878617842,20.697632310255763,19.524048915616653
176.43439783080836,177.74117987813653,20.69809302092749,19.526993825542913
174.04004996877558,177.71481452456794,20.702883715696196,19.533386779145747
175.60960603091922,178.08903681942218,20.71525822661705,19.53214047310961
176.57779877061657,178.16428815415355,20.71716465453282,19.534287981125686
177.81035217002108,178.0671680227071,20.71962649166435,19.535949585556956
185.25146596278464,178.56116091238025,20.407715220834522,19.699721404134
191.0604849805116,178.17083844217177,19.946604294145224,19.640911336044162
189.79463319347212,178.20214861853168,19.98072090266327,19.637538715486805
188.88883793270546,176.9938732706646,20.01083444970933,19.603823049984367
194.89522586251198,178.14986799046818,20.02100494782331,19.544988841853055
191.30454900662963,176.26660526040524,19.90613263496035,19.62294547148885
190.88808677563702,174.60223458416652,20.23941219161682,19.212310994269643
191.2308614276799,172.78274308164617,20.757051783710217,18.60492273008422
190.77675335155536,173.67567162961606,20.369355789391026,18.974986139668133
189.30761905429844,169.83302273434475,20.333182855584518,18.867431528477372
194.8532229624088,173.95094801095993,19.981781214595728,19.219868328762608
194.53459603730133,175.14080617179036,20.008866011733016,19.198549490927466
193.9212759402582,173.3396517532452,20.160016446374094,18.77275068489033
190.92812988565703,177.97348689012773,19.87453903195582,18.986009785820126
189.4038024568251,177.8311160269699,19.89379520988639,18.963560915078414
188.3938352365179,176.76652216839642,20.002866131785886,18.73988031366766
191.66186619385982,177.0654476166678,20.003933142425524,18.74356706198801
191.52725845719377,177.64858707606123,19.879031111399357,18.864856950803087
195.66269135003972,177.60218856526492,19.72367340523627,18.798971089609886
194.8374538103855,177.69364100136787,19.58152055390346,18.856613740306486
191.29840369890167,177.95901332303188,19.34731723378035,18.94878096745804
191.00889068395307,177.25448233680592,19.34536600261113,18.919502752837204
193.68074288260627,176.65528118766593,19.352083510822286,18.810049802665976
192.90394669669615,175.51549943972472,20.20170741731434,17.9751993218791
192.25844097136215,177.30341134810803,19.42008512469621,18.556749410294323
190.49569246934465,176.27975626942984,18.956353641716408,18.785496821602752
189.35391716270126,174.86399139010132,19.079005807966453,18.494547141478037
194.12337795006383,177.52582287172703,18.849689831691034,18.664963768070397
190.5969037788927,178.15654870660103,18.666771150565246,18.755043127069953
194.9022700559433,178.30408531917857,18.43872044308271,18.759827220316197
194.2033816012881,177.65145884285954,18.046808049948677,18.920140392718938
195.83820483729613,177.90826885247617,18.095319727651837,18.818193442485928
194.9981852096625,177.2638015741396,18.054595061181423,18.66466328987717
194.52296603391255,176.34076899751673,18.252393880592052,18.36262544438938
198.27405637963952,177.58783056701378,18.03375057698606,18.500780032522375
196.31728493555372,177.51498569398422,17.579474155923037,18.62413840481542
195.39538801385206,177.53609100194646,17.21814219061052,18.65097133580598
192.06028083523188,177.93460345006704,17.27850709487846,18.580550364792963
194.76899992819256,177.88775714743645,17.25007027843342,18.485808801357756
199.03525342912815,177.82864049495817,17.18467104938943,18.484402933164247
196.07303057347332,176.60297200212872,17.108117786852652,18.45806328880295
195.6184906754937,176.49796125645943,16.971880886644904,18.465074742600166
195.62708780151016,175.98436922441948,17.027643837404142,18.387580414269767
195.36246411539742,177.22294479252122,16.985673017052246,18.588032999684962
195.32963873876665,177.07282492658777,16.977468295722513,18.58885770941707
195.08870287480087,177.06393919771395,16.973430710690614,18.682095174158967
190.8997506497133,176.54349115352179,17.14974557651515,18.583649550545324
193.07946784030435,177.17083038700017,17.33299527354964,18.497575934357577
192.58538712769334,176.78104835306928,17.187382299014228,18.581331412760893
192.3890963944267,176.45888729229978,17.092385760948886,18.651067977315964
194.78441019006428,176.17200891018464,17.110063433193034,18.56930567330509
194.36425303860509,176.32132125999317,17.058314535637635,18.56089789644809
193.92675462291075,176.37167862791298,17.121427679053287,18.437140101795837
193.1124361501733,176.52721856000954,17.182447804192797,18.459116776899815
197.13867216281727,177.92930310236858,17.19879577859965,18.454083377148795
196.40658411063302,177.6946715691585,16.998000412135358,18.46570612350632
197.51947485460576,177.37811101538057,17.06624744477399,18.42270200265714
198.84380560128236,177.292219486284,17.188805920216577,18.336302028576046
198.1723360585826,176.57149546432194,17.61107366181268,17.686837968847204
196.31875130405302,178.11460570049232,17.2906419288064,17.90313538743663
195.3603946242833,178.25460475868894,16.95989182360893,18.107211029168713
194.26858715320725,178.26982342712645,16.70214796105824,18.11226759888104
193.7289429096777,176.68799684938213,16.638841037770383,18.265235787328674
193.90905755146363,177.6587144307949,16.75797340752645,18.351108850134832
198.06660036704056,178.48976676212698,16.463960164067867,18.330077414399398
197.09864001929793,177.4149965124248,16.532300922571928,18.19500072821111
198.30850582224116,178.1437160885368,16.58206866627962,18.17519640169357
197.60929677528875,177.50269710308976,16.657564053580405,18.04201160857245
199.28324445066565,177.6465486794949,16.64094488118662,17.99120695250916
196.25272414417935,177.7441050029816,16.638847009204387,17.99154216768408
195.8311207979628,178.60919530784304,16.633756463287547,18.052878338814473
195.171832674654,178.23182493570644,16.666387055989713,17.981026458900182
194.32351137252653,178.19944534918505,16.387771667500278,18.087827704805385
197.90073622995774,178.30880518824864,16.314865875062132,18.08094886487207
198.2098891957224,177.55677563212183,16.199612416601042,18.113335680601683
197.1248076973909,176.73547646769123,16.17963516591906,18.134678730875493
196.88840107526676,176.92409278700873,16.35486843623128,17.986204889290057
196.66230851999487,177.10206599404162,16.509204636681748,17.859223996082996
197.60933505832676,176.9889509077292,16.529815947720937,17.81229818144515
197.28508403431323,178.06859942272558,16.640642317017967,17.907663903603847
194.33891196311416,176.9399156805477,16.486423787754735,18.223499848996283
194.79117505946974,177.16079727037658,16.41975806009335,18.29825532177765
195.4946351012596,177.04201333277916,16.417838782368406,18.297931493128424
196.19804816592998,176.92323819552425,16.415921667729513,18.297605590804128
197.2830338764711,176.11595710509772,16.41538670142018,18.296988948186137
198.06600827797178,175.5195551578645,16.415159410259633,18.296144265916148
197.8423848779028,176.10686889458447,16.41467024514569,18.29608139246702
198.5964388894954,175.28270140474496,16.412612570242352,18.295851318206235
199.18671034226142,174.59955275097414,16.41212826322867,18.29488280524465
200.52670084392636,173.47286418084474,16.411945147700933,18.2933549600756
202.4772549948097,171.55805209524448,16.412889010011995,18.29032870822616
205.07504666549013,170.41717753777718,16.413252838908715,18.287890744684816
207.44148220060177,168.75645576921528,16.413274758797733,18.287805370218045
210.24390631481364,167.0761884268572,16.413280160439903,18.287797519152363
212.74991259539715,165.56305274467843,16.413293909239922,18.287774890513692
215.22494519323948,163.94409318837702,16.413293849511106,18.28774630070865
217.32953120950015,161.75469148777222,16.41330360257326,18.287714977492012
219.1764502553042,159.97654619741118,16.413313644052298,18.287662479600797
223.42203799536293,152.59777030017736,16.401370952020805,18.174729921956608
221.52902620944235,154.47951522830968,16.40137877488427,18.17470475494674
221.66506029435354,152.65490061318192,16.401281622184193,18.173343565432965
220.74379776808138,154.51765028266678,16.401283815155118,18.173335034950174
218.43102284006343,153.38797956932473,16.40128387794762,18.173330930170675
221.15894781281273,151.92434396009153,16.401297885085736,18.173253058060876
214.85177289198623,152.09515632669255,16.498777228081508,18.079001905791475
223.3573435159128,153.5493161440978,16.388167749027218,18.005811293579235
217.4622702780662,154.3057180836701,16.408695236683286,17.984135739896974
214.7217257543612,153.0813896672631,16.408696599461948,17.984126715395917
217.45436517824058,151.49383552454367,16.408700668725885,17.984109640345903
210.92314884446145,151.04647972701414,16.451704129436,17.922913294540386
204.47313952370183,151.4503957716481,16.46351724269594,17.910393729114308
206.33031024083076,149.78021105951325,16.46351721049194,17.910393451998527
202.7586991152745,149.98426329059788,16.463529050532657,17.910378001736824
206.069342911272,150.00478007081307,16.46367614710577,17.910233801317077
202.37796577256483,150.27639345760144,16.46368992693101,17.91021580564485
199.62018457667966,148.4960865792505,16.463689784369087,17.910215214888844
199.45983535026772,150.87342696454138,16.463688813641415,17.910211263154732
196.88172823498422,148.941075181496,16.463688806995236,17.910211174002573
193.10786591036606,149.15203574203701,16.463780761987227,17.910027545005075
197.06675316213747,148.46239781823184,16.463833387808375,17.909968346800884
194.5884969212681,145.5041333996339,16.463832464700957,17.909967528540243
195.90714945385713,146.82171833508988,16.463832420808906,17.909967402119804
190.04370427412778,147.17925373487802,16.468002634088396,17.90284367791053
192.45403958388113,145.10091254386452,16.468002619287542,17.90284356863503
195.94485625648457,144.9312902519661,16.4680181960472,17.90283034589236
192.02372449716557,145.10907909730977,16.46935792852182,17.90148267167498
185.66317313873213,145.31756103868753,16.47226091546931,17.89225371943474
190.07590342248193,145.01991012475955,16.472268411324176,17.892246587806603
189.88527347107055,141.5264684927753,16.47225999167913,17.8922471651601
190.21361003712832,144.44259954034507,16.472259575704328,17.892245678693634
186.67972288560006,144.37005113798782,16.472289146857786,17.892119894034554
189.1289745411071,142.29365826940008,16.472289139371533,17.89211985316438
187.53243438069742,144.26769101286158,16.47228903492844,17.892119647155727
185.2629715717121,142.16296757522946,16.472289005163557,17.892119615376515
181.95999873196737,142.80649501691042,16.47264386434043,17.891779405056873
186.3990752874735,142.52935846629103,16.472790466462982,17.8916776326575
182.7657051892487,142.66315176307882,16.472944359201595,17.891369501730303
180.3225885305606,140.8861929662878,16.472944346804837,17.89136944890423
180.49756959528563,144.0075622965587,16.472943855805454,17.891363313234283
177.99421504353083,141.8444801834134,16.47294099947616,17.891341359410124
182.0335195630961,141.80620474157712,16.473133115435957,17.891176945085693
175.85462340361198,142.80650304477248,16.512231319719145,17.854280990817497
175.83882418631137,140.90546380777437,16.512040458945023,17.85373571603442
173.83910102712966,139.28296271668745,16.512040385249144,17.853735390044797
173.8671601084765,142.24915583592676,16.5120377492614,17.85372935099855
174.37816620140748,141.41238620539713,16.51165906922068,17.851958000332946
172.26856250442,139.26862289626274,16.511666328918324,17.851916526255554
175.32702778834675,139.09945457307785,16.511679120439766,17.8518104894054
169.1571463411131,139.56435505958515,16.51832357618636,17.84385197225478
173.28481919152398,139.27165452022805,16.519091881407114,17.84314019410402
171.32415938811988,136.39106649697703,16.519090572993157,17.84313059454892
171.7988452281697,133.99216473533943,16.519089634737654,17.84312880852848
168.84140314068333,133.9412195783437,16.518968125811497,17.842716653206793
173.21242947953365,134.23806476650597,16.519180195730502,17.842542865093346
169.99333195465312,134.38253060650675,16.519225793282097,17.842232551115803
167.80865620548568,132.23234179134383,16.51922685826734,17.84222375260863
171.74344471260594,132.4571679804071,16.519589648103967,17.841850056952417
168.5306491317842,132.50444128039757,16.51970378185441,17.841292039463337
164.8849282165173,132.29229343909694,16.51977712789113,17.841174011231978
167.75344207317073,132.3680965584066,16.519810438296435,17.841044215426564
165.28296743751062,131.05009871719483,16.51981026961419,17.84104379456335
161.54425128386234,130.7307387026633,16.519817478491564,17.8410085021237
161.78987406581723,131.375244051202,16.519817452578103,17.841008449005358
157.652840865628,131.47438467409827,16.519888453481418,17.840915880642957
161.4382380450085,131.04134864315358,16.520013131585706,17.840635682419574
157.2937544878878,131.14809516483703,16.520078916786524,17.84054930616602
161.12471248173634,130.69946523681867,16.52015595582288,17.84038297421063
158.48444201776448,128.7970537972604,16.520155940620825,17.840382931574226
158.67604125112848,131.3180772842889,16.520155884165423,17.840382027616073
158.77637000483304,128.74713321903556,16.520125375896125,17.840351022075442
157.4129815336552,131.62251506121962,16.52011546636887,17.840336925720035
157.677930056802,129.38819368787858,16.520104248570235,17.840319317787838
155.4361258898697,126.6369826678158,16.5200986145394,17.840310442080877
157.71891655377064,127.7653338488954,16.520098608453807,17.840310264598806
156.5471701487663,130.55154067909046,16.52008269806451,17.840281438498184
156.93710948365037,128.0812656675901,16.520076028513827,17.840260153362998
154.61230136362474,126.30306087167939,16.520076027110004,17.840260147787507
156.47899374444287,127.44297513236738,16.520075874696154,17.840259459587212
154.1366778337864,125.75429723010174,16.52007587151573,17.840259450138372
156.10163688771948,126.94610385439654,16.520075814415517,17.840259072718837
151.97662840438517,127.63209803787514,16.5201070861989,17.8402237163207
154.78344051477325,124.96967454535233,16.52010553082802,17.840220618968846
150.50810736079373,125.2494258706048,16.520147945049253,17.84016752195363
151.87194260150793,126.31615919630156,16.520147894757915,17.840167352722585
149.8108571416568,124.05095668018964,16.52014788931976,17.840167340390735
149.9929827676717,126.5044470087231,16.52014759525588,17.84016672101302
150.39618190782716,123.50124882085535,16.520147468250016,17.84016584943406
149.6485798061359,125.31283413261922,16.520147461351165,17.840165840148888
145.75541030796842,125.63249866131899,16.520157188276922,17.840131764705834
148.40139972759366,123.27808754209312,16.52015718508604,17.840131752791372
144.49237416714436,123.57117619864718,16.52016555085766,17.840103059335032
148.62788943649997,123.16175860926485,16.520168299194772,17.840098568872104
144.69253859165153,123.44559533580428,16.520177258941718,17.840070069520948
146.87159654560836,121.16624162778226,16.520177024093265,17.84006786413557
146.24587652333696,122.50802193576864,16.52017702041824,17.840067857980294
142.3791468030835,122.52541901366402,16.52018127980333,17.840053999617897
146.47468081891037,122.14955581074464,16.520185712138893,17.84004728120052
142.51721874883265,122.2396076066925,16.52019572112977,17.840025071698637
145.36240164415037,120.16691260113332,16.520195721815114,17.840025049095097
144.7364282422487,121.9126439567307,16.520195718710784,17.840025045419846
140.83795548107014,122.18186652594089,16.52021140479471,17.839971139490018
143.46626139325986,120.16420068457315,16.520211404450976,17.839971096151288
139.53498357387008,119.95883369078216,16.5202158309197,17.83995099914616
140.80844719408427,121.75080945515832,16.52021580416017,17.839950943629923
138.43613512760956,119.59836080645815,16.52021579923114,17.839950932680658
139.85263356412383,121.31125051293114,16.52021577144796,17.839950862386033
138.01017819050378,118.49014291188608,16.520215744457115,17.83995081255356
138.07711463276746,121.282637068366,16.520215562647547,17.839950616811723
135.82608897035718,119.04929707895161,16.520215534013513,17.839950545744266
134.03200443302717,121.6737696139563,16.520214795517376,17.83994928142949
136.53036888165906,119.36786832632546,16.520214795348373,17.83994927871875
128.7612319867644,119.309918771232,16.51963112511573,17.806977756853225
133.39978869533695,118.68619016299138,16.519635437157582,17.806973535155457
133.36422173625488,121.21165376784934,16.51963508608425,17.806973010772797
133.2568626832858,118.06521055590053,16.519634984305483,17.80697222382447
131.98471777488075,119.66916177862966,16.519634973768746,17.80697220985425
133.6442892157371,116.67285642079514,16.51963491050698,17.806971994126783
131.87838735460227,119.2603325694653,16.519634786417377,17.80697172696835
127.56885661852338,119.24906329229904,16.51968342593355,17.80688593021665
132.1277616565539,118.66455002143456,16.519693135944294,17.806875964339106
127.93052693583121,118.765663418685,16.51975721239944,17.806757359301862
121.71669581594276,119.25640364533486,16.525224017606025,17.79746376942452
125.7692185308296,118.98996464786589,16.525278265871886,17.79741150942623
123.59468589293104,116.57966633784287,16.52527823786653,17.797411434526
123.4386733288318,119.34546143290221,16.525277521014203,17.797406460929526
123.32939255185214,116.54552780887431,16.525277589563782,17.797402550385485
121.20459220977165,119.27593391440112,16.525271187543126,17.79735427060626
121.42990866888852,116.3952094927023,16.52527030504166,17.797346624440912
119.70310862205534,118.63317236488993,16.525270230479858,17.797346325622314
120.0166727416493,115.75649351330105,16.52526922145931,17.797339465811785
118.2721996329424,118.62778217144016,16.525266378433045,17.797323013028432
118.7224552112497,115.54143110693333,16.52526589057305,17.797321399061133
117.66812618277224,117.52997936253495,16.52526587219531,17.79732120705652
115.45042236634553,115.21561184232614,16.525265866498927,17.79732118201391
117.80502607578802,117.10038856670698,16.525266459241145,17.797317341482817
116.84868287711112,119.05843936741914,16.52526638942425,17.79731695732841
114.98918796433817,116.2528441001619,16.52526612746098,17.79731621910729
116.92419353804836,118.36500596183735,16.52526607127292,17.797314337949988
112.23850144569015,118.21393035831156,16.52532762415338,17.79726084667738
116.21068966940122,117.53592029520152,16.52534767255034,17.797229170262245
111.46498692750602,117.83954890437202,16.52544589773479,17.797122685392168
110.7142918214845,119.63628288575511,16.525445891043088,17.797122673446918
111.0645437614859,116.7495699439227,16.525445837181646,17.797122501203546
111.21676399773258,119.52451059550131,16.525444700749755,17.797120272142983
111.60337112511147,116.49570396185933,16.52544466699267,17.797120166624197
111.7111492589444,119.14836568848744,16.525443426454043,17.79711745311408
109.98208313666575,116.35832355923286,16.52544340401307,17.797117387740208
112.18932156077713,118.40379699951073,16.525443427280788,17.797114320508435
111.27422879736494,120.16763779818756,16.52544342153526,17.797114312281366
107.02973779821009,120.47646052920841,16.525455616988527,17.797089854821106
110.65487714354313,120.06154691554062,16.52545587605999,17.79708834299045
111.67152044306579,121.73370970925046,16.525455848517375,17.7970882980207
107.59433953280708,121.9184770410618,16.525464527250122,17.79705027794126
111.61949569827891,121.52112051925295,16.52546519221711,17.797048393885618
111.9080515948552,124.28706721878365,16.52546494128942,17.797047771313476
109.42222440611934,122.1106890244748,16.525464903630496,17.797047659687056
110.51789678525165,123.75655984781272,16.52546488337249,17.79704762258455
111.59028951660292,125.49470655343495,16.525464824875254,17.797047536764293
111.74592111769869,122.56535508749397,16.525464170653564,17.797045901690694
111.9949164320664,125.22140989369892,16.525463762703264,17.79704480597392
107.81100164557938,125.48194551156598,16.525485947371646,17.796998393428552
111.5136122602751,125.08531207124459,16.525486180229976,17.796996712708133
111.77148269014512,127.59438437167796,16.52548547666363,17.79699481203669
109.95451263210447,124.89021926516256,16.525484896028626,17.796992677197622
112.53242888377035,126.70886736182493,16.525486590694886,17.796986246369848
108.43769517872833,126.88427213858158,16.5254932463844,17.79696415366052
112.17664285655141,126.65953427183427,16.52549362743258,17.79696185695036
110.22702605968277,129.43823768000377,16.52549149576704,17.796955267204403
112.67687018748134,127.26296595607106,16.525491484035843,17.79695521607689
112.83744244867836,129.43850152388703,16.525491393471263,17.796954961334848
108.7683377192962,129.6409343718635,16.525502953370847,17.796929317509736
112.67798770726758,129.22938154050897,16.525506013164176,17.796922790449038
110.84131283840864,131.96602065692312,16.525503509365926,17.79691783490345
112.31611247075654,129.58516874821316,16.525502318629496,17.79691291590368
112.44942477983292,132.04306456333188,16.52550209155567,17.796912320364758
112.45220631008053,129.2995769083717,16.525501039419,17.796909099401333
112.57445825172462,131.7554142647268,16.525500773417484,17.796908409365713
112.71149057411981,134.34327202678418,16.52550055028088,17.796907854885973
112.83712469000626,131.31359803559153,16.525500317918596,17.79690677721268
112.97729437236833,133.8353500997055,16.525500134617626,17.79690641027623
111.63051670553092,135.30468984648792,16.525500113220424,17.796906373422193
110.07885570348104,136.8075183517175,16.525500088206417,17.796906320589333
112.75242657543852,134.52479660614742,16.52550008699777,17.796906295951935
111.32358762063315,136.01666059686528,16.525500060054558,17.79690624649254
111.37693117126724,138.37924748647342,16.525499692449447,17.796905463797245
111.30248188251117,135.25871169383544,16.525499653528442,17.79690534802339
111.46188720351361,137.75176547646493,16.525499414870577,17.79690465532301
115.6018690090624,137.4232960211331,16.525501204468817,17.79690167527016
111.67027815263097,137.34455906395448,16.52551324722668,17.79686752929125
113.19724871768668,138.63427688247032,16.52551312854409,17.796867002351732
109.57748048576558,138.28813630753388,16.525512830148763,17.7968411568328
113.64552758637755,137.9478118566854,16.525515583270504,17.796837380516877
111.92050981263189,139.91076557481495,16.525515558709817,17.79683731768614
111.70812860088591,137.06431089590848,16.525515405383317,17.796836957939263
111.78759002243322,139.42735685160977,16.525515115351133,17.796836431424392
115.85896971659565,139.243484863068,16.525516957495014,17.79683348911436
111.90910431340531,139.1699170054302,16.525523280385737,17.796819000804366
113.64655217647532,140.4603348628742,16.525523269959187,17.796818866742175
110.08587182137228,140.06583122289166,16.525519386659433,17.796808588609412
111.31718256178961,141.6723420581501,16.52551935624897,17.796808434892455
115.15356820147449,141.58890521968016,16.525521914922408,17.79680269632023
111.4007044696979,141.49799537768467,16.525522564205573,17.796794343406887
112.85154137417385,143.1173892563632,16.525522549046386,17.79679423711184
114.790488235928,140.6590911634593,16.525522511832673,17.796794010260964
113.16470014467563,142.6299274490858,16.525522509110957,17.796794002560787
113.1859413339765,145.23654258830527,16.525522476805524,17.79679385717851
113.09924087444949,142.25169795903363,16.525522412645156,17.796793269682958
113.18113778074965,144.88714503761116,16.525522372503875,17.796793163126026
117.329256153347,144.73505491523733,16.52554550737508,17.79676611269435
113.23373305080162,144.45766911892287,16.525558349123568,17.796744466683453
113.22818481398491,147.56669665417581,16.525558157121278,17.79674416760085
114.93546550325532,149.96654464389786,16.525555904480733,17.796740342087443
114.73772463136265,152.85643038838757,16.525555584972597,17.796728260151507
114.67497311185603,149.71231626739632,16.52555417497594,17.796719407254862
116.49197682586555,152.07136570287796,16.525553008782477,17.796710593664617
116.24831356171731,155.24731421275146,16.525552408430208,17.79670747574257
116.3309297551843,152.0333323589121,16.525552471266188,17.796706496073853
116.101682990104,155.18014644113526,16.52555190443241,17.79670273272006
116.0828083759069,151.97142577833347,16.52555262839654,17.796699829197664
115.8263861625517,155.12950444302376,16.525552075343924,17.796696502960426
115.68320938714726,158.24506505686108,16.525548610781456,17.796689185960812
116.88363291761584,159.65998838029117,16.525548746423294,17.79668796756741
121.0245529872367,159.00366234141222,16.52560615204239,17.79662523018558
113.16123296027193,159.4995116634053,16.504922216103772,17.75203807358806
117.23786199005963,159.00987875536055,16.505082697482965,17.751926917955895
117.39396829370943,161.88859344762182,16.50508059042369,17.75191330491772
117.46159578098124,164.43510443858605,16.505079715845156,17.75190604009131
117.23048866159806,161.3392391397217,16.505079633713486,17.75190280069225
117.38045307075878,164.28047066622037,16.505080195808926,17.751886990431807
118.35165773990174,161.68926167729413,16.505078584764497,17.751885668204924
118.48178444744727,164.3693321537414,16.505077496400368,17.751881701089204
118.3011628257036,161.2568595782735,16.505077342890253,17.751878922642675
118.46576201818655,164.19583778216725,16.50507404011199,17.75187270635295
120.23958668383725,165.16747070285157,16.505074807611273,17.75187123018057
117.96156824117872,162.98610290124637,16.505074743770578,17.751871085099935
119.76158921621652,165.22764032898667,16.50507465999749,17.751867556828795
119.79093712432824,168.08607948847208,16.505074223418696,17.751865744663405
119.50132149762537,165.5622274840286,16.50507546631493,17.75184789075743
121.13986045143446,166.3238643327662,16.505076187236796,17.75184611157905
121.24376419998545,169.0709067733322,16.505074815418062,17.751844158150856
123.32868547221723,169.94265276857354,16.505075944660543,17.7518414331101
123.71438021916474,172.58503560450922,16.50507712726395,17.751826699654245
127.55576287859623,172.21112174994613,16.50524513893687,17.751667734471646
121.26381552251475,172.60031355881011,16.52161398745236,17.721041074751497
125.47325533403281,172.14314351280694,16.522174633886443,17.720509354891057
124.26471009170255,173.58113939175632,16.522177325196736,17.72049845102675
126.20288157608498,174.36157312050688,16.522177845125118,17.720497230212334
124.48174980006783,176.2543943182534,16.522178032367563,17.720492690249078
127.01451279994785,174.26540723840657,16.52217851805062,17.720490766187268
123.96972912287725,181.50381394924605,16.531111755065364,17.674749579615728
123.98400987444327,178.43206550419103,16.531114770250884,17.674690828551416
131.79562901044096,178.60455417234638,16.508971697840458,17.62558030947667
125.29808036546648,178.84320352752047,16.529250758114166,17.60244881614469
129.56012205248382,178.3255086801859,16.529778857162988,17.602053551020777
123.28594462512893,179.05921546120533,16.54538930421894,17.58495963677091
131.11162696625038,179.00179195451722,16.545139085782203,17.53592615292996
124.54073251846437,179.20787339391356,16.573713488556375,17.50660429495979
132.34040273345906,179.348217488472,16.559007839450764,17.486887592411417
130.2613761296742,181.29713965653642,16.559010033073974,17.486881610393265
123.89327222867092,181.4684100684519,16.59286340392816,17.450216564760538
124.95413887599878,182.8433531795414,16.592865205250245,17.450210418036225
125.46848266067262,183.9576582506509,16.592865589851527,17.45020888406309
126.26616438884389,185.15142416402256,16.592865631243043,17.450208576255957
126.94516618702501,186.23980412341405,16.592866128050975,17.450206946810138
128.10674386472888,187.30605438941092,16.592867367873314,17.450203487036195
132.0518452595811,186.51545572303425,16.592982971876147,17.450111766826303
133.9536308451234,188.85875644623746,16.59297110407525,17.450079057449905
133.66875379762718,192.2833177546712,16.592965234124815,17.450079441681044
137.76889593640192,191.73655289111298,16.592994524690567,17.450054552823072
136.42807764683735,194.00138030142398,16.59299405509838,17.45005328139542
134.2027541948739,192.33319815803995,16.592994558573572,17.450050914721107
135.29405990397228,193.59281239894523,16.59299651317957,17.450044454013437
136.57395437304675,194.7073226629056,16.59299699420483,17.450042375876034
136.46754422947694,197.75457441116987,16.592987751105365,17.450028930617005
136.61884393109557,194.80866617874995,16.592976184848904,17.44996059168487
140.7803757342988,194.44625509513034,16.593143321850672,17.449811285707103
139.71742442347295,195.71791969318312,16.59314329076185,17.449811090074565
139.81140589240954,198.29889215669277,16.593142974339145,17.449810552398514
143.441922336034,197.56940481119966,16.593171278649034,17.449765463225752
142.7323591759728,199.19415086588518,16.593171207360612,17.449765283862646
139.24176465646212,199.2311806692831,16.59318387003917,17.449748593364713
142.86738291054593,198.5203838611098,16.593228623315685,17.449688819780594
143.09611738157298,200.76191805216976,16.593214422262715,17.449654094734623
143.1075496735506,203.33693435454973,16.593205494528934,17.44965162608311
145.88219027394254,201.83397362700524,16.593200645673793,17.449635981715314
142.3090055938217,202.0467142179467,16.59326921322139,17.449598210705805
145.89625289960375,201.72701655857009,16.593356129367237,17.449285725732825
146.18365916958402,205.06513803876484,16.593323755555833,17.449253645622836
153.85359701248396,206.04266295168378,16.388237536613858,17.46546651319013
148.21669505893988,207.27777074065955,16.534930962439823,17.37979292361135
148.03867079036777,210.99659971264595,16.534827680354926,17.379876736077772
153.0743154726692,218.7378530542953,16.546145585039138,17.27081460996901
152.58333689891623,210.77157453776877,16.744779682999813,16.567972778275998
152.9478411587789,218.70237010600474,16.731967104245832,16.52787669795642
152.55187641255375,210.89958714127525,16.85696830537534,16.060597168430977
152.4720927119407,214.0026391031501,16.856595746956227,16.06092081883902
153.00216962582536,221.36927315097716,16.843872315266886,16.01221254526741
152.63540575322523,213.35374250843972,16.508293481640216,15.857318782734882
154.07528780677092,215.34096824584825,16.50829321617789,15.857318611399881
153.50821501396237,207.78059070134128,16.462147625952703,15.764789207921105
153.7069082466309,215.60514226675045,16.335323600772576,15.741522449478282
159.2605223656202,215.57814646440164,16.34492237390235,15.730458981868333
152.3332022918377,215.43428525237255,16.304508657941994,15.792467497254194
159.42533162659834,215.77295965653357,16.160395862444147,15.831497139325778
152.5097318119522,210.3399434153883,15.92359946665098,15.854608364597329
157.51311951608136,216.63128051466344,15.764436439374101,15.590115203949823
160.04643106437294,215.41984811873033,15.76441128132856,15.590069305508477
162.02984725045306,213.44200843870087,15.764387466678665,15.590012743707614
161.24268372127847,220.97344623103126,15.787425681872936,15.23390233391255
161.05298787283368,217.90225596474735,15.787321609023353,15.23372476864101
165.8735130445952,210.91293814822018,15.426197565549138,15.443602581565985
165.63894954858998,213.8967922903116,15.426185458438512,15.443601454518143
165.4919803571365,216.85258899572443,15.426174952566756,15.443599573538691
165.40464179955043,213.88479798649536,15.425874944001587,15.443947522172628
171.30993802202616,213.63447974897116,15.44010683224104,15.438235029668796
164.59226253506299,213.75082964979308,15.271385235366608,15.651049698363831
169.88416022269212,213.25829882060717,15.524417138245525,15.518259145737105
169.5888768988146,215.99749089007426,15.52435706938686,15.518231368192053
173.39697065603013,215.68403009771944,15.52499895024993,15.517841127149428
166.66978358686976,209.94190908585819,15.314467540474983,15.576001493462314
167.65699580185924,210.94944197425292,15.314495010024507,15.575945358320162
168.7400309427736,212.12504871814502,15.314499957840589,15.575930305365636
175.97026806483942,212.13542786933468,15.320320956018495,15.551110816300204
175.99835788649744,214.60129450827907,15.320318150236169,15.551109239308618
184.82747607015887,214.31411465776605,15.403760020828377,15.132738799648639
187.35967027425158,213.688584083521,15.227223327730826,15.07056132738071
184.5660879854444,213.71982831335822,15.441995250926265,14.898398965313849
187.79171722794882,215.67329197350267,15.362718863543115,14.922331926015527
184.6515686658867,215.7886397392184,15.5793687174647,14.788391973698038
186.42954020581314,217.6781435557172,15.579366980919334,14.788391298708207
186.91668438444484,220.28645841270682,15.579197690848046,14.788230395764161
190.77183940028655,219.2026796923315,15.57922482118241,14.788195549451222
190.50457091403004,221.73269940825048,15.579217206560134,14.78818705480809
193.97322745487145,220.58387998764746,15.579239139220583,14.78815243219273
187.11854651074066,220.07707396019987,15.40357981776536,14.778143762409833
190.95695343194586,219.24427395342795,15.403639182447243,14.778071950544767
194.32406385594675,218.60229187778944,15.403687953433497,14.778017227653358
194.05745786309765,219.04879485205055,15.403685608458476,14.778015219713422
196.93525333113297,218.2481861765446,15.40373041076063,14.777960702973221
197.0127965037279,218.95233953076766,15.403730314683855,14.777960593190445
200.00591656085882,218.3967511520094,15.403732971570733,14.777951680808021
200.72428208479516,219.68207962718333,15.403732546943294,14.777951268469797
204.04372030347906,219.2465379486498,15.403737316087936,14.777944094187685
205.09066133025064,220.43803809221393,15.403737108019039,14.777943704062588
208.46911625306348,219.71317940004104,15.403739017001518,14.777931645811913
209.2347657050112,220.81622986261436,15.403738988914787,14.77793142295107
212.50670332489526,220.0092409673329,15.403748980164721,14.777915568799616
213.20841568752644,221.36835791500886,15.403748875530711,14.77791525880539
216.51696644420818,220.85155606996005,15.403841537887446,14.77781204544531
216.6370504641841,223.4409841735525,15.403841160436928,14.777810780582213
217.72437448069016,221.5254229135066,15.40384117391835,14.777810663879013
221.1496320488886,220.78237227751634,15.403893378372274,14.777745577865398
224.7018207452638,219.98331687312748,15.403925680293533,14.777712809067427
225.4241778519918,220.745059044246,15.403925297785424,14.777711862406871
232.00310081408094,220.36050682415916,15.37025539899774,14.758280111593916
230.4505980702704,221.78855210608404,15.370255383918023,14.758280093398477
237.61735966487691,221.71904766672804,15.369069574160555,14.72115280625314
230.67033218416395,221.0881852304628,15.361111710574264,14.577077693851646
237.5352765771534,221.7772318418006,15.259668549900558,14.631734934661758
238.12503141271662,222.34826357783433,15.25966851851408,14.631734841882047
245.1304164390704,221.20760651202366,15.288498838121042,14.4218621162799
243.25105517793705,222.16477268128557,15.288498816671263,14.42186180995974
250.52575673532323,221.98546876516943,15.330390944208474,14.359614269047901
249.18155149435648,222.84308724521497,15.330390905588402,14.35961421119373
248.97035046801037,224.93200931865235,15.330379638931353,14.359617926562658
256.58985167384594,225.09617399021135,15.240633933497941,14.381709445880912
254.79413981125975,222.8928597099599,15.240633908746641,14.381709397680172
257.8097722545867,222.21171377961582,15.24062569781298,14.381707776541568
257.6906991594802,224.54876627403283,15.240622230180568,14.381705570910691
260.7189878203347,223.9864612586082,15.240616868920734,14.381700051718799
264.0510878469931,223.36814962370914,15.24061616786838,14.381693597014316
267.4869545853602,222.74477990990937,15.240617310274724,14.381690656869415
269.05014981532867,223.33522364756584,15.240617307491153,14.381690642265111
272.1950442985794,222.69002765993798,15.240617540818802,14.381687357663631
273.822411081084,223.35692276615373,15.240617538279018,14.381687328299442
276.94906622975395,222.88531695424572,15.240616967654159,14.381684654820859
