289.5,67.5,64,236
363.5,149.5,68.0,235.0
353.5,147.5,78.0,235.0
352.5,148.5,75.0,238.0
348.5,149.5,78.0,236.0
342.5,151.5,81.0,231.0
335.5,150.5,83.0,241.0
325.5,156.5,93.0,232.0
319.5,156.5,103.0,232.0
316.5,161.5,97.0,224.0
312.5,159.5,98.0,222.0
306.5,171.5,108.0,216.0
305.5,177.5,111.0,208.0
304.5,177.5,113.0,210.0
295.5,181.5,124.0,206.0
288.5,180.5,131.0,209.0
285.5,180.5,137.0,207.0
279.5,179.5,145.0,206.0
279.5,165.5,145.0,220.0
276.5,166.5,153.0,223.0
288.5,169.5,150.0,218.0
302.5,168.5,138.0,220.0
316.5,168.5,124.0,222.0
333.5,174.5,115.0,222.0
354.5,174.5,101.0,209.0
352.5,188.5,104.0,208.0
383.5,193.5,81.0,197.0
370.5,200.5,99.0,196.0
392.5,191.5,90.0,200.0
386.5,185.5,100.0,201.0
417.5,174.5,78.0,213.0
414.5,172.5,84.0,210.0
408.5,160.5,86.0,226.0
430.5,156.5,62.0,223.0
422.5,147.5,59.0,234.0
417.5,148.5,60.0,238.0
411.5,149.5,64.0,232.0
411.5,153.5,66.0,231.0
409.5,159.5,66.0,221.0
399.5,172.5,69.0,203.0
421.5,174.5,47.0,203.0
413.5,176.5,60.0,208.0
372.5,178.5,99.0,196.0
382.5,173.5,91.0,206.0
387.5,165.5,86.0,210.0
403.5,162.5,62.0,215.0
404.5,164.5,65.0,213.0
398.5,162.5,71.0,220.0
399.5,161.5,61.0,223.0
398.5,159.5,60.0,225.0
394.5,156.5,58.0,227.0
387.5,157.5,71.0,224.0
393.5,154.5,60.0,228.0
392.5,155.5,63.0,224.0
395.5,157.5,60.0,222.0
385.5,158.5,73.0,219.0
381.5,159.5,69.0,215.0
379.5,160.5,73.0,213.0
382.5,161.5,70.0,210.0
386.5,162.5,60.0,213.0
391.5,160.5,52.0,201.0
386.5,155.5,63.0,210.0
389.5,157.5,59.0,210.0
391.5,147.5,62.0,219.0
378.5,149.5,63.0,228.0
388.5,142.5,61.0,223.0
372.5,136.5,71.0,225.0
369.5,133.5,68.0,229.0
373.5,130.5,55.0,240.0
371.5,132.5,51.0,249.0
367.5,134.5,52.0,237.0
366.5,136.5,53.0,229.0
360.5,141.5,55.0,224.0
354.5,141.5,61.0,226.0
365.5,145.5,50.0,218.0
370.5,150.5,45.0,217.0
376.5,154.5,36.0,210.0
374.5,156.5,38.0,210.0
381.5,158.5,35.0,204.0
373.5,163.5,32.0,209.0
376.5,161.5,47.0,215.0
380.5,160.5,31.0,213.0
386.5,159.5,52.0,204.0
385.5,143.5,57.0,237.0
411.5,137.5,42.0,219.0
401.5,140.5,52.0,231.0
410.5,136.5,61.0,223.0
408.5,143.5,63.0,223.0
402.5,145.5,74.0,228.0
404.5,148.5,73.0,233.0
404.5,156.5,77.0,215.0
403.5,159.5,76.0,218.0
399.5,169.5,93.0,198.0
395.5,174.5,91.0,194.0
395.5,181.5,93.0,194.0
396.5,182.5,94.0,187.0
396.5,181.5,100.0,193.0
393.5,181.5,98.0,193.0
399.5,176.5,92.0,192.0
397.5,179.5,98.0,192.0
399.5,175.5,93.0,197.0
397.5,174.5,95.0,192.0
390.5,166.5,84.0,204.0
381.5,167.5,89.0,204.0
355.5,164.5,91.0,197.0
354.5,155.5,96.0,215.0
345.5,153.5,49.0,221.0
338.5,144.5,62.0,232.0
335.5,145.5,64.0,233.0
333.5,148.5,39.0,226.0
335.5,149.5,37.0,219.0
334.5,147.5,39.0,222.0
338.5,143.5,37.0,222.0
322.5,152.5,55.0,217.0
324.5,148.5,55.0,210.0
323.5,155.5,55.0,201.0
328.5,156.5,52.0,190.0
332.5,154.5,49.0,208.0
329.5,159.5,56.0,203.0
331.5,160.5,56.0,203.0
333.5,156.5,58.0,205.0
342.5,149.5,51.0,217.0
343.5,152.5,53.0,211.0
340.5,149.5,58.0,216.0
334.5,143.5,70.0,225.0
352.5,139.5,56.0,226.0
353.5,145.5,62.0,225.0
345.5,146.5,67.0,224.0
364.5,154.5,50.0,215.0
364.5,155.5,54.0,216.0
369.5,161.5,50.0,212.0
361.5,166.5,59.0,207.0
365.5,173.5,54.0,214.0
366.5,166.5,57.0,215.0
369.5,164.5,53.0,224.0
372.5,158.5,49.0,226.0
372.5,150.5,50.0,230.0
365.5,145.5,57.0,240.0
365.5,140.5,53.0,234.0
360.5,141.5,56.0,235.0
361.5,140.5,54.0,233.0
356.5,140.5,58.0,235.0
353.5,143.5,64.0,234.0
354.5,140.5,63.0,233.0
360.5,146.5,55.0,232.0
363.5,147.5,61.0,237.0
366.5,134.5,60.0,243.0
362.5,136.5,74.0,242.0
377.5,135.5,53.0,239.0
369.5,142.5,59.0,226.0
379.5,140.5,68.0,224.0
378.5,144.5,68.0,215.0
381.5,149.5,77.0,207.0
393.5,150.5,58.0,204.0
395.5,155.5,51.0,198.0
396.5,157.5,55.0,195.0
399.5,159.5,60.0,194.0
403.5,159.5,58.0,188.0
403.5,157.5,63.0,186.0
400.5,156.5,64.0,179.0
402.5,150.5,64.0,180.0
405.5,147.5,55.0,192.0
408.5,145.5,61.0,183.0
414.5,143.5,52.0,182.0
417.5,140.5,48.0,180.0
416.5,141.5,57.0,184.0
424.5,143.5,53.0,177.0
418.5,144.5,71.0,175.0
424.5,141.5,46.0,167.0
426.5,148.5,53.0,167.0
424.5,148.5,47.0,171.0
424.5,147.5,46.0,172.0
420.5,149.5,39.0,174.0
424.5,148.5,37.0,172.0
419.5,149.5,39.0,171.0
428.5,144.5,35.0,179.0
421.5,144.5,34.0,175.0
427.5,148.5,27.0,174.0
422.5,150.5,38.0,169.0
426.5,149.5,38.0,164.0
426.5,149.5,34.0,174.0
425.5,152.5,36.0,169.0
426.5,150.5,29.0,168.0
427.5,143.5,28.0,173.0
426.5,148.5,30.0,167.0
422.5,149.5,34.0,170.0
430.5,147.5,26.0,172.0
426.5,153.5,40.0,155.0
416.5,156.5,45.0,152.0
411.5,156.5,45.0,160.0
413.5,157.5,43.0,155.0
416.5,158.5,32.0,156.0
415.5,159.5,33.0,157.0
414.5,159.5,26.0,147.0
411.5,160.5,23.0,163.0
398.5,160.5,37.0,165.0
394.5,159.5,37.0,164.0
391.5,157.5,37.0,162.0
388.5,157.5,31.0,161.0
378.5,151.5,33.0,170.0
374.5,154.5,41.0,172.0
370.5,149.5,36.0,173.0
368.5,146.5,37.0,176.0
367.5,155.5,35.0,165.0
365.5,151.5,42.0,170.0
358.5,153.5,48.0,167.0
359.5,150.5,41.0,169.0
360.5,146.5,42.0,177.0
354.5,151.5,49.0,168.0
353.5,156.5,49.0,165.0
359.5,146.5,38.0,164.0
364.5,137.5,41.0,178.0
363.5,132.5,43.0,184.0
368.5,139.5,41.0,173.0
356.5,143.5,57.0,169.0
361.5,148.5,44.0,165.0
367.5,151.5,44.0,167.0
366.5,152.5,45.0,171.0
378.5,153.5,35.0,172.0
375.5,158.5,40.0,158.0
372.5,162.5,47.0,159.0
361.5,162.5,57.0,158.0
374.5,165.5,52.0,161.0
376.5,167.5,50.0,149.0
373.5,170.5,50.0,143.0
372.5,170.5,59.0,155.0
371.5,170.5,65.0,140.0
376.5,171.5,67.0,150.0
378.5,166.5,72.0,149.0
374.5,169.5,79.0,142.0
381.5,168.5,70.0,140.0
377.5,168.5,74.0,141.0
387.5,167.5,57.0,147.0
386.5,165.5,59.0,147.0
387.5,167.5,51.0,149.0
376.5,164.5,54.0,154.0
373.5,163.5,56.0,154.0
362.5,163.5,60.0,154.0
365.5,163.5,59.0,153.0
367.5,161.5,55.0,153.0
365.5,168.5,59.0,152.0
354.5,167.5,67.0,148.0
352.5,165.5,64.0,154.0
363.5,172.5,43.0,142.0
346.5,172.5,67.0,148.0
365.5,166.5,48.0,154.0
360.5,168.5,51.0,158.0
352.5,167.5,56.0,156.0
358.5,163.5,56.0,158.0
356.5,165.5,54.0,163.0
364.5,168.5,47.0,153.0
361.5,169.5,56.0,160.0
363.5,169.5,51.0,152.0
380.5,171.5,43.0,160.0
391.5,174.5,36.0,167.0
395.5,174.5,44.0,157.0
396.5,176.5,35.0,168.0
409.5,180.5,36.0,164.0
406.5,181.5,52.0,164.0
403.5,189.5,62.0,147.0
406.5,191.5,59.0,152.0
411.5,192.5,61.0,151.0
411.5,193.5,59.0,151.0
417.5,195.5,61.0,155.0
416.5,195.5,63.0,150.0
417.5,194.5,68.0,147.0
423.5,193.5,61.0,145.0
426.5,196.5,65.0,142.0
424.5,195.5,64.0,145.0
430.5,201.5,61.0,141.0
426.5,197.5,63.0,142.0
424.5,196.5,61.0,147.0
422.5,197.5,64.0,145.0
411.5,195.5,67.0,144.0
411.5,198.5,60.0,142.0
410.5,193.5,55.0,145.0
409.5,191.5,45.0,149.0
406.5,187.5,41.0,152.0
408.5,187.5,43.0,154.0
411.5,173.5,38.0,165.0
409.5,175.5,42.0,164.0
414.5,175.5,35.0,161.0
414.5,175.5,33.0,166.0
413.5,176.5,32.0,166.0
412.5,176.5,37.0,165.0
403.5,182.5,32.0,165.0
399.5,180.5,24.0,158.0
393.5,188.5,25.0,150.0
388.5,190.5,29.0,147.0
383.5,192.5,29.0,161.0
370.5,186.5,37.0,152.0
363.5,185.5,43.0,151.0
355.5,183.5,50.0,148.0
355.5,174.5,46.0,166.0
354.5,171.5,45.0,159.0
354.5,173.5,42.0,149.0
362.5,171.5,37.0,142.0
356.5,170.5,49.0,152.0
354.5,168.5,53.0,158.0
361.5,173.5,49.0,170.0
359.5,175.5,45.0,163.0
354.5,178.5,44.0,156.0
368.5,184.5,30.0,162.0
376.5,191.5,80.0,156.0
388.5,191.5,68.0,143.0
386.5,197.5,73.0,139.0
385.5,199.5,74.0,149.0
385.5,192.5,53.0,152.0
382.5,192.5,59.0,151.0
375.5,195.5,82.0,154.0
369.5,192.5,96.0,139.0
374.5,195.5,47.0,155.0
377.5,193.5,42.0,152.0
381.5,193.5,46.0,149.0
386.5,192.5,39.0,149.0
392.5,191.5,42.0,151.0
395.5,191.5,37.0,158.0
400.5,190.5,37.0,162.0
407.5,193.5,32.0,153.0
412.5,193.5,27.0,159.0
410.5,190.5,37.0,152.0
411.5,193.5,31.0,158.0
414.5,193.5,24.0,155.0
411.5,190.5,30.0,161.0
399.5,196.5,32.0,149.0
398.5,195.5,27.0,168.0
400.5,193.5,29.0,160.0
383.5,194.5,44.0,153.0
380.5,186.5,45.0,146.0
390.5,186.5,31.0,159.0
387.5,188.5,43.0,159.0
391.5,173.5,27.0,172.0
385.5,175.5,43.0,173.0
390.5,173.5,31.0,163.0
391.5,177.5,25.0,179.0
391.5,178.5,35.0,179.0
391.5,185.5,44.0,165.0
391.5,188.5,46.0,174.0
396.5,191.5,46.0,158.0
395.5,195.5,52.0,163.0
396.5,200.5,52.0,156.0
387.5,201.5,59.0,157.0
391.5,207.5,58.0,156.0
376.5,206.5,59.0,159.0
374.5,202.5,58.0,159.0
380.5,195.5,50.0,175.0
377.5,189.5,52.0,177.0
380.5,187.5,46.0,180.0
380.5,187.5,42.0,186.0
385.5,196.5,37.0,172.0
389.5,186.5,37.0,188.0
394.5,190.5,43.0,181.0
398.5,194.5,25.0,189.0
394.5,195.5,25.0,185.0
394.5,201.5,26.0,177.0
395.5,197.5,26.0,181.0
389.5,198.5,32.0,174.0
393.5,195.5,32.0,183.0
394.5,186.5,34.0,193.0
387.5,185.5,42.0,189.0
383.5,177.5,41.0,201.0
382.5,165.5,37.0,212.0
386.5,162.5,32.0,209.0
384.5,159.5,43.0,214.0
383.5,153.5,47.0,225.0
382.5,152.5,45.0,226.0
381.5,159.5,48.0,217.0
381.5,154.5,48.0,223.0
378.5,164.5,50.0,214.0
380.5,164.5,45.0,219.0
384.5,169.5,45.0,205.0
386.5,169.5,48.0,206.0
304.5,160.5,127.0,215.0
309.5,177.5,108.0,191.0
308.5,177.5,92.0,184.0
311.5,164.5,96.0,207.0
343.5,157.5,82.0,215.0
349.5,151.5,71.0,223.0
333.5,148.5,86.0,224.0
326.5,148.5,100.0,223.0
305.5,150.5,111.0,232.0
341.5,148.5,64.0,244.0
347.5,155.5,67.0,229.0
346.5,158.5,68.0,219.0
354.5,155.5,51.0,230.0
352.5,158.5,53.0,228.0
341.5,160.5,67.0,226.0
355.5,154.5,55.0,220.0
357.5,153.5,64.0,226.0
357.5,150.5,68.0,232.0
376.5,142.5,62.0,227.0
371.5,149.5,74.0,224.0
385.5,152.5,84.0,221.0
405.5,149.5,58.0,222.0
414.5,145.5,69.0,225.0
429.5,140.5,55.0,232.0
424.5,134.5,65.0,235.0
435.5,135.5,61.0,238.0
436.5,135.5,57.0,234.0
441.5,131.5,62.0,240.0
444.5,128.5,69.0,242.0
447.5,131.5,72.0,238.0
455.5,132.5,88.0,239.0
465.5,138.5,98.0,237.0
471.5,139.5,82.0,233.0
484.5,141.5,76.0,232.0
484.5,145.5,84.0,230.0
485.5,148.5,78.0,225.0
483.5,153.5,106.0,223.0
490.5,160.5,103.0,212.0
476.5,156.5,130.0,220.0
479.5,158.5,131.0,211.0
467.5,162.5,147.0,209.0
477.5,168.5,144.0,200.0
466.5,163.5,145.0,205.0
471.5,165.5,136.0,202.0
466.5,156.5,90.0,211.0
470.5,157.5,81.0,211.0
463.5,148.5,75.0,222.0
456.5,145.5,83.0,220.0
471.5,146.5,63.0,220.0
469.5,147.5,73.0,226.0
477.5,155.5,64.0,218.0
466.5,158.5,73.0,214.0
473.5,161.5,67.0,209.0
461.5,163.5,77.0,208.0
465.5,161.5,64.0,212.0
456.5,161.5,79.0,218.0
466.5,151.5,59.0,216.0
466.5,155.5,57.0,213.0
455.5,157.5,71.0,216.0
449.5,156.5,80.0,218.0
446.5,162.5,77.0,208.0
451.5,160.5,70.0,220.0
448.5,167.5,71.0,211.0
453.5,169.5,60.0,206.0
450.5,162.5,68.0,214.0
446.5,164.5,71.0,217.0
435.5,161.5,78.0,217.0
443.5,166.5,61.0,215.0
441.5,166.5,72.0,209.0
440.5,164.5,69.0,213.0
431.5,167.5,88.0,206.0
431.5,170.5,97.0,196.0
439.5,178.5,96.0,187.0
429.5,177.5,113.0,197.0
424.5,179.5,103.0,193.0
419.5,182.5,100.0,193.0
418.5,188.5,89.0,189.0
418.5,190.5,76.0,185.0
415.5,191.5,75.0,187.0
410.5,193.5,82.0,181.0
395.5,194.5,79.0,181.0
403.5,190.5,76.0,182.0
400.5,189.5,77.0,179.0
410.5,188.5,74.0,178.0
402.5,190.5,70.0,183.0
403.5,187.5,73.0,177.0
406.5,183.5,60.0,170.0
392.5,185.5,69.0,191.0
396.5,177.5,61.0,195.0
395.5,170.5,65.0,199.0
391.5,167.5,70.0,214.0
405.5,165.5,67.0,225.0
407.5,172.5,57.0,211.0
400.5,170.5,86.0,208.0
414.5,171.5,59.0,222.0
408.5,173.5,57.0,211.0
409.5,176.5,70.0,212.0
416.5,175.5,64.0,223.0
416.5,176.5,88.0,217.0
419.5,173.5,69.0,219.0
431.5,177.5,54.0,217.0
