275.5,137.5,23,26
284.19452922664726,148.62599696535202,22.666782992628363,25.510869228475634
293.54723656435493,159.02518018320131,22.20399260004986,24.933434799613025
302.7122053830657,169.8362857667932,21.65563493394189,24.658616668317908
280.2482120937193,136.12659203782243,21.102489005310407,23.49784207791956
288.7469682649542,146.4093982269937,20.82020760461303,23.148524941886663
297.0656175269719,156.6571106564175,20.352748939586483,22.617306778595655
270.04678012879214,152.86997433082703,20.071728667586605,22.024334518582762
277.9548556923534,162.56128317520077,19.548691248960164,21.785258165894824
285.7923197021256,172.354691817915,19.15560260014326,21.333017677951702
293.41164248610323,181.55710176955392,18.756011139854095,21.119365606094792
300.9112433689826,190.68383904549387,18.349082132579255,21.102478578628983
308.18300158964604,199.67449064789218,18.112582063933036,20.74046286467703
316.7230397420927,208.15065895437183,17.92683292273602,20.611883423348623
325.45978964064955,208.2782007590817,17.869177089245323,20.40856286418705
329.4478785683632,207.59489160055733,17.869205059623656,20.40841496686508
336.4164061262975,200.43821376702095,17.799488124297127,20.272415508510534
338.4646799275195,197.54550821464863,17.799412308352114,20.27232560998983
340.4627738637437,194.62011957894674,17.79935180292342,20.272258974991008
340.56765379345336,185.40350521948605,17.77145751643341,20.0507845536536
342.69982099202485,182.61748630189982,17.77138293450646,20.050711259065324
344.68518895751,179.6219703159175,17.771310789470707,20.050644827099262
346.7741721295349,176.70727957311084,17.77122997779996,20.05054852569483
348.92933592768225,173.7586206560268,17.771163631047582,20.050474563750818
348.7417307579558,164.45580326988642,17.74311812042378,19.846985343111694
355.5228041735188,157.31766911262804,17.62232222618737,19.70785696725979
362.23843228394435,150.27095704888694,17.484330394374357,19.545586705398684
369.40720206841735,158.13094088242838,17.40235551506464,19.417238529892995
376.0221320702293,151.11754037931863,17.248266843227842,19.246130180948935
374.2964621207847,153.321481028875,17.248253430578288,19.246108207245094
365.7346411484535,153.27818124462829,17.249910893429234,19.221155105140518
361.2420206767689,144.56811606756486,17.187213489935647,19.185358564125753
365.5689527691674,136.07034669653953,17.113880425438904,19.16422898647424
365.2764422228997,145.12077200910093,17.05629311381484,19.005946186668837
357.775727346795,138.30442992589536,16.883157550777604,18.91192861662976
362.13118419560203,129.91542406226284,16.80077149445997,18.866179357566693
362.34050901987894,133.4699126103778,16.800752386277082,18.86611949766489
371.05185486308756,133.6327814004175,16.68995416299464,18.604700350989475
362.8309977946274,133.48126157117912,16.687601298572122,18.583328885475197
355.596361966577,126.80774148598911,16.50223943263932,18.4594666129231
361.8664456938418,120.16995320421628,16.374326311605675,18.318145402726074
353.88031437711425,120.99671946649192,16.356154298454356,18.30858801683906
346.635588523076,114.3174595002591,16.20750347509773,18.196632752466318
352.81730238872717,107.81261859424053,16.09973675453762,18.078515530384813
351.1020846402521,109.84494822051137,16.099726580406248,18.07849584617199
349.5885518542169,111.94027103745746,16.099713523936558,18.078475403014675
347.97824016354275,113.98554799696676,16.099703160091337,18.078458078386948
346.332754262147,116.04477165858916,16.09969462383264,18.078442323287916
344.6735438829621,118.10671100374415,16.099684004791502,18.07842303849549
344.8857565931481,121.52469447089364,16.099662877718302,18.078351642526606
345.02586369686776,124.8669167844437,16.099640956055044,18.078292791946254
349.1763209893589,133.70155205948393,16.00055914237408,17.815226465498597
350.6675745972733,135.7510171668725,16.000542942933144,17.815204675098897
352.15487356685594,137.7974742896704,16.000530060072812,17.815187367827075
353.4894536827095,139.57058991831175,16.00050730624049,17.81515495545404
360.01933984173104,146.81552387780033,15.918558245643672,17.698128871498845
361.5857701465225,149.62039007453413,15.918488201551481,17.698000836704377
361.8414712209994,153.0154347566515,15.918472923935624,17.697950058132427
362.0479968064126,156.3652788627036,15.918457473695957,17.69790784212199
362.26608273661714,159.74114912184532,15.918436938989524,17.697856757890065
360.72688106409055,161.8369711541526,15.918429420166376,17.69784448725136
352.8624377525088,161.89450435537023,15.912770335627208,17.69429920220529
345.00714401267794,162.06037001408777,15.910615009807959,17.69319157108384
337.20077036213013,162.90492057792494,15.900965841787379,17.696065679348493
328.79196040259956,163.97699841897222,15.849578650252884,17.6834328911596
328.9189649564152,155.65184321848275,15.811267874215972,17.51821060781237
324.82977456202286,164.22347336365013,15.714593731360138,17.454126266574278
325.0462793737436,156.19603394959174,15.60916810636032,17.205191160364922
325.34535231062813,159.39594710220078,15.609142802774095,17.205104120588715
333.3582316783156,160.4371464841822,15.528306514603713,17.20234479144032
325.8749784573884,161.21066085824899,15.447000494605016,17.17612092535631
325.9956633431375,153.10998809118976,15.39814043389561,16.955995817384903
326.0692247191518,161.97028645314958,15.300668671339825,16.775739517049246
326.18138521329905,154.05729556819355,15.21494597611138,16.47883653659513
326.5562879090736,157.1546883058756,15.214909258935851,16.47868740614068
327.01084508653656,160.13674233981394,15.214855680243671,16.478571457099463
327.378628126074,163.2227991074072,15.214820216021758,16.47847978775764
327.2291777401478,171.54069989245332,15.129241971808513,16.228424219862703
326.5283480928042,174.643141251838,15.128948046128196,16.228205254602848
322.5832550773826,182.67016412348988,14.967258962530535,16.03106735584251
318.67789866287643,190.58239821810207,14.77298216751946,15.739170005546407
311.11735913982176,190.87174532241107,14.620326167242075,15.668994671573607
304.0828957401155,191.5936543567517,14.565802687418765,15.675063878588187
302.9666418181246,193.4367586916392,14.56578685166727,15.675047244488212
295.8851501392869,194.33595040360387,14.52634997466245,15.698250191026991
288.0935351204878,194.40910723318498,14.439316721855477,15.402789781295434
280.65133250769424,195.2344952218489,14.291513504754509,15.596876741894821
276.9543545044921,188.07737583749346,14.127855184681817,15.49495397343534
269.87799643775514,189.00694006790337,14.103067732340309,15.484365222660351
277.4902670062993,189.78756961180667,13.975457099097174,15.592722476444631
270.4697895274595,190.49808284225696,13.959127701613177,15.565958448596119
277.895781688447,191.49209308391346,13.862912155578105,15.57767379749749
283.2736065624782,185.97736367121232,13.70767572996446,15.287536332311374
283.15365343290887,193.77244219800494,13.687039804988625,14.900808500833103
282.9996126625861,187.01303764870366,13.620054618234331,14.296050018258859
289.8918976199159,187.0688977503221,13.510688980613395,14.19905474763301
283.4049615037243,186.955196687493,13.48264718864352,14.20191085802859
276.9177579615205,186.87767594751392,13.462517873209817,14.204103587633858
275.5318153673676,188.61335058769228,13.46250669921102,14.204090672023233
274.1892253482978,190.34980097542302,13.462493675521953,14.204075266816298
267.0992719072161,190.34430376341277,13.30950718610326,14.064899513615522
265.951920314591,192.0928720478317,13.309496158935925,14.064888570387987
264.8086204388509,193.81523441717195,13.309486976013634,14.06488004684114
258.4327692994415,193.8373285428392,13.292198738169859,14.066070383646647
257.7980124829835,196.52982130427776,13.292085038398428,14.065973509756374
257.26281065689284,199.27013726601703,13.291925135815996,14.065859450505128
250.85640416220264,199.26344601800798,13.279458889356562,14.067499557693615
251.11424056970742,192.84802516049194,13.255515602058855,14.043978784932737
251.36340177009228,186.43695850700246,13.230848484740191,14.019247391594293
245.798073197736,181.13658393948216,13.064878584775032,13.952312925255537
244.39315930825137,178.47942492129394,13.064779138631366,13.952267958854835
244.64261801447245,172.1636519982021,13.043327534580799,13.927604813034128
243.18446565460712,169.36678036650986,13.043226338097423,13.927558022097365
241.7641128809376,166.59221070266614,13.043100367263284,13.927508735893182
238.1790039812697,159.98641972948354,12.923865136966537,13.929880286445375
232.57884825257645,154.70675880369586,12.781785580253873,13.888725873067116
229.33728002567332,147.88945185198605,12.68295563391363,13.853885201901807
229.46081310776458,141.3444210678223,12.630093412745264,13.736175468959752
227.94880702097785,138.8877661722972,12.63002554824808,13.736125617981136
228.090161369831,132.40696581962607,12.584882576583535,13.648810460286333
228.25120412578278,135.04306459381291,12.584871686595836,13.648778210374555
229.33463193262367,137.28926213853498,12.5848013130874,13.648698890125974
230.64045358034946,139.31651773258392,12.58473886632967,13.648569072572506
231.78791355034951,141.4585304933897,12.584642572874964,13.64842855309715
235.14351789503448,148.2024983891125,12.496170337515025,13.493950708428942
238.40718071110535,154.8587808411068,12.420034700185266,13.371863175656102
238.18221970146968,161.13862582937733,12.368630218087167,13.237403225360191
238.01040693236456,167.46240291069665,12.303558002152734,13.085338183204968
241.1273217529855,173.96615155537606,12.218500600595911,12.948925107102996
242.60878310762766,175.2410669285202,12.218483298263472,12.948887365804303
247.6141278117397,180.53603259572824,12.130330740015008,12.846544913834535
253.73533031685062,180.65958166365465,12.00991307262764,12.680640329402904
259.76626848715455,181.09025086516104,11.831381382288294,12.717840754286199
265.73934165340455,181.10571710637203,11.757972934309773,12.622705806747234
271.73133711038867,181.13433176214488,11.637106867753651,12.459321502025116
277.07127448072384,181.48702189993352,11.47245658387045,12.496552873100018
281.386749581888,176.96274829852211,11.347222705394683,12.377632958613258
281.2841093538756,171.09792612595896,11.272372238625184,12.1074832973919
281.1871198751172,165.2486485100065,11.192826494546523,11.8999287194214
281.09437272694686,159.56059971192335,11.088235683799166,11.661599702733644
281.0048784446679,153.95447835861307,10.959346856780323,11.424541643363014
280.9281258577164,148.4367027563821,10.82674455015735,11.191869085312746
280.8276592479004,143.02242611418083,10.699254627356286,10.992751509424767
280.7121072073354,137.69148870516324,10.569959402665727,10.803864913885723
280.5951570080325,132.42182222358582,10.430459709146543,10.621639306178732
280.52502904794676,127.20036763772178,10.30736198351657,10.446455940980545
280.4657174779781,122.08932583051816,10.180091242728924,10.264416249113381
280.39138647088186,117.04079886542988,10.059899711732589,10.123615221709386
280.28004251793027,112.00834244582802,10,10
279.2581778652966,113.28150206897408,10,10
278.22359024360776,114.55967885348946,10,10
277.2282804735005,115.82607287261635,10,10
274.583485532552,120.82578200194985,10,10
271.95626251772046,125.84127301070839,10,10
270.9446723945439,127.11332267615944,10,10
269.9420164115727,128.39157348964363,10,10
268.92940502241254,129.66036325786263,10,10
267.9121957309544,130.93700379226357,10,10
266.9085350520909,132.19458741042763,10,10
265.8710411079228,133.46045249793679,10,10
260.66028099134564,133.3906444394961,10,10
255.45506601408124,133.30934888217598,10,10
250.24161367490888,133.21240075025707,10,10
245.0312350280583,133.11373180244118,10,10
239.8202345855534,133.0490162158385,10,10
234.60742025449872,132.97716188523918,10,10
233.62810318544507,134.255654216744,10,10
231.0089301355183,139.26153552625328,10,10
230.91332511231303,144.4682153472677,10,10
234.76474861428142,148.69849717710167,10,10
239.573684733361,148.68138901051134,10,10
244.37493233010173,148.62446126248688,10,10
247.90178088471293,144.73477968480438,10,10
250.23462800309062,140.0422677857365,10,10.030586923746139
250.30619375035167,135.0683668544516,10,10
250.1497683338821,130.05657181050628,10,10
252.46332738921046,125.34037875222279,10,10.023795799794517
252.3468592055142,130.5432055881247,10,10
256.19237564876676,134.76784643437713,10,10
256.0884810127318,139.93435606267303,10,10
258.5249782241881,145.09105667378753,10,10
258.4173855893314,150.26573690678924,10,10
260.756768476218,155.08069452550262,10,10
263.19396783038974,160.22676023747772,10,10
265.7791390530765,165.9021152570509,10,10.111493940345861
268.1898713223636,170.88403777694262,10,10.022103398853396
269.19372118636966,172.24892831615628,10,10.021993560278991
271.5982209555805,177.5541803529486,10,10
275.5027128569782,181.7481615236029,10,10
276.35278649255633,182.83804890420288,10,10
276.06569523736835,187.8394050290808,10,10
277.1022060625255,189.2493070056662,10,10
287.1583053224981,177.92133173253387,10.241628002881964,10
287.2724738009493,179.6226310422644,10.241550520018624,10
286.79346535100484,184.76677033212036,10.164603573700946,10
286.87139371517264,186.75216457154602,10.164530781746627,10
287.02697566864475,188.53290900494903,10.164474510300492,10
287.1350938498705,190.3492598226294,10.164435355419085,10
287.2045820863882,192.27383455540985,10.164398337535252,10
287.24406056198904,194.21426901128143,10.164360543719354,10
287.30349092507686,196.10920712258667,10.164345004671333,10
287.29431039454715,197.96258160378784,10.164334243418248,10
287.46224765472186,199.81156012322754,10.164329929424923,10
287.60603693640843,201.55390724446625,10.164333197268542,10
287.8568323956389,203.41494664456695,10.16431941770842,10
288.1373444059947,205.22179111745209,10.164313029481185,10
288.3781421184337,207.09060367848724,10.164298368658445,10
287.9968801790425,212.32156023290008,10.024901273186318,10
287.5912025338039,217.4470380237326,10,10
287.0967790251598,222.90971264149994,10,10
291.5073148375377,223.37067172767814,10,10.080224495413981
291.4521166710183,218.19937631394714,10,10
293.8155545620248,213.44268267532541,10,10.01135595094951
293.6827619848773,208.32892963197082,10,10
289.07005723100156,208.29062770224553,10,10.069717579774464
293.5517133055255,208.75735657400142,10,10.165175122326836
297.3985248384997,213.26140429892178,10,10.24331853357009
302.00905616860837,213.38650935869575,10,10.147179283110333
301.9885347066447,218.59525801590644,10,10
302.10205214004964,213.53500725678168,10,10
305.988107371144,209.49386865104174,10,10.001343640618078
309.8804620979354,205.49640322875499,10,10.04436255892203
312.24767963867635,200.73280254375254,10,10.063279360140317
314.6473860023543,196.08354659424595,10,10.079988128049962
317.0104619739577,191.4203835622226,10,10.054924307147921
316.8367644874379,186.35214163712226,10,10
316.20681557338685,181.44581152847968,10,10
319.7577286688611,177.5953827088233,10,10
323.29310664813966,173.74135114601813,10,10
320.6623631445691,178.7279076760169,10,10
320.55000874679536,183.8943672364112,10,10
320.03052684944123,185.772743124282,10,10
319.0722002116963,187.00412978581153,10,10
314.3945559589192,186.8988121689268,10,10.019529704103494
314.2966511724517,192.1154275496956,10,10
319.0949943540618,192.05757706589065,10,10
318.99821143131703,187.04471438354813,10,10
321.4116192338988,182.32766782070024,10,10.026625283593706
323.78225855808705,177.54914263707283,10,10.061702040924201
326.10986118298024,172.77570626776816,10,10.099780948662016
325.98512002360076,167.7386740965303,10,10
329.52381988894194,163.86947339004837,10,10
333.09316250216216,159.99694245285355,10,10
336.61798974405974,156.12402694649063,10,10
340.1461734427139,152.29271047539078,10,10
343.65591236483306,148.44366043037735,10,10
346.0007910383865,143.75963664393186,10,10.023028232375822
349.53864165674895,139.9109439176973,10,10
353.084913934581,136.05743377632461,10,10
356.6248080385849,132.21077888435684,10,10
360.1624455107376,128.34444778389297,10,10
361.2364933146164,129.35674481815659,10,10
362.31600579153746,130.3578740877565,10,10
364.7093900097534,135.4873792452272,10,10
364.7910617766902,137.43185847229324,10,10
364.6646550176665,142.5970463079866,10,10
364.54462076257914,147.7979945463594,10,10
364.4184087915346,152.92588370270096,10,10
364.2934846607968,158.08293145126663,10,10
364.1639220742509,163.25986283249222,10,10
363.20200741570443,164.5435840410646,10,10
360.5597022799775,169.55787961906753,10,10
360.6127013405785,164.60706918663345,10,10
360.67836324777454,159.6516014856752,10,10
363.04141156282276,154.9578942372527,10,10.030024093097422
365.40616337861866,150.23180240290708,10,10.067486272836074
360.74040667619556,150.67820767956508,10,10.091702120086131
360.8208214631304,145.7131568140927,10,10.0099277447687
365.6582447877154,145.66621625772677,10,10
361.39270657207817,141.78587735012925,10,10.006187439676255
366.1987053742632,141.83788505918346,10,10
368.5505239358172,137.127514450552,10,10.033941404945995
368.41899958159775,142.3631087911781,10,10
368.2774855783209,137.40851847059093,10,10
368.17039515729994,142.58854595548473,10,10
363.5498678898439,143.00469748590808,10,10.03707604233707
367.3993685459718,147.25672454363666,10,10
363.4418068146333,151.41221334496703,10,10.003260945618054
363.3241591891274,146.37639350420795,10,10
363.21733369585127,151.54852313525043,10,10
362.20826055761427,152.80068714148365,10,10
361.1899248575792,154.04994446760975,10,10
355.9660965418443,153.9599105489906,10,10
354.9923982238397,155.2238458765205,10,10
349.7567567443475,155.12818407989107,10,10
348.78359468933195,156.3604505059775,10,10
343.5497241830453,156.2665084747132,10,10
338.32965525146574,156.19296741462313,10,10
333.10282238479704,156.064824819332,10,10
327.8754478311166,155.9678260756191,10,10
323.22776754852384,156.38435860360244,10,10.04927984559504
322.26447757240385,157.6630915893452,10,10.049269652231438
321.2861208533868,158.94886287228516,10,10.049260766313669
320.30970045085996,160.25341726590813,10,10.049252797701799
319.340907654725,161.55603815195843,10,10.049241833859261
316.66319783683866,166.455107368296,10,10
313.9709261273965,171.52934090024792,10,10
313.83443806227297,176.7137595785316,10,10
311.18949959333986,181.7190291059669,10,10
311.07093714829534,186.94985357648693,10,10
310.9951141839847,192.06029621488415,10,10
310.8691585874185,197.2507640493568,10,10
310.775507315062,202.39612499601208,10,10
310.5875173797831,207.52467123395763,10,10
310.73266211058944,209.35810247785412,10,10
310.78834647964686,211.25417701131664,10,10
310.83747031819075,213.27353159314953,10,10
310.75064149778336,218.5425907743629,10,10
310.5985307423398,223.6831246984657,10,10
310.5205577267334,228.7431627882179,10,10
307.9228831185028,233.73993650800548,10,10
307.13635006081313,235.0258776319679,10,10
307.1800800105557,237.12884513265453,10,10
309.3106325408444,236.76011482602917,10,10
308.6076206108555,238.03879443532787,10,10
308.7109847879037,240.1025604379829,10,10
309.599303743802,241.66499368078075,10,10
309.7056623091921,243.61587659246288,10,10
309.85541906859726,245.56150809652172,10,10
310.0470942398533,247.45843795663677,10,10
310.22752897348255,249.38778582937084,10,10
311.1080589136109,250.90601638681255,10,10
315.5535650094971,250.90047756652348,10,10
316.41032998170704,251.87709597568028,10,10
318.52432386483997,251.49315375904553,10,10
318.8117132624611,249.01816237523565,10,10.000002031840975
318.7224595537409,244.08554811100475,10,10
318.62300318386406,239.05972976307385,10,10
319.6483896365389,237.48731906036846,10,10
320.6242566695437,236.01606495003216,10,10
320.8711384674534,233.72185928444378,10,10
320.9313331907615,229.03530008415692,10,10
321.0755625432357,224.4401767931413,10,10
323.4667137330398,219.7495611391496,10,10
324.4084008997306,217.96675438503735,10,10
326.74120534118265,213.3928405457464,10,10.011849933525752
327.71577090676874,211.64049456135064,10,10.01183051277567
330.1102582877502,207.0383138669564,10,10.023868216871712
332.46956772264093,202.3930435096034,10,10.058759364927393
334.86729640420526,197.7483656225394,10,10.084025554704752
335.866331464611,196.0130576003507,10,10.08400022449416
338.2362157171592,191.33322125491756,10,10.10803105439853
339.2542831962928,189.60682181688495,10,10.108013920942273
340.2430596416816,187.88368958793467,10,10.107998137830226
341.27632260974497,186.2125678320315,10,10.10797556687287
343.66753626521677,181.5343642165057,10,10.128631264416182
347.5120568340644,177.4582117550147,10,10.081713622700951
351.06244397815317,173.56722957710735,10,10
354.62778044398874,169.6841233454179,10,10
359.4681000774726,169.64127738471143,10,10
364.2843637531623,169.66538987564854,10,10
369.11724568065256,169.6761952310335,10,10
373.93619251903147,169.65120355668478,10,10
378.7777390545234,169.62838100339286,10,10
383.5361428325996,169.6159149033483,10,10
388.33431053813547,169.6287121612113,10,10
393.09001970943063,169.6600871447008,10,10
397.89796209987253,169.6976060445886,10,10
402.6953277653083,169.75642597558908,10,10
407.4793710773811,169.70544825377874,10,10
412.2863216465339,169.8012187841814,10,10
417.19314718898386,169.736463843612,10,10
422.03174639400095,169.72578299115412,10,10
426.8741154735908,169.75405725720339,10,10
431.68767119105905,170.2014255675827,10,10.055228140975354
436.4415845936164,170.29902794184062,10,10.004723919650685
441.33512545283884,170.6706612992537,10,10.063723087316594
443.779733187519,175.90361617614477,10,10.02314063455984
443.8700138023123,170.90688380482607,10,10
443.8954001618549,172.8108551192563,10,10
443.7469354523346,178.0077454734128,10,10
446.1044276608154,183.03982755425386,10,10
449.97093161474913,187.24889632943086,10,10
452.40059861075133,192.40246221306734,10,10
454.7724169148132,197.55622646096162,10,10
457.1563874138519,202.7075926947873,10,10
