130.5,132.5,31,115
137.84839474820015,160.88081955175824,34.46120382025007,102.69180251635656
151.3791622824186,192.04686924514294,38.60437685117843,94.01937872773172
128.05379586026456,141.6010775256945,39.183507827810715,93.37365442737074
139.9034492671515,171.99186598691585,40.22653347253296,86.27616716557259
138.86495402950942,171.05989003257952,40.22652189932469,86.27611350860194
137.8916909296241,169.102408209259,40.226505001599264,86.27604047692877
146.5160266340996,190.9270440520558,41.15418323254082,84.67329283918674
124.62487064067004,140.29374600861516,40.92781296842342,86.29625031522816
128.90279121002172,163.69929981558482,40.4861514409261,83.16911792101543
143.86887822059077,190.1990580429544,42.42436354344521,79.4965439101239
117.48067277343978,135.90068548314179,42.14311910327456,81.71371902242493
128.60609483090406,162.9261316974893,40.06932653253546,76.5563355048627
148.41092414428059,186.71904944018462,41.19081185719841,74.44047072259708
116.2588553690729,135.82761777933177,41.50922019008448,75.24975463756446
128.48703095884883,162.9269409624854,38.237767386997476,71.7588414255541
146.01889484272257,181.3288488806208,38.53087403087106,71.17428675871689
144.90690485647517,178.45946745033686,38.5308516420683,71.17427436598886
144.12440813322814,175.88803006098578,38.53081916292603,71.17425773767812
143.66405783462363,175.1810556410382,38.53080240154586,71.17424945858524
118.29037424377177,131.86578640038033,38.23049731152109,71.18811160933458
129.84172171569617,160.2084972165589,35.89709901379045,69.1977278187743
129.4082974172252,158.27184947849764,35.895860915061284,69.19549782034848
145.12084704295197,176.3998335321723,36.09500826089781,68.55027418931753
144.45649088746686,175.0925205432087,36.09498998867711,68.55026422287827
144.15354481255605,175.16014209718014,36.094979109056915,68.55025588809438
143.8076410370033,176.35172852187887,36.09496740957879,68.55024649084538
143.459311859016,177.14361244941142,36.09496405481422,68.55024414252463
142.65763201097502,176.61071468333398,36.094958329600985,68.55024079600977
142.31194987535852,175.7280562617213,36.09495384215557,68.55023745738859
141.95465273039224,174.39081641666763,36.09495019164322,68.55023408665912
141.57120195654215,171.98466855838137,36.094937371667605,68.55022339911783
141.34821609994012,169.86796311271775,36.094923737839125,68.55021344159863
141.46432225746386,168.99385857587447,36.0948989472295,68.55019122351425
141.81864332070896,168.56335181218583,36.09488738256797,68.55018263613783
142.81446798765762,169.8737670242722,36.09488004696162,68.55017726422643
112.84850964130575,125.5496368949275,37.811869066325535,68.20491487887287
124.14142892646316,151.97349326574363,35.39215102518552,66.66351469827576
124.21718153175988,148.50440069465816,35.3909740782325,66.66304160298947
136.39453349972192,169.2281415681533,35.527608872166795,66.2602566638605
136.07748429370832,166.70022088866907,35.52758509133436,66.26024799383727
135.53642126959755,164.63657553947522,35.52756735598655,66.26023747609948
135.5675771188382,162.33411544794234,35.52755855984615,66.26023154985128
135.49490680683078,161.84907115786237,35.5275388630545,66.2602126938311
135.79476225387657,162.6168609427624,35.52752406872106,66.26019599691767
136.16095647835854,162.10186259875533,35.52749938022843,66.26017364005573
136.03631956512328,161.78008287687754,35.52748788129102,66.2601649256616
135.89765042987784,161.92540949940684,35.52748135870056,66.26015936613075
135.4630110765372,162.78617215781279,35.527469236677014,66.26014851274358
134.7453356884733,163.71984119798904,35.52745767378509,66.26013502307406
133.9881654701385,162.74252543266644,35.5274478153878,66.26012676127692
133.26949128751934,161.5287602577605,35.527436728378525,66.2601194314166
132.985278026199,159.71291546211026,35.527427045632045,66.26011279850438
132.86754973736402,157.88166681452165,35.52740474528084,66.26008944663266
133.1146620232327,155.95197899504043,35.52737056842179,66.26004883918091
134.01825209291002,155.3990924705615,35.527285003041804,66.2599330446024
133.95938797694188,154.38996880358923,35.52720843947448,66.25983096944358
134.88579612385857,155.14585870531334,35.527082365520265,66.25959074443311
136.17600130334904,154.60306687505206,35.52705578415769,66.25955531296809
137.02622966801962,154.40605020320766,35.52700012255029,66.25951099800365
137.29862305532717,153.12024012173555,35.526981919788845,66.25949972936823
138.00014825789913,152.70331063464886,35.52696369829209,66.25949490873805
138.56112629324755,152.58382198958296,35.52695491610841,66.25949145856107
139.35266093052795,152.03010389120908,35.526946144553605,66.25948694524106
116.01719299988706,115.43115966553174,35.04122764792524,66.05128561388089
125.97914636305418,141.2882285662242,34.12981977718182,62.74379072631434
125.60864258074112,141.13498938698712,34.129317785037614,62.743201869345846
142.01074132193733,160.8649586026878,34.478909822908875,61.98108600874522
141.61383443661614,160.46913449852326,34.47890470250278,61.9810819548635
141.2397614709099,160.10558113260433,34.47889974881015,61.981078658434434
140.98345979760884,160.04629015687502,34.47889480569363,61.98107525431325
141.09581348825304,159.52470638176132,34.47888903759306,61.98106972981832
141.16086005752462,158.4517811804962,34.4788867466613,61.9810663744903
118.44059635848014,124.99535778475783,33.13202248215262,63.541732685010004
126.46291177415314,144.9109784307844,33.314154422413054,61.10576269422635
141.61071009956555,160.2193708976652,33.389334901715195,60.69985804000584
116.1768476730412,111.54907151299489,33.33902234021311,62.378828086201906
124.65690887950063,135.47011401773676,30.98123967186212,61.05533209649357
127.07727693873326,150.894888038498,31.09517541313807,59.646606656289414
141.41572845506727,164.88644179588607,31.11841428720833,59.43125655728475
116.72578242491974,112.79193108875157,32.20026786483737,61.30027827672954
126.63712560052745,136.897601389418,30.081406510570194,59.18203154746699
141.6850921695153,155.54301856827732,30.431560256139434,58.607681259572566
111.64830568239191,109.53333684226965,31.079760152993643,60.017807040689476
120.80811595502905,131.41039529371616,29.841301106742765,59.06036677353866
132.03966841305885,149.24344738402937,30.06190056690391,58.520872395158335
114.3115691190596,109.19069497357776,30.26914438195317,59.32279597826858
124.24810168156678,133.7497434951335,29.279673769878265,58.45684660971768
138.0563476301177,152.40607613716577,29.91908702414361,57.185315206268314
137.62271350504687,149.07706460819085,29.919071453179328,57.185306800595136
116.76834156361943,110.88183574083038,30.288738340184594,57.310734628089506
127.9940316803214,134.8555377581947,30.062253584075574,54.59664510752097
140.9490032544471,153.06364286999042,30.40569788699605,53.93315476307996
140.50754035844463,153.3633360499505,30.4056944731065,53.93315193616074
140.1226653782742,153.42765857299824,30.405690977331613,53.9331488679715
139.59627392427907,153.35645786395133,30.40568848874599,53.93314657915711
139.38593250942648,152.13655768035332,30.405680483928876,53.933139531344594
139.0930243857115,151.25214479519425,30.405675758439443,53.93313500228529
138.11707174435554,150.0335193450341,30.405662796789425,53.93312551327758
137.7127556405146,148.05639448825733,30.405646895035304,53.93312131485906
137.27331057527329,145.94098140517121,30.405614205426645,53.93311013590802
114.01110449605588,106.54963087575251,30.691184353363433,54.883390845624305
123.52988434461152,128.30096549547622,28.567444922975806,55.14173463718276
138.1220140919692,145.613512660645,29.265028995154978,53.92639219893506
137.23855304699077,143.17067618979456,29.26499225237106,53.92637969675776
136.71582931064242,141.73847063440613,29.264914770271893,53.92636371784348
136.38694554687908,140.5860683494763,29.26487047729153,53.926353710600445
135.8596711559563,139.53579190893913,29.264833802288948,53.92633925082396
135.55832334760586,140.1863597643999,29.26476469330469,53.92629842954325
135.20891221164652,140.42211956626434,29.264718452116103,53.92626044707977
135.07798820971038,141.0507233774234,29.264695356516288,53.926236138131394
116.47674632977346,105.4128616720474,29.32146149554054,54.33715241997714
126.31569300365936,128.0766526871806,28.69915591632342,52.79878547760138
129.83714215407443,148.73098252978153,29.8072633604274,50.23057760514365
129.32208638525788,146.0364691718624,29.807216974362078,50.23056051299855
129.00345486081565,144.3754128114347,29.807106754642216,50.23051465879591
128.54075348721898,141.5128068965533,29.806992121598,50.23048721167278
129.11075073179978,140.6137183259629,29.806953391484864,50.2304698252275
129.51975244729672,138.74868938132212,29.80688989760571,50.230443772095725
129.92484368671575,137.28658690643908,29.806855300275497,50.23042362992757
131.2591120418191,138.54109916754652,29.806828550243353,50.23040918423553
131.09249443824874,137.76833491826093,29.80676343508988,50.23036957424806
131.64803725470313,138.6401208826526,29.806719109630432,50.23034735001644
131.93376727698254,138.58504608667045,29.806658276955158,50.23033416229191
131.64906104729215,138.3737888041404,29.80661594717421,50.23032677853764
131.61329766531048,138.07921123755793,29.80660056731583,50.23032504562894
131.2309634342204,136.8200256095483,29.806549245236237,50.23031756705956
130.7783899363902,135.668247942177,29.80653241633839,50.23031288326274
130.35329624714032,134.6976199165238,29.806523016063846,50.23030990804178
130.27014498956083,133.89695738257086,29.806507680871533,50.23030588773655
130.8013451405557,133.43668568710646,29.806491149824488,50.23030012438375
111.49599810463822,100.07699397246691,29.895479594218017,50.754943258252695
122.53744451975803,122.28063303450972,29.244868258119034,49.541177097057684
135.17994836565592,138.82549715319462,30.18381762809084,48.040499152656636
135.60948554495863,141.4800157518656,30.183816908401408,48.04049868703465
136.1981451630658,142.90560779926471,30.18381481467368,48.040496576184154
113.4326581397493,112.14204080534698,28.06455082419728,51.14134958867786
124.4980267270557,129.7741172625999,29.06594141142529,48.771972064797
125.25492168760017,129.9149545484901,29.06592016327945,48.77195384768235
125.4945571880055,129.66765737046157,29.065889132914425,48.77193071177893
126.4254758219666,128.788888651627,29.065863145242783,48.77191564490859
127.64247437450473,129.02131877833187,29.065855565007823,48.77191222471832
127.97980412321476,129.8981010103873,29.065838809267923,48.771905442644815
128.62331523480734,130.29554251034375,29.065821056907943,48.77189943543445
129.0044581651793,130.90606834396215,29.065810355523038,48.77189671934664
129.10416471428113,131.105238498548,29.065799991956606,48.771893386941464
129.20244774152476,131.3455374032958,29.065797360149244,48.77189229861824
102.47526298152923,93.98014891796107,29.359289652357127,50.17768757983456
111.87475502297076,114.30334694489416,27.646681759659593,50.19235567391761
122.03237665172934,128.38869648135733,27.919666727850455,49.53786334232425
123.32526970453105,126.31614226273065,27.919630009988108,49.537859741918936
123.89185579578344,125.81575783787318,27.91961221972577,49.53785420808896
124.41495043429835,125.87712734999319,27.919551811752665,49.53783755626163
124.85480261716754,125.2803877924803,27.91950686030565,49.53782676211536
125.26687378612381,125.25469091516501,27.91947354024209,49.53781769833431
125.3410970175918,125.61082100391262,27.919458616841602,49.537812819930444
125.46674244919885,126.50593407345718,27.91945318739675,49.537809444856535
125.3336967998485,127.00049477971858,27.919440920404554,49.5377973696636
125.61575007968844,128.51195553722894,27.919439334994525,49.5377962247448
125.49208778177666,128.34811963904068,27.919436573287506,49.53779393025905
125.30914259533529,127.46784544551222,27.919429111869253,49.5377866923541
125.3048694244332,126.45057133533082,27.919427145509527,49.537784484326416
125.49559753603383,125.44861376271055,27.91942574770959,49.53778336598664
125.86280193032583,124.82697496276029,27.91942378800591,49.53778162800414
125.97613977292106,124.30456578840102,27.91941704180986,49.53777823752592
126.22770951419862,124.1560802904753,27.91940829322154,49.53777365053929
126.40984701142332,125.0015065462924,27.919404403107947,49.53777139677861
126.44785364343753,125.6677757973051,27.919400889445733,49.53776840004803
126.46193467972276,126.41820198275343,27.919398338395403,49.53776575296728
106.81838996026255,100.21772425975237,26.5275365138881,51.457428474360036
118.17333762089326,117.73630524922561,27.956889086913787,48.703255997366675
118.63996270212672,117.91556647716024,27.956841191139972,48.703194534072104
118.33208132527129,118.03680168281639,27.956824604583655,48.703172437784175
118.29607355002652,118.42870981923696,27.956784882315183,48.70313715697414
117.8595018718903,118.58559539150056,27.956773181157363,48.70312083923107
117.22464971929644,118.75086567072844,27.95673869297199,48.703080883497485
116.19116137190125,117.75906673164423,27.956714044988942,48.70304977339992
126.89324967145923,130.8333400187855,28.25540113911027,48.222571131246305
128.26579622973267,132.38796146784688,28.255400414531167,48.222569480300656
129.60457887836188,134.33926561259105,28.255399261407273,48.22256624757499
130.97199343265518,136.61042981142492,28.2553986249581,48.2225647770923
104.2755013611022,94.63475277790414,27.46636830273204,51.87963020887996
109.85214791929295,113.96442585952437,27.78542912159226,49.19074303001453
109.6291018772446,111.0326250623778,27.785380439545154,49.190705746438994
122.8437727063831,126.13996223844762,28.55582019911482,47.8678904488648
123.35161295291911,127.58085657448638,28.55581989994385,47.867890268990024
123.98965046324251,129.1957266251893,28.55581952720051,47.86789007198789
124.92564964161002,131.88265197738045,28.55581912292671,47.86788971321714
125.7051966431015,134.15971118748587,28.555818833704127,47.86788944943944
126.70297853469184,136.19558591163056,28.555818557603548,47.8678892115077
127.9243705051864,138.42303540247383,28.55581844916447,47.867889064049685
129.47954621516882,140.66405872676341,28.55581763802529,47.86788806595268
131.24328165761088,143.01156247835488,28.555817103406703,47.867886933314175
132.54188023307643,144.563202840696,28.5558165314551,47.86788603765723
133.76528474922335,145.83647465026044,28.55581607574512,47.86788506302908
135.26591198198145,147.21726149296254,28.555815215117846,47.86788350019873
136.64148533091327,148.64421208625112,28.555814356945348,47.86788203095247
138.05353885077986,150.56850981222925,28.555814010479978,47.86788124452358
144.6281161024395,149.39103107694154,28.555872344379946,47.867704704784025
145.79397300604626,151.77648887228338,28.555872213619082,47.867704145533466
147.17651328741655,154.7193205811568,28.555872102843797,47.86770376031836
153.44053775248392,153.90484195381984,28.555919371744693,47.86753637357385
159.96525716039017,153.3515872908221,28.555954318444414,47.86741871211207
161.2620209925089,156.30702489230725,28.555953971254073,47.867417399064806
162.6883670904942,159.81493047878845,28.555953902511227,47.86741719259411
169.49288303885754,159.28208069848702,28.55603665269621,47.867204864120744
170.99722158375272,163.31543268635252,28.556036568673672,47.86720468477647
177.7729862945009,162.6932878278562,28.55607803951129,47.86709592707579
177.8029984595008,166.72912062436325,28.556079919312957,47.86708560749926
174.21250931207123,161.6488776763251,28.556079915984792,47.86708337491343
176.2262949320072,166.74884862468903,28.55607892376303,47.86707739127147
178.30505327590782,160.84162148616574,28.556076331268176,47.8670499330886
178.69092735482425,165.19484996897756,28.556079040802118,47.86703770776035
176.74045610722817,167.6679184226767,28.556078971983645,47.86703679813428
176.630553835716,159.78938370520345,28.556091953642863,47.86697942491428
176.77880637101413,163.7723637445041,28.556099188783158,47.866955053405256
172.91191882522168,157.7208954304284,28.55610200253603,47.866945400123534
175.19955700612866,162.3996795584718,28.55610058502747,47.8669296724181
181.90364260283548,161.66549965203563,28.55616494154061,47.86675692303457
178.5005700139327,161.66592615715254,28.556097694114204,47.866541506479884
176.52529037432976,164.3448342176995,28.55609759564983,47.86654017420432
173.23690446629433,159.55548626230578,28.55609767557566,47.866536973053314
174.51480939461413,163.10578889457366,28.5560975551879,47.86653671950388
174.30922022151347,155.86495421056415,28.556130840134703,47.86640219347991
176.43859481229848,160.12072964557746,28.556128759394763,47.86638410696163
178.45648376590236,164.6662642122991,28.55612365263257,47.86637370459741
175.00607833182497,159.57204320253007,28.556123802250955,47.86637063288796
176.48198760769483,163.36982906754022,28.556123716697744,47.866370420811975
172.94556324742362,157.41601372407075,28.55612697825583,47.86635874324893
174.09653134569191,160.76683861484202,28.556126931316367,47.86635862753895
180.89814977358685,160.0291817140335,28.556184448085087,47.8662159529444
177.3665913435955,159.63500399236815,28.556133259209183,47.866023403568796
175.22326005680085,162.13399658222343,28.556133254215688,47.86602215635337
174.9281734130585,154.50686080586135,28.556144145269474,47.865979286470136
175.43247539180362,158.62385806221826,28.556149721089103,47.86596304524068
171.87707483081752,158.17712887495583,28.556109091962675,47.86582357850274
178.7320756435016,157.2303353033815,28.556199057475904,47.865615946642215
175.21978123438274,157.40713430086402,28.55616400486398,47.86545403427873
175.7902125908337,161.30550936713263,28.55616888286631,47.865438711616974
172.16204798896695,156.48274485845704,28.556169026998983,47.86543512093595
173.6096255382571,159.78996648776334,28.55616888142162,47.86543468764074
173.214602799676,153.08752986002378,28.556188409105697,47.865374013676494
175.64075657780893,156.451457397151,28.556190556666735,47.86535173361151
172.36435091733617,155.9520069338804,28.556162598437428,47.86526409136988
173.79632956111914,159.08080249210784,28.55616247754322,47.865263745636454
176.45397490243033,152.79064801930036,28.556164630156424,47.86524184255758
177.1311552888024,156.30097320753285,28.55619567069049,47.8651688968177
173.57241020647194,156.10231778994802,28.55616264199207,47.86505479569278
177.5322637653265,150.0162680504528,28.556162345724577,47.86505325387027
174.00951003198352,153.90914685555813,28.556177163332162,47.865010746808984
175.19512744399367,156.31830597018475,28.556176994692144,47.86500993088584
174.8471579426572,149.05300076816974,28.556236239960732,47.86480807142712
175.32697310288827,152.23948779605078,28.556248627800127,47.86477741700166
176.01455811372276,156.0549085867761,28.556265287878624,47.86473942060352
176.0356502104352,148.041837885934,28.556330919305505,47.8644525996315
176.65759480346742,151.12208649389575,28.556342747569015,47.86442443888376
177.31062346868427,154.86259466747646,28.556367069776613,47.86436273878657
173.591914184833,150.18105137312446,28.556367176633216,47.86436071970246
174.23449264866704,153.84652142450818,28.556384499567876,47.86432319338152
175.52595998009625,156.26955428355873,28.55638421628706,47.86432251968353
171.31065198157103,150.14366978863205,28.55641149110852,47.86422612257402
173.03231688038824,152.92332782376803,28.55641102773312,47.864224780085216
179.34282866473276,151.77193870607576,28.55642971063099,47.86415348429606
177.4462430616611,154.02264484618834,28.556429510982053,47.86414739685044
173.8637342812481,148.859952639789,28.556429466980205,47.864145762285865
176.79173394603635,152.7478947890587,28.556429607160773,47.864121773347286
174.05882391535576,157.48209564257036,28.556438892765154,47.86408287455151
177.23491047939697,151.3310003912469,28.556443861453957,47.86405017163203
177.92712572928374,154.98096267621258,28.556466896760377,47.86399800007709
173.64021738047728,150.34473055596442,28.556467294934823,47.86399462735323
174.89419270793957,152.34626498876398,28.556466945948955,47.863993732029996
181.60547756074146,151.58525464977666,28.556510384266087,47.86387605284218
177.59232625494977,152.03039371683815,28.556494445739574,47.86369434472933
173.84134045077255,146.73049688398254,28.556494332444835,47.86369171527451
176.252511921444,149.66363439609117,28.556494263721547,47.863667682878535
177.24406428776672,152.9120140958304,28.55651307195446,47.86362669007733
173.87627900337344,146.38325915366104,28.556516547845472,47.86359281983841
175.459940767767,148.07325453984842,28.556516131546157,47.86359167148707
176.3780565592728,151.13188682117146,28.55654450966277,47.86352796028143
176.14960933049986,143.85892652116019,28.556633827428655,47.86307137829714
176.84473689741233,147.15946690488545,28.556656317733918,47.863026682623975
177.38173720181499,150.1535124967172,28.55667394890358,47.86298309875295
173.04001581091697,145.4296920026684,28.556674614915945,47.86296077966065
174.69554090509732,147.76519744769718,28.55667364950142,47.86295943016093
175.92947285566999,149.72646425552932,28.55667306966038,47.862958611356376
173.74921447565077,151.92684939794424,28.55667280470494,47.86295517604433
178.63587365899625,145.621779864108,28.556672728724422,47.86295344324079
174.5004019572594,149.13810838014513,28.55670586913657,47.862883462558116
177.51786069069095,142.64234580288567,28.55673532076103,47.86275612836853
142.9057995491386,127.2818235591503,27.02536443980324,54.36426097350527
146.94529609325392,151.53247339163312,26.54159906992592,54.086414830268126
144.40413116223687,124.37698706282345,25.292922881850124,59.201102240084765
98.51276708105246,64.36283248277132,26.172361249297065,60.595279014935116
105.86276357922326,78.73090025508253,26.920568478785558,58.56580087998064
145.6703418857615,109.94472856256985,26.4499583744981,59.22295642931266
97.8016643356271,60.500433050727864,25.919948972813813,61.85463522155131
106.43068710679432,76.99915319998127,26.968988467710794,59.71190264094001
145.99000548212916,110.154687857898,26.71042099194349,60.35656757803625
153.55807719416794,130.72957763932072,26.35915534496552,58.48842711431191
150.050560308007,126.1745556178947,26.358798244332107,58.488214962095576
95.74736389419435,62.272624186475255,27.256771272152683,60.161348149641505
143.7835260255196,114.60346853020707,29.1699206423147,62.185816688740374
146.07037364893048,136.64980146756574,27.85492791204873,61.319740016903864
152.38507277610864,136.58041909173485,29.12774370798533,57.87612685795163
138.82834839409503,119.9750240306379,29.234451901944222,60.13498598038971
147.99708598739917,144.87980382879155,28.375107055912085,60.39841298686561
137.41122011500235,117.19827501001672,30.37657551030049,61.49113065859497
145.3557906718748,139.59261992876435,29.20010090809124,60.895102106500055
136.10001792466602,113.20433012077854,31.88795598808006,61.286130269835
144.4117848268073,140.02643732619583,29.576610332296077,63.601560176627316
134.42396186050445,112.21053857886636,33.886480965829485,62.227063420798
144.30910635143533,136.96278836317603,30.931078077107394,64.20154487024507
135.33381647010364,112.80067687582707,34.86978459453152,63.55398516061683
144.22502903888116,137.9087937839088,32.358065633734284,64.58272357345724
135.59590581651477,112.83089863040189,35.14672665976588,65.28384011338125
144.9308544847782,138.3902931103006,31.01462248272387,67.89013355104474
137.37306895284152,113.7952877801797,33.36600859481503,68.14349107407952
145.5323912159263,135.99664166935,31.532137704509715,66.94653662215494
139.23326830338328,111.47064044822275,33.28322986596048,67.73236093330593
147.92364881196363,137.39683362145558,29.882327247237285,68.87121985661568
143.1127875279828,108.4888091400609,32.91767839338504,69.29720457990308
145.93450534857305,133.03413417633595,30.093857162604856,72.22566995535101
143.23410717293177,103.90609066064303,32.50612120912367,72.42175179874857
150.36663359190328,132.0604675180601,29.83668948018942,73.72279270061364
145.95832992674406,102.26343369140122,33.09168277394784,74.14515701530837
151.19343469623786,124.25293338795957,32.44492904550706,72.45121087536549
146.154691055971,104.77670238555856,33.86852380895095,74.62018365287258
151.30975279811275,127.25988228783304,33.22475164302679,73.57397079046231
146.37762020729943,103.1394881107253,34.90100088684828,75.85720146645514
151.74868366437377,126.12917596846044,34.37650054435488,74.26558972803562
146.59601568378386,102.41913558929676,35.53058948099858,77.12307511893137
151.3260520761168,124.15581707676003,35.14471351182338,76.27831321822357
146.10684573477423,101.15905310000286,35.569840557606696,79.1965886387789
152.98397386948577,131.6551653128626,34.67317782456059,76.80655232341101
145.50621943836612,102.36732510291792,35.21790101175106,81.08185203651325
151.40688449270598,131.22867423709977,33.69087433935061,78.95057298812027
145.1199267590295,102.32155817096972,34.95192454944039,81.41038541212839
150.2775557983287,127.79796029638513,34.73393266804656,78.55535948161007
143.89315980256353,100.97623913163227,35.8993711592107,80.80507927693611
150.3493318686486,129.79795635415758,35.60415253821002,77.03379525302806
143.72692371720848,105.19798707837137,35.23717246200093,80.25596586026455
151.17645481028435,132.16111275530568,34.29069549618604,76.48617050004827
143.61266829513747,99.19283423365894,35.22498544542513,75.96576495789252
148.53886240194893,119.97804801744219,34.460176005300774,73.52263383807994
143.16600348461978,101.33139769681587,35.774064387444405,74.81559497127594
148.4128859037085,123.98182477268949,34.254343395397306,73.44453131635485
143.02329424553292,99.64330007094422,35.38637095002975,76.81354010094893
148.43200312969066,124.27452054833988,34.53457417628213,74.07415136173378
143.19906333288384,124.01924112588503,32.495530903074474,77.17347630466595
149.38097560573192,127.04023531259843,30.41829025782998,77.62197359942152
144.20313549750995,98.0760883946595,31.676053871185562,79.72291300414705
148.02649335618693,119.44320942947051,31.228324684135558,78.91230832466172
142.67578444405427,97.68714587376456,31.6435810856714,81.67503434354433
148.0124850007551,121.85818584602568,31.116974291422547,80.01108168784046
141.20800453503915,97.23524723380196,30.909388782729962,83.18893904534454
147.0912593428077,124.9388573497371,31.604312577837412,77.5729060998512
139.80131048858678,98.06708373478114,31.459939465661545,81.27150475188228
139.7734169057219,118.67582795032874,30.932862346875943,80.6199304748398
133.99342632011127,97.69341839987021,30.28303898318504,84.03197323908695
142.46008056654333,127.1762366091948,32.22028064596061,75.75399322302565
129.89937411439465,95.43580647217122,30.6999374925187,81.49315046362554
136.44909194586046,118.64395141067364,29.97871666570768,79.14552513740196
125.54700253114544,92.98095583687179,29.676751543721696,81.96121660238848
124.45458991833016,105.92337624134096,29.215884897709188,81.26580793761516
118.6691770850471,91.12069494992866,30.109110657353924,81.20239496196808
126.35461137694871,120.71543811596005,28.979196472659595,77.5640332026592
113.91051699621855,98.47260386026213,31.87031110692267,78.26982500507069
115.21693761986394,102.84715056632204,31.707747188123086,84.41015782433513
109.28989498988648,106.4603034023339,35.372197171283574,86.47191138693054
104.91495555516644,97.9335236335574,35.36845780036718,88.96555156718374
102.79967076014196,96.86069376448498,34.35195803159048,93.23316145486474
105.73322862039262,100.67292904977941,35.092347632591824,95.05666890399021
98.37949851362174,101.22178910160147,36.064340889041326,93.8994787018804
93.90443254042692,76.82282427934982,33.93647753513799,98.35837331220402
93.65520581058543,65.87592914400138,30.664115145516774,103.68540447340385
94.38418957451238,101.25953462816383,29.887301689947584,99.36014907148517
93.38829411838574,101.93042367869735,29.432886270947805,98.57278452747076
83.052954012994,87.45438920571121,29.455947234294776,99.06940341545965
83.02810081528082,94.73806222844371,30.713253150404398,99.43170290832472
75.55097326000826,91.82069379934964,30.44945730422345,100.46186480008221
73.33685480440548,94.403455437551,30.78237542117853,100.13003836587308
76.91178507491477,106.59440285495546,33.66504471109255,97.05039916155734
63.51732133826408,94.35146869992899,32.43795427057558,100.18767280608293
63.30316940323015,97.29187807644323,33.105910565694174,100.42189340165676
60.93153954367855,97.63324900947086,33.256815033485125,100.01642125663265
93.38807741855237,99.29011889624721,37.5147369033664,93.82170885925491
102.00439509103336,95.46404407723966,37.51490490313096,93.82126726878487
112.11127076018155,91.25487072280816,37.51539077796935,93.82044264433488
142.69588221735663,96.4966013713224,38.72760325790631,91.72241263697927
145.10157218428677,100.02678400602827,38.72760323356139,91.7224120907731
154.46227713826747,96.35319730520244,38.72772233255802,91.72212665300825
156.68569562839699,99.28761384073988,38.72772230069376,91.72212617012916
159.09895371019147,103.69951258301488,38.72772228853303,91.72212591153132
161.30886433882915,108.99323165813902,38.72772229361726,91.72212539098274
171.60944553472336,105.18995358402864,38.72780387460719,91.72192914357362
170.1312791590564,107.19339603353295,38.72780465763362,91.72192548159504
168.3575154075351,109.76874450196308,38.72780556269951,91.72192148449307
138.25813683327294,115.95678398720196,39.36474935673165,90.80718914029706
149.4343150847078,114.33552672241318,39.36477551377402,90.8071342233109
159.02474930207353,111.52034808293844,39.364805745424384,90.80704792926232
165.2065638129218,101.2363718006186,39.36480987955064,90.80703021802309
164.58214275274742,107.55441187458965,39.36482084698344,90.80699266499069
170.56898436768432,95.20889020872428,39.36482383537132,90.80697306947529
166.8853404861462,99.24058982749136,39.36486401696566,90.80688922348169
166.56375315425157,104.13469358121958,39.36487201949242,90.80686302095688
165.71248230483533,110.08287168078914,39.364875943285206,90.80685100669326
164.9400780566407,97.05471612619598,39.36578192330941,90.80510242349676
164.79778929682774,101.90475253468031,39.36579062651193,90.80507423848611
163.5367378622077,108.61208347652978,39.36580258388673,90.80503752263385
162.97299391942113,95.11116576922001,39.366222903541924,90.80415878014891
162.7645049952465,100.10924768029511,39.366232763876944,90.80412113292545
162.10296082793116,105.6722028221594,39.36624091643219,90.80408822956795
163.98565376503188,111.10781569390393,39.366240908395845,90.80408784313457
163.5547415813646,98.26035198193247,39.36667486387667,90.80331366795639
162.92911210709897,102.7240048690565,39.36668366458836,90.80328164401351
161.76616605463414,109.29298979606351,39.366691188905854,90.80325219679881
176.60409858102665,77.80390173094564,42.52154894495873,85.99351786560877
171.3072725584132,80.3859372772975,42.521620744213955,85.99332616743631
171.52194690454257,83.46830065795322,42.5216809002409,85.99309678161315
171.95543651462927,86.75644226521294,42.52175721538394,85.99285717289816
166.46291605476134,91.9397864604446,42.521799432116914,85.99275928231275
166.23850608856486,96.52663969649126,42.5218120653727,85.99271118119113
165.5854889332178,101.71498020854246,42.521821824675264,85.99267143058725
163.0699420946368,106.7774390690123,42.521830487494036,85.99263831505529
158.84339389936721,105.14313228260761,42.52188389402437,85.99229761082607
160.95699446236273,109.45192527955234,42.52188375298819,85.99229679912656
160.8436378463288,95.21203166016679,42.522053856565606,85.9917564316965
160.5229316469631,99.18594744188945,42.52206109010156,85.99171692147382
159.18003255765038,103.91542142085879,42.522062531056086,85.99170374747071
158.02986323497578,110.06708836824771,42.52206386179953,85.99168501535154
173.4091705683892,78.90905182652303,44.817949774806735,82.1300923883517
167.727802034149,81.08727646210609,44.81801403750098,82.12988195919607
168.27407049543308,84.02551290350698,44.81808389784602,82.1295644528286
162.1060115523366,88.55103067671908,44.81811264982265,82.12945416122618
162.7980334641926,91.87869355434422,44.8181197914198,82.12938181631526
163.6561603617852,95.51722519506606,44.81812952887316,82.12932945253515
158.7337637995734,99.34328921940181,44.81814745340659,82.12927335668347
157.8224551949059,103.86641068472687,44.81814915847677,82.12924739075505
157.41597138201382,108.64643794414474,44.81814912621801,82.12922953116005
156.9501060723808,94.30421913183181,44.818227557182965,82.12893281130346
156.78555002714657,97.96959850016401,44.81823134982661,82.12890832756875
156.3019321894725,102.87123645444058,44.8182341421982,82.12887987079786
156.0990541124664,106.88610142758412,44.81823522337826,82.12885783314113
165.11113063122744,103.84326372502196,44.818257829777124,82.1287311600184
162.4602925283585,102.4548205084304,44.81827969667832,82.12851273861777
138.34544340550394,128.43755819527797,45.454395789067135,80.56325632854568
143.96986200167535,118.72783498029709,45.45439416038398,80.56324627657384
150.023712495707,108.05097199854627,45.45439352022108,80.56323917733133
158.8819160837693,104.98527106748439,45.45440937876441,80.56311313875929
158.1605590983899,110.34713709518226,45.45440794310536,80.56309972655204
151.35943985223818,100.52071872027958,45.45441445603871,80.5630815569238
153.32927186880042,104.0862322133019,45.45441430993817,80.56308131572169
155.79124749966434,107.12053003681977,45.454414197197124,80.56308107807925
155.55645155860782,92.92906855434788,45.45445335375666,80.56292642156308
156.10241590587057,96.12180058653725,45.45445600230978,80.56289650788014
155.80919816425907,99.8610171073688,45.45445670398139,80.56288324694825
154.95585920919194,104.11592952222287,45.45445622361272,80.56286791125866
157.44901472287646,107.02279734253742,45.45445615510604,80.56286775570648
156.9542595706455,93.33740606125923,45.45448340111534,80.56270915615345
157.45273295121,97.11367446498915,45.45448905449891,80.56267927236918
156.74388427480724,100.29263521318313,45.4544888584382,80.56266983957983
156.41675390513268,104.11355986978793,45.45448878359743,80.56265430856628
155.47241318461954,107.15952994532682,45.454487501578356,80.56264073219552
164.65181015467846,103.97479863884112,45.45450398626517,80.56254310346772
134.3228537633703,109.97361342005954,46.49384453377414,78.51641347999572
143.72241167145535,107.01945611774346,46.49386583308252,78.51628654104876
152.82984631583733,103.74649110377516,46.49387271924532,78.51620226005593
155.20786833522408,106.82490158663727,46.493872591452,78.51620206841008
160.92587481687582,95.09837987185915,46.49386808151766,78.51619106986571
155.78228422308504,98.99412927784677,46.49387790526868,78.51613036061266
155.17308497135298,102.86448835058562,46.49387354618399,78.51609815492378
157.7183328566715,105.4629551276584,46.493873361942185,78.51609787027895
128.08052486733772,106.10284232291895,47.33400350076602,77.1008649358612
137.01224688002014,103.36935115996799,47.33400857208083,77.10079384837198
166.8990351654922,99.55342067487211,48.17806200601957,75.39064908888845
142.9269966235457,127.87749981626989,48.85966502985394,73.28425029705969
147.1356859105282,117.1618612220322,48.85964962269804,73.284209202454
152.81200538948792,106.41509369748215,48.85964795573315,73.28420634872208
161.50667384150967,103.63210548702824,48.859631425224855,73.28413986954445
159.5091534912313,105.6225387336398,48.85963027855256,73.28413146386099
156.1586660416644,104.99460079050439,48.85955728034755,73.28385042874508
152.35721469482033,109.1752275363419,48.85955899213259,73.28379250134012
174.8525789754457,80.3946029567027,48.9684207323955,71.73473587448571
169.251698918322,81.42972306154483,48.968426276635554,71.73467274304849
163.7101331888058,83.59113240591839,48.968422130809564,71.73459460911096
163.9105285252165,86.64445730416702,48.96840802306309,71.73448072417374
164.7202985308544,89.52636037739862,48.96839892800132,71.73438936805478
159.29131295019363,92.43598802901839,48.96840271261388,71.73434602465412
160.08067672335258,95.58936910254761,48.96838751046556,71.73428506091477
161.04284359151083,98.5034389696519,48.96838007477009,71.73425411424282
155.05116533182678,102.54805469314627,48.96839442342289,71.73420456727848
154.4871458923754,107.44759094729575,48.96839239255846,71.73419383418704
163.42104013942793,104.46464842472386,48.96836741774051,71.7340706929905
134.27982670341282,104.59010512410528,49.630963204565646,70.55518396420675
163.64013805715985,101.12769662867912,50.120267102296225,69.41407154221727
161.01035777959348,103.2305610779922,50.120264688221205,69.41404542526836
137.73569952687964,129.94165577752128,50.27885319682269,68.57508509115159
142.90574161574858,120.29950647415893,50.27884928031527,68.57508003271515
148.67957303521504,110.88519981974326,50.278848222693405,68.57507815294787
155.02479129667472,100.45657316831071,50.27884234094834,68.57507170544677
