192.6532,430.3137,83.4136,86.4276
193.3187,416.4483,84.9925,93.8485
213.2867,408.0493,67.0866,107.9014
208.3137,416.8819,75.0426,103.8961
197.7157,425.4806,89.1887,83.4038
197.4335,436.6248,78.9081,64.7903
210.9221,435.9114,80.5458,50.2471
212.8323,423.5634,87.8154,56.8282
197.8874,397.6573,91.7101,67.9854
199.2561,345.8164,77.1879,111.3771
213.0441,331.2107,61.3318,119.9635
216.8073,325.7850,66.0555,113.5650
220.1783,322.4934,61.0483,111.6482
222.9658,299.5758,62.3183,131.5084
214.1606,308.6322,82.9588,104.6656
214.7516,319.4488,99.6617,91.2924
220.6183,350.9764,96.8533,47.9672
227.5551,356.1037,96.0898,43.4026
237.4358,338.8728,95.6484,72.3344
239.7114,319.6905,85.8072,79.6141
253.3999,316.9466,79.4551,79.0868
227.8235,289.9540,106.9030,56.5819
222.0452,262.0260,108.1647,71.7531
212.7583,234.2494,89.7534,85.4713
241.5849,206.1552,71.3702,120.6996
249.2264,206.2339,63.6473,118.1672
253.7309,202.7445,64.7182,116.7059
247.6510,200.9760,69.7729,122.4080
254.2561,200.0898,66.0077,124.3804
258.1585,207.6839,68.9279,112.4823
260.1580,205.6431,71.9241,115.0689
264.4466,212.2227,70.2918,106.2646
266.1803,208.2950,73.2694,111.6349
264.1101,213.7579,82.8198,108.0942
260.5934,226.2358,87.6932,97.4534
251.5458,230.3256,94.2284,91.7389
249.3468,235.5245,92.9364,88.2411
243.5156,238.3376,81.8488,80.4297
251.4377,249.9056,77.7595,72.4788
264.9121,266.0349,85.7758,63.0751
268.8676,273.3432,114.2547,55.5686
276.2145,264.6984,104.9759,74.8933
296.9039,256.6625,95.6172,88.1050
294.1438,250.2392,88.8124,95.7217
285.3305,223.0475,116.8639,89.9649
280.2407,201.4728,123.7136,92.8445
272.4395,168.2818,116.0260,107.1263
270.6290,134.9498,107.3771,106.9953
324.9211,126.6775,52.2177,121.9649
335.2787,126.9678,47.1026,116.8194
332.8623,125.7488,62.8754,115.4975
328.1663,159.9967,79.0025,72.7466
354.0404,151.1303,77.2691,68.0143
345.6344,168.2020,83.2462,67.4609
330.7194,174.8472,83.2813,84.3656
348.6099,155.3380,73.7201,91.1040
356.8466,131.9083,75.5069,100.5184
320.0310,121.2740,134.4180,71.8770
308.7517,71.6705,148.4215,88.5890
331.6827,37.3603,100.2945,97.3095
351.0945,81.7307,48.9161,66.1687
358.9975,81.4431,40.1199,63.1838
353.0000,82.0000,48.0000,63.0000
354.1103,80.6421,46.2795,62.0058
352.1671,81.5008,47.2758,64.1784
348.0901,81.3726,48.0099,63.5448
348.1652,81.2248,49.5296,60.2405
345.5463,80.6424,51.8575,61.1252
346.4181,81.1867,48.7688,64.1117
345.0236,81.6028,50.0278,65.7844
343.6915,81.4139,52.4071,67.2022
339.5236,76.6519,59.1978,77.6113
335.4026,79.9678,59.4048,82.6744
336.2374,80.4284,59.8752,86.0231
336.4555,80.3433,64.3989,87.2483
332.3546,81.6485,66.6309,92.9031
330.1746,81.2409,71.5108,89.7782
327.5963,81.0246,79.4174,88.1007
330.2072,80.6836,87.4557,88.0878
328.0473,81.1909,95.6954,93.0482
325.9614,85.2606,102.9572,91.6389
322.4665,91.2308,100.4070,87.3384
325.2173,96.6669,109.6005,80.3711
322.9371,98.9877,107.0959,79.6747
312.0589,95.3520,90.2623,79.9809
311.0054,98.9737,72.8942,70.1027
314.8809,111.1998,69.8283,60.4153
320.0494,120.5408,82.8711,56.3484
325.8904,126.9037,85.4742,49.4326
323.3024,130.1513,99.4251,43.9325
321.3740,131.7247,107.9521,44.7006
329.8079,123.6786,88.5441,55.3677
329.5142,125.3592,101.6766,58.2166
333.5252,118.8368,99.6445,66.4413
355.1908,121.2346,89.6284,72.4908
357.5488,120.1241,86.8374,71.3967
363.2425,117.2473,79.1550,67.6104
353.1959,110.1125,86.6132,62.2300
346.9484,106.5114,94.8182,60.3771
337.9176,102.6230,98.7548,53.9539
340.8512,99.2765,97.6576,48.4620
345.2810,95.6603,89.9831,45.7794
351.0184,90.9010,92.7882,51.9179
349.7284,86.6486,73.1981,54.5928
351.2247,84.7088,76.5656,59.1124
354.3320,81.3669,83.0310,61.6562
362.2643,77.2190,69.7114,66.6069
363.1913,81.8915,61.0274,66.1321
362.6213,81.2328,55.4175,68.7495
361.6867,81.1432,54.8116,72.5636
360.2457,81.0103,53.3685,75.9694
360.1019,81.9178,54.4362,80.1045
360.3314,81.4625,52.0073,82.7201
358.9532,82.2226,51.1336,85.9549
358.1015,81.9657,51.3421,86.0586
358.1349,82.5069,51.9102,89.5512
357.3560,82.2879,54.9880,94.8541
355.6317,81.7016,56.0215,99.7668
353.6298,81.9969,61.6704,104.5712
355.1573,81.5233,60.0403,110.2634
356.6078,92.8773,62.3144,101.2604
351.9559,93.1410,72.3983,101.6280
349.8454,99.5094,77.7342,100.9612
347.2367,101.0221,85.3316,102.9457
344.3480,109.7835,88.8891,98.0929
343.8948,113.8154,91.6304,94.2192
337.8535,117.3439,99.2230,99.9321
337.6138,125.5140,97.5824,97.0019
335.0157,136.0645,91.4235,90.8660
333.7155,138.0286,81.7389,88.1528
334.2259,141.5376,79.0681,88.7848
332.1092,142.3665,76.8267,90.2071
340.8941,163.2012,62.2319,74.6376
345.5072,181.4821,70.8456,67.4359
353.7639,194.0663,81.5523,63.4573
367.6525,198.0828,82.4600,76.7294
364.8087,176.8370,85.7826,90.1460
381.7191,139.3405,57.7468,114.6089
393.2628,138.7217,53.7944,129.7366
399.9922,156.6694,49.8456,118.0662
402.9673,147.4515,45.5254,132.4370
408.6431,164.1292,45.5039,129.8416
405.0884,172.9252,53.9732,129.0395
401.2385,188.6761,65.8131,121.5477
400.3202,208.7408,76.5747,106.9983
394.2252,214.3878,85.9746,106.0443
399.0959,218.4132,83.5182,106.6237
397.1738,219.8565,82.4624,108.3221
401.4299,214.6382,79.2801,121.7486
405.2758,217.8245,71.6985,117.4061
408.7147,220.4233,68.0306,115.3384
