1
712.4020,230.1924,20.9202,24.6152
714.7229,232.2266,21.2939,23.4127
723.0519,241.3276,20.8244,23.5108
717.6940,232.3974,21.0721,23.2265
725.9578,241.4157,20.5850,23.3226
734.1159,249.3715,20.1646,23.3067
741.7773,257.9313,19.8928,23.2908
720.7534,232.2499,20.4895,22.3298
728.7476,241.3194,20.0068,22.3931
721.6147,231.7674,20.2561,22.1411
729.5159,240.4378,19.8063,22.1555
737.6675,248.3804,19.3563,22.1236
745.5814,256.5584,19.1973,22.0892
751.4469,261.1873,19.1625,21.9282
759.8597,269.6430,19.1518,21.8320
767.3817,278.9385,18.9444,21.9480
774.8278,286.2045,18.8537,22.2174
782.3958,294.3318,18.5814,22.1189
789.8327,302.7296,18.4354,21.9724
797.1826,310.4164,18.3576,21.8563
804.5587,318.0559,18.1572,21.7618
796.1812,309.9616,17.9562,22.2503
796.1076,319.9147,18.1034,21.9445
796.0149,310.0520,18.2888,21.5115
788.3361,317.1744,17.9898,21.6707
795.5319,309.2935,17.9479,21.8350
787.8375,316.4320,17.6928,21.9503
787.7502,306.9979,17.8674,21.4932
782.8060,316.2434,17.8487,21.5778
782.7565,306.5202,17.9479,21.1781
775.2384,313.7781,17.5932,21.4375
775.1708,304.4948,17.7283,20.9729
774.8318,314.0713,17.7973,20.6967
767.0916,306.5454,17.5277,21.2098
767.0347,316.1585,17.6416,20.8736
759.8952,309.6199,17.3764,21.2246
750.5308,310.8814,17.2840,21.1302
759.8957,311.0504,17.2840,21.3964
750.4246,311.3646,17.3697,21.3762
740.7101,309.8023,17.2992,21.4542
730.8541,309.5836,17.5100,21.8916
740.4575,308.6106,17.5089,21.9790
730.7291,308.8954,17.7191,22.0301
720.9951,308.7671,17.8106,22.2867
711.2150,309.1387,17.8261,22.1741
720.9185,308.9490,17.9179,22.5533
720.8368,318.9484,18.0814,22.2798
728.1185,310.8931,18.1172,22.5217
737.6201,310.7106,18.2852,22.8867
747.2343,310.1811,18.4777,23.2984
754.8166,317.9566,18.4194,22.8536
754.6932,307.5424,18.6662,22.2641
762.1789,315.4116,18.5056,21.9803
772.0381,315.6938,18.5337,22.0528
779.3937,308.0485,18.5095,22.0182
779.4389,318.9949,18.4190,21.8048
784.5613,309.4817,18.3004,21.8447
784.5480,319.6873,18.3268,21.6444
791.8398,311.6508,18.2086,21.9942
796.5776,321.4025,18.2193,22.0956
803.5958,313.0097,18.1340,22.3934
803.5208,323.0148,18.2840,22.1409
808.2710,313.5338,18.3220,22.0262
808.2331,323.4779,18.3978,21.8148
812.9689,314.0367,18.4166,21.7163
812.9693,323.9204,18.4158,21.5247
812.9288,314.3982,18.4968,21.0854
812.9705,324.1150,18.4133,20.9650
817.6672,314.8381,18.3172,20.9247
817.6962,324.7936,18.2590,20.7782
817.6946,315.4520,18.2622,20.4139
817.7582,325.2381,18.1352,20.3244
812.9680,315.8612,18.0289,20.3102
813.0094,325.5713,17.9461,20.2021
813.0139,316.1364,17.9369,19.8560
813.0743,325.6712,17.8162,19.8254
813.0705,316.3591,17.8238,19.4875
805.9465,323.2510,17.3860,19.8020
812.7119,316.2357,17.3177,19.7846
805.2847,323.1393,16.9891,19.9928
800.6026,313.4648,17.0426,20.1385
800.5651,322.6252,17.1176,19.9534
791.2453,322.5219,17.0894,20.1602
786.5797,313.0375,17.0428,20.3734
786.5953,322.5883,17.0118,20.1086
777.6203,322.7228,16.8557,20.4235
777.5733,312.7118,16.9497,19.9216
772.9343,321.9621,16.9449,19.9867
763.6564,321.8200,16.9052,20.2708
756.7051,314.6126,16.7715,20.6492
756.6141,323.8356,16.9533,20.4471
747.5480,323.0917,16.8472,20.1698
737.6627,322.7784,16.8176,20.2140
730.1628,315.2409,16.6706,20.7251
729.8060,324.4963,16.7964,20.4436
722.6013,317.2252,16.5618,20.9277
731.3367,317.0256,16.7727,21.3269
738.2634,323.8215,16.6944,20.9113
747.0724,323.8479,16.8148,20.8586
756.1982,324.1864,16.9286,20.7740
765.3590,324.4334,16.9890,20.8730
772.2354,317.2566,16.9320,20.9354
772.1985,326.8877,17.0058,20.7293
779.0525,319.3814,16.9489,20.9037
785.9876,326.6501,16.7703,20.6533
794.7809,326.5418,16.8404,20.8698
799.1802,317.3601,16.9370,20.8497
799.1019,327.0164,17.0935,20.5538
805.9771,319.2086,16.9648,20.7710
805.9080,328.5543,17.1031,20.4784
810.3600,319.7226,17.0676,20.4048
810.3207,329.0129,17.1461,20.0995
817.1334,321.9925,17.0007,20.0743
817.1148,331.2166,17.0378,19.7101
823.8408,323.8407,16.8874,20.0038
823.5070,332.9816,16.9746,19.7158
827.8751,323.9692,16.8993,19.8414
827.5862,333.0290,16.8990,19.6437
827.5630,323.9669,16.9453,19.3657
827.2056,332.7285,17.0886,18.9879
826.9317,323.4972,17.0685,18.7085
826.5701,332.3401,17.2285,18.4842
826.3513,322.8900,17.1037,18.2655
819.8366,329.2204,16.7671,18.4139
819.8403,319.9758,16.7596,18.0712
819.9566,328.7792,16.5270,18.0137
811.3432,328.1297,16.3515,18.2251
811.3258,319.5438,16.3863,17.9789
811.3238,328.0574,16.3903,17.7240
803.1279,327.3384,16.1312,18.0877
807.2529,318.9227,15.9609,18.2205
800.6771,325.0166,15.6627,18.4067
791.8319,324.8697,15.6621,18.7004
798.1781,331.5030,15.4038,18.4086
790.7979,324.4648,15.2696,18.6542
781.0500,324.6534,15.0232,18.8106
772.5933,323.4773,14.9134,19.0349
764.0761,323.1042,14.8716,19.2476
755.8804,323.1407,14.6406,19.7107
755.8052,314.6843,14.7911,19.3597
749.3862,320.8563,14.7506,19.3577
740.9639,320.8495,14.9818,19.3713
732.5097,321.1350,15.1538,19.3401
722.8646,320.7353,14.9245,19.5973
730.9366,320.7319,15.0524,19.6042
739.4089,320.6957,14.9903,19.6766
747.8330,320.6808,15.0275,19.7063
756.3210,320.5810,14.9695,19.9059
764.7358,321.0478,15.1229,20.0680
773.1628,320.9137,15.4064,20.3363
779.6191,327.8054,15.4092,20.0297
785.9913,321.0559,15.4736,20.1628
792.4504,327.8752,15.4352,19.9640
800.7131,327.8126,15.5995,20.0892
793.7395,320.6505,15.5239,20.3906
800.2471,327.6143,15.4872,20.0058
808.5190,327.5546,15.6777,20.1252
816.8844,327.4874,15.8290,20.2596
816.8673,336.3846,15.8632,20.0499
816.8167,327.8112,15.9645,19.6941
823.3453,334.6856,15.8052,19.4041
823.3098,326.2608,15.8763,19.0874
829.7185,332.9691,15.7094,18.8717
833.7938,324.5362,15.7191,18.8729
833.7530,333.1012,15.8007,18.6128
840.0300,326.4912,15.7011,18.8369
833.0461,332.9437,15.5419,18.9723
841.1688,332.8646,15.5822,19.1304
832.3922,332.7627,15.6654,19.3342
840.5783,332.4057,15.8056,19.4978
831.9181,332.3165,15.9149,19.6763
840.2609,332.1992,16.0206,19.9109
831.1620,332.1568,16.1376,19.9957
822.0276,332.1431,16.2235,20.0231
830.5133,332.1193,16.3530,20.0706
821.3031,332.0247,16.4421,20.2597
812.2993,331.9300,16.5567,20.4492
820.9556,331.8452,16.7029,20.6187
811.8027,331.8036,16.8138,20.7019
804.4277,324.3088,16.8135,20.9414
804.3911,333.9293,16.8869,20.6982
796.7641,326.3246,16.7713,21.1292
789.3763,333.4382,16.6502,21.2030
789.2421,324.4260,16.9187,20.7812
781.4409,331.0859,16.5122,21.0986
771.8904,330.7301,16.6949,21.2190
763.8018,323.3783,16.7799,21.6185
763.7343,333.1787,16.9150,21.3296
756.3342,325.4552,16.6834,21.7448
746.5923,325.7715,16.8438,21.7161
737.0768,325.4153,17.0880,21.8224
727.4824,325.3789,17.3163,21.8953
736.6425,325.1981,17.4896,22.2568
746.0504,324.9887,17.4180,22.6757
755.7066,324.9748,17.6366,22.7035
762.6315,316.7643,17.7352,22.6397
762.5616,327.0940,17.8750,22.2894
769.8818,318.6749,17.7604,22.7072
769.8210,328.7236,17.8822,22.3286
777.0945,320.7032,17.8774,22.5626
784.4789,328.5164,17.7315,22.1950
784.4014,318.6872,17.8864,21.7644
789.0811,328.3473,17.8822,21.7781
798.3862,328.2128,17.9865,22.0470
788.2743,328.1305,18.0619,22.2116
797.7110,327.9966,18.1902,22.4795
807.2155,327.5819,18.3684,22.6692
796.8688,327.1335,18.4098,22.9207
806.5482,326.8013,18.5483,22.9351
796.1243,326.6872,18.5203,23.1635
805.8972,326.5895,18.6371,23.3587
797.7192,334.4866,18.4853,23.4119
805.2488,326.1719,18.5752,23.5748
810.1547,336.5045,18.7026,23.4507
804.7443,325.9160,18.9191,23.4186
809.6911,336.2593,19.0124,23.3717
809.6494,325.7930,19.0957,22.9737
801.4911,333.3679,18.8672,23.0454
806.3923,323.1203,18.9531,23.1047
801.0761,333.3892,19.0012,23.0741
801.0331,323.3495,19.0871,22.6368
795.7927,333.1401,19.0645,22.7500
795.7455,323.1369,19.1587,22.3627
795.7559,333.3740,19.1379,22.1437
795.7269,323.1411,19.1959,21.8200
787.8125,330.4549,18.8851,22.0409
792.6580,320.3781,18.8546,22.2299
784.7097,327.7068,18.5898,22.4407
784.6350,317.5875,18.7391,22.0255
779.5319,327.1375,18.6823,22.1687
774.3854,316.7946,18.6914,22.2868
774.3483,326.9071,18.7657,22.0477
765.8179,318.8612,18.4868,22.7264
765.7312,329.0727,18.6602,22.3966
757.0464,321.1109,18.5906,22.8187
757.0051,331.3374,18.6733,22.5549
751.7719,320.8781,18.7630,22.7203
741.2958,321.0707,18.8339,22.9875
733.2553,328.8322,18.4701,23.2516
733.2360,318.1494,18.5087,22.9706
723.0531,318.0217,18.6542,23.2260
732.8346,317.8728,18.8476,23.5237
722.3514,317.8434,19.1602,23.5825
732.7454,317.7826,19.2107,23.7042
722.1856,317.2834,19.4085,24.0278
732.7122,317.1711,19.5306,24.2523
742.9418,317.0575,19.7259,24.4796
732.0715,316.9330,19.9171,24.7286
742.5353,316.7278,20.0514,25.1390
753.0704,316.1836,20.2972,25.5168
741.4417,316.0151,20.5047,25.8539
752.5823,315.5312,20.8174,26.0928
743.4735,323.9811,20.5956,26.1571
751.9781,314.2450,20.4906,26.5204
751.8177,325.9226,20.8114,26.0681
751.7541,314.3211,20.9386,25.6841
760.2617,323.3067,20.7884,25.3112
751.2872,313.9553,20.6100,25.8865
759.7675,322.9455,20.4635,25.4512
759.7428,311.5748,20.5128,25.0887
759.7253,322.8415,20.5476,24.7892
768.0629,313.6740,20.2757,25.2948
767.9810,324.9785,20.4397,24.8989
767.9843,314.0563,20.4329,24.6364
773.3623,325.0087,20.3117,24.7099
767.6214,313.6706,20.4631,24.7252
773.0027,324.6499,20.3630,24.8024
767.2372,313.2280,20.5273,24.9131
767.1805,324.4669,20.6407,24.5931
772.5226,313.4261,20.6316,24.6131
772.4746,324.6026,20.7276,24.3267
772.4057,313.4303,20.8654,23.9848
766.7725,324.0744,20.8378,23.8729
772.0670,313.0346,20.8044,24.1379
772.0583,324.0970,20.8217,23.9381
772.0641,313.3679,20.8101,23.5584
772.0498,324.2770,20.8387,23.3899
772.0823,313.6027,20.7737,23.1557
772.1462,324.3670,20.6460,23.0649
772.1480,313.5003,20.6423,22.7793
777.3751,324.0078,20.4421,22.9557
777.4047,313.2306,20.3829,22.6496
772.0794,323.6154,20.1944,22.8806
777.2191,312.9966,20.0853,23.0997
777.2249,323.6306,20.0737,22.9012
777.2252,312.9722,20.0730,22.5731
777.2866,323.4284,19.9502,22.4712
777.2907,312.8972,19.9420,22.1653
777.3500,323.2635,19.8236,21.9817
777.3279,312.8893,19.8676,21.6701
777.4271,323.0927,19.6692,21.5366
777.4801,312.8215,19.5633,21.3192
777.5640,322.8516,19.3955,21.2128
777.5831,312.7121,19.3573,21.0329
777.6673,322.6080,19.1888,20.9549
777.6842,312.5934,19.1550,20.7592
777.7337,322.7281,19.0561,20.6000
777.7635,312.8474,18.9965,20.3810
777.7933,322.5376,18.9370,20.2212
777.8510,313.0530,18.8214,20.0763
777.9471,322.5425,18.6292,20.0843
778.0087,312.8854,18.5062,19.8928
778.0755,322.3235,18.3725,19.7596
778.1046,312.5314,18.3142,19.5304
778.1573,321.7645,18.2089,19.5372
778.1852,312.3525,18.1530,19.3424
778.2325,321.6572,18.0585,19.0356
778.2343,312.1871,18.0549,18.7002
778.2870,321.1550,17.9495,18.7072
778.3194,311.7341,17.8847,18.5000
778.4200,320.5750,17.6835,18.5803
782.8043,311.8913,17.4806,18.8164
778.3059,320.3646,17.3331,19.0150
782.6542,311.3697,17.2204,19.2650
782.7087,320.3507,17.1113,19.1075
775.1084,313.0060,16.9177,19.5430
781.8032,319.9798,16.7259,19.3670
774.8358,312.9836,16.4603,19.7272
781.4995,319.8845,16.2267,19.5886
773.9364,312.9492,16.1412,19.9375
780.5208,319.8832,16.0223,19.6866
773.5206,312.7406,15.9826,19.9317
780.0540,319.6363,15.9044,19.6937
773.3577,312.4810,15.8617,20.0092
779.8600,319.4186,15.8279,19.6688
770.8602,319.3819,15.9656,19.7421
779.2095,319.3381,16.1131,19.8297
770.1230,319.2740,16.1974,19.9580
778.5928,319.1807,16.3161,20.1446
769.3818,319.0697,16.3895,20.3667
778.0027,318.9991,16.4874,20.5079
768.7234,318.8847,16.4302,20.7366
768.6697,328.3616,16.5376,20.4812
768.5565,319.2237,16.7642,20.1282
759.5463,318.8138,16.7927,20.3678
766.3129,325.9414,16.7037,20.1410
759.3557,318.0450,16.7076,20.2847
754.6580,327.0326,16.7932,20.3477
754.6128,317.8244,16.8835,20.0688
754.5991,326.9315,16.9109,19.8775
749.9811,317.5756,16.8847,20.0653
750.0145,326.6546,16.8180,19.9293
745.3845,317.3210,16.8272,20.0948
745.3672,326.4442,16.8617,19.8555
