1
34.0177,62.1984,68.1744,83.3434
38.6655,68.7729,66.4095,80.8522
44.9200,79.1323,66.4661,73.5579
54.0993,83.3290,67.0054,68.7433
65.0669,84.7927,64.4257,67.0503
76.7393,89.3872,63.1671,66.2924
85.6889,91.9380,62.3611,63.9889
95.9727,95.3864,60.8776,64.5214
105.4325,100.6414,59.6663,64.1558
116.5586,102.3178,58.9008,62.9955
125.1564,102.1503,57.9134,63.3969
132.8543,101.4694,57.4207,63.9803
136.3353,98.0641,58.0821,63.5229
139.7395,94.5726,58.8315,63.1124
143.6683,91.3634,59.8052,62.4620
151.0347,88.3522,59.0669,62.1080
156.6599,85.3266,58.6647,61.8539
168.2027,84.2648,58.9070,59.8409
180.2551,82.2474,58.4832,58.1920
195.0108,82.9387,57.1865,56.5532
214.3581,82.5167,56.4773,55.2718
228.5403,88.7532,55.2327,54.8483
247.9539,85.8751,55.3385,55.0287
264.1799,81.8769,54.1600,54.4279
276.9322,81.5129,53.0981,53.5643
288.6687,79.8642,52.4444,53.3302
296.2857,78.4030,51.4079,53.5827
298.7683,77.9069,52.6526,53.5905
298.8479,75.6916,53.2728,54.2752
295.3459,76.1907,52.9925,54.6902
290.3127,79.3300,52.5357,53.7399
275.3660,81.5788,50.9066,52.9920
256.1226,76.9393,50.5167,52.1640
246.2913,79.0647,49.3095,50.1713
240.3324,93.5115,49.3678,49.0160
211.1516,75.4213,49.1153,46.6851
205.0220,86.2467,48.2574,45.8937
198.2480,100.1842,45.8090,45.8647
181.8132,90.8044,45.7529,43.8520
175.5146,112.7092,46.0249,43.3789
161.9830,116.3050,46.7073,42.3486
154.4139,119.2148,46.9172,41.5549
146.6523,121.4491,46.6378,41.0434
142.8351,127.4627,46.3825,40.6825
127.9609,98.7162,44.1218,41.8343
129.0199,104.0066,43.0272,42.3281
130.7265,120.4520,43.4777,43.3312
115.9921,98.2146,42.1370,44.0148
116.0584,104.6264,41.0255,44.6681
120.7043,116.8940,42.0623,43.7897
120.2104,131.1277,43.8444,41.0274
125.5369,155.1834,44.2514,40.1900
126.4556,178.1831,43.6568,40.6363
2
0
0
0
0
1
261.8004,88.1373,60.9204,69.0868
275.7195,88.7294,61.1059,66.3091
292.9824,77.5315,56.2099,70.2808
303.0464,73.0070,55.2610,70.3174
310.4937,71.8737,57.7296,67.6701
313.5685,68.7275,58.4845,67.0229
315.0504,66.8649,59.0029,67.3542
310.4384,73.6999,62.5800,64.9731
301.6313,77.9040,63.4090,62.6919
285.7715,91.3723,63.2510,61.7271
269.3809,103.2478,63.1232,60.8999
245.3921,92.9251,63.1495,60.7414
226.8407,100.9372,63.0979,59.3760
231.5922,148.8707,61.9019,58.5895
185.4082,86.9900,63.5791,54.4801
166.9173,113.1295,62.2066,54.4455
162.6245,110.7884,62.2035,54.4455
96.3610,100.4638,60.9419,56.2820
82.4862,105.5795,60.8142,56.1007
77.3268,104.4403,60.8181,56.0903
71.3389,106.3647,60.8066,56.0857
73.7254,110.5017,60.8056,56.0848
69.5908,111.8771,60.7934,56.0800
2
0
0
0
0
1
0.7221,86.3208,66.5715,90.0045
0.0205,89.1797,68.2590,85.3236
-0.0150,92.0616,69.7794,81.5539
2.1677,92.2308,70.4903,79.6245
5.1553,98.2526,70.8212,79.0788
9.5004,95.8566,71.2536,78.2170
7.4390,95.2993,71.2400,77.9521
15.7873,93.3214,71.2250,77.8705
16.0883,92.9673,71.2256,77.8660
15.1013,92.7502,71.2303,77.8608
10.3240,91.7255,71.2310,77.8600
4.4574,90.8765,71.2311,77.8599
2
0
0
0
0
1
227.5779,109.7455,62.4010,43.8943
255.3742,111.2409,58.7254,44.1757
281.9717,110.7312,56.1732,44.0713
307.4711,110.4379,53.9888,44.0043
327.6288,109.7950,52.2636,43.1276
345.6166,107.1465,51.2628,43.1307
359.4502,102.8685,49.4251,42.6510
366.4704,97.5167,48.3917,41.7203
367.5064,92.8508,47.7170,40.8888
364.2173,90.2691,48.0359,39.9159
352.5914,86.0049,46.8914,39.7014
340.6272,81.5818,45.1551,39.3477
326.1738,77.2796,43.5377,38.0797
306.9382,85.1277,44.3258,33.9145
292.5798,85.8210,44.3961,33.0997
278.0858,86.9678,44.3083,32.5746
271.5740,123.3616,47.3077,30.3768
270.7106,134.3237,46.1499,30.7538
264.6486,144.9506,45.6108,30.8328
256.6797,160.8298,44.6653,30.5302
257.5734,161.5172,44.6655,30.5288
258.2347,162.0995,44.6668,30.5271
255.3589,162.2954,44.6668,30.5271
255.6103,164.8692,44.6668,30.5271
2
0
0
0
0
1
188.8995,92.3171,87.5268,77.8428
210.3205,96.4776,86.3087,74.7443
223.2630,97.5551,86.8425,72.7164
233.3999,115.3861,86.4413,72.3168
242.5894,110.4280,86.0213,72.2753
243.9321,104.8602,85.9154,72.2174
245.2687,100.1398,85.1160,72.2206
241.9722,104.3338,83.2702,72.1080
236.4739,109.7308,81.0275,71.6929
232.8747,116.3833,79.6361,71.8491
226.7468,112.6888,78.6093,71.8839
220.8655,108.6876,77.9057,72.1625
216.6333,96.9542,76.3179,70.5104
218.5944,93.3344,74.6425,70.2872
227.6080,91.7859,73.6583,69.9336
238.7429,97.7588,73.5458,69.5810
248.7641,93.9467,73.5455,69.5806
274.8065,86.9664,73.2554,69.4261
289.6930,86.6684,71.4228,69.7327
300.7571,78.3851,69.6393,70.5027
304.0859,83.0022,69.1201,69.6034
307.5704,67.7407,68.7755,68.7101
309.1721,66.9349,67.7778,67.4865
306.0075,68.8672,67.5405,65.3694
302.5496,72.1855,67.2569,64.9818
298.1183,82.6862,67.0309,64.5600
290.4072,93.3093,67.1769,66.9979
280.8560,103.1770,68.7348,67.8836
272.5787,112.0177,69.5132,67.0329
271.0461,111.1504,68.6036,66.5098
266.1021,112.1972,69.4176,64.4513
253.5720,111.6606,72.8694,62.2192
239.4027,95.6361,75.1342,62.2295
228.3527,94.8056,76.7197,61.0754
215.8388,89.8271,77.9606,59.8463
204.1404,91.6032,78.9389,59.2287
208.0834,86.3313,80.7496,60.0018
214.4319,79.3765,81.0855,61.7804
210.0372,83.6265,81.9365,62.4815
191.0316,87.0876,81.4532,64.0776
171.4184,91.6725,82.5783,66.0806
155.7511,106.0926,85.4526,65.3047
153.6659,107.3451,86.4469,66.0884
160.0189,108.1677,86.0535,65.8758
166.6672,106.1245,85.4286,65.3306
168.9321,102.5410,84.7153,65.0557
171.0383,101.1101,82.7081,65.1158
183.8443,100.5306,81.1168,63.6752
190.6863,103.5813,83.3678,58.3868
196.3815,100.2388,80.5392,58.9030
197.1900,97.0333,78.7476,59.4255
202.7710,93.0980,76.1120,59.9151
212.2399,90.4254,73.7964,60.6184
216.7921,87.0619,72.4085,61.8618
214.6655,77.9324,72.0591,61.4284
218.2542,78.3030,70.2316,62.3528
221.3105,78.8244,69.1495,63.1118
223.7559,79.6042,70.0269,63.5676
223.7967,83.3094,69.8744,62.8175
222.0286,90.9951,70.7645,61.2866
219.8757,93.7842,72.3453,59.4428
218.3897,96.5807,73.1626,58.1857
222.5515,98.5466,75.5606,55.6150
223.7141,97.4501,76.0801,56.7064
237.3520,91.0132,76.3559,57.0276
255.6845,85.7115,76.3781,57.3019
264.4792,96.2902,75.2218,57.8058
282.9635,76.9111,73.3172,58.3486
271.1531,81.6736,74.3263,58.6992
255.8079,85.2449,76.5586,59.3094
235.0264,89.4566,79.5405,59.7696
233.5813,90.6058,79.7241,61.8980
238.1516,90.9297,79.0022,62.0619
243.1153,90.8383,75.4157,62.2902
241.5497,92.2795,72.9846,62.5786
223.5714,94.3100,73.4348,61.2164
212.9107,94.7135,73.1250,60.4857
193.2649,96.0193,74.8533,59.0139
181.6428,108.3474,77.4036,53.6044
162.6980,106.3478,72.3076,56.8196
152.1888,106.3106,69.5207,59.8172
152.2066,108.5028,69.0427,60.6571
153.4701,118.9032,70.9497,60.7532
162.8787,110.4985,73.3891,58.6032
172.0412,104.1705,73.2016,58.8667
180.0645,95.7585,73.0294,59.2492
188.2562,85.5816,70.9035,60.5254
198.0215,92.8989,70.6324,60.7353
215.0879,68.9868,70.1578,59.8838
224.3693,83.4030,70.0686,60.7359
235.5276,65.4056,68.9559,61.2502
240.5188,74.5714,68.8490,61.3520
240.5134,82.7315,68.7214,61.2276
239.2903,83.1363,69.3359,60.5679
229.3722,86.5271,71.4896,58.3247
217.1630,88.4688,71.1947,60.2536
203.7937,94.4462,74.9121,58.3340
189.9912,106.6209,77.9638,55.6405
185.1553,107.1841,76.1905,55.1093
184.3344,109.5837,74.5188,54.5639
187.1599,110.3285,72.1105,55.0260
189.9310,108.2192,69.9986,56.3383
200.5861,105.9293,70.9258,55.7643
207.8415,99.8144,70.6517,55.8413
217.7424,93.9209,71.6818,55.9767
225.8545,85.6308,71.6851,55.1240
231.6355,95.0795,72.0497,54.4592
234.9274,91.0885,69.5693,55.3383
242.2779,99.4827,68.0270,55.6779
249.4348,114.0753,67.1978,55.6354
249.2107,112.0239,66.7821,55.5319
245.8569,104.0197,65.4457,55.0150
233.6972,103.3661,65.3057,55.3902
220.8346,100.7503,63.4739,56.1940
217.5112,103.2699,62.5909,54.4378
211.3819,106.5201,62.6459,51.8074
208.3300,112.9483,63.2516,48.6429
206.2593,117.5983,63.1422,46.6029
205.6080,121.0594,62.2712,45.6976
212.5806,120.7638,65.1889,41.7962
215.3008,120.9669,66.1486,40.3691
226.5346,115.6333,65.3234,39.8961
227.9711,109.7869,64.3020,39.7668
230.3802,103.2366,62.2201,42.2475
225.9520,103.1878,60.4432,44.2154
220.2784,96.6870,59.9176,44.9480
207.5474,92.1197,59.7843,45.5064
196.0957,93.1642,58.3541,46.4714
189.4638,94.0260,57.2926,47.5704
192.4922,122.4600,56.7335,48.6769
191.1434,143.7171,56.7967,48.5892
194.3276,146.6977,56.7966,48.5892
200.5728,149.4369,56.7968,48.5889
208.0762,150.5137,56.7971,48.5885
214.2088,150.9869,56.7973,48.5882
216.8678,152.8031,56.7979,48.5872
218.9639,155.0320,56.7987,48.5861
2
0
0
0
0
1
123.4465,79.5981,83.2713,88.0206
127.3369,77.7605,83.3420,86.0079
139.5473,71.0459,82.7120,84.3423
156.4436,68.9813,83.3568,81.0206
185.0759,61.3502,82.4590,78.9761
200.9326,73.0454,83.0018,77.2924
225.0306,72.9727,81.8775,76.4385
246.8276,92.1093,80.6387,77.3465
262.7464,81.3259,79.6835,75.7520
270.8658,93.9221,77.6718,75.6839
270.8194,94.8548,77.6890,75.3481
260.1292,91.7388,77.9152,74.6101
256.0032,119.3055,78.1115,71.7417
247.6797,117.8151,77.9047,70.8919
247.7695,116.3315,77.8991,70.8693
245.6674,84.4948,76.7701,69.7200
242.4818,89.8057,76.6091,68.4804
236.2856,97.9488,76.8883,65.7000
226.3516,105.8928,75.2549,64.4938
217.3078,83.7385,74.2804,63.0842
208.4264,92.2973,72.5314,61.3068
202.2344,100.2180,72.0333,61.1343
210.2349,90.4025,71.4646,60.0443
223.6902,117.6513,68.4795,61.5201
234.6841,137.4298,67.5172,60.0558
245.0708,144.3118,67.4474,59.2705
255.9727,103.8666,66.6230,57.5937
255.6285,95.2032,66.6610,56.0207
249.9992,98.2155,69.4106,49.7863
247.5157,94.9239,67.0230,49.4794
250.5764,94.8309,63.7534,49.3863
246.3688,89.1855,61.2443,50.3236
249.0857,127.2565,61.5195,51.1826
251.2515,129.1526,61.5188,51.1823
187.4227,81.4755,60.8868,54.1422
178.7382,81.6520,58.5894,55.0810
160.5993,105.6545,59.4063,55.1340
159.8098,113.4658,56.3145,55.0789
161.6425,113.7048,56.3144,55.0789
2
0
0
0
0
1
186.5742,91.8741,87.8947,75.0107
164.5939,110.4719,86.0614,69.8968
158.7110,122.4282,83.0655,69.7505
168.1489,137.2796,82.6919,68.0265
178.3136,134.3000,81.7028,67.8296
200.8378,97.3893,78.7570,65.4260
219.1783,97.0241,75.6547,63.3934
236.3251,94.4423,74.7518,62.5943
241.7529,91.4817,71.8760,62.4299
226.5291,93.7658,68.6486,59.6885
204.0874,106.4061,70.2781,55.4029
190.3228,116.5813,70.0799,53.8124
192.2895,138.7216,66.5903,57.3232
217.8672,139.9775,64.6831,57.3423
205.9707,139.5684,64.6940,57.3476
2
0
0
0
0
1
251.0306,82.2709,75.0526,79.5303
245.9461,85.6457,75.0528,79.5288
245.8211,91.0681,75.0441,79.5359
2
0
0
0
0
1
214.3765,161.1248,36.9467,42.8663
217.0371,168.3844,38.9917,38.8629
2
0
0
0
0
1
138.7310,98.8850,73.6827,76.6888
162.6100,81.8276,72.6994,72.5948
