743.9200,217.0700,773.7900,217.8800,771.9700,284.9900,742.1000,284.1800
742.6300,209.1200,770.7000,209.7700,769.1700,275.5000,741.0900,274.8500
742.8200,207.8500,773.0200,209.9400,768.6900,272.5400,738.4800,270.4500
744.9700,212.4500,772.6800,217.1600,762.2300,278.6200,734.5300,273.9100
745.1900,218.9200,771.6500,223.3400,761.2000,285.8200,734.7400,281.4000
745.0400,225.2200,770.8900,230.8400,758.2800,288.8500,732.4300,283.2300
745.8000,220.6300,772.2100,226.4600,759.5000,284.0300,733.0900,278.1900
743.2600,218.8300,769.1500,222.4400,761.0200,280.8100,735.1300,277.2000
738.1600,219.8700,764.2000,221.3900,760.8100,279.5100,734.7700,277.9900
733.7100,224.5000,762.4700,224.9600,761.5500,283.4900,732.7800,283.0400
732.0000,230.0000,762.0000,230.0000,762.0000,293.0000,732.0000,293.0000
733.8400,227.9600,763.1400,229.1600,760.5900,291.4300,731.2900,290.2300
732.0000,227.0000,762.0000,227.0000,762.0000,288.0000,732.0000,288.0000
730.0000,219.0000,761.0000,219.0000,761.0000,280.0000,730.0000,280.0000
728.0900,215.4500,757.8300,216.5500,755.6100,276.6200,725.8700,275.5100
722.7900,214.2400,752.4100,215.7200,749.5200,273.6300,719.8900,272.1400
718.9700,218.6900,750.6000,221.8500,744.4300,283.6000,712.8000,280.4400
711.2300,232.2600,739.4000,232.3900,739.1600,285.5800,710.9900,285.4500
710.9900,235.1200,739.8800,236.9300,736.0900,297.5100,707.2100,295.7000
706.1600,242.2600,737.1200,242.3200,737.0100,299.3900,706.0500,299.3300
708.8700,239.7700,738.5800,241.0300,736.1500,298.1800,706.4500,296.9200
710.5400,236.2100,740.1100,237.6100,737.4300,294.1100,707.8600,292.7100
712.7300,236.3200,742.0200,237.1900,740.3300,293.8000,711.0500,292.9300
718.8000,231.2000,749.2400,234.5300,742.6600,294.7300,712.2300,291.4100
722.2000,233.4100,753.0900,239.5000,742.3000,294.2300,711.4100,288.1400
723.2900,228.3500,751.7400,232.5100,742.9400,292.6400,714.4900,288.4800
719.6700,226.2600,750.2000,227.6500,747.3800,289.5600,716.8600,288.1800
722.3800,218.4900,752.6300,222.1200,745.1700,284.2200,714.9300,280.5900
724.0600,210.6200,753.7500,215.4500,744.1900,274.2400,714.5000,269.4100
720.6100,212.1600,749.4000,213.6300,746.3600,273.1200,717.5800,271.6500
722.1900,217.4600,750.9900,219.5500,746.6000,280.1400,717.7900,278.0500
722.0200,226.2500,750.1300,227.4000,747.6700,287.4800,719.5600,286.3300
723.6000,221.0600,751.7900,222.9900,747.6400,283.3300,719.4600,281.4000
725.6800,225.5700,755.9700,230.2300,746.9200,288.9900,716.6400,284.3300
727.2600,240.7300,755.5600,244.2500,748.2400,303.0500,719.9400,299.5200
727.5900,244.8200,755.3600,247.0100,750.7000,306.1400,722.9300,303.9500
729.0800,233.4900,756.7800,237.5300,748.5900,293.6700,720.8900,289.6300
724.1500,223.3800,752.2700,224.5500,749.8500,282.6200,721.7300,281.4500
724.5900,218.3300,753.3200,219.5800,750.8900,275.4700,722.1600,274.2200
722.5100,213.7300,749.7400,213.4400,750.3600,272.0300,723.1300,272.3200
724.8400,222.1000,754.0900,224.2700,750.5600,271.9300,721.3100,269.7600
723.0200,212.6600,751.5600,214.3200,748.3600,269.1500,719.8200,267.4800
721.8600,206.9300,748.5700,208.3700,745.3600,267.5200,718.6500,266.0700
717.3400,205.2600,743.9900,204.0300,746.7500,263.7800,720.1000,265.0100
721.6100,209.2400,748.6500,210.5100,745.9600,267.3800,718.9300,266.1000
725.9100,210.3700,753.8400,214.6900,744.9900,271.9600,717.0500,267.6400
725.7800,213.4100,753.0000,217.5600,744.0600,276.1600,716.8300,272.0100
721.6800,218.5100,748.0200,219.4000,746.1800,274.3700,719.8400,273.4900
722.9300,218.2600,749.9100,219.2800,747.9400,271.6000,720.9600,270.5800
726.3700,212.1400,753.0700,214.3100,748.5300,270.0200,721.8200,267.8500
726.4700,213.4700,752.0500,214.8200,748.9500,273.3700,723.3700,272.0100
728.1900,215.9300,757.0400,218.5500,751.6300,278.0600,722.7800,275.4300
727.6800,220.9100,755.5700,222.9500,751.4800,278.7800,723.5800,276.7300
727.5100,221.2800,755.0100,222.0700,753.3300,280.6700,725.8300,279.8800
724.8100,222.6300,751.3500,221.2000,754.4900,279.7800,727.9500,281.2100
725.9500,218.9400,752.3600,219.1000,752.0200,274.0700,725.6200,273.9100
727.1700,222.1700,755.1200,223.8100,751.9000,278.4100,723.9600,276.7700
724.8800,229.2900,750.5000,228.6600,751.9500,286.8100,726.3300,287.4500
722.9700,232.8800,748.9500,231.1100,752.8100,287.5800,726.8200,289.3500
726.3100,235.6500,755.5600,236.0600,754.7900,291.1500,725.5400,290.7400
728.0700,235.4900,753.8300,234.8800,755.1800,292.0600,729.4200,292.6700
728.6100,235.3800,753.7400,234.5100,755.7400,292.2500,730.6200,293.1200
726.0900,233.3100,754.2200,232.0200,756.8800,290.2300,728.7500,291.5100
725.8300,233.7800,753.2200,232.5600,755.6700,287.7600,728.2800,288.9700
726.3900,234.8800,753.5100,233.6900,756.0000,290.7700,728.8800,291.9500
725.4400,234.6900,754.1600,232.9600,757.5800,289.7200,728.8600,291.4500
726.9500,234.5500,756.3300,232.3900,760.2400,285.7900,730.8600,287.9400
732.2100,236.5400,759.9700,234.7600,763.5300,290.2600,735.7700,292.0400
736.4500,238.3000,764.7000,237.6200,766.0400,293.2500,737.8000,293.9400
740.2800,234.2100,768.6400,235.3600,766.3600,291.5400,738.0000,290.4000
738.9800,231.4500,766.0900,230.4400,768.2100,287.7000,741.1000,288.7000
739.7500,225.8500,767.6300,224.4000,770.5100,279.6700,742.6400,281.1300
741.5700,222.9200,768.3200,221.2100,771.7800,275.4000,745.0300,277.1000
743.5000,220.8700,772.0200,222.6000,768.6500,278.3100,740.1300,276.5900
743.6500,217.3800,772.0100,219.4500,767.8900,275.9000,739.5300,273.8300
744.4900,207.2100,774.1000,212.0700,764.8700,268.2900,735.2600,263.4300
738.2000,213.8000,765.1000,212.8800,766.9800,268.0300,740.0800,268.9500
737.9000,217.9900,765.7300,214.8800,771.9100,270.0700,744.0800,273.1800
743.2500,226.8600,774.5300,228.7100,771.3400,282.6300,740.0600,280.7800
744.1400,241.6000,769.5500,239.1800,774.7800,293.9700,749.3700,296.3900
736.1600,262.2700,759.1600,243.0200,789.3400,279.0600,766.3400,298.3200
740.2100,265.3700,762.1900,245.8300,792.7500,280.2200,770.7800,299.7500
746.4600,251.5300,763.2400,243.4300,785.0700,288.6500,768.3000,296.7500
751.5500,246.1500,764.7200,240.6400,782.9800,284.2900,769.8200,289.8000
746.3000,239.1200,772.2700,237.0300,776.4300,289.2200,750.4600,291.3100
745.8000,235.8400,771.2600,232.9900,777.2200,285.9900,751.7700,288.8400
757.9100,231.3200,771.8900,238.3300,752.8100,276.3700,738.8300,269.3600
757.1100,226.9600,772.7700,235.1700,751.0600,276.6000,735.4100,268.4000
746.2800,226.0400,770.5000,229.5000,763.5000,278.5000,739.2800,275.0400
742.3900,225.9200,770.7600,229.0500,765.0400,281.0000,736.6600,277.8700
735.7200,231.9800,763.4900,232.3100,762.8500,286.2500,735.0800,285.9200
740.2800,232.4100,770.5700,241.6500,755.2100,291.9700,724.9200,282.7300
733.1500,235.3800,763.5700,237.0700,760.4400,293.2100,730.0200,291.5200
729.3000,239.5200,757.6400,239.0600,758.5600,295.4500,730.2300,295.9200
728.1100,239.4400,761.2500,239.6500,760.9000,295.1200,727.7500,294.9100
724.2900,241.9000,756.1200,237.6300,763.5800,293.2500,731.7600,297.5200
729.6600,240.1500,758.9800,239.1000,761.0100,295.9900,731.6900,297.0300
733.4900,238.6400,763.1200,239.4400,761.5600,297.4600,731.9400,296.6700
731.1200,237.3800,757.7700,237.1200,758.3200,295.2800,731.6800,295.5400
730.9000,237.3300,757.4200,236.6300,759.0000,296.5400,732.4800,297.2400
731.5300,241.5000,757.5900,241.0000,758.6600,296.9200,732.6000,297.4200
732.1800,242.2200,757.9900,242.2000,758.0200,301.1900,732.2100,301.2000
733.4100,239.3400,758.6500,240.5700,755.9100,296.4500,730.6700,295.2100
731.8400,240.1400,756.7000,241.4600,753.8300,295.4900,728.9700,294.1700
725.0900,239.4800,753.1900,238.5100,755.2300,297.7900,727.1300,298.7500
727.4800,241.3200,752.8500,241.7100,751.9800,298.1100,726.6100,297.7200
724.1900,239.7400,751.4200,238.3800,754.3800,297.6800,727.1500,299.0400
725.2200,237.6400,751.8800,237.4600,752.2700,293.9700,725.6000,294.1600
725.4800,237.9900,752.9800,237.9800,753.0100,295.5100,725.5100,295.5200
724.8800,241.8900,752.9600,240.2400,756.4300,299.2700,728.3500,300.9200
727.4200,243.3100,754.1200,242.5800,755.6400,298.3400,728.9400,299.0700
727.5700,238.3300,755.3400,237.7700,756.4300,292.0500,728.6600,292.6100
730.5700,238.1800,757.8700,239.5000,755.1200,296.4100,727.8200,295.0900
726.2600,243.6700,754.3800,242.3900,756.9900,299.8200,728.8700,301.1000
728.2500,246.4800,755.0900,247.6400,752.7100,302.8400,725.8700,301.6800
725.1800,250.2600,751.8200,250.5700,751.1600,306.0900,724.5200,305.7800
727.4500,246.0900,754.6100,248.4200,749.9000,303.3000,722.7500,300.9800
723.1600,245.1800,749.2800,245.3100,748.9900,303.0700,722.8700,302.9400
722.8500,246.5700,749.7900,246.8600,749.1600,304.2900,722.2300,304.0000
718.9600,246.3700,745.5900,244.0300,750.8400,303.7300,724.2000,306.0700
722.5000,244.1300,749.6400,244.4700,748.9400,301.2600,721.7900,300.9300
723.6400,239.7600,751.4600,240.6100,749.5700,303.2200,721.7500,302.3800
721.8400,244.0100,748.7000,243.4600,749.9500,303.9100,723.0900,304.4600
715.3600,243.9200,743.7400,238.7000,754.5700,297.5800,726.1900,302.8000
720.1200,237.0900,747.3900,236.5800,748.5500,297.9700,721.2800,298.4900
715.4800,240.5900,744.2100,236.9500,751.8900,297.6100,723.1600,301.2500
719.3700,239.0800,746.6600,238.5500,747.8900,302.1500,720.6000,302.6800
721.1600,239.0300,749.0500,239.0600,748.9900,299.8900,721.0900,299.8600
721.1100,239.6200,749.4200,239.8400,748.9700,298.6200,720.6600,298.4100
717.2900,240.8500,746.3800,238.7900,750.6700,299.4700,721.5800,301.5300
719.8700,238.7900,748.5500,239.1100,747.8500,301.5600,719.1800,301.2500
715.5500,243.4600,744.4200,241.0600,748.8900,294.7700,720.0200,297.1700
710.3000,242.6500,740.4500,236.9200,751.5500,295.3700,721.4100,301.1000
717.9100,236.9500,746.3600,237.1600,745.9400,294.2200,717.4900,294.0100
717.2600,234.3500,747.4900,233.9100,748.3300,291.2500,718.1000,291.7000
718.2100,234.6000,746.2100,231.5200,752.0600,284.7300,724.0600,287.8000
726.2200,223.9100,755.5700,226.0700,751.4800,281.6100,722.1300,279.4500
720.9900,221.7100,750.5700,219.9100,754.2200,279.6400,724.6400,281.4500
724.4900,220.8600,752.5100,221.1600,751.8900,279.1900,723.8700,278.8900
721.6100,221.5200,752.6200,221.9700,751.8000,278.5800,720.7900,278.1400
720.0000,220.8000,751.1300,220.7800,751.1600,278.7500,720.0400,278.7700
721.7300,223.7200,752.9900,224.3100,751.9200,280.3600,720.6600,279.7600
717.9100,227.0500,749.5200,223.9000,755.4100,282.9300,723.8100,286.0800
723.2300,228.2700,752.6500,228.6100,751.9500,288.1000,722.5400,287.7600
713.8200,237.2000,744.8900,227.7700,762.1600,284.6500,731.0900,294.0800
716.9000,236.8400,748.2700,231.4500,758.0500,288.3900,726.6800,293.7800
719.7600,235.4100,751.6200,233.2300,755.5200,290.1600,723.6600,292.3500
713.3100,241.6900,744.2900,232.9900,760.9900,292.4400,730.0100,301.1400
716.7400,243.4200,748.5500,239.0600,756.4600,296.7600,724.6500,301.1200
712.1800,242.5200,743.8800,234.5700,758.7700,293.9700,727.0700,301.9200
709.3100,245.9700,742.4300,235.6000,761.8300,297.5300,728.7100,307.9000
720.2400,242.7200,750.4400,240.1000,756.1900,306.5400,725.9900,309.1600
714.7200,250.7100,745.3200,241.9900,763.5000,305.8300,732.9000,314.5500
721.8100,250.2300,751.6700,246.4600,759.7200,310.3200,729.8600,314.0900
722.2400,249.2100,752.7800,245.4500,761.1300,313.2900,730.5900,317.0500
722.7800,249.9400,753.9600,246.8000,760.5700,312.5500,729.4000,315.6900
722.6400,247.2700,755.1000,244.9700,759.7600,310.7200,727.3100,313.0300
713.6700,255.4800,744.7200,244.2700,768.0700,309.0000,737.0200,320.2000
719.8400,250.9400,754.7200,245.1600,766.0100,313.2400,731.1300,319.0200
725.8900,248.8800,759.3800,246.5100,764.3300,316.3700,730.8400,318.7500
724.1100,247.1900,756.2600,243.0300,765.1200,311.6700,732.9700,315.8200
714.7500,250.4200,748.8800,238.9000,770.9700,304.3500,736.8300,315.8700
727.5900,238.0700,758.7400,236.5900,762.2500,309.9300,731.1000,311.4200
723.4500,240.6700,754.9100,237.2600,762.6500,308.4800,731.1800,311.9000
724.5500,241.5900,757.9000,240.0000,761.5900,317.4500,728.2400,319.0400
721.4200,241.6400,754.1500,238.2400,761.9900,313.7100,729.2600,317.1100
720.0000,238.3700,754.0100,234.8500,761.7500,309.4800,727.7400,313.0100
721.2100,237.1500,755.0800,234.5200,760.9000,309.4500,727.0300,312.0800
722.9600,238.1900,755.8900,235.6500,761.8100,312.3100,728.8800,314.8500
728.2200,236.9100,762.1500,236.4200,763.2800,313.8700,729.3500,314.3600
726.8700,235.7900,760.2700,233.7600,764.8700,309.6000,731.4700,311.6200
726.2200,234.2700,759.9300,231.8200,765.5400,309.2000,731.8300,311.6500
726.6400,235.6700,762.9600,234.0900,766.3300,311.6400,730.0100,313.2200
724.8800,237.4700,761.4400,234.6600,767.7800,317.0900,731.2200,319.9100
727.3800,238.2100,761.8300,235.7300,767.4100,313.4800,732.9600,315.9500
726.5700,237.9400,762.7500,234.1300,771.2500,314.9200,735.0800,318.7300
729.1400,237.0400,764.4400,233.7900,772.2800,318.7800,736.9800,322.0300
731.3000,238.2900,767.7500,236.4800,772.0100,322.4200,735.5600,324.2300
729.1900,235.0700,765.4100,233.1800,769.8200,317.8000,733.5900,319.6900
726.3400,233.4600,762.4900,230.1900,770.3600,317.0600,734.2100,320.3400
726.7500,233.3300,763.0500,230.1600,771.0700,322.1300,734.7700,325.3000
726.7000,237.8600,764.4600,234.1100,772.8700,318.8300,735.1100,322.5800
728.5600,240.1200,765.2300,236.9300,772.4500,319.8300,735.7700,323.0300
728.7200,235.1900,765.6000,231.6300,773.8400,317.1100,736.9500,320.6600
727.9200,234.6600,766.8400,231.1200,774.7500,318.0700,735.8300,321.6100
728.5800,233.6600,767.2700,230.0000,775.5200,317.2300,736.8300,320.8900
733.0600,229.2800,772.1500,228.5900,773.6700,315.0400,734.5800,315.7300
731.3500,226.7100,770.4800,223.4700,777.9600,313.8400,738.8300,317.0800
734.6500,223.7600,773.9600,221.3400,779.5000,311.4900,740.1800,313.9100
735.3700,220.9200,773.6600,217.4100,781.9800,308.3700,743.6900,311.8700
736.8400,221.6100,775.8100,218.2600,783.7500,310.6900,744.7800,314.0400
