392.6421,226.8878,106.1309,96.4144
356.1355,211.3958,102.0391,96.9284
353.3205,205.4585,95.9090,97.0931
369.7785,189.5131,88.7431,98.9428
382.5122,158.8852,77.6055,112.2756
389.0081,147.7953,69.0838,116.8035
384.6417,150.9630,64.6665,120.7271
385.4644,146.1756,57.8661,126.5043
388.8254,153.3773,57.5343,120.0120
399.8802,164.4719,56.4297,115.3452
409.4902,168.6537,57.3545,107.6800
409.2929,177.7448,59.9591,103.1018
396.9552,196.4387,62.9546,96.7521
380.5779,214.5290,66.2041,96.3720
384.1011,218.2360,66.4578,94.5680
384.6689,217.5286,66.4823,95.7377
380.9153,214.2280,66.7593,92.8091
365.4821,217.1976,71.1708,89.2647
355.3670,219.2812,73.2459,87.3026
339.3022,211.1936,79.2855,84.5977
328.5138,202.6380,79.5024,83.7941
320.4430,196.0210,82.3690,81.7229
316.3972,197.5723,82.0355,80.3259
303.9087,208.2930,82.3826,77.0990
294.1166,214.4778,83.1868,76.2844
293.9335,216.8697,82.4980,74.3606
297.8252,224.5076,80.2697,72.4998
296.0215,235.8620,79.1369,72.0361
296.0292,247.0820,77.3566,69.8960
290.6823,262.5305,74.4054,68.0590
284.6706,270.4020,72.7589,67.1560
292.1460,275.5563,71.6380,67.5623
297.8260,277.8784,72.5881,68.8132
292.2217,282.4593,72.4517,71.1565
291.0177,288.7627,73.2445,70.6146
295.8928,282.1437,74.9494,76.5675
299.6605,269.3444,73.5989,75.7862
300.2379,258.7341,71.4242,72.0567
304.5619,255.9296,70.6762,70.1559
309.0156,251.8276,68.0287,69.5949
310.8004,246.5211,65.3742,67.2628
313.4639,237.2049,64.2823,67.6401
322.4882,235.8182,62.7136,65.5236
327.1285,238.2423,62.1980,66.4655
329.5577,240.4816,58.9245,69.2368
337.5328,233.6523,56.2894,69.3004
344.1248,226.5291,54.2305,71.8918
344.3737,221.7331,50.9426,71.3588
333.3520,221.5770,50.7261,71.4461
334.9444,199.8917,51.5612,68.4766
325.6762,185.9847,52.1075,67.6556
320.1103,183.2369,51.9894,65.3363
317.8794,176.9218,50.4512,64.1469
323.4300,156.1530,50.2701,64.4195
330.2679,149.0712,49.2993,61.8876
326.1388,155.8868,48.9025,62.7334
319.4568,157.1146,49.9664,61.4677
327.0000,155.0000,49.0000,62.0000
329.4533,164.3132,48.6135,61.7661
324.5258,184.8083,48.0485,59.1533
321.1827,196.3699,49.3146,60.7752
319.7823,205.7565,48.3755,60.3569
318.6171,217.6524,48.7458,58.5103
316.2500,214.0525,48.7600,57.9500
299.1956,215.4203,51.3088,58.1395
280.7345,210.8559,54.5810,54.0783
280.6036,182.1659,50.5228,57.8332
269.8434,171.6211,53.3632,56.3594
256.7728,177.7750,55.5243,58.0121
238.6141,189.1303,58.1317,58.2943
224.8163,181.6500,59.7974,62.5714
223.8663,170.3197,61.6174,65.5776
226.7613,165.0721,61.9125,65.7863
225.7686,161.8404,62.5477,66.6783
226.9525,165.3303,61.1200,65.0598
223.8790,176.0102,62.2421,64.6190
226.5265,177.3921,63.4270,64.7673
235.7709,179.0290,63.3483,65.4229
240.1269,181.5546,62.5562,65.0488
239.8866,173.3983,62.2968,65.3228
234.1624,181.8530,66.3253,66.3246
229.8097,195.9522,65.1905,65.1905
225.3457,190.5199,65.8586,66.4117
232.0100,177.1341,60.5250,67.4698
236.7893,174.4527,60.4114,66.6832
239.8139,179.6021,58.4223,64.3963
242.5534,178.7525,59.0532,63.9469
245.8890,181.1135,60.4670,63.8015
252.5987,184.0177,61.3027,63.4156
258.0598,187.6583,63.3703,62.8485
261.1548,194.1812,64.1205,63.1375
268.7251,203.7977,64.1998,61.4695
271.7844,208.8431,65.9613,60.9888
279.1373,212.0375,68.5855,62.3951
287.9002,215.2189,68.6195,62.3222
281.7824,227.2895,69.5502,62.8309
275.9487,237.5517,72.7725,62.9165
279.5635,232.2616,71.3330,62.4668
285.0327,220.8823,69.4196,62.9004
279.5792,217.6720,67.4917,63.9660
271.0144,214.9967,67.7312,67.1716
269.2417,211.5351,67.2066,67.1698
269.9989,211.7149,66.5472,67.5002
268.6557,214.9292,66.4336,67.3467
261.1991,212.7094,70.7517,64.5512
260.8095,222.0936,68.1209,68.9928
250.9008,223.9483,74.4834,66.2433
256.4570,228.8584,70.1860,70.9333
259.0000,210.0000,78.0000,70.0000
280.4103,209.0482,72.3593,73.0786
265.0000,195.0000,79.0000,73.0000
258.9598,195.4695,76.3403,77.8110
257.5579,178.9236,75.3542,77.0339
250.5131,161.8932,76.4339,77.7855
230.2505,151.6716,77.9290,79.4893
210.1248,145.4503,79.5104,80.8763
205.8821,135.4725,80.5558,81.8185
214.7552,129.2647,81.3895,82.8680
217.5198,138.7093,82.8354,84.2790
194.9046,140.6244,92.4908,82.4687
181.0621,146.2819,92.7877,84.5797
191.2866,162.7057,89.2958,89.7661
203.9425,173.6987,90.5050,91.5132
209.0785,176.8977,92.1230,92.9716
210.5032,180.9362,94.4536,95.4347
208.8526,176.5073,95.7048,96.4463
210.7125,173.2603,98.3150,98.8745
222.6228,170.7062,100.1344,100.6266
230.5488,162.6675,103.0623,103.0280
229.6734,159.7091,103.8833,102.7633
226.2254,162.6753,105.7591,105.3404
226.0954,162.0840,105.8392,105.2420
229.2301,158.5287,107.0648,105.9016
227.9771,155.5902,108.8209,107.6776
220.4405,152.3280,111.1141,108.0836
211.2329,147.1350,115.0541,106.3981
217.2713,147.7005,114.7874,109.3136
219.3691,150.5263,116.6269,112.2519
217.1981,154.3127,118.3437,113.2306
215.7747,160.4928,120.9806,114.2520
220.1492,165.7693,123.5916,112.2114
226.1872,163.6282,124.2756,116.5496
220.2316,153.5410,128.2469,116.4179
226.2693,149.7634,127.7663,115.4592
242.0969,139.9301,130.0062,118.2572
243.0740,137.6511,133.1720,119.3783
229.0339,140.8218,134.2773,118.4204
221.8170,142.7535,133.8860,120.8615
228.1450,142.2919,137.1350,121.8272
237.6527,147.5730,136.3847,122.7650
231.9451,157.2197,139.9698,123.1470
227.8873,165.5449,139.2953,124.4887
224.9921,169.3894,141.0059,127.6073
230.2843,173.8477,143.7814,128.3070
240.5468,178.6415,143.5065,130.7040
245.0000,182.0000,149.0000,131.0000
235.9729,182.4454,148.4342,131.8792
220.3923,190.6159,149.6055,133.6132
230.7934,192.4266,148.1182,133.9367
243.8745,182.7807,149.9210,136.0736
247.3272,172.7802,151.5356,135.9326
237.2461,164.2317,150.3179,136.0702
224.7601,165.4977,151.9748,137.1266
229.1169,170.8064,152.8061,137.1711
241.5427,170.8430,152.2296,138.6505
248.7302,167.4587,151.7697,138.6902
249.3906,166.3808,152.9987,139.6919
247.4749,165.1879,153.5152,141.1128
244.7611,168.3999,154.2277,142.0832
235.8923,169.3129,154.0605,142.8703
228.1907,176.4008,154.8587,143.0405
226.3466,177.3253,154.9268,144.2669
220.1705,176.8949,155.4690,145.3527
218.1249,181.9176,155.7102,144.9128
219.9059,186.4213,155.1932,145.1918
219.8240,185.2970,155.6521,145.8445
214.7249,183.5259,155.6952,145.5647
212.0866,182.8526,156.5069,145.5333
220.2907,180.6904,155.6186,145.1392
227.7473,176.2834,155.5153,146.3982
230.5598,178.2012,154.7355,144.9450
225.8609,178.5839,156.3381,145.7836
226.9314,175.3982,155.7572,145.8612
229.0980,172.8822,155.6489,145.6836
225.7471,173.2905,156.1158,146.8894
221.9810,173.2073,155.6779,146.5944
221.2077,170.0837,155.1746,146.8231
221.9953,169.3726,155.8293,146.9942
222.6154,171.4205,155.3393,146.9611
221.8037,173.8416,154.7725,147.9257
218.3662,177.7379,156.8125,147.7256
217.1486,182.8840,156.8528,147.8379
219.0143,183.6342,156.6465,147.7136
220.1410,183.6302,156.7480,148.3802
220.7136,185.6433,155.0629,146.5934
220.9422,184.2779,156.0456,147.6953
