1
273.0944,142.2241,108.6441,99.4506
316.5085,184.6216,101.5673,98.3925
286.2673,103.6127,95.0418,102.9493
325.6165,145.8778,91.8892,99.5226
301.3241,68.9200,83.0927,109.5254
327.9993,106.2972,82.8187,104.1525
368.6676,145.6667,84.1300,99.5948
303.3722,77.5869,71.7626,111.2219
329.1231,116.4522,75.1562,100.7968
362.1886,158.3488,76.0873,96.6361
398.9219,197.8913,76.2056,92.5198
360.4562,199.4080,77.0640,90.3815
395.8517,235.6216,77.0354,88.0396
362.6779,208.7376,75.0162,87.2499
397.0677,243.9234,74.6842,84.7500
363.6039,217.7416,71.5757,84.8780
397.0062,250.5994,71.4138,81.9975
365.6697,226.4985,68.6425,81.9274
335.9944,200.8990,68.2758,80.8571
316.7585,240.1127,68.1708,79.6740
316.6166,204.7034,68.4025,76.5627
346.6009,177.9935,68.4801,75.0798
319.0520,209.9046,66.1962,75.2400
285.4418,212.5666,66.2647,73.7187
320.3760,217.1799,64.9815,73.2206
292.0788,246.5905,63.3069,72.3538
320.2595,222.3892,63.1422,71.3215
303.9229,257.1382,62.7474,70.4828
277.9384,284.0579,61.8614,70.0143
303.6064,262.1169,60.3417,68.8048
290.3712,294.1734,60.1959,67.7023
316.5580,271.5177,60.1256,65.6826
292.0473,296.6349,59.1941,65.4661
317.7365,274.3096,58.9648,63.4642
294.2899,298.5465,57.7790,63.3219
309.7227,271.0864,56.3604,62.5645
308.9421,244.6280,55.7467,61.0804
309.8213,276.1594,55.3193,59.4543
310.3722,249.6918,54.4141,57.6939
339.1085,252.7334,52.4028,57.7725
318.2550,233.2470,51.1917,56.6065
342.5539,254.7501,50.1618,55.2122
322.3867,237.3499,48.7363,54.5058
344.8796,259.9741,47.6127,52.8570
346.6427,235.6114,47.1116,50.4220
359.8280,261.2143,46.2666,50.0760
347.8194,239.7993,45.0046,48.9443
330.0485,223.7703,44.0087,47.5924
341.9651,203.5033,42.6023,47.0816
324.4781,188.8927,40.3798,46.5851
324.8369,213.5815,39.7591,44.8798
325.0372,194.2736,39.2971,43.3186
325.6514,175.5850,38.5979,41.3311
336.0646,158.0468,37.2304,40.8096
326.4960,179.6554,36.2330,40.2447
326.5642,162.3326,35.6725,38.4070
342.0453,179.8710,34.2726,37.2756
327.7836,168.2698,31.9782,37.3235
328.0608,188.0870,31.4675,35.8345
328.3945,207.2352,30.9099,34.5824
328.8464,225.8640,30.4278,33.4204
329.2393,244.1693,29.7960,32.4382
329.5437,229.9841,29.0307,30.9196
315.7343,231.0854,28.4708,30.4599
302.1039,232.3499,28.1517,29.9712
302.5850,218.9524,27.4131,28.3777
296.1794,206.1464,26.3645,27.9718
286.0175,196.9369,25.3546,27.2580
273.8702,198.1165,24.9863,26.6981
262.0650,199.0307,24.5084,26.2159
252.1454,190.3987,23.2696,26.0483
242.8285,181.9898,22.7208,25.2364
255.0990,183.6049,21.9675,24.9609
244.1807,184.8931,21.8469,24.1603
244.4861,197.7658,21.3656,23.3266
256.0129,199.4497,20.7498,23.0339
265.2457,209.6978,19.9116,22.3703
259.9284,200.2501,19.2943,21.9027
260.1313,191.0186,18.9886,20.5553
260.5063,202.0591,18.5612,19.9424
255.9827,212.3899,17.9697,19.7912
247.2044,213.2178,17.8531,19.2357
252.0871,204.9831,17.0943,18.9262
259.2467,198.6198,16.6281,18.5889
259.4919,208.5964,16.2865,17.9166
263.9817,200.8754,15.7372,17.7243
271.3633,208.3038,15.4063,17.0463
279.6385,209.3777,14.8735,16.8817
286.6273,216.4155,14.6622,16.1750
283.0468,224.3873,14.3949,15.9363
290.8424,225.4309,13.8770,15.7715
296.9962,232.4923,13.4641,15.1572
304.3510,233.5141,12.9942,14.9707
310.2574,240.2199,12.6034,14.3447
310.4225,247.7990,12.3917,13.8813
310.5912,255.1727,12.1477,13.5340
305.7197,260.4030,11.7864,13.3931
309.0011,254.8718,11.4952,13.1406
309.0919,249.3292,11.3223,12.3461
304.6368,245.1831,11.0379,12.1428
300.2701,241.1126,10.7760,11.9285
295.9905,237.1250,10.5307,11.6881
296.1901,243.3733,10.3206,11.3750
291.7775,239.6446,10.0000,11.2349
291.7776,245.5689,10.0000,10.9102
287.6843,249.8060,10.0000,10.8607
287.7631,255.8482,10.0000,10.5529
287.7235,251.1181,10.0000,10.0884
291.9578,247.5556,10.0000,10.0000
291.9438,242.7118,10.0000,10.0000
291.9173,237.8904,10.0000,10.0000
291.8997,233.0467,10.0000,10.0000
291.9018,228.1922,10.0000,10.0000
289.7575,223.2367,10.0000,10.0000
285.8826,219.6270,10.0000,10.0000
282.0183,216.0567,10.0000,10.0000
279.3097,211.5088,10.0000,10.0374
276.5882,206.8933,10.0000,10.0443
272.6828,203.2332,10.0000,10.0000
268.0076,203.5329,10.0000,10.0000
263.4377,203.3320,10.0000,10.0000
259.5111,207.2991,10.0000,10.0760
255.5640,211.2948,10.0000,10.1244
255.6168,216.8799,10.0000,10.0000
251.7051,220.8648,10.0000,10.0757
255.5739,217.2206,10.0000,10.0685
260.6219,217.5748,10.0000,10.2278
264.4426,213.9411,10.0000,10.1457
268.2813,210.3311,10.0000,10.0876
273.2630,210.9206,10.0000,10.1807
275.7366,206.3298,10.0000,10.2101
280.7150,206.9342,10.0000,10.2666
276.6884,203.4196,10.0000,10.1754
271.6550,203.7343,10.0000,10.1093
267.4753,200.1883,10.0000,10.1774
270.0295,195.6878,10.0000,10.1666
272.6488,201.2251,10.0000,10.2245
272.7357,206.8470,10.0000,10.0486
272.8153,212.3342,10.0000,10.0000
277.1584,216.6028,10.0000,10.0000
282.2107,216.9627,10.0000,10.1649
282.3105,212.1471,10.0000,10.0000
282.3900,207.2041,10.0000,10.0000
286.6070,203.6283,10.0000,10.0000
290.8239,200.0365,10.0000,10.0000
290.8284,195.1672,10.0000,10.0000
286.2209,194.9300,10.0000,10.0000
290.3293,199.5145,10.0000,10.0000
295.2408,200.0619,10.0000,10.1334
295.2798,205.5933,10.0000,10.0000
295.2935,211.1617,10.0000,10.0000
295.4429,216.5153,10.0000,10.0000
295.4612,221.9937,10.0000,10.0000
298.0250,227.4319,10.0000,10.1344
302.1304,231.9044,10.0000,10.0969
302.1735,237.4271,10.0000,10.0013
298.2490,241.4245,10.0000,10.0607
298.2993,246.9471,10.0000,10.0000
303.2240,247.4926,10.0000,10.1065
307.0807,243.9092,10.0000,10.0728
307.0139,239.1488,10.0000,10.0000
303.1021,235.5870,10.0000,10.0000
299.2278,232.0552,10.0000,10.0000
304.1758,232.6708,10.0000,10.0625
309.1569,233.2889,10.0000,10.1202
314.1274,233.8914,10.0000,10.1749
317.9892,230.2462,10.0000,10.1480
318.0499,235.8125,10.0000,10.0162
313.4848,235.6328,10.0000,10.0170
309.5421,239.6122,10.0000,10.0529
305.6088,243.6411,10.0000,10.1078
300.9345,243.9498,10.0000,10.0845
296.9926,247.9404,10.0000,10.1281
294.5442,253.0866,10.0000,10.1080
289.3884,253.6270,10.0000,10.1983
285.1152,250.1317,10.0000,10.1828
287.6702,255.8058,10.0000,10.1829
290.0939,251.2375,10.0000,10.2021
293.8278,247.7919,10.0000,10.0958
298.7659,248.3873,10.0000,10.1691
298.7561,243.6099,10.0000,10.0000
303.7038,244.2160,10.0000,10.0465
301.0053,239.5407,10.0000,10.0872
297.0623,243.5785,10.0000,10.0997
292.8017,240.1236,10.0000,10.1230
295.2589,235.5529,10.0000,10.1342
295.2733,241.1075,10.0000,10.0578
295.2102,236.2657,10.0000,10.0000
295.2485,241.6968,10.0000,10.0000
292.6624,247.1868,10.0000,10.1041
290.0631,252.7326,10.0000,10.1614
295.0346,253.3542,10.0000,10.1979
289.8356,253.9680,10.0000,10.2456
294.8044,254.5585,10.0000,10.2928
292.1725,249.8630,10.0000,10.2418
