1
191.4781,216.9165,39.0760,97.2274
188.9376,216.1087,38.9646,95.8088
187.8340,216.3364,38.2560,93.4785
187.2469,216.0239,37.6635,90.4538
185.4209,220.0097,37.3006,89.8847
182.5026,225.1885,38.7047,87.7944
180.2048,229.0530,39.5504,86.8587
179.7006,243.2997,40.0120,88.0032
172.5536,246.2689,41.5447,88.2354
162.1983,250.4761,41.7072,89.7444
157.6496,269.6809,45.0087,87.2486
181.8456,238.8881,44.5967,89.3290
181.0536,233.7820,44.4768,88.8673
184.7443,231.2198,43.8756,89.2555
182.1181,226.4206,43.9797,88.5263
183.9162,263.5252,46.4078,84.1343
2
0
0
0
0
1
205.6124,228.1145,47.2909,64.5488
211.9083,229.7927,42.6082,67.0785
216.5676,233.6417,40.5435,67.0983
221.8243,234.3540,38.3828,68.1956
226.0749,237.5101,37.1410,68.1147
233.3112,241.5742,35.7985,68.5264
239.3646,246.3453,36.0293,66.4389
245.2828,243.5048,35.9756,65.0377
243.8958,258.8258,39.5647,59.4786
236.0832,288.1733,42.1966,56.1509
236.7618,307.0837,43.1761,54.9108
2
0
0
0
0
1
277.7832,235.7392,55.2997,84.1752
281.7330,236.6133,55.2115,83.2062
286.2662,237.2592,53.4769,83.0787
287.1565,237.3792,51.0996,83.3562
288.0701,236.0143,48.1705,84.4176
287.5544,234.6441,45.8295,84.9630
287.5783,233.1631,45.2027,84.1499
287.5963,233.7964,45.0117,83.7688
285.9246,233.2809,43.8802,83.6386
287.3606,232.2101,43.7705,83.8149
286.2454,232.2292,44.4930,83.7417
284.1952,229.4972,45.4484,84.5422
280.0370,229.7160,45.8588,86.4706
278.3894,229.4637,47.5280,86.8385
276.7865,229.1091,48.9351,88.0337
274.5842,228.8465,49.5329,88.1514
272.6348,230.0086,47.2602,88.4399
273.0389,231.5569,46.6248,88.0628
274.7852,233.7012,46.3573,88.0481
271.5775,236.2377,47.8663,85.4992
268.6561,239.0364,49.1048,82.9264
264.5145,240.7993,50.0284,81.1457
258.6422,240.1570,52.5774,78.5535
254.1181,242.1314,54.8590,76.2995
248.3730,247.5391,54.9204,74.0197
242.5473,247.9542,54.2345,73.9566
236.0514,246.3572,52.7935,73.7406
235.4240,252.6199,51.2973,74.3489
231.3100,251.3977,48.5803,74.5037
227.8102,254.7011,48.1850,73.6751
223.1155,254.2163,47.5948,72.9950
220.1676,257.2748,46.8412,72.6644
210.8935,250.2428,45.7828,72.5177
203.8198,249.6469,45.1893,71.8041
194.7395,245.7965,43.7821,73.3603
184.4174,238.3853,42.9350,71.0611
180.2516,259.6187,44.5779,67.6656
171.6236,242.0256,44.0042,67.5493
170.9386,247.2070,39.7165,70.9059
171.2103,253.9368,39.2477,69.3635
165.8925,260.1963,40.0303,66.2178
157.4633,252.9037,38.6013,66.3892
151.5606,242.7896,38.4223,68.4639
146.7956,232.0294,38.9290,71.0498
141.9775,229.5971,38.0881,72.6545
136.6258,228.9800,38.1507,74.5384
134.5401,227.9301,38.8455,75.9383
130.2954,225.8304,38.7049,78.4139
127.6318,224.9713,37.3233,83.8339
124.8773,225.3946,36.3575,88.4606
123.5378,225.3967,35.5586,91.6517
119.4166,222.5385,36.7899,91.7406
120.2619,224.7332,38.4902,90.0636
114.8455,220.8570,41.6863,89.2048
112.1410,214.4676,45.7060,89.5320
110.2450,211.1781,47.5337,89.6720
108.9754,211.7681,47.3029,90.1345
108.7388,211.9407,44.4471,92.3525
108.3660,211.0188,41.7212,93.6830
111.3732,212.4744,42.0385,93.4887
115.1844,215.2263,42.2795,92.7761
115.5604,214.9044,41.8118,93.6838
115.9232,212.2206,42.0072,93.2367
117.0642,204.1524,40.7790,93.9725
119.0642,215.4706,41.7743,96.8791
123.6008,214.4290,43.6568,96.5001
123.5858,198.7065,42.3966,97.2405
124.1758,199.5609,42.2534,98.6219
128.8046,200.2045,42.2316,99.6731
136.5532,204.9263,44.5543,99.1849
139.2950,212.0164,44.6492,99.1270
140.7150,205.7386,44.1195,100.8065
144.0771,216.0552,44.9051,99.6326
146.0228,202.5676,45.0046,99.6113
148.3150,196.9613,44.5806,101.4524
151.9246,193.0177,44.6366,102.9626
157.5333,188.0803,45.0360,103.3429
156.8145,184.1328,42.9451,104.2856
161.9831,187.2201,43.0188,104.5006
165.9350,185.4302,43.0432,103.8049
167.0000,195.7043,42.7594,103.2249
174.4797,189.3458,42.8687,103.0915
177.2216,201.9974,43.9407,101.4059
178.1528,185.2858,43.9421,101.3943
182.2855,178.4195,43.3591,101.4969
186.2674,175.6127,42.8805,101.1276
188.7443,174.6183,42.4392,99.3926
192.2410,174.5329,41.9462,99.2487
194.5930,173.8196,41.3025,99.1308
196.4913,175.2123,40.3244,99.4893
198.8862,176.2080,38.9139,99.7136
203.1671,174.1502,38.0172,99.9656
206.7393,172.6594,36.1745,100.6085
209.7493,170.9458,35.1646,100.6388
212.5885,168.2152,34.9526,98.9560
213.2195,166.0572,36.0238,96.0879
213.4744,164.8288,36.7210,93.1645
212.9051,165.2218,36.8295,90.9216
214.5283,164.5792,37.2423,88.2462
214.4914,164.7136,37.7562,86.6510
215.7171,166.4598,38.2817,84.1135
217.1279,167.4903,38.3786,83.4097
219.5006,167.0489,37.2709,84.1738
222.1964,167.9387,36.5712,84.3078
223.4111,175.7356,37.8349,85.1087
224.5670,171.4428,37.4959,86.1940
225.4395,171.2399,37.5734,86.5353
223.1674,160.9272,37.9915,84.0535
231.4179,165.5960,37.5809,84.8981
232.8499,167.6974,36.9013,86.9370
233.8504,163.8621,35.5558,87.8155
235.9637,166.1427,34.9764,89.2426
238.1037,165.5954,35.3685,87.5050
236.1196,167.5957,37.6350,88.0149
240.0835,165.3751,37.8592,85.2969
242.7076,165.5780,36.9807,83.9577
245.3998,165.8937,36.7573,80.1594
247.2512,163.8035,37.4895,77.2075
250.0759,163.5458,37.3263,77.7620
251.1244,164.0376,37.3245,76.9281
253.5141,162.3242,36.0648,79.5423
254.3689,162.0298,35.8361,80.3927
255.7327,163.9402,35.1116,79.9080
256.4862,162.7650,35.1077,77.6875
258.5158,162.0469,34.7159,76.2203
262.1439,161.6508,33.7347,76.7357
264.7645,159.6038,33.2778,76.8198
270.3126,160.3003,33.2340,75.5001
272.2130,160.3988,32.5244,74.9762
274.2707,164.7492,31.6018,74.1887
275.4837,164.1120,32.2288,72.7715
278.0769,164.0265,32.5178,72.1193
278.6345,166.0972,33.3453,72.4556
280.1893,165.1046,33.9453,72.0574
281.3752,163.9809,34.6164,70.9907
282.3988,163.4048,35.5483,69.6016
282.4639,162.2281,36.6620,67.6186
281.8073,161.8579,37.9196,66.4786
281.7838,162.8683,39.3358,67.3033
279.0934,162.2363,41.1405,65.6355
277.6486,162.4160,41.5483,64.8429
278.0249,163.2313,40.9420,65.2327
279.2736,161.7314,39.8774,66.3936
281.0839,160.3365,37.6526,68.8639
282.1094,155.5285,34.7158,72.8746
282.9795,154.2906,33.1795,75.9853
282.5887,153.9346,32.5884,77.9631
283.4615,151.3235,32.8591,78.9510
282.8918,154.5211,33.6504,78.4320
282.7556,154.4797,34.0472,79.2897
282.2094,157.5177,33.1199,80.1682
283.3699,161.3693,34.8088,79.3205
280.8252,162.7970,34.7045,80.4840
283.0548,166.9476,37.0468,79.9311
281.7500,161.7599,36.5545,81.8967
281.6404,158.9304,36.1279,82.8635
280.8328,159.4958,35.4596,83.3666
279.8339,160.0907,35.2896,84.4219
278.0245,176.7055,39.2355,81.9607
278.1786,167.1407,38.7751,82.4106
278.0653,175.2868,38.9114,84.0252
278.7230,171.2576,38.5536,85.1452
282.2493,161.5261,37.4361,85.5519
283.6458,162.4659,36.5592,84.5322
283.1284,160.0988,35.9885,84.4168
286.5561,157.4530,36.4174,84.0749
285.2545,161.8105,35.4740,83.9164
288.0388,159.7414,35.8840,84.4213
284.6674,166.0855,38.3740,84.3057
289.2175,163.7048,38.7208,84.3557
283.7556,172.4831,40.6776,83.3029
284.5198,168.8082,39.8353,84.5318
284.1286,169.2923,39.4715,84.9264
283.8538,169.7013,39.2559,85.2282
282.2104,167.9292,39.2658,85.1718
281.4079,174.7604,38.8763,86.2079
279.4497,177.8184,38.4749,89.2385
277.9971,178.3123,38.0160,91.3718
276.4463,172.6019,37.6436,91.9892
276.8900,175.9836,37.1847,92.9484
278.2259,166.8042,35.3532,93.6058
278.6746,169.7184,34.6865,93.2945
277.5216,172.0047,34.9530,94.1447
276.4482,172.9583,36.6177,94.7359
274.4608,173.4999,37.4451,97.6608
272.2986,171.5057,38.4408,99.7836
270.3177,174.0374,39.7482,100.6456
270.1036,174.6154,39.6052,100.4155
268.6430,175.4340,38.4841,100.6187
267.5113,179.9574,38.6951,102.2364
266.2488,169.0150,37.3384,100.9687
265.1937,173.3519,37.1755,101.5058
262.9960,186.0964,38.8284,100.8726
260.1735,167.2544,37.7677,99.3203
257.2316,169.9446,37.3313,100.6645
255.4890,170.4726,36.7958,100.7188
252.1696,175.1889,36.4364,101.0279
250.8248,176.6434,36.0063,101.8370
248.7290,178.5704,35.7332,103.2221
246.2509,180.9027,36.0093,103.7036
244.2678,185.3912,36.8639,104.1794
241.3423,189.1507,37.4144,105.0926
240.2122,189.6440,38.3248,106.5061
238.3656,190.3187,38.9379,106.9659
235.6665,190.9820,40.0711,107.0701
232.0494,183.6027,39.8554,106.1513
229.3335,189.5565,41.8348,106.4089
228.4266,191.3224,42.0023,109.1144
226.0010,193.5493,41.6294,109.9063
223.4585,192.9509,41.4509,109.7073
218.2081,184.0902,41.6119,109.4728
216.4819,180.0111,41.6741,108.7577
214.3861,179.8503,41.0734,107.7169
213.3135,179.0671,40.5614,106.5799
211.7372,179.1901,40.1562,106.7080
210.0671,182.0429,39.2521,105.2747
208.3265,183.7620,38.3090,102.8907
207.8621,184.7378,38.7164,98.9958
205.5447,186.6927,38.6241,97.9766
204.2316,187.0627,39.9188,94.5593
199.8511,190.8880,40.7197,93.7188
198.0940,197.5291,43.0048,95.2926
194.6922,197.5763,43.2061,98.6639
192.2728,189.1106,44.3903,94.5391
191.6551,192.6160,45.1915,93.8007
190.1076,190.0022,44.8007,93.0660
188.0837,188.0630,44.5230,92.9349
188.0444,186.4525,44.0599,93.1967
188.0430,184.4678,43.5244,92.2135
189.1293,184.9920,42.2038,92.8205
191.2051,186.8925,40.9892,94.5642
189.0932,183.5168,41.5414,93.3891
189.9133,185.8840,42.5183,91.4314
190.2575,188.4645,42.5277,90.1644
190.0222,188.7275,42.2684,90.7781
190.6676,189.6927,42.2459,93.3179
190.5074,188.7684,42.7434,93.4852
189.4583,186.3616,42.9295,94.3463
187.2716,184.8759,42.9060,94.5757
186.4043,184.4557,41.2265,96.7583
188.6858,181.2377,40.5700,96.2239
186.0306,182.0640,41.4221,94.8568
186.1473,186.7130,41.8973,91.4752
182.4627,187.9783,43.3326,89.3315
184.5492,193.0450,43.8252,87.2333
186.0433,191.3959,42.8628,88.9412
188.1769,193.1369,41.7768,91.5503
188.3891,190.4564,41.5211,93.9056
189.8321,188.8044,40.4126,97.5654
190.6189,184.6611,40.2451,98.9211
190.2098,182.5043,39.9861,101.3137
191.3069,182.0210,39.2124,103.2525
188.7240,179.4010,39.2105,103.8000
188.7818,182.5579,39.5815,102.7926
187.4284,185.5651,39.9469,103.8567
187.8009,185.6661,39.9110,104.0576
186.9024,189.7792,40.0898,107.7044
184.1870,190.0168,41.5178,108.3223
181.7061,191.1235,43.2524,107.6889
178.5547,194.3162,43.7395,107.5207
178.6851,195.5043,44.2021,106.1259
176.0068,195.4501,43.7003,106.4070
173.1584,196.4051,43.2672,106.5739
170.8436,195.2135,43.8902,107.6366
168.2318,194.5316,43.1015,109.3051
167.2249,196.3955,42.0778,111.4239
164.2673,194.7897,41.8080,111.7474
160.9495,201.0402,42.4979,112.4878
153.3685,207.6298,43.8422,113.7385
154.1920,202.8482,43.6402,116.0551
151.3309,206.5746,43.3711,119.3034
149.0517,193.0345,42.1310,119.7345
146.2961,196.6360,42.4851,120.9390
143.0737,199.2270,43.6004,122.3460
141.4709,200.6782,44.3236,124.5483
137.9911,204.2376,46.1583,124.8457
134.1530,199.5343,46.3190,122.9866
131.8293,207.8061,50.3807,122.2509
127.3506,211.6801,54.6042,122.8330
124.0291,213.1824,58.8880,123.1155
121.9237,212.2169,60.8374,124.6463
121.0043,210.2799,61.2929,125.9400
120.0707,209.5172,60.5432,127.2627
120.2688,208.6892,59.8642,128.8620
120.0365,208.7483,58.9708,129.9824
118.7211,207.9876,56.5876,125.5171
121.0056,210.4648,55.3726,126.5615
121.3193,209.3008,54.3107,128.4016
122.1083,206.3685,51.8133,125.7626
122.3293,208.2240,50.2017,121.4858
124.9365,208.2692,48.0150,118.8804
125.5436,210.3495,45.7789,117.6053
127.1402,208.7341,44.7182,115.4117
128.8053,210.7204,43.7715,114.0719
130.5537,210.1157,42.8106,112.9579
131.9827,210.6571,42.2676,111.2968
133.7874,211.7070,41.4341,109.2361
135.0501,213.2311,40.6804,107.7767
137.5374,212.2850,40.3302,107.8143
139.6817,213.6100,38.8876,107.6507
140.3011,213.8755,37.1273,108.1239
142.3186,212.9255,36.5150,107.7070
142.4518,211.6508,36.5538,107.4021
143.2192,211.4415,36.9999,107.0194
144.3311,213.7819,37.3217,105.6136
143.8583,213.4240,37.5558,106.4314
144.2823,214.3981,37.6242,106.5485
143.7788,213.6991,37.6406,106.9047
143.6333,214.2385,37.0473,107.7187
142.6568,214.1377,37.2842,107.8665
143.4704,214.8515,37.4741,108.3621
142.7319,214.2131,37.6358,108.4485
143.6729,215.9459,36.8456,108.6836
141.7966,213.7812,36.9833,108.6310
141.8176,214.5084,36.7060,108.6775
140.2047,213.4629,35.9267,109.0614
139.7491,212.2948,35.1488,109.3759
139.7335,211.5994,34.5575,109.9728
138.8545,211.4973,34.0217,110.3871
139.1386,214.6884,34.2839,110.9819
138.7511,212.1411,33.4481,111.5225
138.1275,214.7239,33.1904,113.6812
139.0049,211.0840,33.1570,114.9181
138.5174,211.3335,32.9020,115.9106
137.8527,215.3152,33.6888,115.2782
138.6665,216.6514,34.6762,116.8483
137.6232,213.5735,35.3454,115.2784
139.2277,210.3419,34.5203,114.6945
143.0279,210.5223,34.2888,113.7625
141.1748,211.6709,33.9020,113.2986
142.9479,212.5626,33.4330,115.3712
144.6644,213.6208,32.8228,116.8609
145.6102,212.4950,33.3476,116.9941
146.8112,216.5450,33.7255,116.2943
147.4990,214.8994,35.5544,116.3041
147.2287,215.1261,36.8599,115.9464
148.2617,214.8191,37.2680,116.3615
149.1774,215.5040,37.5597,116.9521
149.1529,215.7951,37.2721,117.5134
150.2001,215.3083,37.6977,118.8125
149.5908,216.5274,37.3540,119.7721
149.8363,216.5850,38.0560,119.5045
150.9433,218.2837,38.2299,120.7199
150.5384,220.5900,38.7532,120.5937
150.8183,218.5257,40.6003,120.3279
150.9336,218.2409,40.4592,122.5554
151.0972,218.1755,40.6321,124.7430
150.8730,219.4591,41.7854,124.8785
151.7673,219.6561,42.3213,122.8512
151.6612,218.9833,42.4404,122.2717
151.2973,221.5128,42.5367,121.9686
151.1237,219.7924,42.7802,122.6165
151.7285,220.3391,42.7909,122.9919
151.7552,219.3231,43.3289,122.8199
150.4303,220.6486,43.7090,122.4622
148.8915,217.8867,44.0277,123.1304
149.8725,221.2962,45.2201,122.0726
148.9133,224.1577,45.6987,120.2315
148.8199,227.7762,46.3779,117.5017
148.1894,228.4816,47.1596,115.1680
148.3789,226.6348,46.3682,112.5099
149.7593,229.7290,45.3625,108.6957
151.1556,226.7731,44.3949,110.4664
149.7092,222.8969,44.1987,110.0805
148.5320,223.6288,43.9692,105.1429
150.3546,226.2428,42.4954,102.7245
150.9287,227.1906,41.4486,101.4018
153.1384,226.1105,40.6057,100.1149
152.9812,226.6091,40.9971,97.3783
154.2194,226.4792,41.6550,96.7844
155.0709,228.0302,42.0417,96.7277
155.7816,228.8296,42.4976,96.7585
155.1401,225.7077,41.7379,98.1982
158.5794,225.9521,40.5309,98.7637
160.3486,227.1635,39.6029,99.9273
159.6016,228.4580,39.0276,101.0692
160.7014,228.1662,39.0380,102.7349
161.4077,225.5912,39.0894,103.9301
162.4633,227.9364,39.0196,104.6937
161.7303,226.5211,39.3519,104.9260
163.1925,227.0180,39.0957,106.2986
163.5042,221.6765,39.0416,107.5189
164.4255,224.3499,39.5837,107.9557
164.7874,222.3176,40.2166,106.9140
166.7032,225.2823,39.4066,106.7259
166.8214,223.6309,38.8693,106.4206
168.3708,225.6553,38.3114,105.8235
168.3204,223.9613,38.1582,105.0753
170.2500,226.3239,37.7045,105.3975
170.5501,225.8621,38.7034,103.3156
171.5399,225.9720,39.1536,103.4177
172.6700,227.8097,39.1290,103.9580
174.1979,225.8468,39.4094,103.9592
175.7636,223.7870,39.6506,104.4967
179.9618,222.2883,38.6233,104.9790
182.3363,222.2946,37.8615,106.0491
185.9676,224.0531,36.2931,106.3273
187.6000,223.3843,35.0016,106.4990
189.7870,224.2296,33.9110,107.6009
191.5028,224.1167,33.3331,108.2538
193.7587,221.5599,32.4968,106.7537
196.0070,220.3734,32.3050,103.3072
197.8515,220.6014,31.9088,99.9287
198.9513,223.9860,32.2339,99.0463
199.7083,224.2803,32.1651,97.6344
201.1558,225.4029,32.2422,96.0570
202.7420,225.2866,32.7761,94.6659
203.9672,227.1257,34.2714,94.3605
205.6833,224.1925,34.9208,94.9626
207.7335,220.9205,34.8070,95.8095
210.2194,218.5393,34.7683,96.8262
211.5592,219.0837,35.0463,95.5635
214.0672,219.9169,35.0284,96.7653
215.4378,220.4566,35.5497,97.7655
218.9817,219.6378,36.2546,98.2294
219.8264,222.0659,38.2543,97.2468
222.3929,225.1075,39.3723,95.8475
225.6754,227.9150,40.6415,93.8617
230.3115,231.2306,41.5691,92.7372
233.8277,229.1301,42.2193,90.0065
238.1238,232.0076,42.9838,88.2758
242.4439,232.2603,45.0022,86.2860
246.2191,232.1141,46.8933,85.3226
252.1208,229.7126,47.3561,85.6977
257.7844,233.7940,47.5211,84.5662
262.7357,234.9400,46.2017,84.8613
271.6594,234.8836,44.0021,84.8649
277.4003,234.6529,44.1707,85.9808
280.8540,233.1823,42.7659,88.0994
286.2168,233.4093,42.6378,87.1242
293.0934,228.1460,40.5824,89.6380
304.4851,223.5939,38.1172,93.8671
308.9897,222.7900,37.6924,93.6338
314.1789,223.9541,38.8448,92.3287
318.3334,225.5836,40.3449,92.7608
326.2800,225.6766,40.4553,93.0017
331.7388,228.4463,39.6338,94.4956
339.5859,226.5504,40.0207,93.3198
347.7339,223.2598,39.9877,91.6881
355.8533,223.9030,42.7021,90.2712
366.8233,216.1538,42.7969,91.3589
371.7778,214.7776,42.3819,95.1127
376.3531,216.7712,42.8407,96.5596
384.4597,227.4201,43.3098,96.8218
390.9299,223.7760,43.5011,97.4319
401.9155,226.8397,44.1915,98.7139
406.9755,227.6857,45.3469,99.4798
414.0078,226.0968,44.4402,101.2827
416.3398,224.3541,43.8913,102.9686
417.0437,224.2434,43.7663,104.9207
417.5471,220.7027,43.8736,108.2044
416.7302,219.9528,43.8494,108.9323
415.8690,217.4890,43.6277,109.8974
415.0182,214.8152,43.0806,111.0301
414.6373,208.7679,44.1234,106.7992
407.1248,206.9979,43.3842,105.3766
407.3514,202.5636,42.9067,104.7340
406.0972,202.7858,44.6857,101.6512
403.6955,204.5618,46.8693,100.7130
401.2782,202.7200,47.8888,101.9545
398.5546,202.3396,48.5381,103.3012
393.1223,197.0759,48.0791,107.8076
392.7057,197.3676,47.8153,112.5378
386.3627,189.5180,45.8169,113.6045
382.3689,187.7619,44.7998,112.7274
379.3806,185.5957,43.2700,111.8167
374.6024,184.9026,42.1959,111.4778
372.0637,183.3627,41.0238,110.1219
367.6379,182.3690,40.6492,106.4706
367.2088,183.1027,39.8819,102.8824
363.7917,183.8117,38.4406,100.7316
361.0487,183.6356,38.2642,97.9816
359.2396,184.3687,38.7252,95.0642
357.3261,185.2188,39.0457,92.6677
355.3771,186.3538,38.8822,92.1888
354.2779,186.2636,39.3883,91.5496
353.7391,184.2124,39.9517,91.8943
353.0440,182.3999,40.1154,91.9715
352.2823,180.5849,39.7378,91.7398
352.1010,179.3984,38.7654,91.0527
351.5778,178.3022,37.7038,91.1544
351.0457,176.5106,36.4202,90.9770
349.3284,177.5664,36.5983,89.3143
349.3043,177.8545,36.5703,89.4955
348.6506,177.5273,36.6890,90.7834
349.4408,176.4182,36.4013,91.0161
349.1788,176.8647,36.6356,91.0003
348.0471,179.1658,37.8220,93.1409
348.6370,176.9367,37.2083,95.9395
349.5833,176.2523,36.4763,96.7157
346.7907,177.0585,37.4542,97.1355
346.9389,176.0794,37.7260,96.9634
345.5980,176.6522,39.6688,95.9872
343.3448,176.5106,40.5983,94.4217
341.9255,179.3173,40.8202,93.6501
341.3526,177.8193,40.6533,93.6333
340.8768,176.9284,40.5384,93.3619
338.8988,178.2640,40.0884,93.2996
338.3503,178.7888,40.2458,93.1384
337.3259,178.6139,40.2694,93.4368
336.4365,178.4099,40.4947,93.2200
333.9050,178.9109,40.8514,93.0971
333.8549,178.6920,40.9715,93.0266
332.6649,181.1691,41.1933,92.5599
336.1082,187.2357,41.0271,94.1118
333.1856,183.5426,39.9188,94.4652
332.5777,183.7741,39.4345,94.5441
331.4199,188.2656,40.1177,95.2911
330.8746,184.4303,38.7169,94.7599
328.1819,183.1861,38.9447,92.5382
326.4202,181.2010,39.6144,90.8277
324.1443,184.8045,41.2707,90.7640
322.5913,179.0649,41.3999,90.9510
321.3597,177.8193,41.4494,90.8801
320.9572,176.2671,41.4374,90.9089
320.2800,174.5550,41.3417,91.0223
318.5844,174.4373,41.0743,89.8501
317.4744,174.4680,41.1915,88.7140
316.6901,174.2572,41.2964,88.1308
316.2523,175.7069,41.2872,88.1249
315.2032,181.2736,40.9753,88.7235
313.1517,178.8373,40.7091,88.8136
312.0182,180.5999,40.6668,89.0336
310.8564,183.6932,40.8901,89.2203
310.0952,181.8702,40.9787,89.6110
307.6876,182.1364,41.3471,88.5246
305.6078,181.9839,41.3622,87.4493
299.2509,184.7088,42.2886,88.2932
298.7144,182.0767,43.7375,86.8339
295.4963,181.2238,45.1002,84.1781
294.3380,183.3791,45.2162,84.3558
293.5879,182.2415,43.9905,85.3972
292.8821,182.6836,43.5776,85.3212
292.5136,181.7575,43.5720,86.5984
292.1942,176.2611,43.1716,89.7394
292.7867,174.3131,43.2463,91.9211
293.4049,172.9861,42.7661,93.4352
293.1838,171.8123,41.8066,94.2183
293.1488,172.6943,40.7335,94.8645
293.2712,172.8067,40.0154,94.8212
294.2363,174.4943,39.7998,93.0920
293.2993,176.2163,40.3227,91.4238
293.1618,178.2546,40.7776,91.1474
292.3252,177.4706,41.9611,91.4426
291.8904,176.0886,43.2485,91.7955
288.5894,176.0757,45.2713,91.2870
288.1535,175.0005,47.2779,90.5582
287.2843,174.6562,49.3368,89.8526
287.1564,173.4297,50.4764,89.5847
286.0530,172.0473,50.7176,89.6150
287.4303,171.2431,49.6329,90.8304
287.4824,169.1180,48.9097,92.2724
287.8776,165.7669,48.7034,92.2102
287.7906,165.3535,48.9109,90.8887
288.6673,166.4160,48.4478,91.7840
289.9775,165.2916,47.2427,93.4405
290.8576,166.0834,46.3986,93.9053
291.5088,167.0628,45.5007,95.0839
292.7011,168.6616,44.7113,96.2986
293.4485,168.6931,44.0569,98.0706
295.2548,167.3241,43.4629,99.4888
297.7612,164.7679,42.6073,100.6330
299.9028,161.8595,41.9208,99.8633
302.0309,161.0473,41.7078,98.8698
305.8101,160.4547,40.5853,97.4506
308.7067,159.7710,40.0182,94.8594
310.9414,159.3860,40.0118,91.9766
314.1528,161.4466,39.9972,90.7358
315.6480,163.5173,39.9214,88.8959
318.7073,162.6692,39.8294,87.5016
321.7042,164.9599,40.4089,85.3019
324.4478,162.7749,39.8185,85.4547
325.2479,162.3687,40.5228,84.1035
327.7597,161.1107,40.4478,83.8256
328.4011,160.2034,41.0954,83.2137
330.4114,159.9512,41.4663,81.6143
331.1300,160.5672,41.9423,81.2424
332.3728,159.7364,41.7480,82.4590
336.1692,161.0657,40.5644,84.4038
339.4006,169.1101,40.6160,88.3304
338.9107,164.4370,40.6173,88.8325
335.1205,150.2320,40.4224,88.4739
333.6673,155.2009,40.4779,89.3938
331.4975,144.4774,40.4516,89.3815
333.5591,157.6427,40.2161,90.8636
329.5839,137.7534,40.0502,90.4564
329.1862,140.0559,41.3282,91.3788
327.3680,135.3177,41.0727,92.9398
327.6791,133.3869,38.1719,94.2170
331.5166,139.1187,36.6091,98.0763
328.6498,138.8311,35.9549,99.7895
332.1928,142.3389,36.1545,103.2614
329.2759,142.9385,34.6408,103.6083
333.3564,144.7136,34.6498,104.8208
332.0395,149.5444,34.2245,107.1826
330.2764,154.3894,35.6864,106.9642
327.6691,157.1559,36.9100,107.0241
326.2907,159.0410,37.2695,107.4297
326.9871,161.3589,37.9484,107.0128
326.4236,162.2724,38.4266,106.6703
323.6544,167.3579,38.8128,106.5487
323.0722,165.8932,39.2964,106.6931
324.2040,165.3555,39.6713,108.1467
324.6853,167.6272,40.3332,109.0255
325.7654,169.0757,41.4484,108.1427
323.2310,186.2561,43.6787,102.3385
320.9424,206.3601,44.5232,98.8415
323.5371,216.8999,44.2282,103.3802
327.3923,221.2643,43.3164,106.3273
328.7442,229.3890,43.0656,105.0941
333.0271,228.3033,42.5353,104.2740
334.6999,233.9556,43.3475,101.6999
338.4940,232.8597,42.1132,103.8369
341.5886,233.9204,41.2846,104.7304
345.3203,234.4362,40.1299,105.8681
348.9286,239.6432,39.6125,106.9389
352.2728,243.2110,39.2861,104.2020
356.2585,255.4377,39.5156,102.3816
359.3664,261.7182,39.4886,98.8371
363.1984,268.7651,39.8058,97.6883
367.3016,272.1869,39.3507,95.6273
2
0
0
0
0
1
338.9230,213.2329,40.9094,107.3418
336.1805,215.2434,41.6933,107.8069
336.5373,216.9582,42.1407,107.1551
335.3737,216.8602,42.5054,105.4725
337.0298,218.3981,42.5050,102.8644
338.0375,219.8507,41.2523,100.6942
337.4398,219.6752,40.5979,98.8100
337.3976,216.5616,40.1045,96.5988
341.2560,219.5049,38.1093,96.2733
338.9979,214.5698,38.5561,97.4245
337.7355,219.6858,38.3358,99.2798
338.8722,214.9037,38.2618,100.6496
338.6904,213.9085,38.3731,102.3333
339.0957,217.1725,38.9694,103.5821
340.7885,214.6372,39.4305,104.0661
342.8246,213.4012,38.7435,105.7510
344.6977,212.9985,38.4503,106.8908
346.2834,213.0089,38.0359,106.9283
347.5921,215.1539,36.7688,107.3121
346.4884,212.2234,36.7633,108.0424
347.6517,210.4538,36.1417,109.1881
347.5889,210.2767,35.0843,109.0196
347.6205,209.9325,33.9034,109.1062
346.8786,207.8667,33.0482,108.7499
347.0416,205.0544,32.6363,108.5566
347.9043,205.6206,32.3281,108.8439
345.5156,206.2050,33.2659,108.4903
343.6325,206.4343,34.2116,108.3997
343.1383,207.2435,35.0497,106.2994
341.5767,207.4861,36.2701,104.7728
340.7226,208.2122,36.9575,102.7369
340.5970,208.5191,38.0175,101.8112
333.9881,221.6960,42.1731,98.5979
337.0421,213.2696,42.5256,99.6901
337.9041,208.5862,42.7400,100.8940
336.6289,210.6349,43.9808,102.7578
335.3288,209.7466,44.4643,103.0221
334.9789,208.2525,44.8181,103.4070
332.1749,208.2943,45.0615,102.3377
330.7614,208.8318,47.2212,101.2647
331.8235,206.7180,47.0012,102.7864
329.3816,208.3374,46.8885,103.9080
327.4589,207.5200,46.9368,104.9576
324.6891,212.4082,49.2337,102.4608
323.6983,211.1578,51.3621,100.6466
337.0221,213.6838,46.2903,102.0928
334.6128,212.7916,44.2973,101.8114
334.0834,214.9517,43.7983,102.0203
332.8365,216.5402,44.4061,101.7630
335.1931,213.1268,42.6841,101.2604
335.0778,210.4241,41.5638,103.9860
330.9672,210.1127,41.1227,103.6921
328.4183,211.3135,41.7772,102.4163
326.0273,213.1898,43.9472,99.3819
321.5896,215.8062,45.7261,96.7820
317.5679,210.5128,47.7966,95.8601
315.3989,211.3420,49.5498,95.3630
310.6270,200.1748,49.6575,98.2598
