197.5,203.5,170,149
189.0234429216971,202.0884529170173,170.89041427345558,150.82309416596541
191.77454631028505,200.79649996813944,170.45209733179007,153.4070000637211
212.20244560015848,199.71319648438435,170.38331480944174,155.57360703123126
230.2216054202782,199.03856966817958,170.26798120822556,156.92286066364085
235.37499616755468,198.6512924150645,170.2642799161947,157.69741516987102
253.73385353279264,197.4331406423005,169.69318693360313,160.13371871539906
269.0477007179391,197.2899133910044,170.22696696279357,160.4201732179912
256.3318878816981,184.72978874221104,169.62624773473328,159.50807761503563
233.68033017466593,167.63415667068517,168.28591471153632,157.42110408466183
193.57806893506628,166.04728939032668,166.43394267268712,155.4663077380008
157.11429227151496,168.36125298871826,168.40166117990174,155.90694017120967
154.99032262081738,167.84064366538854,167.54332611356634,156.94815881786909
168.00720427924568,164.836918652025,167.05666818249267,157.84618776743963
204.12686067453262,169.96724701225446,166.4422850133881,157.8176638500477
249.09653878137848,182.87978427318413,163.305001895874,157.52261082706417
300.77278671684655,181.71803618282829,160.99646986590307,159.84610700777586
318.1223762387773,184.64297520125137,161.66570702869006,159.0488598575937
290.02185945069476,188.0049236304439,162.3103488463889,157.37554406816014
233.0160147526047,188.86087533570648,160.5337464532505,155.66364065763497
192.7311346234266,190.08524683036518,161.43408668365922,153.21489766831755
162.33484115644083,190.58459444013292,162.7705200929612,152.2162024487821
162.30005632168832,175.46461805264647,162.8400897624662,152.6978074670714
164.73806706025826,173.54206038346751,162.93252725202944,151.57446383872622
182.6353120331052,170.2448837513633,161.8024467195543,153.21675861533197
197.44594685196543,169.7195504204872,161.9440073958719,154.26742527708416
199.90838378259346,169.2233353007576,161.99847426718526,155.25985551654333
217.9555176834383,172.7029223465597,160.8755933436364,153.29659383610215
219.42419768055345,194.67341270080908,162.885466926537,148.9334817446506
227.0139535499206,231.14748792908534,162.43387199185418,144.71560970700511
235.2686124184653,261.6458998517143,165.26450341300912,141.73863333648038
240.57059782288184,262.597497260914,164.3228224765787,144.66658345428237
233.8258303247576,250.19348323314424,163.22181904483628,145.15704746317016
216.42396203832197,236.0191733320659,164.0456199476639,144.38000811957517
197.19479810725477,221.903657341905,163.66692731769862,143.48327473082227
190.60219479689874,202.4899552289412,162.34893549145465,143.6354830982003
194.14184821464482,180.8210601356977,160.08602747529196,143.62568391072165
211.56211172112646,179.99816615902725,158.7132365878245,145.27147186406256
236.14509660714063,218.46382574873766,162.19316330192538,140.13001152936346
254.8089638456529,236.88485943204495,162.9280228757914,141.35053821363942
257.0302060891978,245.80338755456793,163.274313724586,142.66858331213126
254.72690374394836,233.8990728531814,163.06565275646585,142.40088442180922
237.74255456023258,206.15277129249523,163.38014344552585,140.2005600945446
208.23144005900625,174.95010528227684,165.0746134618725,140.50081988003325
172.28588157767012,172.1253126614506,160.03261263811328,141.34208526003374
136.3867917213933,174.31353411329843,160.67415367171955,141.70941826826794
124.80377368228638,189.58140979488337,160.04216944908356,144.49089532628784
129.79709931807218,206.22383800863537,159.64398372060248,144.76566829960075
147.3839713296225,202.97716713252277,158.01718735253476,146.4665889582498
167.89381529211403,202.03922039566805,155.35075925241281,148.34248243195916
197.0247650664365,199.36491629819818,154.47588803345786,148.9088382660914
216.51164323224816,200.01292841529272,153.72222074094512,147.61281403190233
244.55356216885087,220.38993053433168,154.58066027040184,144.8203280622659
265.4161358202094,240.28985121487705,155.2846612537695,142.7352851776949
283.99694227913085,244.20044638989972,155.66054548422602,144.29846911472436
286.795932150673,243.4069729303408,154.78548246711455,145.8854160338422
267.56946790528116,236.46792272314207,155.36276173804913,140.82569183831515
223.28746597161495,212.36627534103997,150.6671579334231,137.73620238294222
167.94471453081502,189.73052429891987,152.37721044892422,137.60126681464126
184.82095751204832,187.47243590582502,150.5804793713828,142.11744360083097
222.18561879661183,187.1725899621969,149.59410709198391,142.7171354880872
242.7105145588095,186.337055437679,149.97138902142902,144.38820453712302
263.5296954245068,200.844110354068,150.05140846555602,143.18634882135953
277.04288196801735,202.8634160743489,150.73064167649662,143.765338430458
276.0849064010446,222.4766465200478,152.6465928104421,141.6381388694387
271.68218057888953,241.27485985261768,152.18485540452457,141.11046840520967
255.24030442057074,259.51617608980655,152.74260219365613,141.5718422479817
254.7017027987502,259.6722157086634,153.8198054372972,141.259763010268
253.7205639120894,255.7263212399497,155.78208321061882,139.85981230340803
234.39568506020237,240.12393310132768,157.19912455167363,138.48596176327274
215.62307681872772,239.88808161544245,157.511331821059,138.95766473504318
201.99624344472693,236.87724366398325,156.76589747004573,140.31282378812574
205.900605701601,223.15025012105653,153.63378393423312,139.70714500636592
225.31787238005575,222.66424221569983,151.74517432471353,140.67916081707932
230.88813371194297,204.14579693713551,149.81321811798426,140.8817855460269
230.52237913840722,173.230783106128,150.54472726505577,138.629139188963
239.94915362917035,155.07422545435918,149.90298844368004,138.51863417219963
258.0117635674711,157.25443551624636,150.10727380760864,138.69940220349156
275.1143832792519,188.97975253894703,152.2800304926779,134.36301183461526
275.73705215428095,222.53207150786193,151.0346927426197,134.9362519592602
270.855734431314,249.112472086988,151.79393790173796,135.79579252190211
254.6390738100838,267.1038045169016,152.53671968723333,136.03088704146342
224.88570306050445,266.4986251573474,152.99079381199468,132.6987328856182
192.98494019626722,243.02433170971477,153.8453859658519,130.18901482939836
170.4026113852628,214.21090042893854,154.31901832399785,129.71754454792907
158.95277037491647,186.89986344161775,154.87459919422145,130.713775761445
163.7556662298448,174.29161736178156,154.2556660468066,133.46312151501283
184.69362449487437,182.7542619974459,153.13216048718414,134.65001489721155
202.30167484901898,216.38164402839504,154.15338456341962,130.81056920823164
203.84219798630969,249.77930358977332,151.07233828883824,131.27308575795456
196.32967808056816,266.08517334393787,152.76642598456237,134.21055189164915
193.9689104526621,265.0739396299921,152.97100122027177,136.23301931954074
197.01871513471485,249.34006961908977,151.42387853610424,135.83335258177968
216.52185634182163,232.1443047361533,148.59415575752797,134.04832271201528
232.2640239487319,214.04552114042,148.25694229168013,134.64917933437022
224.96251366130247,214.02582214395767,149.4981852328515,134.68857732729487
215.3240945690485,218.3368051732392,150.87957296342915,135.01433649569697
215.46199187003225,215.25181855240223,150.60377836146162,136.6837768838114
199.48912470203396,198.21883447793988,150.88931364150596,134.56666039736203
178.45492111687943,180.59382706547296,152.5159328093386,133.8684192200946
163.1920686376971,177.34603900174463,151.4884448263719,135.85639635593253
182.89567822680175,187.8509951062881,148.26875575923842,137.463690466268
222.7090060661984,206.11291466214018,145.12372589897814,136.93120468093235
244.214559469365,208.13065316801226,146.5260339246151,137.33706915238523
240.9907466609165,224.320734869746,148.50396003736046,136.2448022779796
219.06221838171524,239.85255345606808,147.52908255097813,136.56351893668483
179.2930985247882,248.15332657580092,146.5521346339294,137.85423661519758
128.8585724895364,240.30932707272385,148.89821643980207,135.6289683005097
126.5426120063688,207.96387183370211,149.0506126672872,133.12700769580204
136.19930659865653,189.92659384031617,147.50511479607303,133.66578105585134
170.19733010904218,188.23972360601104,145.90727308841934,137.03952152446158
211.68786047375198,201.03492521848025,143.12175473857053,138.18096575938006
243.25114321935177,200.4776330593179,146.44208833704292,139.29555007770477
242.62636448204302,199.647106564262,147.69164581166046,140.95660306781656
235.9518933783413,181.59239133453207,147.40459095235767,140.70337468272655
214.73656039952016,166.65549568511597,149.00381855899047,138.81938059744027
180.39349243614916,156.66268848717982,149.7108640736547,140.67723755009183
164.19450049571032,167.3560148602851,150.10143379170663,142.15302349161394
164.0215949308394,164.6995740835555,150.4472449214485,142.8638982019892
184.28361418259908,144.80085174821744,146.87270365998236,141.09315847535544
235.61461211177175,141.75969525811794,143.97338445544338,142.64080433492688
287.0631683392972,127.78719272327588,144.8890047495995,143.50422694829612
296.01690238392746,126.8438591023023,145.14798708778704,145.39089419024327
281.4647203701886,124.66904495316118,146.7998607947134,145.1651074351003
253.5632326803276,130.04309159168932,147.42857020740863,143.61272515254848
221.40144733284083,159.63680648732634,147.58693488135094,139.4240433793011
188.9366035611937,194.36364999520896,149.24500993486012,137.7613697454484
188.37373613909568,209.26097258735217,150.37074477905617,139.5988910431961
188.6413794551206,208.73765239204909,149.83545814700628,140.64553143380226
198.92131176585687,191.21764723367662,147.5713191742671,139.0940904530807
218.6065716910071,172.35292179921822,144.31217847221396,136.1982397802193
235.57649516388932,156.57292515459795,145.70853047150123,136.8390589925396
234.84888449885395,155.29649490487452,147.163751801572,139.39191949198647
234.58946108166606,171.38152394652923,147.68259863594776,138.80777092825193
216.22693774282203,170.12140191395966,148.31870015130085,141.3280149933911
195.52832260596557,163.08749562042283,148.6666293619153,137.15169377464318
165.86019593827498,145.0497166665164,149.5007681794645,137.22595044071335
147.6815394800767,128.26814158450932,149.74330626436128,139.1886726271652
129.23104485328923,131.38295156942098,150.24948858743278,137.5084035236548
130.32801430600034,150.89167411137652,148.05554968201056,139.26554577246046
151.53460245677704,165.59533246437425,146.36028385423822,141.52771499051693
186.83409657579128,164.43105581431254,143.7639393702495,143.85626829064034
220.47806350025633,150.5785867889271,144.4177859833851,144.38449415658494
260.51823262440377,159.34686056291383,141.6545934709061,145.04021619350934
282.1222940404018,176.25025383518164,143.59447252142712,142.8370309667357
274.46049939641483,188.78614651177358,145.38587662286284,140.31888759111547
255.30022356325617,190.13617255981734,147.71354248401454,142.11794622067364
233.76741877884223,189.4674839921984,149.70258731304042,143.4553233559115
200.57466685906564,188.6807030344344,151.45852006452347,145.0288852714395
165.1606210885913,187.8874777937421,152.25433388887106,146.61533575282405
146.13725300306703,187.96932680155993,152.6498738463682,146.45163773718843
166.1619421607991,185.18337092139978,150.28055291824927,147.3135423240906
193.38164770534814,169.55441683716816,147.39223432429011,145.76620981382902
211.83542132498079,147.458931567807,147.41789234841184,139.17402311539416
212.2265816375732,116.6654037930033,146.63557172322706,137.5819951012135
229.47943450771464,110.33602121874081,147.93226157604386,141.29016135146358
262.0102000003968,121.58988404822267,146.63210019962924,141.5543534099819
261.1656625344533,140.42416913240635,148.3211751315162,140.19132905229728
269.7052223614357,155.70428446886527,149.4142675667798,141.4324695355291
269.1873129437513,159.63743428119506,150.45008640214866,142.72583463341027
268.9234986738167,159.14886158603025,150.97771494201777,143.70298002373985
268.8704653431439,158.953764008167,151.08378160336332,144.09317517946633
257.7114728698941,173.3575209305525,150.16111604227063,143.1744419438062
239.13603197685975,190.59179363691425,150.3589576834725,141.03980665784115
220.44761833220036,208.95746088403172,151.02882336274502,141.01543377365252
218.01987351745566,215.1141936575313,151.2858667315345,142.49730700875307
220.97026391438038,202.38999181831934,150.0110750407796,140.18977606860972
238.0556426099448,184.82184757158785,147.8263822412267,138.77056217170016
237.70392691745548,167.08010257610178,148.5298136262054,138.15185698376717
251.35271073853505,158.37221255212768,148.31584026560805,142.02583989093452
265.51571391245466,157.53222840644315,147.42208395547223,143.7058081823035
264.5199932450181,174.3814303982861,149.41352529034526,142.09958901355716
248.5339373999013,188.15939174856396,149.2528617319811,142.08604509751385
223.03141320719442,205.17461990724215,149.79357070861286,140.1692593130188
206.48734901640375,215.49466107661226,150.92169474462597,142.3577515068273
203.50314650026897,215.26017302673216,152.27201811511378,142.82672760658747
187.05287870141848,215.11490206273845,152.64614937727853,143.11726953457494
192.8888260608153,213.35915493990404,150.2884291890448,141.97167651496386
212.0082543378998,192.33235800064057,148.86601620137654,138.00471593536483
247.32000682892766,171.5717546097299,145.99510759462166,138.87436489200564
292.7501543514456,166.10740829265765,144.850473148926,140.83149146621616
309.78318189803537,153.75888937462136,146.77495627744193,143.0344429137291
293.3039220289767,161.01523519849948,147.78664844734197,142.2132487952088
259.22134765411295,167.91753654228552,147.45104732357103,142.1087960823364
222.7747905474536,166.68808503822913,147.38730538022577,144.56769909044917
171.6288230991616,180.7162222693922,148.53065424355097,144.09740263719362
152.23932777786672,186.75391831267976,150.4441757320936,145.8465614833862
166.42875856742438,187.947887633877,150.06044668490765,148.12447826297995
191.05789550347737,188.11809908541017,147.76018128242472,147.7840553599136
212.75042830130138,167.11695744826437,146.26327517672044,143.2439392009344
240.51435214032236,148.0755873361693,145.44470841533763,144.8538254806851
277.6096706889016,149.26339854842996,144.40012071867733,147.04983114369483
309.42256411290407,155.6419395605456,145.03035227602248,148.06189592061006
327.0676117527323,157.99918892362803,146.66477084158154,147.96296142509715
313.2045558209937,166.79386386574916,146.55210942122926,148.9327937300746
263.4329539112832,163.1450647199357,148.37668936368934,146.9238564143719
199.67634511054865,158.75829086450875,150.32942487949774,146.39662767443613
163.77920594032537,155.9903435340802,152.03247404584505,147.25977372368664
176.48981384448055,152.2715197534153,150.17682784874495,149.9843073627744
212.3513744771389,149.53336578812008,149.35790810541687,150.7336685252323
211.96813047236333,133.41559101188886,150.12439611496802,149.88834378370865
209.39726201497018,136.23500281194632,150.5415233182157,148.97412989513236
227.462541761796,176.75953449234908,147.42832438290006,143.3933192390949
243.92915105416662,228.11551105729626,146.55341318465565,136.85628826869097
257.6711626641705,264.40945799424105,145.84434025503288,135.66826183582776
256.8074370019117,293.993317792561,147.57179157955045,138.55617453245543
244.65049439362193,283.67949205234186,149.35871185672255,136.6568610734863
230.6309318220595,256.1796741002115,150.37940673397586,133.11656473502552
214.36558371896234,225.73594612465828,151.67306666872648,131.52994814324467
202.99747018713367,201.1198016301998,152.12394959577048,131.7344800316123
207.49298584460638,180.9033009914609,152.06757337801517,136.42886092032984
242.43875548671014,178.85711592469372,150.29976187501325,140.5212310538642
277.44061688704,179.9634287648218,148.98420230347634,142.88781625554952
295.4668953338872,186.47292446173725,149.70091798665814,143.65730207804722
294.514427322472,193.58413571024315,151.60585400948855,143.29358774874953
282.59682250102685,205.26464839397016,152.22294134535133,143.15068468832303
263.1761693307041,217.14260931367886,153.85621080559136,142.649785899159
246.11247850331222,218.21272275666468,155.30372882256367,145.1781109614462
246.48142109740695,213.34994975883427,154.56584363437423,145.44100545463604
230.10371343337738,197.61241685425017,154.25346233778293,143.84827463915386
213.7734896701554,186.86881890829616,154.05730604807147,141.8664678052366
199.73938958361617,168.838582935249,154.17013702445027,140.65311415573126
199.67825643647603,149.8061797640267,154.29240331873052,141.58459449697756
209.9144845771749,148.42227690396476,152.45357005973457,144.35240021710143
245.74441152673498,160.34166642354984,150.8988333227391,143.88199356530617
254.5943350107881,177.39789358489872,151.7665421283681,142.26276184664508
265.39961863126706,199.92373247741017,153.3048648993774,138.87908608316332
282.4143797609855,229.5598682598773,151.47478134703834,139.40577211712517
265.84694117756584,245.06124678380257,152.55098665271282,140.46168693043955
247.20839445289,260.22467269161245,152.92095336639002,142.42857100853504
228.13337452870758,260.01903258132455,153.8674747817638,142.8398512291109
206.8283039418448,253.28383824941972,154.4318710465183,142.29499158993022
190.42038982652738,234.53831720076747,154.54449270105505,142.41094045740834
190.80666285337242,203.1726104742357,153.771946647365,139.68552922765485
207.20056231705368,174.62697967532102,153.3244720838623,136.7161884354589
221.40372561341593,142.05901490386617,152.3123273854571,133.36666324257024
242.81418247606496,118.60698098935404,149.9590834737363,135.3066535009532
276.12581666534896,117.55036331772524,150.69919586747974,137.4198888442108
281.9996888080231,126.00527331792053,152.5597619630505,138.65448268504574
290.77612724294124,139.58575070890555,153.34586064478958,139.0019912304387
292.4759754862776,153.41556009451782,154.54868174839214,138.95747800086576
284.6887445306219,169.55679699969585,156.26160280053847,139.01859952856142
267.974942263642,187.44584662951138,157.15251157858978,140.42529541854006
251.56773562933398,205.79484042205647,157.17603097093559,141.20261512061592
232.46103255874678,224.0732268676004,157.81189547514163,142.2233838664963
213.22586288740993,222.67546838499544,158.49527123289835,145.01890083170622
192.9498642782068,218.94633757170976,156.04011405959525,142.92001703789776
156.9881569887886,201.1166863892512,157.3600288206254,140.9241194999849
148.0217900746252,181.70316278960314,156.510342404125,142.1863262096267
183.18429233958372,164.52791995339925,152.02078821999015,143.61908670914343
216.70067253057425,148.29773447181825,150.1618922218552,143.49252548038237
231.81681736078804,147.1452545639213,152.29886841262206,145.79748529617626
248.0360758785634,161.84390125870476,152.71941284762104,144.56510173850904
244.46554454809768,179.7532322614098,155.17926991999255,141.51487885301844
225.2921225581758,181.7283269782258,156.15723536974252,142.2357992356482
205.9754208929122,187.88071379431034,157.2080451869142,144.02449817098736
205.3977968385291,187.15534881784862,158.36329329568042,145.4752281239108
242.73576480360862,188.61251793647915,155.44409252068445,147.34467223032732
264.5563070268033,186.4806525995483,154.7141125675293,146.8405024049407
281.5580822331294,168.3047786308097,153.94997025311426,145.20435537300403
290.63090036625806,154.76167571418975,154.64668767213624,144.0270306783251
309.58462644145084,151.57861398261053,154.36147369391443,145.6903743699631
316.224303858545,149.19789940429393,155.25631682149464,145.72707087267338
305.09343292527126,150.41674289761806,153.82154901106833,143.28938388602512
271.5840704049835,169.12599227123815,150.6676141089,143.29630377491506
237.7130590038887,187.42611122568303,153.60378859448892,143.72797918979708
237.50693562286668,198.76436272026424,154.016035356533,144.46019762594807
237.1791896161634,198.56749687732344,154.67152736993958,144.8539293118297
215.99825809785824,198.6582034247852,154.5866649173694,144.6725162169062
198.761408321813,198.65177998752966,156.0756895344548,144.68536309141723
219.03587851325318,196.7982217706757,153.41111153786304,148.39247952512517
263.326713988677,196.64485041157653,150.377107748565,148.6992222433235
318.8304299270548,197.62915470363532,147.6961093596667,146.7306136592059
375.5561223386354,183.55079720965017,145.52396633449027,147.06751819768
412.3783926915313,182.60844425144515,145.6030077802548,148.95222411409003
400.293708241977,182.36209904515084,146.57942615913882,149.44491452667864
360.652488789476,183.09038255499902,146.6121824062114,147.98834750698228
288.7762163357734,183.13472429271596,146.54438846389192,147.8996640315484
251.9438566309584,199.0186335954019,146.0186769489917,148.59015895565852
219.77388136306573,199.09467166933828,150.04558192056828,148.43808280778575
218.39288802473993,201.19854255046198,152.80756859721987,148.9308541568416
218.34079898770045,201.24090891872018,152.91174667129883,148.84612142032523
215.50355397253773,194.17139616158232,153.83425212016078,148.72919319021048
214.8800382039778,192.5093308256666,155.08128365728064,147.28871475795052
234.9056221892452,188.60594961391894,153.1208109899245,150.3341402685485
269.45104329089884,187.60880775480805,150.93271735641045,152.32842398677025
303.1578143996842,188.90708462462723,150.3797221887625,154.50762360784069
304.91957821554786,187.1584754659279,151.6574600642138,153.2035764180607
296.78971496257975,188.31869213165731,153.51434926317654,150.88314308660185
271.3939271720674,185.72919767048717,151.576143071464,151.2685154841479
226.1395298989956,182.40504985426327,151.47001209946265,148.3783979041593
173.07530092053008,162.88612867140776,153.71536203301437,144.91860516939698
150.99110018512744,139.58958774167735,155.56228042304724,144.4878169391108
160.24001808537702,115.46180204236043,155.9620194247188,140.7750576317751
164.53677698115706,97.66929505626518,156.71149069850674,143.65960987524755
154.75954805309925,115.1781168691503,157.34940051876404,141.74592531222942
135.13159037300554,156.8145883221672,158.93683632078137,138.5185014673071
132.84323890159914,209.55433158140482,158.8319630704384,136.03369119825868
138.80307615621763,240.4239050160281,156.19245340348726,139.2556982250132
142.98040316170278,250.4750897709145,157.1394297199006,142.4074045336995
143.12776364178058,239.61801509105237,156.84470875974498,145.2581678451725
145.52671121998742,238.70362331886,156.8034643784993,147.0869513895572
165.59642388747596,237.79215475384842,154.94455294960628,148.90988851958033
181.52404352591736,206.851642169054,156.58342734698286,143.8026863406504
188.3142338379849,182.69602016289915,157.1913049317585,140.09031692028753
191.00411578097936,161.68912025752348,156.4912045198694,139.98714546414033
210.29232093700534,160.31570926459443,155.25192634138082,142.73396744999846
226.2314333649208,176.914061860512,156.2152932494556,142.378854022069
227.58020154424986,194.68091721359556,158.21876462834166,144.45320521625473
222.45284996669776,193.91359321981736,158.94295747470613,145.98785320381117
210.01773237840357,174.71542756936782,159.80831055808375,145.97637315557307
210.06459167930367,151.38987258668664,159.71459195628353,144.4847328745665
229.75321081082586,131.3694019168727,158.64966850050936,146.2133594069242
234.6147785850653,121.41869404652171,158.5265205695087,146.9147999126699
226.4195711297312,106.18232007298116,160.4892440014753,148.5321649023478
218.57087841980035,105.37908194024536,161.58992527802312,150.1386411678194
221.1581650950862,103.12410344526327,161.323635068278,149.7403150169569
225.64068019117772,85.40558756985754,162.15419631930382,150.89277671653747
225.1390473648412,116.31039240895664,163.1574619719769,148.23207974611458
213.26338945559547,179.41369866688592,162.39695855480872,144.58456340855403
215.56228078057276,230.6509497361474,162.6314956016061,143.5887749018214
215.68991220422478,229.20980516200885,162.37623275430207,146.4710640500985
216.0739502768201,225.38593836336105,161.6081566091114,149.25667334328668
213.7123981239942,205.33059889879237,161.43671793437957,150.21100842935476
210.7624682992696,185.67542944334951,162.42953541384378,150.26500998036116
210.35561698616863,164.81291809610127,163.24323804004572,147.679505475346
209.81255859251382,133.71066465775968,164.32935482735536,146.250477188792
214.71084905431232,127.36049886554558,164.31067177859717,149.17291089838145
235.61510276456636,126.04952021406253,161.9846457726942,151.79486820134755
268.7409441998757,124.13734165380825,159.96281996888865,155.6192253218561
288.10439664127875,123.30942518031428,160.99334150239753,157.27505826884405
287.4084750186246,120.75532648955536,162.3851847477059,157.37124037941823
284.16107385681363,123.68134331371314,163.84460758590384,156.55458621652662
275.74133785912557,141.24449051501398,165.54808937054233,156.7456023056461
260.13294737326726,141.28270809010456,166.31476276007078,156.66916715546492
240.04256066278083,145.46743005977694,165.80918394334913,153.38551724583198
207.4499054447219,171.37032156264422,165.65992323406925,151.8370966596341
184.29533159484606,203.89489197653967,166.9801564316832,151.77194344604223
181.67354800038288,212.72213910868834,167.20543408191168,154.19060733653623
181.83247270611793,212.01191009124568,166.8875846704416,155.61106537142155
179.24034839080753,209.5517096425419,166.99389063506797,155.45352360283465
176.91728842020134,188.74573372125357,166.5629116549739,156.44868407496057
176.60089839960634,188.07053876210054,167.19569169616392,157.79907399326663
191.81855090177794,187.02168555522505,167.46534447494494,159.89678040701762
212.1863812946052,188.1561582680166,167.9694003684076,162.78279956632412
244.61308540249644,186.93697404151703,165.61842363189746,165.22116801932327
288.6778009262853,177.9825502761911,160.85013451203884,167.49980143852784
330.37451396891544,172.19229288294872,160.18630895076066,168.7391161595148
347.2820243143833,154.8262548329709,162.62771934971,167.21476116958527
328.0706702168112,152.3215012289934,164.6907181604077,167.03002417976222
306.39209785702405,150.12228038795718,166.25653308779258,166.20454963781103
265.5154926595243,148.46139207277247,164.24002210714724,164.2907186822026
222.18305480241878,146.57347727333524,168.12549881374704,162.89283584310135
200.11652979432688,143.6845099856572,170.5567541967014,163.4580460893038
196.47747467376388,143.46484346966304,172.57508583253173,163.8973791212921
177.32070289625148,143.61333604252343,173.8002605467767,163.6003939755713
174.80316525171946,148.15050265465453,173.52254672324662,165.1516389764974
171.68077529360204,161.52055212205923,174.43428219756368,165.07676225127693
193.78880896801502,160.3014863243618,172.98719805629767,167.51489384667178
219.12408180074283,143.30169349557494,170.5752332606713,169.34209225769263
242.5065208299062,142.56651850735946,171.98753468138034,170.81244223412358
272.1370326463686,136.89523867282955,172.109096991608,171.35816809533753
294.1649177239318,119.79899801608813,171.32476744947684,167.68813887244946
293.3797198150208,100.51014767161814,172.89516326729895,168.8948756273884
273.11535009821534,100.62559355695038,175.74690576860056,168.66398385672392
269.5186475688281,108.33641395393501,177.5168040349334,169.51286344007926
273.5149716542328,132.64044301984617,174.9888265918037,170.08684185737332
271.91666299814244,171.7903827524429,178.18544390398432,167.86471821805074
251.64143499633107,205.69253611455292,180.5928796407889,165.44844623694746
244.7884867200505,226.08083051563239,183.40244653041103,168.25717608654477
225.19776477624083,225.60137710234636,183.8272518286249,169.2160829131168
225.47911841950216,205.08796023444268,183.26454454210221,171.3330871737037
216.73494922907662,192.92954336297217,184.00260994790366,173.3162236165786
216.31430583482268,181.143605229485,184.84389673641155,174.38234357381236
213.00939225007366,166.21878602036,185.7972175277054,175.94945010104124
210.02886295711218,160.34635089445982,186.06200594723106,176.30178002004692
203.5402672649432,139.79683508237963,187.6271997517254,177.4588201147548
196.86909317672865,139.76625145404086,189.47189070223433,177.5199873714324
213.36014239253817,161.70262125059122,185.38295918577563,179.8763148425881
219.07831215079747,183.98743159354018,185.45052192494546,181.32230317944416
