405.5,256.5,122,148
404.8040873442337,252.38075708853594,122.39182531153253,146.7444116356731
404.49077795532077,250.82594107713686,123.01844408935845,145.62001759208468
406.69257211947036,248.6416399803755,122.84163783837172,145.76183770829493
410.54798799665616,238.48962203965903,123.58305454939415,144.93525242624278
412.57723864534313,238.38087105257154,123.74984436922327,145.15275440041773
416.56228467858244,234.0928941488012,124.24241601029475,145.26604450040833
418.229341857402,227.88246505413503,125.14929980875829,144.9639082214327
417.79272081023566,221.70680639066177,126.02254190309095,144.56255837625963
413.2758546325294,218.27358887846717,126.53891166061638,142.91163080276164
402.7353028880093,214.4141615137076,126.41323120606393,142.1477719548437
396.32164134293714,202.1484600018614,126.55807811337806,141.31422261287594
391.96767720493096,194.3012418376951,126.83228439176588,140.1412149459593
379.3033371784255,186.2605034469304,126.94295940860466,139.41068837004067
371.13529936894565,184.60365451396552,126.50544840355562,138.5309895799682
358.6822262354759,182.88517066357906,126.37522699154604,137.79522933424963
354.1378091068154,180.61973979139447,127.14567577655217,138.1668983424613
341.8879340918323,178.38117717236298,126.58192915805549,138.4667741391138
339.8469697510141,178.1832367337705,126.49091169756346,138.86265501629873
333.7643365096163,178.00611051043066,126.12319605502793,139.21690746297844
329.6365940992038,177.75695243366818,126.02405648327185,139.71522361650344
321.5396130276806,179.49021125119114,125.48409153648674,140.43218775391534
319.50349003050803,179.11960672446048,125.3703340212792,141.17339680737666
319.75458697346505,178.78412410414126,124.86814013536511,141.84436204801514
307.7508243199354,179.32261062860263,123.68724958760566,140.76738899909236
303.89047120606386,179.10233532548153,123.08302007361986,141.20793960533456
293.85304564169235,176.5798164993492,122.35979723134211,142.09336246339507
292.2814182689732,166.32716800742543,121.34133496723203,141.79007439950036
278.69467249566776,164.61669515327543,119.53012023850229,141.07034778275175
274.98531464149164,158.6179961247608,118.74795976059764,140.76643156039572
271.5128803728642,152.79655573156592,117.52650493436401,140.15982730155258
269.6429739227704,139.9358180220858,117.21218053245254,137.50234160581982
269.91480488962327,126.79807676175062,116.6685185987468,135.7213383561591
270.4117815311056,115.94282792662767,115.67456531578213,133.6009692649153
271.14281204973366,103.33919174071416,114.21250427852598,131.34681860462857
279.21249154887624,92.43837950323194,113.5320322366276,129.96011264501288
281.5779439665128,88.93402363722949,112.6334668964897,129.30414538674736
293.23717345511136,76.25635442699428,112.16168350608885,128.00502895595554
295.31618736073153,64.07879480232124,111.7837506941178,125.89948321041666
306.9132916976062,60.31183602231708,111.0378967761056,125.95061585184592
307.3584834903436,60.34919820376146,110.14751319063087,125.87589148895717
307.72235436392157,60.743513957662,109.41977144347494,125.08725998115608
307.9754441311524,61.421598341897536,108.91359190901322,123.73109121268502
308.16093134410283,61.92301379117244,108.54261748311241,122.72826031413521
306.7135455131313,66.05204029366111,107.79704130686324,121.75090298554241
301.5300573849792,74.88868139117716,107.32424320382081,122.14391138942113
300.09647519988556,75.709444540692,106.57962038258378,120.50238509039144
293.37462418130747,84.49376734614398,105.72566717618324,120.80580853393337
291.8103350479905,86.53627399766575,105.28879731998785,120.28624335371926
283.2633094215586,90.18553192970678,104.63085114549708,120.088526460579
276.38094390319327,95.30725845730744,104.24840560150932,120.45545584091653
265.8406305390549,96.86368795627712,104.11098244133427,120.87893849105247
263.94468074590884,102.19550961879068,104.36219451183536,120.83735771339866
258.81953408403734,103.9161798499584,103.98025915458835,120.94009347805994
256.9054439049021,107.6364569399725,104.26890500209709,120.57860831955531
257.1197271213902,109.84800009937294,103.84033856912087,119.69409811242672
257.1650689385007,110.42565746378632,103.74965493489981,118.53878338359996
257.00528312283876,112.20232255614108,104.06922656622376,118.48412110230689
255.11594352713453,112.08007687437603,104.3449670247649,118.72861246583699
253.24928288444244,112.04513823396067,104.56714471506076,118.7984897466677
253.24290463303169,112.22784374653838,104.57990121788227,118.4330787215123
252.97485619161722,113.83761262394141,105.1159981007112,118.72386202309926
251.01961828054039,113.39792027021912,105.5030655981939,119.60324673054384
251.0067562529934,113.24541225477807,105.52878965328786,119.90826276142593
251.0333726714546,111.07401695549959,105.47555681636543,120.70266951520148
250.97905855975105,107.55710876549804,105.58418503977252,120.61679937012002
250.63912240057357,106.91294264308934,106.26405735812747,121.90513161493743
252.30373410305526,104.54241168861759,106.52593827565067,123.05508920139437
252.52469475709174,100.59299228055497,106.08401696757774,123.72771626817627
252.48450820627906,96.82971587099321,106.16439006920308,124.02143924915126
252.4459609091178,94.76748129558212,106.24148466352565,124.52366268587576
252.35622872408373,93.24947338193844,106.42094903359371,123.92843398612447
252.02529295836013,91.34922959092245,107.08282056504095,124.10399254508906
251.87952072317927,91.47279533935185,107.37436503540269,123.85686104823024
251.81014268953464,91.40707234025959,107.51312110269194,123.98830704641479
253.45024526887929,91.55226639550669,107.87629895518359,123.69791893592057
255.22764006250526,91.84548695597739,107.96621893964706,123.11147781497917
255.23665667712714,90.10724741654315,107.94818571040335,122.95089260417154
256.8855939700197,89.97775560598758,108.28459767134203,123.20987622528267
256.89373096231407,90.03045010765396,108.26832368675328,123.10448722194991
258.736450141321,89.70706740408156,108.2246784651771,123.75125262909472
260.70945167858076,89.77407698578325,107.92979337403578,123.61723346569133
266.5038953801188,87.64174141301709,107.27385721205685,124.23758753085792
270.278687658691,87.46478538108497,107.01107636774177,124.59149959472218
281.26812947936884,87.41986326257985,106.9001333202556,124.68134383173239
283.1505774502452,87.69791706705563,106.77950124250104,124.12523622278084
292.22826263726427,87.89394440318351,106.79277668895585,123.73318155052507
294.064036373809,88.23019520237582,106.74910788667032,123.06067995214045
301.3675481574798,88.07772890701992,106.60917223847797,123.36561254285225
302.9769384991857,85.95205309068295,107.00963754689015,123.99771818370223
306.5750970929155,83.7148172453502,107.08422246407338,124.83673882204633
310.04459034425815,81.43625013890116,107.44448130100955,125.74425036513367
311.7541592712511,77.20732563917934,107.69477888703524,126.86322848455404
313.3599502963078,73.75397457427457,108.1739388225561,126.38844664309528
314.96851445007604,72.22780197313492,108.64792101970211,125.74968134069202
314.9181668549879,70.28967126987402,108.74861620987846,125.93709894617649
314.4970759138226,70.0458237645575,109.59079809220911,126.42479395680952
316.5466978518644,69.45368645309735,109.2059708628042,127.60906857972984
320.35984199102006,69.17783045747264,109.03279146248467,128.16078057097926
321.9514064726694,71.4564481990941,109.58195661599046,127.335839204541
323.34419640653357,75.62016068131561,110.52474580055853,126.46515234469075
323.2433530699366,79.12428496660021,110.7264324737525,126.91693014707914
321.1555032570569,83.9272369061388,111.16188892622048,128.53175578787585
319.210549723573,94.48726634878136,111.27957157770523,130.04504339548885
317.375975464648,96.53907168193818,111.15120600225498,129.73894682247558
303.5795307967185,108.31770625549967,112.20904641295056,128.92600532549272
300.0523002252387,119.53055982093244,111.67326683313952,129.27102036293888
292.4358202515351,134.04112549969562,111.73875757942258,130.5848274076608
290.1061249310659,143.26324469954181,112.5849151049476,131.20675458503553
282.3599109660639,150.7600949565652,112.73159166853145,131.55880543740886
272.24073158852156,163.73212171052148,113.74877283030324,132.52440056013452
271.7531247223393,168.04963950735657,114.72398656266779,131.6403627267211
261.58199139445037,180.61623475840125,115.67892147838374,133.64943666071844
257.4813939186544,184.82302149308518,116.032355772915,133.0836238484112
243.31324909745587,196.39606629048987,116.92312829837729,133.46226321097453
240.98944414398628,200.29707657225606,117.62981232697685,133.54209440412146
226.62793887411237,209.69725887809614,118.67847549622226,134.5091207713716
224.35050147558835,215.0009290029859,119.2480929873696,135.8575524392943
217.99182646960142,222.3123581859711,119.91959576279538,137.29582372205462
215.5000652745448,225.73569298796357,120.85479302088899,138.54580438210877
211.16459301294736,231.07371095741985,121.36039144656039,140.11778758948137
209.0214284545927,232.79794495989063,121.53160359704282,140.7844365507667
208.9465273722074,232.9816689526673,121.68140576181338,140.4169885652134
210.67723146120608,232.62025472833227,122.34489414036406,141.13981701388346
214.654991140179,231.93777648617976,122.68282588840545,142.50477349818848
218.72200348894518,231.53282875021466,122.89533130296516,143.31466897011865
220.33645171911277,233.14412585546395,123.85563402288979,144.2812739398799
230.72640858598254,234.53383686563114,124.1735426531352,145.72141639234246
234.62349554695487,234.62778677160156,124.8732216734038,145.5335165804016
249.283747540653,236.58093055274696,125.3395750274567,145.88249435260354
255.23423751939765,240.63560482834401,126.2430440874925,146.30944514642624
265.58650493964,242.552173047583,126.984789213222,146.76556470119107
269.30180335099783,246.83190072241348,128.17062166789609,146.8225386289198
282.04903780819893,248.70255271112626,128.6448120192236,147.40934452911583
285.91589811676374,250.38475683031027,129.60068739283332,148.38973428611746
298.7893418240471,249.6537927427803,130.105608021271,149.85166246117743
300.5306167279542,238.69098483424523,131.02909166661806,149.7471110124409
309.36854448531614,235.81004964537846,131.03009782868548,151.0897659709766
311.28035306676964,231.06532877967027,131.64650458264867,151.6991598686528
313.0939461062909,221.78743769516768,132.47866048131573,152.41757412681943
313.04053152249696,219.82613767279918,132.5854896489036,151.85636709872858
312.7680817039188,209.30892117850703,133.13038928605988,150.50665755556702
310.5147959229497,206.9878521477724,133.1723316863466,150.6841664553848
294.5962275363705,204.55337717262768,133.7330912027293,151.08506251184915
278.8386497798136,199.90846930151167,133.8655401139924,151.40839065355237
274.7233290753835,195.76531018164977,133.1154240514075,150.71395142183104
258.93461856221705,193.05427770892697,133.4196069884721,151.6684109259526
245.50894740140444,190.7556001013359,133.34729910222458,151.7784911064893
229.9029893920416,188.56028981609452,133.14444735007805,151.68128770970458
214.27206871457696,185.93999119581608,133.02480423686654,152.4388157405271
203.42839334555663,180.00112774728368,132.24770363514097,150.83787183373215
192.72776060393034,174.0940775816517,131.37078543511845,149.28506195503104
177.0058020405395,173.5335890674353,131.8920231710895,150.40603898346387
161.55705200202476,167.30520954173204,131.68678755279862,149.5330541654474
157.32038379350573,161.20900201806427,131.30726601335294,148.4461822780574
157.4343892044811,159.03141511461203,131.07925519140218,148.39785739372462
157.56791535714976,144.63423390244367,130.81220288606488,146.39851091582366
157.95734675505332,144.58818848561594,130.03334009025775,146.49060174947908
157.899166219068,142.05570043893078,130.14970116222838,147.20279857615117
158.2560116380854,141.9691122853187,129.4360103241936,147.37597488337536
163.10927109434903,137.87424179203362,128.4434004724898,146.85180680912202
167.81457948493363,135.82990814661693,127.69865134092251,146.60754027515446
172.39512777595297,133.96785911356008,127.17198660722511,146.01442241709748
177.28118656136704,132.35303720415732,125.99904726357045,144.94447712231624
179.7253637775906,130.65705001969317,125.37491143651773,144.07223288585016
182.20566818495354,129.03469237792817,124.6550099644976,143.0762408266744
184.81751474013953,126.79776814053187,123.64506126263606,143.3363448929565
187.35275004912074,125.200953842928,122.77616233628925,142.32840179654866
187.74560285944474,125.61700850471259,121.99045671564124,141.4962924729795
190.34611086337793,125.91625594750502,120.9359948181598,140.89779758739462
190.79923708701608,126.71084104454857,120.02974237088347,139.30862739330752
201.56765053107728,127.37656994233747,118.89914870069822,137.97716959772973
207.96882592062246,130.6659996149313,118.22431650374673,135.44081644658837
212.32749613116653,137.8690533456524,117.49182736750947,133.01198591242238
216.64605666899084,140.78610904800442,116.74080358300768,131.12092315329176
226.7564019577444,145.36035552282723,116.02857118676117,129.7758134761504
230.95343208915222,147.7739872458098,115.37335374703173,128.8179714417284
235.28275137022,149.7510446451966,114.40286570147887,128.70793190124616
237.60929160759636,149.80549248447215,113.57664440661011,128.59903622269502
239.88593975962772,149.6010950547008,112.83530355003549,129.00783108223774
241.96130029332176,147.88986384168555,112.49100627359317,128.62386971732252
242.51063300319163,137.3552641353975,111.39234085385343,126.92331403471654
243.08865068011968,135.72879798664155,110.23630549999729,126.42523684294113
241.60382255506175,123.898782347839,109.4811889074052,124.01185822159104
240.1772017044953,117.20844644794545,108.65915523493219,122.69142852695433
240.46408532996924,105.2697471897658,108.08538798398436,121.07734367078885
240.85198295052936,92.76360450895986,107.30959274286408,120.8377470386063
241.30234071848457,82.18640434849141,106.40887720695369,120.44439483235203
241.7928150494267,72.10374627219576,105.42792854506939,119.18501510570303
242.2834803492351,60.60687663855864,104.44659794545257,117.42988566102316
242.63861029837017,52.339441043379544,103.7363380471825,116.50164682900753
242.65393890938776,45.10929361482944,103.70568082514725,117.09450996939245
249.59943182070356,35.308937133941626,103.71697430233972,115.84180398143201
264.0866244043474,35.20490244260488,102.3929910509402,116.0498733641055
278.4062841575002,35.5646843395916,101.2605831778232,115.33030957013206
292.4420146523643,38.30959394275233,100.46176679521466,113.24957093970059
305.98650776803333,47.75439490420819,100.2849907874843,111.18010040654362
319.377582877422,56.25061274931903,100.13527046297334,110.83293340023846
333.03332763276995,58.40498735387183,99.3939083905276,109.84545012091414
344.6781765420038,67.4644738522847,99.16277181719249,108.19687801346886
356.2568231451842,72.87435837931594,98.85859853291709,107.17130321172868
364.40801636906025,79.29058622858157,98.77573754260287,107.31446787914771
371.10656758282727,84.25172488425224,98.35790935676425,107.12664624907798
376.18349677310533,90.78931748459217,97.90977268826774,106.9924233311442
381.2514056634098,97.5164618682791,97.4519957396592,106.44218900643756
383.10094671147306,105.96597951783718,96.96306527775033,105.59391187841014
384.8805010708478,114.10148391711476,96.5931062040024,105.26865130486253
384.9243825419505,122.20054154479601,96.50534326179707,104.96149237260943
379.068719646565,130.6510779146951,95.52863978633917,103.92045621559721
369.9165118665059,135.3536881987628,94.99164223491307,103.93594220323394
360.8877358955437,142.27247609364517,94.25763749461325,102.62607086828542
350.42190767146406,142.84279784550972,93.49047993170954,101.48542736455629
339.80560040866857,146.0102019090576,93.23420518756089,101.2903018859576
330.7230296423396,149.3553208065319,93.02301935966669,100.72550654452635
327.82572261287686,151.41191393798832,92.71652332400906,99.66287532890512
317.4598041632236,153.2556331783548,92.24463882491274,99.00453990508679
308.75522062459964,154.82017070161714,91.58583965671741,98.88679256613597
298.56558901181074,159.50978179500987,90.97197636822358,98.50462459966698
288.0168143165364,162.30298998597303,91.18646823431062,98.88479608187252
277.43423139686473,163.90277659677628,91.40319317458643,98.67785727441854
266.9343930066964,164.4555132967551,91.45289009927663,97.5723838744609
255.10440098595382,165.85623885763536,91.3017864768624,97.7473187106878
244.87528571217115,166.691965096847,90.92298655409863,99.05258487088291
237.38755566927992,170.21060363173666,90.94316472256416,100.9884769514938
225.23229506988892,175.50179395672768,91.0816025809483,102.49213797171068
212.8702391909731,181.15325904417205,91.42906607497524,103.37753192872427
200.51150793815955,189.637107209426,91.61550885952505,104.80810038902436
194.4116670595431,194.82619999108132,91.44902875008793,106.7960766923838
183.3009877649419,201.62206879565048,91.83297356399632,108.80249177988401
175.35466753443728,204.71014579254876,91.94167880819842,108.93991187281028
164.05652004165378,216.58769029306632,92.41337526545216,110.47007833270456
152.5080658202628,220.37301542888946,93.16733399639186,112.4749779375621
142.64014760904743,224.3963822341575,93.49382343251887,114.13291782017788
137.31995587720112,225.582658547714,94.33719290179795,115.02603652453605
132.0782348577922,226.76892297113423,94.94153952418912,115.9465394831712
126.7529677649903,227.93819367852186,95.64122028036043,116.92494921154007
124.46661629568051,228.13503787854506,96.87062217295582,116.5312608114937
122.38372142503007,228.03403982861454,97.67931983866282,116.73325691135473
120.3767381348092,225.706034095486,98.32004520887264,118.01602716737995
120.1027561182255,220.178390464571,98.86800924204005,118.86130778179435
120.09965667016189,217.56539365504068,98.87420813816726,120.66210916644636
121.6483636817498,215.4483338957324,99.2297997518312,121.44322304822322
126.84477891289899,213.87350166098497,99.2492530295878,121.12212627103307
130.23187523248427,214.09615008003715,99.40733878705682,120.67682943292866
140.49846905370646,213.62859985952633,99.64521343314144,121.61192987395029
144.0393028696402,213.23507672986324,99.52368326250209,122.39897613327648
150.99312041831547,213.00287643925105,99.57684952801367,122.86337671450084
152.6441047645789,212.75845015778475,99.77307443552085,123.35222927743345
161.204091419468,214.00432020941236,100.19748025816355,124.36936500066244
160.96946515998977,213.68059386363873,100.66673277712005,125.01681769220973
164.24870686059222,216.06522543745982,101.20604166539229,127.34534683404473
163.96771169538965,217.58073603408587,101.76803199579746,127.90767036724262
165.30677801893626,217.6301536538958,102.70097853424187,127.80883512762277
164.8260846367797,218.0300939854056,103.66236529855496,127.00895446460315
164.41235767017164,218.6613855674552,104.48981923177108,125.746371300504
163.76647975796607,220.31514353353975,105.78157505618225,126.06075687787653
163.08413921513738,217.2020606130454,107.14625614183964,124.99178889102114
164.3622429663733,215.7781916604771,108.24306435581902,124.18651107970649
163.72480533013197,216.41211445007076,109.51793962830166,122.91866550051917
163.1338084540069,213.46681711344988,110.69993338055178,121.49146456331385
164.3870554691161,247.22110155598574,111.84900934865111,123.43872564627915
163.09397311109734,211.70538967822506,114.43517406468865,124.0904499596862
164.27385785659493,212.2040003736428,115.83094417283436,123.09322856885076
163.8054339595125,205.2708057734544,116.76779196699925,121.91101441132687
170.68477053230913,205.70226757768472,118.04313156122166,124.80659398782018
172.6271748449949,246.92928025140526,117.98235724709812,126.48132348783463
171.23600100026422,200.93640864184903,120.76470493655944,129.9345453253752
170.58408150991633,187.84496602749408,122.06854391725523,128.48591484938137
171.9499186883005,185.13638437006514,123.28228550011588,129.95766222461026
171.42911148049626,180.37194835432348,124.32389991572438,127.52348142949339
183.881837975255,225.19951187300398,123.21456977786508,129.0868253234885
182.60663757146799,178.17530718130806,125.76497058543907,131.75666569345054
181.72840496617712,163.91580409037925,127.5214357960208,131.8893810345384
181.33970264358317,157.78040474634832,128.2988404412087,131.90498492269901
193.40274624641867,151.8982272588608,128.75835116904256,131.37654093092172
199.1145034901856,146.15622550854278,129.62451848408705,130.57086262897943
202.03252516260477,175.76580525146989,131.983591702236,132.81507736552996
203.49286181654927,144.61319162592633,133.2329710353303,136.73956764285103
207.31050322004955,158.55441783595745,134.1005809950938,142.86868628984485
213.26338210630985,152.8827002290273,135.27834613295406,149.85094720024483
215.21627127929142,147.30626841517505,135.86132652251382,156.5150520924264
216.9700068985331,142.62708386221988,136.95533476471113,161.27194171765612
221.1919794632289,140.53379560396485,137.89656554123408,165.45851823416623
220.8353197964401,139.46604848282567,138.60988487481166,167.59401247644453
220.90970042082483,139.21049615837637,138.46112362604217,168.10511712534316
220.96408974982285,136.72450172203494,138.35234496804614,168.25493716387467
220.88694750246725,134.6732712100366,138.50662946275736,167.534681256605
223.5191510393546,134.83594904136237,138.0563476291003,167.20932559395342
223.69008576685033,135.51544397177014,137.71447817410882,165.8503357331379
223.97421545193484,136.120136534279,137.1462188039398,164.6409506081202
226.9410612596948,136.42693329126365,135.96014748250576,164.02735709415086
229.7660509931597,136.48364832920595,135.02920855646786,163.9139270182663
229.96639203486706,136.6996581588134,134.6285264730532,163.48190735905138
229.94868559022865,137.1387505056907,134.66393936232998,162.6037226652968
227.39590215619057,137.14212242829666,135.09329791837877,162.59697882008487
222.7553857504355,137.22151185958228,135.00826858547154,162.43819995751363
220.22389628211658,137.499931291162,135.39203321534865,161.8813610943542
220.28911205963828,137.49197506576445,135.26160166030525,161.89727354514932
220.3335761019237,140.35445959896077,135.1726735757344,160.84726969099904
220.14127263015024,145.6495450311193,135.5572805192813,159.57179044972878
219.94824540552116,150.78904167106086,135.94333496853946,158.58050468717084
219.73369580054114,155.416498737242,136.37243417849953,158.59507943797115
219.11761033448732,157.1883174700519,137.60460511060717,159.69330275205715
218.51343589426438,159.02678428434,138.81295399105306,160.6949942139289
220.25325551401338,162.54065633387125,140.04682725322363,163.09427511820363
222.07085196988874,165.87177374422882,141.18205937325627,165.9728903610553
223.99190224943874,171.36260977668005,142.17310425891614,169.4906546304324
225.80579487856437,172.03263939761987,143.44869403523123,173.0539704231191
224.91065148393875,172.78759226858244,145.2389808244825,176.52290436214366
223.69413130135774,171.1682546136441,147.67202118964454,179.76157967202033
225.12491388597738,169.74747672923078,149.96069624800325,182.60313544084698
226.6531037555117,168.12120853725028,152.13523134954113,185.85567182480798
228.33978118435616,166.45225275287464,154.07794131975112,189.19358339355927
227.32711800044973,165.10187471432118,156.10326768756397,191.89433947066615
225.98709530258708,161.41952393832358,158.78331308328924,193.7860147268156
227.6906340964798,157.30743124824608,160.92166354428875,196.46477205818556
246.31302486747546,155.22360832438164,163.02507300274485,200.63241790591445
245.13436141082613,153.9909143658375,165.38239991604354,203.09780582300272
246.88397321879813,152.81959767912693,167.67841014668002,205.44043919642388
249.07817554869035,151.58180583674067,169.15836490547596,207.91602288119643
266.1992599370451,150.6405186584525,170.49818930521184,209.79859723777278
268.4645855452309,153.2574806219547,171.94846371511386,210.54559893704183
270.71087122879953,161.66587419244695,173.4717490739665,211.77638197402723
273.1443612232666,167.0886430048549,174.6641669612859,213.04964010171858
272.2081228903098,175.1060102695645,176.53664362719945,215.30963658498416
274.50219866338756,174.25095307843992,178.11174271660767,217.01975096723334
273.8177770682645,174.72538705390912,179.48058590685372,216.07088301629497
273.25090099513784,178.5483722901913,180.61433805310713,214.64740303879907
269.9814134886426,183.14447673529594,180.93448977044335,211.6740174442441
266.5356535247456,184.08487178305944,181.6479381147431,209.79322734871712
263.0979399591213,184.44397105898713,182.36292238188327,209.07502879686174
262.23108948513607,187.37336976606682,184.09662332985366,209.3770192143125
258.7159471017572,187.70627479598448,184.93367094306507,208.7112091544772
258.219839716547,188.0604738740878,185.9258857134854,208.00281099827052
258.4161617939417,185.1835853647014,185.53324155869603,207.5554225155497
258.8932900827756,181.99469180742577,184.57898498102833,207.7452661024492
259.1232245404092,175.0340322525068,184.11911606576103,209.31530265699834
262.5621874014169,168.36588280556322,183.4338307586322,210.26632072111235
263.0124119452779,164.82667915059272,182.53338167091016,211.14832660966897
263.5890644845851,158.60292397771383,181.38007659229584,211.20460432577227
267.59914680810994,155.9611974017305,179.5378860988058,210.31008332417932
268.3748937255599,147.45932088802405,177.98639226390583,208.91017193569053
269.2436911520157,145.52506522877894,176.24879741099426,206.69069140935832
269.8496144478508,143.08231156256085,175.03695081932403,205.55042124939922
267.5711759515035,138.1697475673908,173.6051435891489,203.39818079399987
265.61200814861695,130.31881942201926,171.59105546856773,201.30276590567993
261.00741307460146,122.60343236579655,169.0648824702094,199.13049529854135
261.8638991413732,120.79185830132579,167.35191033666578,196.96012582906258
262.18371973863134,116.20611841434042,166.7122691421496,194.66668832496268
262.70781374768717,114.56939710265002,165.66408112403792,192.25338205031613
263.343069959422,116.05112015126365,164.39356870056827,189.28993595308887
264.05137955247415,117.64009873846916,162.97694951446397,186.11197877867784
267.5050070997105,119.02681572319824,161.56413888221294,183.33854480921968
271.0512470406493,122.33886293114614,159.90049062340702,182.14328201639557
274.66277204392304,128.0675816985705,158.0611086688202,181.45318058546823
275.6408220903349,133.87142226649664,156.1050085759965,180.53251580276793
276.23400075614273,147.03916963260855,154.91865124438087,180.68646075968334
277.1522652537235,152.4659920581165,153.08212224921937,180.39526358723356
275.4765427412673,156.2997967072435,151.18636040076132,177.97486116234995
265.01838572518955,164.811824537279,151.38528301294232,176.48884906725988
250.14051589566026,168.72265568385376,150.18349936887486,173.82677399129798
229.3172258025992,174.59455636298142,151.0370662524454,172.28122595868052
208.5937189817913,175.14810873351308,151.77305503732296,171.1741212176172
187.92487248074025,177.96874294675317,152.4428484001088,170.6163402460516
174.929056463983,177.51417208978023,153.00681342071334,171.52548195999745
172.31819707116438,177.79019613146963,153.11986798618096,170.97343387661869
154.76267087712074,172.27622030556688,152.51765460553494,171.79759530878604
152.64370390945817,172.14566470688078,151.65051848320812,172.05870650615827
148.4124124070579,169.7999974606243,149.92260207970148,171.6547912945177
146.73523416316482,165.22112278326944,148.21563953808416,170.6899025904206
142.19811139200405,165.9929283460178,147.25185352904612,169.14629146492388
133.0466793359355,164.03803770490734,145.63605911481133,168.07640811555183
133.81817571449164,161.90136967453446,144.093066357699,167.41255120283842
134.84951554963962,159.59928723257758,142.03038668740305,167.11455345107362
126.08700593233847,152.38450767658844,140.09774181381906,166.95086448191216
124.36559164903801,149.8984024945766,138.70978441491167,167.09228888042756
122.63153397405145,144.83197284132288,137.36730745740726,167.60396357198
120.469065758626,137.69807890583718,136.89545159847526,167.48137457360275
116.24314895169361,138.57987632528636,135.77272151664343,165.71777973470438
116.76842872632449,133.29504966304617,134.72216196738168,166.8033860935995
114.72458641360693,131.79164711372877,134.06813667103134,165.06848127044884
112.63219290808024,130.68153489678997,133.5484391666801,162.58422118892182
113.05340386475454,127.94901734531027,132.7060172533315,158.73345859811985
113.70922616346975,130.24037981980882,131.3943726559011,154.15073364912274
117.08790433873149,132.1751434051621,129.1302182231723,150.28120647841624
122.64712147425459,134.28640693981802,126.80583800148695,146.05867940910434
139.39086769131868,133.78215567680442,123.37917408600238,142.77277786103963
154.99880700789487,138.15582827777345,121.48340174083322,138.21401927167062
157.82547801705283,148.52428057925195,119.91766059530735,133.82751815987353
176.79623702699996,152.49425242729467,117.92651454199165,129.88206023785241
193.43768412700217,155.97130202847254,115.85451353867694,126.82932268508284
205.57592322045,163.39554012400356,114.50292885079404,123.44329324352711
210.7959778394037,159.75794025027776,111.55586618920958,123.22544641465585
224.5260745515738,161.25012098889172,109.96908359472685,120.2410849374279
235.83324826005864,162.7297003650133,109.10146397448163,117.28192618518474
240.48459754314894,162.96683842411605,106.9277870326749,116.80765006697925
250.2769398026547,160.93112872261173,104.95577142939118,117.35653568684234
257.7743619833159,161.30493374524042,103.95940421356255,116.60892564158497
266.7844381654875,161.60109730559304,103.29969519319484,116.0165985208797
272.1888687312319,162.25229650158778,102.84787823809793,114.71420012889023
284.3455092123385,163.44588622574076,102.5088985276777,112.32702068058424
319.87692981293645,205.64341293799652,102.47560580893911,109.10859409316673
306.51157757706426,165.260076356756,102.55330795328548,109.91626027345382
342.1404097171844,206.70417770745195,101.55062155866403,107.31946086991198
329.11660583781907,166.89350822033637,101.28639749537936,108.00530437809694
362.5916670435804,207.7606122444568,100.24642876617885,105.36328074864264
351.9636883334144,163.9602557568436,98.83850365898635,108.78385862163515
363.280419585534,158.33085353162448,99.08598022970247,106.96784074352749
394.4651532261258,197.41728802781458,98.35913480377647,103.41498768119583
384.20036235740963,156.92366349214205,96.64764561001151,108.14713641700759
396.71556476836525,159.7556372466805,97.4079875235417,105.70703224986084
405.0745985017567,156.276987777409,96.67989085826176,106.26834286780262
407.79000739513924,157.0131900506276,97.6393596560963,104.79593832136541
411.13113599533716,156.76028165006346,97.33202120233183,105.30175512249369
414.50062689694255,157.14666206368742,96.97397138672392,104.52899429524584
416.31083652374014,156.73069853453703,96.52626952955083,105.3609213535466
415.71809337642856,156.8870115554397,97.71175582417402,105.04829531174124
416.6067746807141,154.8568145023788,99.12694228396555,105.91614034950044
415.8689750820901,153.32083096682265,100.6025414812135,105.75952504270569
409.2025251303497,152.65764716295502,100.93727087875979,107.08589265044094
406.91836159680065,154.13187329009415,102.23000038464212,107.41303795737844
405.4265683413701,162.72239171446597,101.91237398055581,106.73806568337181
395.8932453254391,162.13745799064907,101.26533610195297,107.90793313100562
391.2092662373132,162.1418345686509,100.75233840000624,107.89917997500197
389.6611096539202,163.6722472516415,100.56328280366284,108.12372337215004
382.97566971054505,164.29290467723803,100.79068140957644,106.88240852095696
374.98700310462505,164.58408847504572,100.41756167194453,106.3000409253416
372.1439772816604,164.60260957058023,99.5934817549952,106.26299873427254
361.1248321842443,164.76104257007506,98.94190932277878,105.94613273528293
359.7190418141951,166.10613602947447,98.5273781036283,106.48205777573293
353.3709820201768,163.88403110133834,98.3119480519167,107.69838022206814
348.39975078789195,167.5494450709557,98.52416505924359,106.85438258766189
347.04205320725447,172.7346292691871,98.0059175625988,106.18494216495836
337.1383040400492,168.30617854967625,98.52366123874907,105.3969662748499
335.440079346035,175.31326298780277,98.70921823798228,104.22636695377727
330.3875739410164,174.571842388385,99.22760691292986,102.51366744091632
320.45678231292186,162.49947330498065,100.02765470869663,101.24302499382863
355.5309451114929,200.32234622535105,99.61058535041444,98.49813794825943
319.2195374087813,161.2908044027967,97.35795793965804,104.80558889452945
308.323936774966,159.01023656227125,96.86719486906078,106.18358681297639
308.28556314826074,154.79406997865846,96.94394212247133,105.02549433981811
305.0815742407745,149.27950299187842,96.99195109407704,103.3346906266448
303.6724704086749,147.6276814038973,96.65580384204655,103.48397888637726
299.1389796939383,142.53866196301686,96.26873829619056,104.20797079280904
298.12476961929264,140.63549972746594,95.14066388991137,104.85780070834029
297.0042317618146,134.05369589240897,94.233086987257,105.42679790801247
296.0890517287352,129.86378254384414,92.92043250067711,107.52059549966472
282.72766737127006,107.95842937674692,94.4075414922327,104.01443985253161
302.8153566892849,143.2290268780385,91.71824120674538,102.1977218259428
290.26448331848275,125.9390224230878,92.39855053791514,100.14557462019253
323.60291550482856,161.37439607937614,92.41638673733465,95.96952787972688
298.93555352640556,124.17986380513004,91.31932900940454,99.16078299088818
314.99806743114186,158.414041514521,89.18481408077359,96.6715559099579
295.44133722922896,108.28470513047033,90.25665737900995,94.51049031685713
318.1611165497447,151.14519865502137,88.459989793099,93.16575930765457
349.6223529506099,181.40591053499077,88.45769304260034,89.84449559429014
316.83976728175077,130.18523072395922,86.63357039203581,94.00980148344087
336.01824563169316,168.75352736000892,85.2510127842537,90.82200639554686
323.8631121629963,135.82535746107456,84.60917170352425,90.13939147842034
339.9818494052941,168.71177061707684,82.63931196830973,87.65339600603073
329.60043807164675,112.50220097756501,81.9502602808064,87.45019492236506
349.1054477483177,151.96653719418313,80.28345132936857,85.87531546450163
335.736105646532,136.7549803876037,78.24280231901008,90.13539888317877
351.4188930465229,172.3316074628551,76.026910735047,87.88139597053811
330.4706463150676,125.13520944344837,76.65068574866405,86.83103059536032
346.9001902365595,165.9558622679327,74.67080166678247,84.96100132923932
327.15670321747706,143.63529953033193,73.95648676547424,86.88825730625058
343.28558742764295,178.31417306274764,72.070005659736,85.86590669925472
314.0728245498791,139.23784011016113,73.34498498128704,84.50476887019929
332.2026417749117,180.15294764344603,71.86512064186418,82.17117119938366
303.60535035156425,145.62979025017898,73.29825906839619,80.9095778039732
318.6501851309155,183.39397694861225,69.91362214771475,80.6408418415293
296.01268916004426,141.1035579621953,72.53884930121731,77.55271886075917
314.7380241806567,179.3718325321413,70.53793447469842,76.64231417890653
288.2423782627885,150.5396639543963,72.54860987183989,74.05683190696615
305.77109463202004,184.35792774656062,69.8132091283348,73.373084883622
287.2602205514088,146.70501737889953,70.75930867256922,72.01815230784436
305.0191372004471,182.95672519559298,68.96810693318074,71.4648839996589
321.25119450405373,215.35413473582003,67.46437324072693,70.80228252834924
293.7806871185409,154.48504839292752,67.97366249933239,70.61339006631293
310.56178260224505,188.9294003459956,67.14708588285795,69.37828915210669
325.624334978049,218.34216723180438,64.97112475936034,68.60097676194886
305.0230533978357,159.31819657485076,66.2109218846953,66.76061997058139
321.2419972266213,192.0024442481244,65.18356756611453,66.30722685794787
344.82068793909195,216.84873286571974,63.58163607762046,66.31150409888127
320.71219193410656,159.40829998278593,64.75331665280719,64.60181543941431
337.85496954554935,190.21402230209446,63.06117495114898,64.10302115309864
328.85093840607084,149.43614342614964,63.04611656610658,63.55345143565772
344.7919327143477,180.19229486199566,61.06947768142126,63.845538009827095
335.39794446397457,136.04919390622672,60.187012654732,65.58179720064864
350.7835791949634,168.23847883584904,59.11807722475003,64.56820660966122
364.9663145829513,199.51768721120163,58.01540410203565,64.32475592355378
363.4790814944447,229.94583911535207,57.137918157350626,63.173710001575124
381.1501424419583,253.11456878796326,57.7832240343735,62.29405415788952
343.9978185531036,294.7248536977337,52.680691158330134,66.04325362579193
357.54449830216276,265.04473826189445,53.58791400312056,63.8022033430711
356.22201255220153,238.29875984599246,54.38597259505437,61.886772935216484
352.93704403470105,268.52714839508593,55.4655673539548,59.993646782101536
322.44437036288684,299.84896728025393,54.642119679691085,59.158804029657716
321.71463523655495,307.28029484016827,54.309802318634716,60.42223743330982
308.1418196320398,306.8515277564409,50.75066882966744,63.085934230058584
327.2692407782924,285.53872186300526,51.87735095681127,60.959813721874234
294.7418665710259,310.8078212076348,47.68668136036199,63.68732119490912
313.68289702652623,288.01624949215625,48.291208331761084,62.03692495201199
289.46383093467676,316.0483021959588,46.441123790689986,61.4632655855323
308.9030311856677,294.4393671959657,46.55140128450711,60.606977851137025
291.4399365127317,318.71240270074145,44.43178078645743,60.89401981766396
309.2935650141381,297.13168398088214,45.103751716092056,59.40822297665193
289.8534116397288,322.28040749961406,42.93407528524991,60.01275508196742
307.30388887128254,299.52670494262594,43.5768245918174,58.66709613591759
284.71099097274265,323.09856216990954,42.19586247086273,58.09013959938491
302.5362718200187,301.69899610253805,42.7551322523846,56.807737763255204
279.3878381418323,322.7139781420122,42.13170096413275,55.44203250964834
296.556537817188,303.5292552145221,43.053665995358216,53.95306645461299
275.24564314813364,326.45536513611137,41.44313304998117,53.858421387454214
292.1010325431611,308.79529676695495,42.17772158330127,53.23556613615827
272.4426875288635,325.3396673863344,40.993152799026575,53.147850596774894
289.0650210968479,307.5800089889986,41.77567611070279,51.681090817919326
268.62043097374914,329.3999794267448,41.51348071096572,50.66221757571624
285.2328362381472,310.8774954355421,41.63400610501189,50.01245799316959
267.92467517184616,332.55327240863943,40.20675825253008,49.91318802907543
284.0781380039905,317.8170207234428,40.49433572326319,49.62549288488358
268.9262686441495,333.7755343818274,39.61554971485726,50.30837778384277
284.9653764305657,319.17263873844365,40.05058749963698,49.82815513539929
300.1726032856473,304.0096574834056,40.72912739289529,49.06112404205381
321.9668153317963,307.30182418331674,40.92810783751786,49.539275244960635
298.4293423290592,307.06376919486746,41.04178391019758,48.59231643601699
320.17516741439533,309.06016622844805,41.26968296864128,48.83044648780257
302.77366220877684,292.45122964955,40.63143876541626,48.02471521571519
318.76680146173953,312.45564945525996,40.72891148256664,47.07435535412678
335.45695442523015,297.3602209201746,40.512420048867874,46.86504913878872
319.23157511277543,315.20947949761756,39.960450619546194,46.91948737598635
282.27531041086155,337.43548479965085,38.68301431085436,47.581456199431635
297.55455332981376,320.4125468587763,39.328341043195955,46.35345700177215
281.825875726184,341.02312296518573,38.42924833543948,45.577864682723195
296.779753946339,324.9944792121132,38.92171085579877,44.5914359272713
311.9437603989761,310.4474877610353,38.825121815336125,44.76840469786815
332.3641424286874,313.58590868886625,38.768002091411695,45.0695699930931
311.80052696542685,315.3179819213855,38.99556863876793,45.56345556474786
327.17792828705683,300.86314520542146,38.845338342113735,45.19919023035739
311.5468015168344,318.51579622537065,38.365432865466474,45.6038170846877
269.37268713652975,343.2065921638224,38.16188328607731,45.10372206059586
284.26496983705533,326.70335067343274,38.51029934043665,44.04683470047638
299.31034111673233,311.68772871843817,38.305325341301696,44.192310050246476
319.46768673765285,313.9788539584323,38.23942658113699,44.80345214853896
303.7636292332864,301.7817488963211,38.285778685331564,44.36959997333514
318.8848951601847,320.8895481152995,37.961134308480545,43.876555310657764
308.52652097360397,302.4483230156561,38.070833967587824,43.408729715721336
308.6200186909236,325.82533772613385,37.88383853294863,42.82305045706158
308.52610473925864,307.113050000539,38.07166643627849,42.136242183891795
323.8880932134676,326.1104259849942,37.65275695982184,42.02282455493288
309.1426976829239,312.6445526554196,37.04126850601821,42.61507663855246
323.6420059275298,298.30574576751667,36.8768928956148,42.458449535549946
309.61172318148726,316.47633939083215,36.21960708127091,42.3267269796337
309.44747083783415,297.8633120650287,36.54811176857716,41.23631459945612
328.5190101498004,300.8573318507794,36.36128550481954,41.37025121507972
309.6280962446869,302.86927372762227,36.21513593905262,42.240300026038454
323.92333251207396,288.8017950092772,36.0206354885368,41.979285378470294
310.10179518074045,307.3846166004833,35.432387248870015,41.637106851276116
319.6464849161645,288.7804229515406,35.74635329004653,41.25151221961386
310.6969603809609,310.8099441005911,35.468556114795454,40.81690091109289
309.95759740801043,292.7050525166402,35.7466746384665,39.807853989868036
328.49013211579603,295.5624691804545,35.553169655205366,40.04004718357976
309.98630159700446,296.51903120561934,35.67331100246017,40.506763113271255
324.0082364045228,313.4242418670762,35.20833590855065,40.27064816390375
314.4509991351077,295.78326612699357,35.31518046226609,39.91329342197866
323.47660159546035,317.1196428940247,35.02618064998359,39.869832148131394
323.37854633116393,299.80601265400804,35.222291178576505,39.13165325739284
332.30729068129966,320.9279825847403,34.92265605765221,39.026561986361784
332.22089513656454,303.20091110854304,35.095447147122556,38.393412774445096
332.3239909319088,323.56429451761284,34.88925555643397,38.16211843308433
332.38110952215305,306.5209744331369,34.775018375945486,37.744958875748154
332.5531741765325,326.0981665597997,34.43088906718668,37.41202735115613
332.5902339774752,308.82104130414507,34.356769465301255,36.90090765485323
319.62113111423577,325.4277580836819,33.36723146960817,37.347153748494385
332.53507366220026,312.1320602665383,33.14228719677877,37.222437219547345
319.62844613996646,327.9564066493471,32.37218058264823,37.69530645806914
327.88363951087854,311.42412299850827,32.40122331783232,37.68101480573011
327.9193701323753,330.9801528261537,32.32976207483877,37.1695456804444
327.7718039559449,314.3623191021642,32.62489442769955,36.49699038005314
327.8428202667988,333.6284768529396,32.4828618059918,36.048404126027904
315.10050845319483,321.27680965575905,32.07467024504997,35.93779063174557
327.6428827031378,335.8298470252649,31.614419749753626,35.73873528942606
315.0334168460422,323.7504753511877,31.388975148953875,35.51328466904735
327.42736392589813,338.09307638333956,30.821881494679133,35.261196241561144
319.0867285946269,322.0736819100783,30.861693436002753,35.0571589157222
319.1306647214977,339.4553165560177,30.773821182261106,34.533580547675555
319.0342087043593,323.761444939472,30.966733216537897,34.05218148370501
319.1313272363377,340.84748732138473,30.77249615258112,33.65994116957298
319.14215651185947,325.33928621776596,30.750837601537597,33.2290349959225
319.2740021276494,342.1134532770831,30.487146369957756,32.92384729642018
311.88558973097565,326.5976859107604,30.287761360404943,33.004548436405265
312.0172522323485,343.17091013659103,30.02443635765932,32.742590134967905
304.15127874110533,327.930341364879,29.944777441178335,32.588741249142764
304.3078815581544,344.61776649152324,29.63157180708013,32.68892217915024
304.25026076482936,329.6978720820311,29.74681339373024,32.11368708354364
296.7915487088035,346.04668633263213,29.080192294322572,32.53215465669297
304.11410513608075,331.8948256172075,28.983465290345436,32.70899677642591
292.8073264972125,345.3924836725219,28.290817922732614,32.904252752038026
300.0292213811383,331.0203311895752,28.292283259785453,32.7580475081226
292.95258743241993,346.81940778230813,28.033862049800476,32.86561035898457
292.8533235913213,332.3679692757147,28.232389731997706,32.061438870196504
292.95127177650727,348.5250891596829,28.036493361625794,32.01422967966732
292.88545234646574,334.75255525160696,28.168132221708866,31.20444149128561
303.87525378741896,347.50160882221024,27.686524647740573,30.943111450701952
314.62815529632155,336.4941990875699,27.408461455239546,30.807245884882704
325.40286717440415,349.0245791022981,26.936055987966753,30.48907254238678
335.9268318010229,338.30823042689894,26.67782414601444,30.228172594452662
343.18639307216904,353.2188986551432,26.490242227698637,29.96563867491556
353.55332412854733,343.1320203241353,26.195278175566756,29.700497276306756
353.62386013521336,358.18027799711246,26.05420616223472,29.517713186018117
363.81216959618706,348.1793915945307,25.79622330692418,29.400849924544726
363.8410835261093,363.07235721082697,25.738395447079746,29.153497865652298
363.7771545229413,349.9579251808163,25.866253453415652,28.59771359391177
350.55586376802114,350.1619000098122,25.728487419708184,29.04719450184081
350.6071841645633,364.51628646801834,25.625846626623822,28.791459286011772
340.9639177650873,354.36290467163997,25.21051352889885,28.539754117018617
334.23433285389166,342.0676943004119,25.132805187660054,28.594583187895335
320.7512357457683,342.32825844672,25.037834121474397,28.919116310355225
333.89965392657257,342.6081543345546,25.06514333633726,29.208490521023684
319.854469707048,342.7479019819901,24.970871453598516,28.928995226152736
332.55388171317736,342.89596644648566,25.019380406118728,28.632866297161655
325.84176475307277,356.53431286293596,24.93260532348898,28.378191469939
335.52566575464124,346.59055631159225,24.864140485966352,28.12726579111572
348.4676506379659,347.4113421255265,24.837726235105386,28.153923551362638
361.39482564313795,348.42610747145625,24.84064837872037,27.792603966210226
361.35871887633687,362.1183920220742,24.91286191232257,26.92144744245455
371.40354396198376,372.56421586880276,24.410454320977664,26.43317743644419
380.76644118929954,383.2136520537559,24.096819788407565,25.94805106539
386.8054875758872,396.17167451739755,23.83832784051258,26.03512795372325
377.5111800954479,386.10016829672674,23.581704796412023,25.762465889671056
386.5151374326218,396.4269357073734,23.442117738668944,25.307910113235156
377.8119931204401,386.5965112041632,23.19414933179455,25.01177291043008
366.0918975266343,385.99647620823725,23.10492326288314,24.69381598250624
366.0953082831389,374.9229740309933,23.098101749874026,24.261858126018375
360.5813853566608,363.4717261380887,22.93939992275503,24.045488706338965
355.1531216387758,352.0665757207731,22.69790365924545,23.91987389579241
346.9184967690064,343.38652722992083,22.28342440891062,23.662166714150516
338.39910769211815,334.80848585597073,21.958894540025213,23.454941439388744
330.28552569246017,326.3738414845336,21.739184088500267,23.162274233559355
321.91844969123446,318.3151415512131,21.50483715296841,23.01819595129982
313.6550962360312,309.3441615144322,21.206371401495815,22.7328856411594
302.9578036482078,309.1906446894741,21.153532189575465,22.348066891476694
294.8465986044253,300.6876788743975,20.935942763423828,22.228999028175085
303.2017532052295,309.5305015050073,20.538112167273496,22.215205589535024
303.2728956246604,320.39702139147136,20.395827328411762,22.023000338084834
313.72495287003295,320.352449217471,20.19630758170451,22.112144686085504
321.85344861442195,328.7881678244283,19.925813081210265,21.893308501633065
332.1204365064509,328.78939419045525,19.801821947681137,21.89085576957914
342.32946922436435,328.88132253029227,19.731273692667713,21.70699908990515
352.4841588955947,328.937065814463,19.645853072469063,21.595512521563652
360.01909834723995,321.2592265539499,19.50961804328119,21.36825830439587
370.04242446124584,321.33348438976935,19.413936721374284,21.219742632756958
370.06715498032526,311.59587485331843,19.364475683215495,20.86294524910465
379.9656832493288,311.57659098331,19.202596085266986,20.90151298912156
389.8163225234375,311.6471962746759,19.075309092394768,20.760302406389805
397.09943339300315,303.9382867232349,18.934506750986298,20.49831781609463
404.69373783570927,311.82268161990135,18.6467123592971,20.251209787056567
414.256850394756,311.82128714236364,18.505984832758372,20.253998742132033
421.42703922746165,319.83499771506376,18.201086687124942,20.092771836480733
428.46938143861587,327.7806915055583,17.98238719300094,19.875975913439348
428.51441127825825,337.4794045835715,17.89232751371621,19.550812879387426
421.596360864042,344.55593840174726,17.580161218436082,19.546012366748535
415.0110015547239,351.8209041616541,17.30831805853068,19.627561041001837
408.4449391133884,358.86156546773697,17.06868803788609,19.499373980121803
399.5244455048148,359.25544614743103,17.067412688219083,19.28716947772768
390.6486589079836,359.31397296075494,17.07935239553908,19.170115851079906
384.17539078758597,352.5161334033127,16.90162085977552,19.07090685129437
375.40577042597414,352.58350069720046,16.887454816495815,18.936172263518902
368.72457042331297,345.9147504905988,16.71575268435054,18.73957053925454
375.51525296951206,353.27773988071164,16.529365913195473,18.52481827370886
379.6976616919738,362.18925261649946,16.441709681592904,18.359736723884446
383.86558106582254,370.9814941763355,16.32356312250833,18.30633027325323
388.26655677417267,379.73205027158593,16.243677806480346,18.249350284097066
388.2932269202204,388.7287403419771,16.190337514384908,18.173903220913086
388.3153787301738,397.4986528708339,16.146033894478176,17.944277032770366
392.3833075033873,405.94566163681367,16.060204340743987,17.68698401904266
392.40505630519823,398.0770303328428,16.016706737122114,17.48532477213239
398.55177426964036,404.79493455404815,15.854949735057694,17.23612385887375
398.59671372457575,397.05996432676113,15.765070825186955,17.075891031614194
390.63705081175794,397.29252324426784,15.654994192051989,17.127850695270823
394.53705171258486,389.59948133305875,15.597017353563666,17.029884591358083
394.5584288819114,381.97115943524426,15.554263014910461,16.875960604826233
394.59661519327057,374.40394878605025,15.477890392192185,16.69219780339398
394.6289346218818,366.9028930896919,15.413251534969763,16.49854941311907
394.6510513007208,359.46446364375873,15.369018177291757,16.30114680698187
394.7013343428056,352.03503167762096,15.268452093122205,16.199348321000205
394.73866031370693,344.66951058528133,15.193800151319486,16.06533950755231
394.7942964412134,337.36398057662893,15.082527896306482,15.909737126632319
394.8573513723847,330.1299263492596,14.95641803396398,15.73713453999302
394.90489370935296,322.94722082825473,14.861333360027373,15.60282737709948
394.9481813669853,315.8313804562959,14.77475804476274,15.443057096215831
395.0240003012559,308.7439649894347,14.623120176221512,15.342627762229865
402.42678080335475,308.6906126665654,14.445452696495444,15.449332407968452
407.90641345267306,302.61400711257414,14.312693417947575,15.363884536720075
407.9370735509049,310.1856143179527,14.251373221483803,15.173450338398235
411.7221781757576,317.3643727507549,14.094382612523614,15.179044589237614
418.91639383825145,317.5850793819012,13.994463013888973,15.19855106005323
426.08798968117765,317.554774306137,13.89994801561719,15.25916121158167
433.25640750183084,317.54138179953753,13.79440120506254,15.285946224780524
438.5899609841132,323.5561776947753,13.656869221330265,15.159352238724411
438.59882941898775,316.86508979695293,13.639132351581129,14.932192288634429
431.6570054529785,317.14808565303116,13.578146134898105,14.816027484500564
424.7538486237428,317.4178472686851,13.526030896142894,14.723550346651521
424.7680347612462,310.84943487595575,13.497658621135963,14.517114469407685
424.79947536914926,318.00326391290616,13.434777405329864,14.324800251797988
419.85393816816793,312.79271949192304,13.272493688707678,14.25542844828436
