163.5,44.5,47,164
160.80193087403916,42.40391220464649,51.3961382519217,160.80703334169775
160.70652863558257,41.44926719501903,54.81576927440544,159.4874968153821
159.2542737201774,39.522333433577344,57.72027910521582,160.06869577403296
158.13350128074137,37.83323905351354,59.96182398408787,160.11316210322468
157.9642250926573,37.573946226532726,60.30037636025601,160.6317477571863
158.49909415953846,36.049352409015924,59.2306382264937,163.6809353922199
157.82664731842624,33.35503704649388,57.16281671940038,169.069566117264
157.74984503848435,24.14090595822968,53.86439275432471,177.1417427189142
159.09471786579317,24.72241862474428,51.17464709970709,182.99071358111408
158.50428718312952,26.088658167192918,48.81694480550369,187.3353618152783
159.38397044246543,20.75299790215969,47.05757828683186,190.89588727765164
159.5530469573199,17.16796348782721,46.719425257122936,190.9218681189754
160.52254134829968,24.20353887847169,48.346411150113795,187.54864136253772
160.43133453125557,21.81340631082911,48.52882478420199,185.2299034633821
160.09876576462187,30.66349928749233,49.19396231746939,181.61114856983562
160.07313683040186,26.050935429850483,49.24522018590945,176.90840221482026
159.6299416748427,37.35406849313377,50.131610497027765,171.38548221673062
159.56342342674407,36.08045439465471,50.26464699322506,167.2221863284352
158.7706660828099,51.90604751021169,51.85016168109334,161.9618461396018
159.6759053927378,62.824324802163346,53.29325948493742,156.3931736741979
159.34515661403833,67.023762258424,53.954757042336354,151.1951031964374
159.03995750609843,69.11400350988251,54.56515525821619,147.01462069352038
159.01238760440611,70.49368376860552,54.62029506160084,144.25526017607436
155.05298555535597,69.12640010931642,53.38509046703685,140.88715503287642
155.07197044495948,69.3096808160783,53.34712068782984,137.53977983753913
155.3104993243558,72.81537128405863,52.87006292903722,136.3925655894192
151.18210879715735,76.70078405197094,49.4986373590026,137.3428950219182
143.6724905231933,75.25525069822766,47.35828682716706,137.37403054944417
134.05999819581794,74.58189690337048,46.832730336462824,135.89923226123636
118.54005017550298,71.52529416378809,47.17269252609844,133.6397285083118
117.46988891305924,50.03537439262696,54.84270434797047,124.08751972928087
160.76468150387774,94.84238679593099,56.718559710102255,120.17439044944888
156.50176798252238,83.67285646036154,59.76330659965849,117.84859043139254
152.60934512234712,75.59857605726796,64.78876145678946,114.68141519504267
145.5013900366056,60.2284192365032,70.60807544938488,111.83534412102196
163.64195758850514,108.38057995687825,74.29311479389415,106.88227856211932
152.3278026186515,48.39560821973979,74.18868102658311,104.66372461117281
171.32073270869333,96.33801912592584,75.49148053987972,104.19421919700997
147.76632373861705,64.8123485627182,71.82848765248046,110.83243718170104
144.27510943135246,69.63295358101281,70.23059183366246,115.49176786735708
142.25909842907657,69.76820137580484,65.55371232495233,118.12423944886035
143.69032804639275,65.28980261435241,62.69125309032002,118.4926537788057
145.13869488844776,73.41073423085197,56.97526288444359,121.98558619817156
143.33497412292948,72.58316948231031,52.268495434148676,123.6407156952549
144.65287372304243,71.94244227854257,49.63269623392276,124.92217010279037
145.16890583055832,72.55719991126824,48.60063201889101,126.37686396581853
144.97151691986403,74.8012894529626,48.99540984027958,127.261957402313
141.25558681211112,77.0343299732364,51.01441286042244,125.50230495944685
139.81861566001464,79.3966344609592,53.888355164615405,123.49490645142926
137.00756872022367,80.87620048190118,56.77130752260897,120.53577440954528
135.58366173428232,82.16425835068836,59.619121494491715,117.95965867197094
134.60320797402,83.82422502305592,61.580029015016365,114.63972532723582
130.721131086772,86.90782752813891,63.85721344030826,111.21600499167187
130.24972619793897,89.00839416983058,64.80002321797434,109.74659544899352
126.75336366449955,90.46665888248786,66.34097415573422,106.83006602367894
123.44834442386008,93.05045936530082,67.5342055276348,104.37086861274221
117.6003542492925,93.17542550409816,68.46385306030342,101.42935313103092
111.67528113502456,94.51931898167706,69.66255036876554,98.7415661758731
107.31843639932957,95.64382206996365,70.44984801138932,96.49255999929994
105.23895130101775,77.314189959938,71.98781338434452,93.83675186432491
98.56428043269298,67.96805753464288,72.30846821685361,94.28885504911855
95.52856739512049,66.43101260072515,73.14416439792905,94.74507996991923
91.03469122694048,64.00941173169986,74.21657108635996,94.31138460935044
87.91168005541961,62.82608274687789,75.16406798873982,94.02877985866343
83.42166036186596,65.71797708338332,76.16317570483127,93.56561229966312
79.16656905762846,68.42149807885872,76.6652194733377,93.497329535358
85.48110232342677,73.85900092607537,77.41838105987377,93.32810633543083
82.68198809326083,73.50858338441392,77.64460689826589,94.0289414187537
80.47865755918019,75.92132966447602,76.65038689370668,94.60432993134998
87.71709648124101,77.15201954148654,75.63959360217072,94.83616708784605
82.18606441402625,107.22248879077523,70.61926337537916,104.3856041545601
100.96528246192716,91.59941973848854,68.72148193136053,110.9435967309759
96.37358820337676,89.3362149577076,66.66578578915782,118.27977745736366
98.42983218473742,86.6473559805199,65.43733215308633,123.65749541173903
100.38445466674868,80.9733294442594,64.4704608296868,126.17842756239111
102.28427560306349,74.43085090708811,63.633585414972785,127.4123188050711
106.81381506238701,71.76532696924927,63.473669522164386,126.81059133018974
106.61216410564958,70.16895734715114,63.87697143563922,124.09370819294114
106.59994162388685,71.63517470428545,63.90141639916472,121.16127347867253
106.51961889986069,73.05855754983344,64.06206184721702,118.31450778757652
107.04377296295362,73.95038930969133,63.01375372103115,116.53084426786076
107.4800241770229,74.67143994786312,62.141251292892605,115.08874299151717
108.43107191959955,76.25471327563227,60.23915580773931,114.6819062704426
110.81580637616705,74.69292857757227,58.19078882795442,115.08437373321249
113.07673074975595,75.93555642567405,56.36065883590672,115.29083679213906
113.66764334043876,75.81972659837363,55.178833654541094,115.5224964467399
118.45444782524739,75.93866744979974,53.54287998592999,115.28461474388769
120.00162130149744,74.14119518951574,53.06240800569629,113.65180931992286
120.47026501502756,74.98181347806656,52.12512057863603,111.97057274282122
121.82063733703278,76.08154802243531,51.96523319458075,109.7711036540837
127.14769860879102,83.94735098722728,51.3352269971259,109.07567224359224
127.0677500859031,82.7443560873756,51.49512404290175,106.51185008465617
127.45888305406629,86.38438017242838,50.712858106575354,106.5826997042947
127.7662364004886,90.63602844000741,50.09815141373075,107.83027758841088
127.49681728723735,98.93788013254047,50.636989640233246,108.34272716287295
126.85579470409908,100.23649520973152,51.91903480650979,108.20753753992174
125.8339246303778,106.60891369157575,53.962774953952376,107.8748121571393
134.14586059688423,105.63499174737763,54.930054121963934,107.30963445967491
140.6635140323916,106.29144237397666,54.50198123882153,108.51818000405129
147.84872324186844,105.7879198360803,55.322177014336816,109.525225079844
152.19460509638577,104.45802445981478,56.87320676074839,109.62431746851351
150.2064517047135,104.75200852680557,58.26061400817912,109.03634933453193
155.8284457874802,102.5040167520934,60.03705078970597,108.32416290513213
144.27687029428517,101.9409831369605,64.77252278020448,104.20232185085749
148.22193579477275,99.98974724335037,67.45378074467767,102.81909915535357
149.51738803781316,96.39429799690639,67.52984048205958,102.00910497785335
153.16387082711063,97.28248941261651,62.89294039363176,105.54485312676735
155.84842839621507,92.4886844572757,57.52382525542285,107.23881122477631
152.74796024282944,95.3494597887205,50.89982164899413,111.7772124924467
156.52565760989572,95.38690455909725,45.861024593182734,114.21892063001434
157.93258318915935,94.96456789930089,43.04717343465547,115.06359394960705
150.66706243852923,94.98342702171738,45.455701996620434,112.601373116915
157.0287482686573,98.55167588008815,47.32606208120117,112.76174127259193
158.05338728437394,99.38609780743744,47.74463915568813,113.56075252381358
158.48718831290108,101.40222403861709,49.363854680943014,112.01531764376344
157.9062911948116,103.15613632556949,50.525648917122005,111.0005579528833
149.80250255212195,99.22103975258133,54.23946513312369,108.87574224335752
147.41476784058935,98.68044089382286,56.482472356628605,107.42447776131417
146.35273203657187,95.75810438510112,56.05668933146255,108.16944151235572
144.7764197266214,92.11389983841826,54.10235701200647,110.3508936663644
139.88941717071862,86.68353695541066,51.11805157243466,113.55663310155319
140.65667874703854,84.1918588853234,49.5835284197948,113.44744423324606
141.7416461156193,83.3161953712989,47.413593682633284,112.68108267681828
141.4236577176384,78.30082861710696,45.58132869021985,110.37060724332616
141.8409928913233,81.41771029832051,44.746658342850004,108.94157770174246
141.58097552222722,87.74865899300903,45.26669308104221,108.11425708529178
141.63224669757363,113.64119920733386,45.16415073034937,108.34184867843797
132.16453571482333,73.68360038079561,47.53981864891635,103.09259694728449
140.08113397643945,116.6858435427801,48.027017998321384,103.35306023582653
127.74742008257044,78.97118296200146,49.25648309035046,99.09330823197345
127.75998884787766,75.19074753852108,51.534369759852524,92.83603387823521
136.80945185884045,85.581245175048,49.18663611765548,94.55674200479359
147.18364236016626,117.34250329772118,46.320718803343155,100.32877255176184
140.13370496683586,84.35630113408041,46.80089682403788,98.20269304921295
142.1650896358842,90.56780660936955,47.23286010071156,97.01651363556047
153.45383406411534,126.40660258393639,51.506167393458725,92.46591205945052
152.00075146429884,87.74993978284034,52.168111876032995,91.23151256458735
177.10507888558118,124.63160470896266,53.415434761615344,89.05910824715599
159.3727181664416,85.61945516710455,57.71516394880484,84.71878495299225
173.39689457179264,122.7532851209853,58.695209855882354,84.13859871344053
164.77773586367073,112.81900457789736,58.01023370249672,86.08386622998691
154.6082222938117,110.89849305865627,58.02360735780377,87.66648332575676
145.48709444708913,105.36785177388221,58.00643403265404,89.59805138600748
119.97648198737183,76.3939108758084,62.805025251440064,85.14537768627949
103.59763683383565,78.4656803607044,65.36010643965876,83.3251163410147
95.99481166849884,85.65824607119926,64.20519745820997,82.96332147327277
96.95149435257495,89.86021751608594,59.97892893021563,86.12389438270995
93.80355794263383,93.59219766884799,54.8167843535462,92.40955495304789
118.12425582087118,126.65059142792566,56.76552931902489,90.68021926283318
94.9285480783274,84.0265534170482,52.412336188949695,92.89166300523085
105.26974589679139,127.3119597432125,49.85749765929142,94.69269125084224
97.85305333600341,86.5787552846406,48.94900827639275,92.95204921576297
106.14336963457816,132.42269891632822,47.82184378064085,93.98497056077325
100.91257721536208,129.68525085452592,45.0630438299107,99.45986668437783
102.37565809797852,130.62487745780385,44.372166224839745,102.0511817981459
103.54832513469198,128.72731983438564,44.2875430952478,103.58558610114736
105.62053122385757,123.10885483065668,44.70597436354439,105.69682921534971
108.29608986376232,119.20088425031715,46.312908590259084,108.87406937167933
112.30523258371332,115.3050235951541,47.86953475757116,111.87833487839839
117.37271416693576,107.02887450392777,50.05812323689274,113.6423710859313
125.4647519321104,101.23909947868724,51.57618374251895,115.10641483014066
126.09527551047546,99.21487078078502,52.89195277502627,116.57805603670766
126.28048819826614,97.20220088610657,52.5215273994449,117.98211226228763
127.83636038620685,93.80392201960211,52.04494302321415,119.50834999599522
128.04046687439575,89.39929932702478,51.63673004683639,120.3709330125755
126.53191222317396,86.5064354033162,51.99967514299803,120.84833244742879
118.5109807812719,87.4459656992068,52.03662236046128,121.63675780003774
120.02738869654272,82.60423099536415,51.68335147807109,120.60204741511726
114.56847374638951,84.0891880277581,51.96785451476336,117.63213335032935
106.17700537459714,89.09148628559062,53.028738401187766,118.10890540610453
106.10101414005356,87.81492204038432,53.1807208702749,118.01611920535015
103.70123627295514,89.45520127683358,52.68580332672295,117.38279737132605
95.74629688073159,95.222296432226,52.81957695622542,116.36601049717095
97.63581398220597,94.22381003768778,51.65747639205874,115.7460496474653
95.94966835955569,94.65242233883234,52.44224077983929,114.8888250451762
97.19464857478036,95.00809594413309,52.541133710575124,114.17747783457467
98.039358844303,96.74152078361396,53.431956681448156,113.29087166553121
94.69524763997788,98.73317393146434,54.95437067273798,111.89046957851065
83.97207329768992,105.10979137368282,58.27808222638606,109.49302734031815
83.9794117510248,105.68216068994501,60.8745126459815,108.34828870779378
86.45325848723255,104.23612515644591,61.20397645834048,108.60178113240474
90.0157307156621,99.74638680421369,59.37490157811789,109.63745347191443
94.44423419236598,91.28748618911588,58.41396383814709,110.76311627523611
96.46384286004601,82.6373538899511,57.00687231722846,114.90275180135843
98.57564565407287,70.36897657218428,55.451846554411205,118.09086783500064
96.28111172597488,100.12609696304878,54.66475123587084,117.71442197537147
98.16236037117415,63.652502235667484,53.571104586718285,118.60264411649254
89.63149666249282,76.80608727146509,51.994587988202625,124.24674950068874
84.67653254022025,69.04131758637554,51.03843560682044,126.19368808845869
76.75347560862824,61.38064645432058,50.51894755275128,127.87702875485758
67.1365800926178,64.16706286876098,50.55483693304255,127.78931068361378
65.17099623537113,94.77140583098814,54.4860046475359,121.41937146160583
54.87445751624294,78.11454681658756,56.04211904297284,119.37872955374235
54.07299803199617,82.27960081215812,57.64503801146638,116.48291037413088
50.00141697980989,83.41624707161448,60.3826949134471,114.20961785521817
45.37607898384276,83.41372778369094,61.48350562095604,114.21465643106524
55.24024152872225,79.64915189731823,63.639736855358905,113.53709958225
57.12357158523303,80.15224388371317,65.39784842604725,112.53091560946011
47.517011904787694,86.7125604448682,67.94691988448264,110.51964775545358
53.64797849163157,86.1174704691426,69.63715749081233,108.9193935509013
53.541562512924564,86.83398089368376,69.84998944822634,107.48637270181901
55.03779765085832,87.49819589087653,69.63444959132926,106.15794270743345
55.57965242366483,88.65179967882199,68.55074004571624,103.85073513154254
57.198174571882674,89.8114282925048,68.01441410794123,101.53147790417691
57.79009262219141,91.24276475651098,66.83057800732377,98.66880497616457
59.83170157359616,91.85557156688586,65.34156462672391,97.4431913554148
62.46070807054587,90.77794018352776,62.634598978910205,97.04740677604525
79.9392029404666,84.76655663350522,65.17814501065583,94.06995956745548
66.58975127080757,90.30985862388367,61.90699472944739,95.47087792858466
92.32959202824905,121.62578353475507,64.64104564500286,91.9812816673201
97.56279385337965,69.49892203440027,66.46004495261188,90.58053923034589
93.21585231567286,106.16500568133242,62.82504583119142,91.22166511748594
128.02077863083605,73.9670062933251,63.26777331215679,90.39629620367722
92.42219829509884,105.10603387853757,59.740666506511445,95.61112778677978
129.38995816483225,56.258157159610036,61.13906101526259,93.67170431570139
104.22564604943346,105.32803600242543,58.129352613795966,94.9352028992902
128.6797732437785,139.8705989066508,61.86666105883085,90.46054056859285
136.0461833119382,80.83752355826469,61.46342692417478,89.1134745848374
146.68152801151697,125.41012318217284,63.805476890235525,87.33541098832882
137.42152822657786,65.9757440676971,65.71482994549069,85.18374461074092
131.34574154012637,110.47661341653343,68.38078047729064,81.55261148299556
91.79184598704418,121.75733312368396,62.569006699788346,87.29769369658341
136.41473643066266,61.18914730244603,62.70149162237812,86.1269647571911
131.86896387706162,101.16611454884494,64.78357940027868,83.27706088671023
182.42494455862544,40.51715811845773,63.73743787441533,83.565145107072
163.45549959393634,42.157280533934866,60.01594007481397,84.91383224600435
108.33975537663939,41.474197475557844,58.8251921593114,84.0060751719401
84.39750922971926,41.8453895122157,59.658021222706225,81.02313570669843
57.38836284076322,40.620701041218084,60.65899755059635,79.05440294452515
69.05390178404916,70.9919788829368,63.6731764585412,75.39323698254063
98.5833042050941,127.81780376756194,61.50437486900317,79.8977478147442
123.98450025730139,156.55876485218758,61.81005928083384,77.96808272836823
72.45804258714745,76.5041321663527,65.97319413928324,75.45859797431513
116.07317943643052,127.80906678060899,63.331668512269545,79.69767367828986
141.34916689300437,156.74355492703208,64.50074153537535,78.04722775093659
74.55687234102292,77.87318605645571,68.03109834394223,76.58364664772523
124.7380288978568,129.24818839639804,65.55405715388811,80.82452058202291
150.72446366585427,157.8968979763986,66.52802503505154,78.77597524862186
172.1601901784819,186.00936395029947,67.0947288362187,77.4202940289327
147.384548173235,128.75304944377388,62.06102758144541,85.03732689750245
171.75774170944007,159.19290917341908,64.12219063794844,81.89345985743151
138.49439881875207,127.65689242394521,59.49775620006199,85.29036026925598
162.00441875930235,160.30260870219757,62.44114888245808,81.31768585886087
154.299103665182,164.32688968293576,62.038539577855076,80.0462265371746
180.98718346814104,170.9201301609695,64.48883450464317,78.02503648764835
143.43028052670482,134.30920938556906,61.14031892928601,81.75167903258881
167.21263741093838,164.61190727325294,62.95257127162789,79.50087956999542
197.21211773127274,166.63786655456653,63.42211037483368,79.92810913654407
160.752058660882,129.75884648283176,57.46135038920553,83.82022865376516
185.08947534965228,162.074167535373,59.73623091408674,81.21532521250043
117.97664143686832,135.9840103660694,54.52670677547567,84.70398521441021
101.7479993626063,140.27435907018062,54.28855280876819,84.84207130358284
112.63499514247616,141.34256978133868,52.114630123554036,84.8834353117696
133.65767536338373,171.3282094997212,55.050536610194115,80.60324826261584
112.97826698553541,131.81646116346445,49.620105592791006,85.18930529610697
157.46768967761153,112.94111806599233,46.92279259892485,89.26914958264689
179.6799196672466,140.82280006773843,51.227915946121755,84.3540464415551
149.94915584682553,115.77953935732012,49.233892825522304,87.8191155606085
171.3106257541737,144.90452134078228,53.521082267549104,82.98975302177867
194.96444646597757,176.2237250036573,55.36944956506478,80.19344326957005
165.5236911617345,114.67501746790495,52.60039348033175,84.24148817485849
188.69667228650934,144.47386310446294,55.486848891877244,80.29783425776317
184.92628569281868,125.30990706839272,54.510028162521294,80.29657370458577
148.39556170201516,87.79678910520352,55.722455877440595,77.13416992898046
176.3800150149032,119.52307238509516,56.06006078544834,78.32982031539342
197.64664466769105,148.14422383747564,57.81788368765928,75.92409538217791
177.913444727487,128.29394653814177,57.35878433005112,75.69915074282929
200.36179973507393,154.05063315702353,58.451276301976726,74.35581603644707
170.00319402988197,129.9961450207971,56.53756134769844,74.44774876265896
191.6327675864747,158.73968646054473,58.55297103617548,72.52489468520395
153.52241246984553,133.16906368305658,54.383582872048414,74.19531045717383
172.51320587672288,161.8121291707611,54.76007752379026,73.4368784835492
174.36514227372527,195.96439660482838,55.08317731580999,71.57739128481992
173.21710841650025,167.08132126930138,55.388823122727686,69.6308847299031
108.1120235096748,131.80528660410124,51.93697348899347,75.31756226966064
131.00657309236206,157.92452041230825,54.04069864281517,72.96745331907603
95.34839971469758,137.56408046136772,49.56344036304048,75.79153070340523
115.64913618948603,161.86614805907095,50.19046350127287,74.30567675120935
95.74363727967244,145.0390828297072,49.02306422742235,74.78681908664538
111.40698107118061,94.18465773350401,48.72325115585102,75.65832711685559
114.35221750965437,125.02941606176418,48.67452583297541,80.17528273981695
106.44927843125853,156.29488070451555,50.383006334286776,76.04785802701824
107.93122706935823,159.17321604712768,49.399864151397104,74.25269752841346
110.84802552180479,159.8427220712988,45.50369375387199,74.85111198743925
120.73245186532887,159.1704932904675,42.66574654884357,76.19556954910183
116.62783802081918,154.5730399998778,39.75625944256869,79.83111873263407
133.88589413475603,161.6250857638667,42.37298021936729,76.86687710605796
159.41219396219867,167.69119818714273,45.20373157669866,74.0248851926467
139.29250679131226,149.6275643557058,40.710679444796256,78.46668410333398
140.80757241458772,155.7381850180487,39.53366162991186,77.36412336864737
141.64235563900417,160.1609306003046,39.68074554170471,73.96858328601283
139.30686111723736,159.78147330993517,39.04391660487839,72.95822520663171
140.07153847520493,158.69425914332015,39.2580428559086,71.64569160593102
135.05234228008766,160.31582047229233,38.92965620997003,70.13036545401553
128.68995748346487,161.960284405331,39.75569480720314,68.54125630165424
122.23000371561398,162.8636034103665,40.84325627088246,66.73461829158326
120.00971263499038,161.20108179829185,41.920181523433,66.69600460703587
110.72212795647854,160.136275723914,41.80272353522331,68.82561675579161
109.11599433463181,164.73746729228105,43.285854734424845,68.26891384151737
103.96830749273025,168.98618563180008,44.85263136705351,66.75435480341889
104.60149000364866,170.3698437632576,47.084484874816184,65.73614780530363
98.78614603053484,172.1864072948385,48.09143749724814,65.64426585007374
95.42278482756707,171.9397032536825,47.67506813453526,66.13767393238574
95.7664731483031,171.67978827712506,46.987691493063195,66.65750388550057
96.10187086103338,171.44540687325153,46.31689606760264,67.12626669324766
96.74576375405255,171.1574486333671,45.02911028156431,67.70218317301655
99.43840393043898,171.68807909182965,43.17642299961946,68.40721879150544
102.83135167963307,170.59206912037862,41.62839587401666,68.85328261014571
111.76219096516918,167.37086352816166,39.306227453266466,70.11585707780561
117.07067374659593,167.54210877175586,38.92538343438186,69.77336659061724
118.62238477086738,168.29928081592,39.21090245359333,68.25902250228893
126.44497607903521,169.69010976435789,42.01176235909784,65.47736460541316
133.3587573927186,170.71560023401165,43.32785070704392,63.42638366610565
158.7294574347083,173.0204748184358,44.47126781915938,62.164042058295756
182.51694182878418,177.48940024590692,45.428018905944676,61.59372911282539
205.82861730577343,181.8971765245439,45.860577804843224,61.18101760070803
220.19928985408316,210.02688526792014,45.70256402745739,60.40689032187971
219.27470428861847,185.26174419443265,45.88473613810653,58.26020284016578
219.26977698379412,211.84504042454955,45.894590747755224,55.84620283413153
206.1842294108374,188.53979157861855,44.86058706603917,56.048002525919685
206.1936245514438,213.67806672695377,44.84179678482631,53.371498438969965
204.8625549017424,190.34167710535064,44.41352183882268,52.142856878377344
215.36564027574545,215.37960355829398,43.15895863661698,52.20570005029162
214.76407266288558,192.69616213958966,42.861978567706444,51.06900875416116
215.03395275569085,216.57232618062108,42.32221838209588,49.128973952679985
231.2556263964432,198.71589986466478,41.54080048670171,48.862361373103376
231.56091022899173,221.38979873036305,40.930232821604626,47.612191417240666
231.75997393274574,200.3195590986783,40.53210541409665,46.55801807369702
232.25840930841716,222.04896342981513,39.53523466275378,45.59019665561252
226.59185999186028,214.81835211360269,37.47123436810779,43.97490057472569
214.44223417358913,235.75189850172228,36.13861437844503,44.40039598172484
214.44028139045315,217.00169072976718,36.14251994471697,42.634306247324496
224.79247287016852,199.11129643750797,35.27055939912837,42.46882920675405
209.74245750702613,215.07889191306435,34.797350542342414,42.32980742203481
199.01650476944562,196.9770521854016,34.412521166781445,42.13892879282368
214.10864094404806,212.231300246234,34.32821285134749,41.7303967049297
222.06203111735582,205.9551120508141,33.974040170148704,38.73016543035277
204.5751131179575,206.86296950001392,33.47347604388744,39.203121507763335
211.91899892800905,203.62786213421612,33.65281390437548,36.52434578976434
195.15309591192656,204.84622607735554,32.93207510128527,37.40238030689733
195.4652734649942,188.09086561398573,32.307719995149974,36.59393803125104
187.11869219561817,206.330796122926,31.648234859778114,36.98845332088382
195.6375062883036,191.06996866126337,30.811724499982493,37.2680216364686
181.80367701809982,204.50445964326096,30.635566122781473,37.17194055478945
192.23716363788222,191.80332432964278,30.033873442172936,36.97596205492316
200.32468812917287,210.38035805052704,29.666669362112223,36.7068660523694
198.89604649282256,194.66040630589427,29.392608096356696,35.78954264425524
182.61033094916328,196.1317465467675,29.15591089998577,35.92262418910467
198.59358461237701,197.480241221185,28.917062526937197,36.29605344866117
205.6779675153286,188.58471977696283,28.077629493698392,34.60576382321142
193.47364777722117,201.9565387918854,27.841248528445718,34.47874787015123
193.58821589149653,187.76571315119065,27.61211229989498,33.45965913847063
193.29349954024343,204.37912075121193,27.24088761082121,32.89519525214618
193.45943646525902,190.65909461113287,26.909013760790053,31.95591359299711
193.18306736410494,206.579868853945,26.53559740796142,31.603619982023865
200.31180373442038,193.84239356102654,25.998747124887583,31.466741980420917
200.0174151099729,209.78738057994198,25.68358082306722,31.214792217626897
206.96261341958834,197.29244603747046,25.217858384496424,31.14526949867108
207.12038560364905,212.57473139795326,24.902314016375,30.71763197694292
213.86073315396627,200.39883373967288,24.542223267874274,30.577632502854136
213.90441649999957,215.29589316869703,24.454856575807625,30.252243721987263
213.51212242458925,202.81009748947912,24.37912580254215,29.414267357838476
219.63256497205242,217.15617538758298,23.98520579173183,29.49331248019813
219.29978133548983,204.90158375737133,23.80970918069122,28.770579215648457
225.65967329392788,219.35107893887474,23.496637742838352,28.82058463702907
231.99611384544835,207.4357729413332,23.166147826812143,28.789240337216935
231.65954472116113,221.88889125885117,23.02228986268779,28.477871146639565
231.29117904205873,209.7413102607494,22.949133515156834,27.666514265036394
231.42807149801004,223.37590308058725,22.675348603254246,27.46917828750358
231.53943532198812,211.44881208048946,22.452620955298062,26.87133762537946
243.6856262264246,212.49231619358295,22.215483459193592,27.112256268170096
231.70688168099136,213.60697273235897,22.12139587086334,27.210515127314515
231.79675989190284,226.52880323719754,21.941639449040412,26.969783338132167
238.09437641200918,239.02910223858788,21.654253405340228,26.58487932837655
228.15278147439074,230.6833220398355,21.05311929233103,26.58550906879184
216.59445297731455,231.3943658962415,20.952363234748834,26.66131897222077
228.2187399642753,232.08666629286313,20.906454987494975,26.773664354891622
216.68139724160736,232.78528596523802,20.748331455134778,26.87531591192868
205.1248571143129,233.13432629072145,20.660224552334835,26.925660653135658
216.67682000554842,233.90317601312464,20.736807625974485,26.883477908723542
205.04191088710627,234.6880016328287,20.807393589425146,26.81055133211761
216.57847171005946,235.41350540833213,20.934598264551195,26.85633902762899
204.94677060831665,235.4309347596952,20.911811371846554,26.821480324902858
214.11354774608824,245.4152514182308,20.584586798876238,26.359704185618874
214.10195116871793,234.72078041902495,20.60777995361682,25.61223697886995
213.8893579021211,246.56543539721886,20.30615963262678,25.180746356362008
220.90700368525125,238.14161124789007,19.861571403298754,24.86119043994722
231.87072434919415,238.43439073813155,19.733155744264955,24.978825835878833
240.09307129476602,247.8064749926312,19.455464891297837,24.51039989177488
240.0725796453379,237.4349159221932,19.496448190154055,23.82536296529742
245.0664416219236,248.34904804176824,19.04806115468076,23.801297395171446
245.05693879060922,238.23524875458915,19.067066817309474,23.142512294462062
255.3895203513561,238.25064202687741,18.984128421970233,23.111725749885544
265.6704471066542,238.60178444923488,18.948294493472435,23.07157056910923
274.7660584906951,231.08750268637036,18.60226850338542,22.898670172842692
269.97221314053377,241.31614334451947,18.399730138844,22.674528923930247
275.2817373296607,231.95815985006675,18.11607929498337,22.657587881748064
275.2546099530653,222.34909390651956,18.170334048174105,22.001357609634198
275.02088075183076,232.5586851738967,18.005886988033954,21.803149878377464
284.56341408502965,233.37020571846494,17.706836819741454,22.058710439051453
277.13953911098264,240.900784274017,17.547606008272634,22.0045340875102
285.6641511525983,233.890856603288,17.28911286062777,21.72117418754265
294.93706204023135,234.68226200888998,17.14358742544886,21.978393010347414
286.2070726872732,227.94228350209468,16.770976725915382,21.930178750838124
292.3538320875197,236.2872406974976,16.639690662463757,21.659278555038302
292.3694818023095,246.07660525143962,16.608391232884177,21.339331327219043
300.5478057649297,239.60803690657536,16.355616952418803,21.15479319527902
300.34392249050063,249.2181816644955,16.173878318166445,20.798669538974437
304.53209926698304,240.58308872942234,15.932994048405057,20.635706945113412
310.09746066532944,234.0736232436401,15.721444666676934,20.436691151194314
310.11216943521265,243.3290207480974,15.692027126910443,20.108543955893598
312.1619654934142,243.88779625117078,15.676069013171636,20.116422904003343
306.90604318138173,235.81792156120753,15.498972109160981,19.941472056867177
312.2588040698619,236.40758937711996,15.482391860276206,19.876176318564433
312.3231561813457,227.9780154330815,15.35368763730851,19.507011363018755
312.42236803907355,227.78138085200425,15.155263921852956,18.8042556320447
312.5329774994717,227.313700219619,14.934045001056523,18.137547303392257
308.1877453578376,219.58077079922748,14.781087638967593,17.997367946486204
303.6864742358734,211.7999912981439,14.503288124147883,18.091690684072834
299.4399781558775,204.09935628806153,14.283295677883544,18.11710551672683
295.1722048456114,196.4959492480067,14.159913296845039,18.043456652888313
291.435904608684,189.24634219926034,14.03925983711211,17.86237981211125
297.2894627084739,196.0944329140302,13.866305845697163,17.70630184433038
293.37579431650425,188.98002429413495,13.753063349533535,17.54281913893436
285.7634963531286,189.43298802262444,13.727385001344006,17.620780344854772
292.97508040465704,184.35879826622894,13.593070740865073,17.422058799227226
292.9784170656461,192.98735268778762,13.586397418886921,17.22730358758485
285.4633039257335,193.4276699373256,13.59999014036788,17.315484156789196
285.47976531922535,201.77181553797294,13.567067353384147,17.150446948681374
280.954242617474,194.80639530619644,13.442693502364502,17.07670012901606
280.9847627702212,203.06182579813125,13.381653196870086,16.877945277443594
281.01935138113856,211.46399916345112,13.312475975035369,16.724261348855954
275.1443635269899,217.40388668837582,13.256051543621561,16.65088643871778
269.0493618713215,223.31643299550754,13.220433422469991,16.58119904800082
