16.5,88.5,19,51
27.486366899189104,102.3166407021948,20.710395389667077,48.123027313570674
18.00188939355535,88.63299280075177,20.558248125309895,48.933236622533585
29.48787971974805,102.89870992624626,22.226257722121996,46.113096544620234
20.242098779189956,88.95512984696973,21.644167186157908,47.50907279056181
31.786640976180266,103.1771304583408,23.16081571188909,44.740618962301575
23.333352915061877,88.56903654118707,22.12003220358138,46.50790383224689
34.772952851864574,102.54218261319394,23.702664419928617,44.08700169514025
24.71693156197545,89.18355364511716,22.706331947416782,45.47420956854572
36.251398620292214,103.05632923679816,23.98604887358653,43.13594642984799
28.561897018564963,89.8414619690858,22.62538535577281,44.456180883370386
39.919268221572864,102.95971515815225,23.88408309859056,42.19311465407105
51.23263858378958,116.4088824473263,24.960012077670786,40.02800063591109
63.19504740273006,129.1502881588689,25.43198108985369,38.94197586288977
74.5468129687719,142.7206164188825,25.91627574374412,38.013644144398455
83.98280355633474,156.73006899106167,26.087121056245177,37.05559769298344
95.66510054346017,169.14463707373565,26.49730582876431,36.00124027440546
110.6356751269987,169.22887779341306,26.97893691122137,35.83275883505067
121.97497288288565,181.42159640475978,26.994459225285524,35.128140213231674
121.76051732246849,166.79344856418905,27.423370346119867,34.121923863894764
121.22259386922958,182.07935709619576,27.531436255585238,33.55131770726628
132.74515353879715,170.37532229880105,27.544666260730594,32.94027340176355
121.46994493287984,181.70564727678243,27.257384657631878,33.117322260734106
136.10276656630236,181.0708442931205,27.431279353504944,33.437265713131595
121.20797639014961,180.96371378628888,27.54169280246503,33.65152672679483
136.0478830479088,180.73684036337724,27.698484856718643,34.10527357261809
120.89830554442425,180.65833841660918,27.866282371194607,34.262277466154224
135.91608407275356,180.5164754693431,28.120995491070893,34.54600336068639
123.9784810201232,169.0794085965536,28.342178321963754,33.76611383189749
135.8367349769772,180.9683536869269,28.07728162127574,33.439834864170926
150.37500595633855,181.2539315721639,28.036325093791163,33.83653194140483
135.20851015482032,181.17907216824094,28.196868840822717,33.986250749250736
146.41395317602223,169.81990750452897,28.28458553830048,33.22777721766785
145.37608533619002,185.3846062232336,28.42448853282992,33.07170274241806
144.7549191965107,170.72588019589847,28.69906841299092,32.38883042196204
144.35066002225713,186.0916253334914,28.54601141697474,32.42775117152293
151.57802202970774,171.21060570680274,28.487239674953102,32.438155727615815
150.3090261772511,186.51240845756632,28.14837969588807,32.52096818852416
149.73287486395313,172.0171753890056,28.34588008324216,31.912564909146727
148.9279680307853,186.70062446542028,28.0586212993417,31.950289734976806
159.54842088823227,174.06586345503894,27.597271704989346,31.7176292441658
159.22709918175448,188.54786505401415,27.306385792648005,31.693035130418963
158.62933645991498,174.05766453523142,27.573428747959213,30.961996540214557
158.36090882198454,188.29860005153625,27.188852528169292,31.04450187277824
157.81835769039992,173.94669835048853,27.357396757033897,30.41844817712457
164.37595401463935,187.83201402597768,26.97571538107843,30.84344892959097
163.9076695231084,173.51078332613935,27.002255790587206,30.364995975567474
163.1578044737845,187.83081203277888,26.695919529156747,30.622000323540586
174.06509421163264,175.48850253197523,26.5320970703376,30.047402805457853
163.17897213587145,185.74932750375729,26.039698553933995,30.899809823102736
173.94452942023577,173.4987260047138,26.009420510056643,30.316703542196556
173.10642459434703,187.34233881383398,25.91287625571764,30.107163468761225
179.60793398189372,172.21639286351524,26.133661902119933,29.503511719242237
179.67589428025195,186.16961419894886,25.99774130540347,29.62183982183515
179.13053198435165,170.51772692342288,26.21303195065611,28.53455835061342
178.86667719389692,183.8568273888654,25.878768561225485,28.577519500271404
188.81951843107709,172.12430403545903,25.691354582574007,28.03771760361251
188.57625702031902,185.5380711149232,25.33195201241761,28.279795978203317
188.16981216463194,171.1961417869033,25.300881357699573,27.42504182101468
187.95355636349657,183.98743329823805,24.903231934282644,27.577450594660974
197.54754045287564,172.75119149777458,24.717844285286844,26.916357898485952
191.2275093662938,185.0660906645704,24.350662453338316,27.488094824799262
197.38023426631244,170.3415862249919,24.284980218260007,26.7456770437241
197.5637617981704,182.7600088660881,23.91792515454407,26.814194300195823
206.79117725894076,171.07975232192368,23.831019895883834,26.216543480419674
200.64505505420777,182.66842642841158,23.516436444894648,26.676997505797438
200.1615046268877,168.50849533310063,23.693481375800097,25.764790518237515
199.9061343100103,180.53043667179375,23.425522365161854,25.860596817038186
211.58623102820718,180.32304154046358,23.343003669668448,26.275387079698532
199.20398024868763,179.60962971840468,23.113880785194308,26.921159959956498
210.99569755670097,179.8718558562498,23.151933368939382,27.184090590925337
200.4658212339107,189.1291848225232,22.826141121127407,27.67880589694959
209.5456075554895,179.79202803316934,22.938576575349046,27.286676243609392
220.98473603662387,179.61265618815955,22.97633782422447,27.645419933629004
208.0876773417159,179.6409079922671,23.287420158796493,27.588916325413873
220.02636553436375,178.07812297383873,23.42462129532094,27.51254269269465
219.86513350408586,190.84493283116043,22.945571365979593,27.627370654759012
219.29159810221907,177.695316675597,23.297071529273083,26.877201190922218
219.1619313087553,190.32371533071586,22.766762115740374,26.88897989541178
219.01564757995897,178.17941224709406,23.059329573333045,26.17578582293755
227.50872611150191,188.130082811749,22.347494974124736,26.42360583938092
227.4023404233299,176.1803503837657,22.560266350468815,25.76697676372637
231.5897031466846,187.7565955464666,21.79194066687418,26.194325703980326
231.07245739117812,174.66427932628127,22.071538414080898,25.20278264732794
230.36784838453679,186.00399194793363,21.992618192439764,24.845430927880958
238.86545636794278,174.93303151525822,21.954496025215768,24.132138411178392
232.4872594607142,184.94472581289642,21.650608395040848,24.42474317421852
240.89089899792324,173.9745207226055,21.52447538154049,23.881869533563506
240.3825840475824,185.05581265933938,21.111466116266378,23.878692732409974
240.01475604676247,172.33071805222914,21.1389508075166,23.126543462212247
239.8184597189666,182.91712753375634,20.834624768683767,22.861285331896344
250.15694171558846,180.07235882608938,20.795845987668507,22.35936718356173
242.2891468900536,188.0976641513381,20.223480328557514,22.616711843245024
250.0391192792868,176.87123215121622,20.23440120838903,22.140470087744013
249.68808610902994,186.07857616250624,20.269315536256276,21.738886406620612
254.72847435684818,173.65834869797322,20.11021822421487,21.444420737245906
254.50102535103554,182.37942032082503,19.910796803864994,21.01458272289659
261.8444013030624,190.84185603719123,19.401627241786308,20.845035876134645
256.8123115512724,178.9055399371068,19.326545822809624,20.63692338523145
256.8957965848938,189.32711888929285,19.15957575556687,20.55939123281673
261.7046096540628,178.66665376222258,18.922925947422577,20.61677513851827
261.2538649432941,188.68997961215237,18.579356167317506,20.49107066493628
265.90936667749963,176.96367626770225,18.494824958930472,19.95484947777419
265.7481314224665,186.10241051459988,18.211897929757487,19.83930716115792
265.4441686276156,175.01941978161085,18.22072897178032,19.23969581533929
269.9879259697616,183.78013199298414,17.98131507310143,19.41447296381872
278.5265197419169,190.77841128348103,17.390581260353713,19.549160438450176
273.88568203553217,181.25344823699555,17.36857888505882,19.410251093538477
273.9326990968873,190.26542035498298,17.274544762348526,19.334408611937956
278.3218825962649,181.21740956697053,17.14053905419088,19.565416854061294
282.7738562726013,190.12807602103788,16.902558552290742,19.653748770856854
282.759141974078,181.3791764421093,16.93198714933742,19.31780120047012
276.3690718557349,188.1917249962962,16.589394094381984,19.385991005113656
283.21957540105393,180.42114294930744,16.475108322709474,19.075980226964695
283.3164815161586,189.16452314245805,16.281296092500195,18.933254124385602
287.49499149848515,180.61520939410624,16.23677462234558,18.85271806579221
287.544462660098,189.245895457558,16.137832299119854,18.709744479801945
287.2621817571271,180.63365597349488,16.153987155136708,18.385201050331887
291.421860889882,189.0322140686596,15.989235171744532,18.44093784304539
291.4128679302724,180.78203357293202,16.007221090963753,18.143524842961547
295.5449858170658,189.06338035117753,15.806143724372909,18.24469199426223
295.5557606107544,180.63611407898625,15.784594136995647,17.950752521821098
299.5957445929004,188.86438548464315,15.66949765768197,17.954944112795815
299.59082777086354,180.51637448496032,15.679331301755699,17.71615364259889
299.6317527414115,188.7274830881095,15.597481360659753,17.589661457645104
305.7053441723299,181.82283842331083,15.465422783389913,17.29423967057694
301.64561999165926,189.56196800035957,15.333684198334968,17.286956040972555
305.55059921542704,181.5424870660478,15.225934517382699,17.40801979199052
308.98576082509624,189.46681011354826,15.032843458073444,17.482004232443668
308.7350013102459,181.43032730097502,15.022680923720007,17.181159807859498
314.4662189006682,187.26679361362866,14.711214769037113,17.16605843717584
310.26205811375064,179.2704053064052,14.591791875941436,17.106610172694168
316.13468091089027,185.03697047225205,14.318820537885752,17.045754097223938
323.8585389323541,184.7481706944647,14.168469265721765,17.12989027309655
316.0235914895623,184.43870060003667,14.08362320598112,17.256494807411265
323.43960431427286,183.9500197083911,14.038970592759712,17.248031721622425
315.60282017375675,183.6454259194563,13.966607963653953,17.365158958550218
322.9859860069368,183.19851161299025,13.980899743850625,17.273612675045243
328.8662550712804,176.53994998103195,14.016690708201445,16.828351997084173
328.9079705312161,184.1455508577375,13.933259788330023,16.659711870665
332.5082563070796,176.53572157264276,13.95219622532518,16.47775339824708
332.5395941718387,184.05314833538958,13.88952049580697,16.285669123026274
332.51957462257724,176.63149124831153,13.929559594329936,15.934578965893644
332.5663983997283,184.00459837939704,13.835912040027722,15.759491046647202
338.03389848182945,189.61811972605716,13.614844632454187,15.71220427328727
334.6110185449063,181.90618629835862,13.537385568196989,15.443441535649852
334.66772022021047,189.25331071237076,13.423982217588632,15.345805147124835
334.6877283966715,182.1650669956695,13.383965864666559,15.032221068907416
338.1112219218846,189.0591754622003,13.246640324227803,15.110637923152844
334.5851738619506,181.59442113092987,13.157455579002198,14.864924747369962
334.64572469373934,188.68973152962113,13.036353915424703,14.789263217260192
334.67074167814565,181.8290319597325,12.986319946612047,14.495261855594663
334.73220592747157,188.7781351264149,12.863391447960202,14.440821616057809
334.7575063182175,182.03823515480462,12.812790666468397,14.166759918160345
334.82215258025883,188.8558267797818,12.683498142385721,14.123289739427701
334.84617647069587,182.23992920155948,12.635450361511676,13.851024552387214
334.910566578594,188.92601614458596,12.50667014571532,13.822850932402181
334.9448816147736,182.41581962520576,12.438040073356168,13.578969069323271
335.007063213934,188.98417807007456,12.313676875035467,13.550033832727767
335.04138727224154,182.59101978232766,12.245028758420299,13.306392869051502
339.7619149993472,187.42058560921276,12.056822638174758,13.302408346376023
334.8402967186888,182.35089332785776,11.919121285523262,13.06161747855903
334.89587632535813,188.66135380382957,11.807962072184681,13.026123368832529
334.92102361884554,182.51160862254073,11.75766748520985,12.814563570489014
334.97766460849897,188.71475868193974,11.644385505903,12.788256155728401
335.0033066442451,182.66756441135604,11.593101434410812,12.57350623997127
335.05676339599694,188.76516978381437,11.486187930907029,12.554237774004221
335.0812628612156,182.80615398320873,11.437189000469758,12.360398554806139
335.1351317858813,188.80927721559547,11.329451151138342,12.344380868030985
335.1566596238522,182.94424679830203,11.286395475196517,12.147062822489964
335.21273326027847,188.85519128219633,11.174248202344017,12.1321693195674
338.0032875236172,183.03500183022393,11.097429961153576,12.030062281139914
338.0568561764561,188.8793835413181,10.990292655475757,11.993728784229004
338.08387274337946,183.18883811721363,10.936259521629058,11.795080527216271
338.1371586598685,188.93479273404205,10.829687688650973,11.756290667887841
