139.5,90.5,45,59
138.49975731236162,89.00973387404545,46.00048537527674,59.34645106040034
137.4369805808832,87.96861246573624,46.470363548516524,59.77301858730162
137.21429772409067,87.30374333632452,46.91572926210151,59.432914707766614
135.6821480714235,85.70252534842011,46.63627027173509,59.29159238787466
134.7857918203088,83.95177235954453,46.76380638741255,59.462745592521856
133.89925707003485,80.52386118636088,46.86700787129448,59.63909587222554
132.9379887904752,79.60557128465328,47.11530065688692,59.80143190211385
132.88631135609887,79.71364148288113,47.218655525639605,59.58529150565815
130.19293643034766,80.8974928603131,47.56801287341282,58.89671958537063
129.25046185896204,83.44298242712591,47.77872670206141,58.82844639411293
128.39671382956303,84.41643111181895,47.809625668172316,58.55814611741398
123.33647590411051,84.6740687514444,47.892440064844465,58.0428708381631
117.40555429782637,84.68782331139954,48.08978446918615,58.015361718252805
117.21092375265115,83.59483009975241,48.479045559536594,58.532229685447774
117.24940613194273,81.78971856668579,48.40208080095342,58.775739235391114
119.18562630269335,81.60403710680771,47.901364527666786,59.14710215514727
120.11806204448705,86.77733863921529,47.71996848031521,58.90135170774714
126.18390899078196,89.24072456723653,47.325637058720474,59.00487805355969
127.00457639349594,90.76229603431597,47.35627137846523,59.30567336974624
133.27538982922448,90.2695393243926,46.55419303569661,60.291186789592984
135.22219038775253,88.61657781331526,46.01884018593687,60.238861544451254
140.52747968858156,86.7789244681083,45.42585772568613,60.574969521062755
140.37548786420865,83.31465550588928,45.72984137443193,60.84335932495726
141.47453409077968,82.33419493341819,45.205842629973134,61.13018676121622
141.43687993694533,82.23112368802659,45.281150937641854,61.33632925199942
140.73070086263758,83.76680756649549,45.01925966039166,61.61346034679302
142.6333579863869,84.98834122028796,44.56227394573105,62.51872157204609
143.7574054291467,87.93339986748977,45.674933118274666,63.350112393769045
144.30853428407372,91.2553723057558,46.283955201854496,63.55128669097233
143.83321804086836,90.92383664991208,47.23458768826522,64.2143580026598
144.0040245308847,91.20078865517564,48.64297638901163,65.41045567291171
143.35389096221903,90.50661055657065,49.943243526342926,66.79881187012171
144.13302713194884,85.87654517400979,50.21863182962889,68.724300064261
144.79297202638026,83.28321460484932,50.76618277330121,70.17607973751181
149.01386297915857,85.87037717635279,51.81670397036616,72.59559707660213
150.72500061560424,94.06127238888911,54.25164476744319,73.78545486143446
155.8669069477166,94.99965640999775,56.030575795263694,75.92960138323225
157.47307741722028,95.28142474890083,59.034828085137576,77.43826244838652
163.9442952049613,104.47500327462288,61.102434484369525,80.49402250367659
161.60018220261705,115.84690323802818,65.790660489058,79.99653879792612
157.2424736421665,119.60938920676182,69.91980786721598,81.64410634594508
143.41050645188133,109.54620776159479,73.7332691061838,85.0751380371574
140.56891608823804,97.97763760198455,76.91712507219816,90.71700502747224
138.13356353271075,86.13164453085506,79.15015984174885,95.94529877920422
137.62843770673663,79.03168289424286,80.16041149369707,99.1282791117464
136.7003376305823,77.47268362285953,79.19712067873314,99.42678668724045
134.81027663871177,79.14205790019676,77.36032001638625,98.89649945561001
133.07746104103768,79.6493280289005,75.28492495815243,97.88195919820255
127.14254829644565,84.05897531326463,73.5486168089563,94.50511808482635
127.93745468208209,90.67822391263346,71.95880403768344,91.83208571774456
129.02855220882407,89.93462647482443,69.77660898419944,90.74464751194648
130.12986318665176,89.04316810957513,67.57398702854407,90.00506782232549
131.2268782300344,90.27958085144604,65.3799569417788,87.53224233858367
133.57253920521285,89.75268198144052,63.09037551760957,86.18429955240705
135.98044160061949,89.07118257352018,60.618309377970505,85.20355971707355
138.11715059573376,87.68671078714083,58.63312473958377,83.39603658614854
142.66767036451301,83.2924543000218,56.216579025141115,81.0437265218601
144.08110603277913,77.14004607506644,53.38970768860892,78.27949167682877
150.7113566149735,80.13555922731464,52.51469538528643,74.35271351584339
157.95714134555595,80.69211472601998,51.956615576889995,71.24910399660865
166.06470694309434,84.70326591158101,51.215817424978155,69.0296765166734
180.61474332705288,88.90756726731931,50.44216022929055,68.17478462445803
187.83474567569792,93.96710712339298,50.90421709594064,67.36949338977331
193.4830541362727,93.67774607465357,50.75596294857904,67.94821548725213
187.1687506033786,94.30876023706774,52.19787529129147,68.55063628293638
179.0689305116227,94.26819113023488,53.22002063797196,68.6317744966021
173.04403241779127,92.96592865307741,53.779307329164396,69.32121453483866
169.05210097010345,90.4562956511028,54.024272653838125,70.4710317534369
167.8572770246826,90.24560599905557,54.45764629182539,70.89241105753138
172.74276034169873,88.50543595618845,54.53553163790681,72.40298074724288
179.19520607658495,87.67464578857471,55.58916397651794,74.06456108247035
183.7532421932321,88.47303911672007,56.65610103024072,76.54097814098645
193.70229779277543,86.63233003637083,57.67538925113698,78.13065635968665
201.67524804769448,92.73953472251426,58.790323187502,78.71187282205211
209.04875186347465,91.32945844662486,59.16121423188905,79.37232556298127
211.0256988834904,93.2325182470736,59.55895688523272,79.91784265545894
216.90650079538742,99.62001449167013,60.94111748489293,80.2866145897201
220.9920267277968,106.91661830389793,63.864246512075965,79.00642403566668
211.13772866504513,117.89558700875165,67.84544947798813,77.2694206882908
201.89454337246212,108.28685141070514,70.34334062516282,78.21434395525097
181.27631227398285,88.62045639989799,74.1610823311056,82.46708351653798
167.52301873561026,87.09541101681032,77.0104886679447,87.98289235670391
149.45596483351275,86.45840395544931,79.38510225389841,91.85379065005988
138.52922878516688,85.02469789276157,79.67947293570305,94.72120277543537
129.54347894996582,85.15271753105993,78.4435860554533,94.46516349883862
125.2326811304437,85.5878201633007,76.18498757448198,93.5949582343571
123.75856925224956,83.81399542656922,73.79284480389353,91.80224118084334
119.67309555003008,82.42602105969814,71.54803933617231,89.37031347850541
116.92136322927679,82.47477470469852,69.46072783212193,86.74254747331901
109.14222389784511,82.87064817748195,67.82611449874636,83.494673099718
104.89776845561936,82.8639991944826,66.79579068779131,81.12816239186508
98.15234892120439,81.49878345064407,66.32597451861025,79.20504213353846
92.56625549137262,77.03020135310217,66.05024981219802,78.98387707576163
91.6700982397493,77.22677581713859,65.56083386972554,78.59072814768878
86.15838762099482,78.15332011250989,65.24533661487675,79.00542325541775
76.77799311613344,83.55606484353916,65.85348379238006,79.54533493849635
68.69799580225893,84.63847527594862,66.00303837204608,79.66771979483217
60.42387133678367,86.5696341809722,66.51076607162604,80.38840805089085
52.40620169657417,88.23823486320849,66.3705710422285,81.67278791779441
52.02152539458907,94.76362780384414,67.13992364619871,82.59165711418012
48.74512996130001,93.27699349023473,68.98304119457583,85.56492574139895
46.49708237098882,91.13476701244593,71.04881484620859,89.84937869697653
43.710836962126834,88.82141104908882,74.09180395089038,94.47609062369077
41.872324137421145,87.14949269751294,77.76882960030176,97.81992732684253
41.33090483225733,84.50374045185703,81.61233451154317,100.35076551724059
49.40864786548606,84.29453870181743,85.48916526501142,103.63092856302343
56.28484629994432,86.25233589264221,89.58581713405587,105.66501709402753
59.35361667553346,85.13999176533918,92.66490216508123,110.96191394270146
62.4116998487471,88.75300597494905,96.15918626678838,116.54981945432762
68.86266093051688,89.23302727167274,99.9867546778331,122.28157309071396
75.73948036387847,88.6319107187886,103.71253424541726,126.9796898833437
76.70084963318162,89.00111553733902,105.41812173135307,129.86960627078497
82.44104133412775,88.52542957346624,105.03867770966136,130.82097819853053
88.6333075555706,88.86106396247892,103.7804650902427,130.14970942050516
89.27506674773166,86.51749870076551,102.49694670592058,127.48067215267537
92.463598849173,84.49377426472581,99.73623058836603,124.29542485409857
95.72373604666979,82.75713975155406,96.73871002595233,120.72318621528223
97.04438102483155,76.11152407310448,94.0974200696288,116.91749000105874
98.72900465182525,67.42645054824143,90.72817281564141,114.37838965965241
103.77140008832177,60.780243359883315,87.09268585997398,111.5475442430546
107.06045075947007,55.434479049562846,83.63684497810132,109.75003102199973
109.83783521064737,55.56572064379493,81.12058965045532,106.44903425882697
111.05631613484982,49.35738084390677,78.6836278020504,104.13015420678772
110.10708801166541,49.486601568273855,77.71010774837275,100.99973645800708
102.6054849414409,42.49703526672161,75.86323042904789,100.93713284463334
98.61700620079934,43.941594661923155,75.5084412567339,98.04801405423025
91.57242788221765,39.30687203237214,73.23317235207844,99.13524654242286
92.9525314708669,41.017698131514436,70.47296517477994,98.42038469177783
91.02308963805962,41.46694943373622,69.03061146800209,97.52188208733426
91.78552086391343,45.025164295258804,67.50574901629444,95.63197656851526
92.28976210721393,50.63913657454508,66.49726652969348,94.64217043036362
90.90356230786583,56.05587771953728,66.74173257064065,93.9204223713754
89.20317747891167,60.68941118301534,67.62145644756443,92.21649278737286
87.45314426623676,60.27724515625583,68.61185078668346,93.04082484089187
88.77575275462326,63.64587621178556,71.04350156893648,93.91886436837137
88.30105489716732,62.169651801092925,74.58447794327209,96.87131318975665
86.20629400051232,67.58975859069672,78.77399973658208,99.50301190378153
84.37729700442726,71.32046531885817,82.43199372875219,103.25265202467038
84.20981385982958,69.01792851379327,85.68652837666582,107.85772563480018
90.6068121680858,68.27654792224386,88.10721831983946,109.34048681789898
95.61864597261689,66.50740944649937,87.39829435442425,109.77384922150563
104.11135659514702,62.156994102939436,85.91322617373396,109.17446807000351
113.90709041458747,61.219981970418715,84.72245383734477,107.98170978462966
115.7858576098995,62.36489654785057,83.99409931371609,105.69188062976595
119.43167016494674,61.879597405180306,82.66705626195719,103.6801878859387
121.49994364422017,62.99519273118328,81.46044347044618,101.44899723393274
122.01073403297616,64.2887349911619,80.43886269293422,98.86191271397551
123.80622768909421,72.33932376325211,79.66778088250521,96.86026267883062
126.07084744576883,76.19177352140858,77.9152125077132,94.70870543963213
126.18847347496863,84.31715205269106,77.6799604493136,92.03429328839019
128.04546441821856,91.62972515812928,76.63625298303836,90.76051917863697
131.225161578614,93.20626437187424,75.54450392911772,90.24126338458214
135.94034936945263,102.75476805971928,73.9388289976089,89.40189085928506
146.2204381591932,103.79849271842794,71.36453255459578,89.88385313279176
143.58556494618165,113.51271951619731,74.09912466630419,85.66632542314107
157.26747186474793,107.32465208403778,69.3643908069839,87.98509140843248
147.66456043468816,111.18280699476398,71.25499222190939,85.21598771417837
140.49357184869046,110.35450715351347,73.28868631661918,81.94927416576516
139.80444110073867,108.76428114418162,74.66694781252278,80.24224420279623
139.24342664997104,108.60144029808922,73.34985690926597,80.56792589498103
140.3878144203845,111.03412880828495,73.48431703795751,80.54902021362652
112.74077854224817,124.73003493611716,73.00145849506208,77.40804721846996
129.72847418513214,126.25933592327496,69.8152604978664,79.08624421162705
131.22987170617637,125.22787677384683,69.1562344772187,78.80539348904253
106.26925773572884,134.70720245286296,67.8424247606931,76.14879956746235
132.8143480427479,135.17147340835083,69.15148168001204,72.95362275926342
135.9790570266943,127.31648568088335,67.29741450540044,72.99987043771439
176.27662071953824,120.65416150556582,66.22447835556471,75.27977000559216
132.48482567345874,119.5751526755553,66.94444612498512,72.98324293111381
131.19595384005623,120.47485868094245,67.31911721610683,71.18383092033952
100.50333128081724,125.7922916960008,65.45720389756222,69.27271088153628
124.92094872631552,126.23864499456509,65.41688820918529,68.3800042844077
124.5302691650612,124.68112131195952,66.19824733169392,67.28123465883523
167.50239281614927,123.14847639290004,64.33487160887424,70.34652449695417
119.93093314266463,129.38517454811745,66.17849343439968,68.47532108668345
158.95299108393053,134.63856482129296,64.47077157107971,70.69127287686773
207.38034891686118,115.3397812573288,61.246846283953815,73.11330735846647
264.0511421885004,118.82846279490582,57.82514159766822,76.70516369263868
272.60973285987626,145.72178086209442,53.38815173005125,82.09275444222365
270.3044152129279,150.33697346634654,51.63413117648513,83.47012897949097
273.614096938614,148.16572177460066,49.240381989040785,85.69982523101874
273.47592908899253,151.91444486089136,47.41115600863969,86.6246257770131
274.0642641889096,128.76132325409165,46.23448580880562,86.99279298085554
266.85303730915695,116.48297170729947,48.21668119134492,82.52222652818595
268.29730936052727,113.36609895536097,49.41030442405378,78.55055369343948
265.27009229273335,122.72824447543478,51.4606867116093,75.84247004542104
264.61225236546113,158.422828650934,52.77636656615366,76.29348216383471
252.62144613199712,121.1205190564506,56.51654328263793,71.9565019260708
243.84953744253727,113.86603093375334,55.884486821836035,70.30914586949059
245.682689519967,133.02688065285082,56.186288538110105,69.68445220706391
221.4339204159541,99.56348816665998,55.199704502461515,71.29219581779543
217.00327508837123,102.8968141443704,56.10913833717574,68.60147227260032
224.79575417834656,136.4534684947139,52.293070725841446,72.10150698361153
268.8964699083606,137.9317820044184,50.01266839795329,73.05038128839072
275.94026356042866,133.52442354875967,47.502036115759196,74.14712818508022
240.98156105095063,137.33095830138888,50.772029508984566,70.34248220129214
243.68555124055956,142.69932877880515,51.067288882224815,69.1111408338897
273.21048054020855,163.06111029572605,48.63442634376245,71.79394144668852
267.4736154012332,128.70222786279604,48.781824269434566,70.66599014016346
273.8106077891931,146.64829256550402,47.3467920086266,70.36387703260192
274.7049525025784,144.54796710319408,45.558102581856076,70.87486734381426
276.5888153156319,146.20130371728237,43.61309862985301,73.0363591379496
278.5783913568821,141.1769694339659,41.45627782818891,75.79570258123718
255.94879833194653,152.42795422491952,44.70404396812242,71.55956774278104
267.9315794469848,156.30793521143087,46.19987272945854,69.25561812506106
275.414235050588,154.8902317431654,45.70744821395061,66.66369255220508
281.42656475182065,154.16412023548395,42.49236003039521,66.35400132378604
267.09601578088257,108.13898654601425,43.89285767403969,62.99216765891446
255.04664522734106,72.22424060707549,44.520639999059625,62.7322861347412
259.1564762846429,92.69837157772108,44.71559857376247,62.17420350212119
211.54462449898966,115.18790337340744,45.9891511257904,60.814852883984955
227.22885098020086,135.62856263008575,44.82284001618615,61.88095361065355
236.5764529104454,95.76477980976748,47.90261051593704,59.53361589346251
231.3316569395266,102.02082069134781,48.25563096985112,58.84753419954605
225.96393605101235,106.09280206721141,48.883468017976845,57.44197460042063
220.91416698866618,106.31297467332313,48.944647587931925,57.001629388197195
213.3375545200028,107.91860573985478,49.09272389218613,57.124844729150006
186.92936641551503,131.32348826795936,50.09193209562638,58.78920458134482
201.3693716020475,138.69980333512913,48.62464897356146,61.16952897888034
206.52970307372584,118.5616839364821,50.38751414349218,61.742746832515884
203.3507130243548,123.00366858919901,53.21836264563723,63.44017231687321
206.771864235379,113.45414661715597,53.71757359368324,67.8561895207704
209.20087180634897,100.22938343559288,52.68217435572962,71.37002045997897
210.39079106801344,92.90627427866676,52.25036402739536,74.32806960386328
210.88137192884003,86.0973030254906,51.26920230574217,76.03141355701939
212.23707545164189,81.81135436603323,50.55302517357477,76.62239122218892
212.97321319667674,81.8630338893624,49.08074968350505,76.51903217553058
207.63239670453555,80.64117144632681,47.96569579749045,76.99664258321896
207.99482025579414,80.22148069719925,47.24084869497331,77.83602408147405
205.18557658333248,81.01715332511539,46.99455532310677,78.19960573123839
204.17191979549034,80.55755148423073,47.06567817001097,79.11880941300771
204.14951800160324,79.44224086762469,47.11048175778518,79.37836622636179
200.08814221838483,78.18830918381178,47.330514095439,79.91054978679185
197.8250184042028,77.9502257586754,47.88214779760476,80.3867166370646
197.75066939682236,77.5136999929639,48.03084581236567,81.25976816848761
199.34787947020502,78.13573290898853,48.87480838397066,82.0348936956235
198.8497850671754,73.83596008200584,49.870997190029954,80.40959640427961
202.48429998830312,72.21241552011415,50.75205832059943,81.61916278485677
190.7882222609757,32.64085056514455,51.37015664539866,82.08827715529472
205.47702150411106,80.44717502041388,53.30870525280267,82.51181266535866
201.4882413952224,73.62511525037964,54.90673675593821,81.27036520459629
207.32439061441463,71.11601470645702,56.04114132752538,82.01966528911763
214.11213721053699,45.6144857561464,57.617441357734,83.23825974453511
209.03985557295766,90.0344673978905,61.13498303750839,82.75858439950343
217.33370490614755,48.38426422331859,62.624362388840126,86.97177442115962
202.95154862754154,88.81980473707372,65.56033137631938,88.28178657007169
199.5834006135699,74.7234920598531,67.4644362683636,92.31345624501752
195.7168019363086,77.38469504363216,67.67192867565892,97.02532354042907
186.87646573848426,77.14966958240987,67.26923042942882,100.07871312599919
183.21350136625261,77.11183153493633,66.72703589740237,100.15438922094627
174.2179577832467,79.74006838632198,66.41424160637638,100.12759593447151
166.54927614565028,80.94719762814,66.09618191173114,97.71333745083547
159.11542252687713,82.1772426454281,65.55806948323385,95.25324741625927
154.2807663370208,82.45309744979099,65.14080444850232,92.17989345392245
146.97701238804282,80.81893816484305,64.93835528733727,88.04323349425783
144.83170066925143,80.1504171110953,64.42441895702916,84.57571583386242
136.34177337703568,80.89065280448004,65.01665864217695,80.75415660433814
132.9228930467096,82.33037850540727,64.97765008936186,77.87470520248368
124.55180269813808,86.9118702605633,65.98837980371295,75.45377211336816
117.62016418541812,92.39822399948804,66.49452759725969,73.38581745678079
115.7926554723441,92.5218052895483,65.74520169525678,73.13865487666028
111.27510963252021,92.74065173291,66.03480365917858,72.70096198993687
109.94810449401535,92.70351271463863,66.5046293404642,72.77524002647961
108.45217325539761,91.64922095676232,67.30366385338824,72.69099557792082
102.56247168592382,91.35373323650484,68.06190617780553,73.28197101843575
98.12144140137748,94.37299480030119,70.2674418525531,73.91997278518815
88.69016586062664,95.71315612126752,73.23659231060546,73.5101359466054
76.84294606412773,95.33125804492465,76.13229205041353,74.27393209929114
65.20850588831638,92.74526503057326,78.08416160214011,77.07736137244987
55.46288536877153,90.0744161971378,80.47107280556425,79.97558334851146
