213.5,121.5,21,95
209.575940744594,115.66662904702036,22.65406056384262,95.27862601202048
209.3092524443918,115.13640590022587,23.187437164246973,96.33907230560948
208.840299641697,112.1672220878646,24.125342769636646,96.90140323460079
204.8407948089983,111.12052314530548,24.85336244417619,97.17705362200459
203.9082274217825,110.89643858415727,24.883074898531454,97.62522274430103
202.57028742471363,110.29525444988549,25.716675618156227,96.9853117383316
202.65584175026717,110.26569532885458,25.545566967049144,97.04442998039342
204.20709101648546,110.60662806166614,24.28970798357412,96.3625645147703
205.9197727513635,109.94052875526805,22.677649936789493,97.69476312756649
208.48870578245027,109.1508086452699,21.142281752058224,99.27420334756277
211.39197409517732,107.04048318609787,20.71700730144733,99.90734614934473
212.8900140016077,105.42114328089087,21.30960737168106,101.35168601821147
215.33434494353384,105.07900352776598,21.898838512442694,102.03596552446126
215.90542322803984,104.82942926988977,22.603594122714362,102.53511404021367
212.43035464436383,105.88203620108379,23.951283953559148,102.29738262332802
212.853214401287,106.20351263493589,24.99560365968212,101.65442975562384
206.63331663141633,106.24643553767027,26.029658300690336,101.56858395015507
206.22472960553353,105.63272333843273,26.84683235245597,100.87663538184192
207.2503528372867,105.38774609381075,26.720661567530556,101.36658987108589
213.0645169595864,102.58651972115818,24.74028109432504,103.10986350783347
213.81603019395018,101.81905310415983,23.237254625597473,104.64479674183016
215.56181340811483,100.51000709835738,21.654842137228975,105.35373481347429
216.376515902343,97.03115474088528,20.02543714877267,108.53456349522139
216.35656994823375,95.37742067631069,20.06532905699111,109.94119742262752
219.50869209354423,94.72955404805916,19.52453105827504,111.23693067913057
219.52975430669582,92.45876514858709,19.482406631971855,111.92158840944526
217.27126451921822,91.4361728509062,20.125145213421153,112.02965250805406
220.1127162760105,91.77548778849498,20.29617982793644,111.35102263287648
214.07936392382663,91.57786629896385,20.691302054734535,109.80100186567714
216.2210355175673,90.33113880584811,20.27096180850018,108.43145391066165
218.63562661941316,89.19338684936608,19.25023109837766,108.80273207684108
219.8219082373464,90.61850885754872,18.76694921629298,109.73105076803952
220.86975593227,92.11477857413635,18.563844825575114,110.52369333312305
220.69649381412984,89.70694465918697,18.91036906185549,109.64072861118477
220.47802298639112,90.10820301618371,19.347310717332874,108.83821189719131
221.1721411334293,90.82633969144149,19.850764573923428,109.29362869734264
220.76245068086737,91.38309675343986,20.670145479047257,108.18011457334589
213.9931671046333,92.30814546777592,22.75734800923344,106.33001714467377
215.32428390945276,91.9321710402632,23.941949472920008,105.1585484630365
216.24194963196464,91.42319501674118,24.03650087009013,106.17650051008053
217.4878349893907,96.91597609728403,23.49065934778306,106.86651350426493
219.7673385607951,97.76692804511387,22.821780563023097,107.10967378762966
222.3754818689908,100.26162621994146,21.47657286592161,107.92689581690924
223.94625755013104,103.07102177032638,20.255819377787475,108.07049833857853
224.69831118823902,102.01853471753083,18.751712101571492,108.27655828796564
224.99884305707397,102.64665481449347,18.150648363901627,108.89244755940042
225.09676730973146,103.20159660836407,17.954799858586632,109.65130727877425
224.90260647199295,103.84342160737047,18.343121534063666,110.24301286680847
220.57760152380826,103.95969483432388,19.42804290561816,110.01046641290165
215.12396217400195,103.22730700584697,20.787599778564193,109.56569770452217
207.74582000108828,102.51798527402842,22.033044719987245,109.05422125324438
203.87244136975548,101.3296603069133,21.990474734227373,109.48353937536824
200.39155266537338,100.3189630432152,21.14233164785811,109.5524537789811
200.85093538222367,99.47025990302907,20.223566214157557,109.31297769263925
201.5442520617727,96.28080804422365,18.836932855059462,108.02972743919463
201.18195873864136,96.298379616767,17.691125936920535,107.99458429410794
196.7261017140518,96.0686763276807,17.366978950185583,108.45399087228051
197.2808777323214,97.76902399369149,18.104497510639483,106.90036613725204
196.5806774079874,99.17350858416998,19.50489815930746,105.93162969572484
196.7233401821586,100.61007353027045,21.07402803177147,104.91295522433035
196.36701855582797,102.7665060508397,23.65767253368172,102.4710914324408
196.03766857345803,105.4371684012162,26.203219088682296,100.90345991220929
196.60360414628644,106.09459521732836,26.98465770800616,101.50191604496563
197.7755157259191,105.68779712411899,26.577304238219945,102.31551223138437
198.22075709041957,105.23501146497061,25.68682150921898,103.22108354968114
199.00534928598228,105.08222548945267,24.117637118093548,103.52665550071701
203.84644697786518,106.11217710159086,22.077146687217905,103.3771785146632
206.45376344185732,106.1387404871123,20.600655136192373,103.32405174362032
208.88865890091554,106.97375475958032,19.410184484153028,103.49368333172283
213.58282825252783,106.22842440561388,19.115516545396115,103.16560988676218
220.40830967067086,105.71145532586289,19.93167668024961,100.58276730347927
224.81451165753904,98.88871964989946,20.061597117722382,99.92051959747153
224.54466946958783,98.62104007407363,20.601281493624818,98.67409866429077
220.03933566829699,99.07639092360186,20.737414559821644,97.7633969652343
214.7164565588969,99.59552694281967,20.794089295557725,96.72512492679867
208.91065701534725,98.17651726869754,20.145465334403692,96.06022340411343
203.12594275607626,100.00796343951663,19.60746378858277,95.8565967951504
201.88505114671113,100.96446626637248,18.656542162934112,95.65994356362813
199.83137488456524,99.53842853612691,17.678648251855915,95.1218547338726
198.95287396610783,94.94297952205984,17.767206468313187,94.30209103926146
196.73006874811034,85.05900561584161,18.89522873289303,90.846921651792
196.60899990804324,78.64745280577714,20.770087052363134,87.3428208785619
197.17053785501346,74.5236246240137,22.886732794842676,84.25145151461885
196.99818801144664,74.50679359641396,24.847980254249265,82.6685657975454
197.19472247259043,74.20462237953407,26.085726458060815,81.64209310520604
196.53148114321715,74.11943033403624,27.412209116807368,80.17334572740484
197.03391285160157,74.43864013476656,28.049882539247076,79.5349261259442
198.48870260178572,75.41758008867414,26.785336531494327,80.86711320336025
199.91513146251657,82.21866328175295,25.573438827185832,82.0335869715815
204.2416130058574,88.64835409769681,23.461453536515055,85.5266498297211
205.0453839004502,96.40156479843269,21.853911747329498,88.11855746726488
205.48745797880724,102.13339522595275,20.969763590615422,89.86594982578023
205.8646531971281,101.04531521820863,20.21537315397372,92.04210984126848
206.57258827573528,103.32475265547649,20.47442830299969,92.50801088545391
206.9448990165751,105.21076073949193,21.416230736278948,92.10884254734086
210.53823937443187,109.74981375494022,22.724215760932836,91.52540225681173
211.61351468326384,115.70578397639417,24.005084872107393,89.90772100041927
207.12918242051686,119.29880284987824,24.387700078273888,89.59052270891308
208.53933450390076,126.40219009841593,26.72721744538309,87.42333179088399
203.68180404038716,127.78750682746258,26.044565481726753,86.38565048123796
205.17507003554306,128.45976366700063,24.763647220038834,86.74675053078576
205.7722857058172,132.79146325359685,23.569215879490528,86.5177758181464
207.3253338456871,131.23423796966242,22.12440745838142,87.97093852738453
207.7527141598655,130.94335904943605,21.269646830024676,88.55269636783726
203.52835362774314,131.3924691856442,21.486652170449815,87.65447609542102
204.22090579098975,129.4782904749693,21.739437048441065,84.93127669883293
202.0465045838906,130.52897731224812,22.879296193553337,81.22543138973231
203.51772976322926,125.88397876372173,23.08436111432347,79.49912500871886
203.5688437443754,124.15637007159123,22.982133152031146,79.84791151384603
207.09627107872342,122.35324136345471,22.152223001188833,80.3416966711922
202.85762995011117,121.94053121427183,22.89110627107989,78.07175737462461
203.35894030975035,120.03339078180437,23.417932698239152,75.76824965380892
203.3071884313212,120.03726061487728,23.521436455097465,74.25389491335227
204.54687483683315,117.07248376367232,22.529112312636933,74.23525394150873
206.81046937258407,116.13242147863913,20.93882958394206,74.64692534017163
208.10470465709398,116.04718659668183,19.795020686395493,74.81739510408626
209.34063650311919,115.77911463786502,18.748736079127458,75.35353902171985
213.3800962599525,116.26061714445137,17.736372715604517,75.80384523857589
212.87600290454915,117.15385645572253,17.344240203475103,75.41768583896962
212.2104072337602,117.95949927777508,17.288026962655348,75.19380477726217
211.90132075752913,119.70118394760097,17.906199915117515,73.09363081212555
212.38180105015013,122.03781287359598,18.31083576829371,71.15156583697195
213.06584679045588,122.65870490686723,18.288762138756884,71.25579962150414
214.11563452980755,122.11532309064478,17.536251198073963,72.34256325394905
218.35919542541131,122.43190283554016,17.1372677872051,71.70940376415828
218.72765003512498,121.48759405004131,16.40035856777772,72.26647879816998
220.3090926775659,120.4164493072119,15.887928684010806,73.08354058327131
221.67460335484543,122.71875654039974,15.810455372802988,72.45924818192248
222.26429026359762,125.3538605341234,15.947646104382976,71.13873384172817
222.82213194262596,119.17968494135656,17.43349246523759,67.87790671379413
223.49848336481685,121.7550507166166,19.931074658015525,64.01060350899397
228.96318057258162,124.03006510017588,21.75705509055419,60.736112226682216
224.19276307956414,130.72344933120175,23.723919989832286,57.4479705469729
229.4810271991528,130.63118335849887,24.40110277614263,55.131677820048004
221.3024935244896,132.74732447950367,26.01150756483173,52.12828412475815
230.50816472105535,132.23143582370784,27.012054101389268,50.733575320138684
226.21143664732162,134.53369654971596,27.135447102384273,49.759080930896374
230.71940418136003,129.44769617217193,25.306089664903357,51.54674111695579
231.3783059140956,129.83422903508813,23.988286199432228,51.96618873607139
232.8480921912548,130.78930666146226,22.22438530747652,52.407376808048454
234.81215420527957,136.90862618835217,20.598308215948393,53.98101937339727
235.54695557798928,133.73135200774706,19.12870547052899,55.7568266687522
236.73364808186935,129.7607771085933,17.898809538342853,57.98053108918978
237.137458368485,127.2919962894643,17.091188965111552,59.46053560623325
238.51985265426057,127.02576514932159,16.643315557767046,59.99299788651865
238.03133071072912,123.79967294403949,16.46276388585234,60.657204502194645
236.17884612489803,125.18415603532594,16.67703626755026,60.215369512931275
236.56480097956793,124.57889936972214,15.905126558210435,61.42588284413887
236.8516886806859,123.28285731042583,15.33135115597454,62.8540979154275
237.1601377960423,122.30942922225772,14.714452925261703,64.80095409176371
237.48006505694906,120.349814326939,14.074598403448208,66.34321468427379
236.92490652672672,117.15615263837506,13.98723417338202,67.93981289935829
236.7829560330075,117.95419892307875,14.27113516082044,69.99844752370663
235.23986797201886,117.05455036028152,14.852437644274168,70.5453078300393
237.83117641997404,113.57570477065161,14.755182134651317,72.41763762301161
241.18001716393726,111.00768995018403,14.535217910660203,73.66703690558555
239.56483210329782,112.4172954993392,15.148287038017216,73.4651268011971
232.0917745723162,110.86156996470861,16.916655170789646,72.62325379170105
235.30793082457393,112.10018805718084,17.184935303197378,72.82625466152585
236.6786993389526,112.02090568650141,17.139583644736664,72.98481940288474
234.587426942314,111.53062621600995,17.27379319127307,73.96537834386766
239.69916612593425,111.49335269577384,16.610472770201728,75.4056622337926
240.8759176103855,109.62497371500918,15.630099766446863,77.76929023017433
241.97262942826325,108.29831717121179,14.823766312113543,80.4226033177691
242.01621643895746,107.43811503096182,14.736592290725149,83.55120825737207
242.6757229296691,106.32003386843886,14.86747867481289,85.78737058241802
242.46164866690043,105.56833516966282,15.29562720035024,87.2907679799701
242.60367323356013,104.72638530160322,16.52438477672473,87.4618610063954
243.1321372733186,106.7887507860529,17.006830435335758,87.95525125187982
241.82073698023652,109.09391930784751,18.073950350759766,86.45627554977088
236.20437212945012,109.35597973670463,18.417521571781553,85.93215469205666
234.2091576737751,108.70215517013514,17.74313775307531,87.23980382519562
232.30809783492464,108.06773238023023,16.86499804526946,88.50864940500546
231.91272486772354,107.79811440503025,16.09514644614509,89.0478853554054
231.53656849868796,107.03488954657988,15.29449792838292,90.57433507230616
227.72041096231223,106.74249368599249,15.135337616761673,91.15912679348095
223.27256191782027,106.46801872625909,16.214866682740038,91.70807671294773
219.99941339531617,106.41563487584324,17.984471403921855,90.22061363917068
217.59840439445912,100.25848655592455,19.573917942428874,89.68462442617971
218.13869214874245,100.55312810793889,21.752622128072602,89.09534132215103
216.5091252136667,101.6308001169331,23.348603525643277,88.6031497767434
215.56820310226868,101.6568933473774,23.543962526090628,90.23744853820348
215.63970364552873,100.99392714049978,23.40096143957053,91.56338095195872
215.7401350787119,101.11998215661649,23.200098573204244,91.31127091972529
216.22085134528245,100.88229331015651,22.238666040063073,91.78664861264524
218.8742553616764,100.19452966625343,20.352124805761314,93.16217590045142
219.59436419499437,100.14291242688722,18.911907139125372,94.95861091002064
219.2327673703464,99.54099215109419,17.944791889684716,96.16245146160671
219.48788251756503,97.44933385271983,17.434561595247516,98.65764354304453
219.2014298750302,98.29705213983944,18.007466880317192,98.67491691782843
217.90221035085438,99.39344404764789,18.88166048902079,98.20637854185955
217.3095584749197,101.05546020632089,20.066964240890137,96.6172409036042
216.50997951784277,102.20551765977433,21.666122155043986,94.31712599669731
217.0913940346228,102.75533074130486,22.23790656970537,93.21749983363625
216.6839735093928,103.08509367438194,23.052747620165366,90.827808820095
217.16512180592485,102.4464272344762,22.090451027101295,90.39298833896792
218.61495731285527,101.13870153412222,20.87855577216552,91.32066398075084
219.11977494258468,101.13736410851372,19.868920512706655,91.32333883196785
220.1213942576885,99.95543621736951,19.523889407248596,90.37077956475713
218.5093529401802,98.79622582230303,21.10972121167729,87.7744478631264
212.90958604563653,99.9296340153424,22.514919148327117,85.50763147704767
212.33725190188233,100.66395747666081,23.659587435835526,84.03898455441085
206.6841050335595,102.4096256171291,25.197628166975143,82.1756904410586
207.30555257694712,104.81167601886763,25.585046445777042,80.63221636873587
207.08797108969338,105.57046084092048,26.020209420284495,79.11464672463018
207.5435415617776,103.96344511530651,25.109068476116107,79.1246471172059
207.0307941478099,102.72194231245646,26.134563304051483,76.85140251269166
207.38431590581635,103.58652013840037,25.427519788038577,76.6941386350241
207.92684358297626,103.65770222938583,24.34246443371874,76.55177445305318
207.7614125043356,105.26490218376068,23.138544219098172,76.40693928810735
207.74791483950614,108.33988289101522,23.165539548757085,76.29894499651206
207.9455644371605,111.05840415017698,22.770240353448326,76.89975410542331
208.06225153587883,115.10946355485744,22.536866156011676,76.35078535615904
209.0339373358311,121.71286723858717,22.092024072518523,76.63074363640226
209.40769758168142,122.81748282652572,21.344503580817886,77.40991742091313
209.55747180417663,126.26629664461997,21.044955135827454,77.96836447915032
208.23497933788343,128.37682650716778,20.7030289346487,78.22767145470245
208.51121770266025,130.83755888575013,20.150552205095092,79.26887389707875
208.46937201320767,131.7007324447511,20.234243584000215,77.54252677907677
208.85121711381194,132.42897960977513,19.470553382791692,77.55821963436622
208.99874244118533,133.30010400839666,19.17550272804491,77.27392207491765
209.6023121273529,135.4408454282808,19.416723002382458,75.88915852849472
211.27870603317064,139.67510779644408,20.364426579901362,73.1546223110407
211.1922462641715,139.8036378949564,20.537346117899638,72.89756211401598
210.14456715954103,139.97160609142634,21.220229326494216,71.14915072040978
209.5884944594653,140.33312716861056,22.332374726645718,69.02560662575121
208.5900666203795,140.97285653020282,24.329230404817253,66.35521098560301
208.80402694233993,142.1831681558952,25.290543417621834,65.3238213909437
209.72179298809772,142.45858134643913,24.84675756651899,66.16474125026855
207.52614178813477,140.94288011594253,23.65470464259163,69.19614371126175
206.61027649047054,138.60549666750995,22.65130415578649,71.0357795259933
205.38100683464216,136.43068943177641,20.83379478152103,73.96004443548628
204.77434091965128,135.83455164161785,19.18111080516191,76.58532791897389
204.6428471182904,134.73138150730264,18.005293598887366,78.79166818760427
200.02938395928774,133.8999327810631,17.101333741218404,80.45456564008337
200.3686027534983,133.49422106932784,16.422896152797286,82.71905929872345
198.3806303859852,135.006903365044,15.984530065259595,84.108005529855
198.47934545692937,134.4401208241669,15.787099923371251,85.24157061160919
197.79349607132207,134.87744570180038,15.664741905010773,85.86097764591733
196.54507707071403,136.09554592729532,16.661329334865414,84.92502776628889
197.54113151707583,136.089426906157,17.682787189838418,84.93726580856556
198.89160881564996,135.84951704505175,18.03550284849699,85.41708553077606
199.60517699346724,136.10510836869116,18.14872754257668,86.44626393321147
201.51037765734984,135.34385450008207,17.45213440948007,87.96877167042966
206.44174050327558,135.39463530293108,16.976808345633028,89.43177666939906
208.39065546990827,133.3080174200518,16.230215211774997,92.02939403545389
210.85388907274665,132.83817594009417,16.09471945408872,92.96907699536914
213.04112205442146,133.32432401791942,16.542275401551183,93.60412147665602
213.0829449407403,131.78298114012287,18.083624787850862,93.43681691437452
213.0483768000136,131.18097838506776,19.805725574418144,91.33489341425688
213.20461111541817,130.8773670430911,21.150405748148664,90.28496729367052
213.4571348648038,131.21011846192403,22.313679573912566,89.6194644560047
216.54169420637115,129.7242370120957,22.869250350075074,89.22888262601282
216.91728483321563,128.9417160980791,22.118069096386087,89.10770136420741
216.48962777525117,126.3867515961347,21.303106478443567,89.20680016648181
216.67265661134311,123.9497672545099,20.937048806259643,89.112335940024
216.95530286897053,122.87645403794582,20.3717562910048,89.61113576177583
217.16011529368532,121.24423608493436,19.962131441575238,91.23160135640234
217.46296131416236,120.08450576263668,19.3564394006212,91.89233657209158
217.74050341539072,119.41099733260855,18.801355198164437,91.5831181984594
212.05409018071288,119.17557316873392,18.68608875751597,92.05396652620865
213.54744377856807,118.66238701128157,18.990328073837063,91.43486558509763
213.38601190355988,119.6978492912528,19.313191823853465,91.0067008116851
211.70532439142053,120.33216315296357,19.388470898681554,91.38112106298887
211.58018631432702,120.97393220617494,19.638747052868524,90.09758295656614
211.42372832931295,122.87351608765677,19.9516630228967,87.93507062938946
211.00094956606344,124.02262555845043,20.79722054939574,85.63685168780214
210.48320491507573,124.1952539860315,20.23623166932002,85.29159483263999
210.16831930121413,122.40667090491371,19.285064290130578,85.70688378105024
210.37909250237487,121.56513933948948,18.863517887809138,85.82142837848934
210.3990207370262,121.50814276953962,18.823661418506436,85.93542151838906
209.24647497877046,121.88581180577425,19.56592695587959,85.18008344591979
207.43951270107482,122.24722916152365,20.04675742296476,84.457248734421
206.30404909669386,122.14309519480574,20.75204915457439,83.09988119070454
199.29443070128613,122.44561519441598,22.290950960647095,82.49484119148406
197.346955351779,122.53475652186066,23.02467347383744,80.73594444368274
192.966415150964,120.91492831756028,23.937916237512006,79.26689826951026
192.87859250866845,121.69483451373391,24.113561522103133,77.707085877163
189.12263727440532,120.81817263681617,23.890728177878717,76.36651210589821
189.30904569876108,121.95165254470834,23.517911329167177,74.09955229011388
190.08523124671848,120.03798530951086,21.965540233252423,74.95730010729383
190.2063758650854,116.73730301616476,20.25504745746081,75.68585053775506
185.24613008660782,118.19630813639488,20.050288200867655,72.76784029729484
184.99579206052192,113.75694000721842,19.14944077320931,71.83591219683666
182.60899692628996,113.85417983557143,18.437155181745638,70.26996357514875
182.9376722775589,110.75020970189547,17.779804479207794,69.79783608094907
183.0006194080825,111.00109249531458,17.65391021816052,67.97911936515325
182.61781346852715,110.28765389921213,17.130503720118703,66.82795980305305
178.39827334619284,109.0933419012984,16.72896600950986,65.427747532333
175.5945826829065,108.20826468724064,16.157962483060295,64.72654801923962
175.7985579256047,105.7965850191173,15.750011997663893,63.47487219274055
176.79622002126897,102.80638214531578,14.944385319805281,63.506790372994075
176.92827722574748,100.00322886563396,14.680270910848279,63.23916025673527
176.94193962551185,97.00844436108713,14.652946111319515,63.398794861450014
175.9991980807038,95.06469656761858,15.370732594813111,63.783200630019536
173.05501986644106,94.76738652153279,16.511887986698973,63.19102046303122
176.0140798968056,95.97532893442437,16.59447998777426,63.17542046196981
168.97021076144298,94.96820967876154,17.46591597358217,62.78669492149231
171.3251435263124,96.03551662815804,17.60562121128182,61.86447371455892
166.0128238366599,95.97521407484456,18.614282417712563,60.78308154957659
163.2394210211302,95.09546828256813,19.33925188027716,60.131655049882056
162.56457101073215,93.83590169294797,19.47936160328542,60.2316076335467
159.69108114562792,94.73597531065272,20.372001093240147,58.4314603981372
160.3274163192817,95.91265777088981,20.303602693530628,57.28236742526103
160.91650851998375,94.64996995738565,19.125418292126554,57.43449317928068
160.77877165546244,94.45199472997638,18.23356832451616,57.83044363409924
158.3054824024517,94.83145199677547,17.397296951018223,58.22809907640493
158.65841485283653,95.88335998690755,16.69143205024859,58.417752770753935
158.2882563411491,99.2752299903677,16.295474506480552,58.4516601666909
156.33141732206073,101.20301072817529,15.691757028313877,59.113494207419144
153.06204394166573,101.98850512401921,15.466532744891676,59.79716243046869
152.59136752784363,103.6768024994901,15.275195598157662,60.95132757703958
151.2641949093049,103.34549731979956,14.493720575366561,62.75921135637685
150.95159722813736,101.5639915402352,13.963217905305724,64.0108268507137
151.69375662064178,101.49608852779423,13.641884674666153,65.30961842996489
151.18809193869268,96.69025158216391,13.478327384650346,66.69708574382776
151.285361370853,97.4743953978004,13.283788520329734,67.51087469740608
147.6970637801603,97.12561574250404,13.268948914373883,69.40700647255566
148.18519017338514,96.04740226991017,13.51734665714785,71.56343341774343
150.4843394469687,97.57109382347093,13.957001490017404,72.29451534564942
143.4654613770577,97.22486580793819,15.212139759114535,72.9869713767149
139.77938444639858,96.37131762997276,16.02254014486965,73.38171703753314
141.03159576613777,95.19916252650066,17.518719533369968,73.05895922582488
137.31779677049445,95.60339279684406,18.15768456680115,73.60822527670913
138.8625430684836,94.19226826102351,19.2009814641086,75.05287785058829
141.64012311723275,94.7074987761529,19.31648836094162,76.85775031749512
141.09634421133475,93.74243854485692,18.95884914400617,78.78787078008708
141.3621639395871,94.37954713475145,18.42720968750147,78.97911292527239
141.61472309684723,94.89135297439856,17.922091372981264,79.41347969031602
142.79590149713454,94.07072072268421,17.014098804712575,82.50910842605063
143.71504504700715,97.65911472304015,16.655830917019813,84.21243569765387
143.92376434542945,98.31097009473669,16.23839232017528,85.902248622426
144.43200870135135,102.86287158545036,16.73399735760372,85.87100813663208
145.0731635722075,103.47053498227692,16.973048984799956,86.17704271188757
145.76825992662108,106.26373825232236,17.11314389750767,86.71178665793612
147.42614335866057,108.95943680877517,16.878301153399175,87.48223778497133
151.10236561069678,109.29939936822772,17.25880285011282,86.80231266606623
155.80885735191907,109.06617505102984,17.113198988532353,85.72419803031798
166.15386359396857,108.9594432299375,17.797262421718635,84.41094196412514
172.96356472359165,107.12554772339632,17.87331472173524,85.03529863070463
176.2428860992123,106.05663004618978,17.44225500384726,85.64123822677936
175.38900577490708,103.10939969827606,19.150015652457753,83.87584310886687
174.54306010545,104.57023690988814,20.841906991371914,82.49449759648668
168.00748879191468,107.10270247513989,23.040297440866553,80.53606708814772
163.5990141409779,108.31488715407548,25.589095795988918,78.11169773027655
159.72817008793965,108.48535979335279,28.591233679487907,76.19090237752941
156.69547732128407,108.87958681427577,31.442652556248206,75.40244833568345
149.89025903967368,111.22274792845587,33.526807791085155,75.65596096234485
148.7782620305711,110.44886136391749,34.06369140301736,77.20373409142164
148.43067085900967,110.53393675114451,33.039871389984114,78.75258567312372
149.2722009193958,111.41926598035371,31.356811269211853,80.42857239951825
149.54116227880132,110.42807165701413,29.101416973926245,82.41096104619743
149.95923867163046,107.90194949547296,26.560069142804654,85.75801032381646
148.35823368144213,107.92413962924473,24.643284081521355,87.41989507015954
149.05565532832458,107.1827330750132,23.248440787756493,88.9027081786226
146.30303547390005,107.04112756492528,21.998451337407687,90.87472648859793
148.23586864621586,107.23159642066253,21.51833619238252,90.49378877712344
148.3326698315384,106.51081375556149,21.324733821737407,88.5787968077524
147.4681792732114,110.376378995331,21.405955364886683,85.7909450487276
144.59243796833618,108.21296523546154,20.71656818037237,83.67690277420175
144.0546528636359,104.97333888074255,20.224675508740155,82.31884107847611
143.73157298022159,99.9894148271546,19.331772217829943,83.0523108392188
145.57999404161015,95.3045112834767,18.69951866395826,83.22835221985832
145.69772534454583,95.34058699021699,18.46405605808692,83.15620080637774
145.49566716392368,96.70649772326288,18.868172419331206,81.94146399134172
148.59882600921702,96.49496892392769,18.693337721537254,82.36452159001212
154.1428750384179,94.18809780053496,19.688690016694284,80.93653866001814
159.0078486016669,96.82337833789647,20.525108545915725,80.19442000917482
162.9663034060889,100.03824224240043,20.182951646045954,79.82449436734635
178.38384663744225,121.29369563775124,23.923167889254103,74.89543834394343
193.79100367425147,141.95599241501938,27.690536195032042,69.65607857660342
209.9861715977683,163.65857076701383,31.227759372384327,65.17244414903271
219.71636395826746,189.13123191193478,34.18336429772482,62.04789977138029
237.0605047199185,207.48864951984478,33.983265080987266,61.32073304936672
255.2830399285548,226.5732722370944,33.18620846672053,60.284835326331965
237.07391216262187,210.31063490696968,34.64995921910654,57.85560520710151
248.52406663822384,232.24714045465913,33.42878840320992,58.7861462580245
247.93519357274465,211.3201746360017,34.6065345341683,56.049298518537995
230.87677919443883,229.27507212357992,34.70019972185066,55.58029892768291
247.28630337639342,213.04446842117045,35.77399767883996,52.736458081565935
230.5118829073513,231.15879590235616,36.02400067556586,51.19409264144286
246.7020254052689,215.731761233244,36.4831406173972,49.20873704200058
231.12937295999956,232.07301611099777,35.33036964129717,48.82430315313176
231.30261827222077,211.92565541957848,34.98387901685474,48.16789120213378
230.53322868361204,231.9858141403743,35.21730289003848,47.2082328815542
230.661527249113,212.3817484903952,34.96070575903656,46.28371650613958
220.46337473256548,193.19762533154068,34.93573919968611,45.085749113485555
235.8271583109404,208.77286405439688,34.391628958014905,44.1187285828518
236.1087548972153,189.5954353835087,33.8284357854651,44.21930792533
236.13074451013068,209.08100763080327,32.55808445945856,44.49207063636613
236.02539816253415,191.80760320726745,32.76877715465162,42.74655344395674
254.54130465558387,191.66404398889367,32.52217733769838,43.033671880704354
241.94150896448318,177.69597595789054,31.608347372621402,43.66941289782861
251.13723092318898,196.1394213857488,30.941899649007006,43.41418084262628
251.19360538528426,179.25284257375486,30.82915072481645,43.34908313664691
251.98459283863383,198.85285324922523,30.411169831777578,43.72485825015619
253.30832618979792,181.19074152064135,30.08926396604918,44.16566915832703
253.95691999265293,200.42900489619007,29.95618069074218,44.104585310529245
236.99969377822114,183.98838529904012,29.041279496525483,43.31744933585158
227.7606435629103,199.3981651045333,30.510138870017656,41.98057422388967
244.2012099044448,214.04553480388557,31.7692336821714,41.136024404537345
226.12960568077312,208.26648816713242,31.248669835470395,41.23668883615477
235.31681852997906,229.4743278322081,31.094872392072173,40.95621234572246
221.60949154512977,213.08451888747317,31.341459634455823,39.77574682604873
218.74604172966292,224.97765354562455,31.478433185976144,39.46716704328209
202.05751617003003,218.0828347011361,30.275562370031935,40.98650985202315
212.323312927041,226.6773455596297,31.006180818803905,39.4643811602525
223.2141054026983,224.60855180158399,30.27227180048996,40.27865142376493
208.85223192150679,224.64373717389054,29.073514741587637,41.316521568829046
225.4112241599369,224.0047446075807,30.188977391556215,40.38589720939525
213.11808182448632,234.9463075536741,29.279500336807526,40.672998904729965
225.6231037043591,223.53947618170594,28.42446888158225,41.527559553647876
238.25186529037816,209.26018050395479,28.39253124613468,41.570271606917345
229.73638216948348,222.44209346456927,28.97030395665331,40.434675766970145
228.49578506056315,206.56480157449982,29.272982808240545,39.51152905330801
236.54369087714107,220.1381793096945,29.38041847592821,38.28996926426823
234.9806075154431,203.95649908173718,29.31649393205997,37.68905329178675
235.0290849125989,218.3338782833818,29.21953913774835,37.369184195352545
236.8774558159793,201.85940073749256,28.662825486358415,36.82450562984206
236.61842619507416,215.33255850338065,28.15159246424119,36.63978896018088
243.98685846694644,199.2085148591784,27.668762698639647,36.3072253271156
232.3767647523874,211.3547254971221,27.769415802614652,36.139535520942644
245.34943181184877,202.06391730266222,26.93107985903702,36.64411322361396
228.23324439365032,202.7195722075314,26.224400592054046,37.32932079121155
244.7943451259024,205.67852155933136,26.0038266651039,38.3905552016382
237.16716335269672,187.76282035227499,26.117437012414964,37.88414993791018
246.4855152215687,207.66937500262108,25.54609992032574,39.21993133009834
238.1030690278651,189.76073615098218,26.083173321480015,38.52461631430703
239.08293680546006,209.2635756636955,26.148874400111968,39.01495164840749
238.30800125774144,193.32580938746815,26.677556352926157,38.21243163692252
225.60786091789592,208.8067823837538,26.63170546633936,37.78584352388458
225.08761407664642,192.5117061587356,26.66155863971086,37.024859172711515
222.88000200164512,209.34873673626979,26.07872977782057,37.337558498514575
222.9572476989953,193.52247318354313,25.924238383120205,37.15843344702411
234.5926854205492,207.3527070812154,25.411443263240454,37.20345474082673
222.77508254280102,196.01387517393005,25.486326305609957,37.30247595531757
237.57041813131653,193.65540804471635,25.428045314368795,37.097345182779996
222.47720333574955,193.90582642689293,25.223461007684616,37.57686370545321
231.43726729638328,208.6345628057159,25.018687327532483,36.66079500293756
231.33441284062476,193.91108763746803,25.224396239049497,36.13089936836897
220.0483478287078,182.01415706781165,24.69889870241848,36.8271329472168
230.9445970577441,194.9851353756405,25.08291227978417,35.95427689335888
230.79290604351502,180.16179427171915,25.3862943082423,34.96427533990124
230.5809057266066,197.1200171668257,25.810294942059144,34.207027715727996
230.77461149449664,181.82151597528934,25.42288340627911,33.69033124816221
245.6607257583393,180.3222191819092,24.438428523511465,34.83164911589557
230.7790464597761,178.91824097936092,24.44842544309845,34.850227863722836
242.2466217132849,190.08312200955515,23.838995448383173,34.84618631563661
249.00721315601334,174.46945421977915,24.119358293059488,33.86991519154455
248.6065883038754,188.86860689128403,24.0106241755169,33.281108324903464
247.94882416630932,205.02843495272543,24.42687819378803,32.43605119215637
247.39054245812207,191.2406379703526,24.650185829273624,31.427460168456133
247.27633454675956,204.87490969215185,23.997102931218286,31.485377069047246
237.00352894990672,215.81049391034537,23.62076038382239,31.407910446307614
247.07043039896976,203.77392904236186,23.368647291010838,31.277243897543865
247.24192518415686,217.51509494537999,23.0256577206367,31.260805631532776
247.40136609151608,204.31842454516286,22.7067759059182,30.375995288679633
246.93437765567202,217.45798848841886,22.806987625330564,29.943587122716345
247.16761672797165,204.7699501320465,22.34050948073134,29.626401038761674
246.99332485600542,217.6080186373172,21.872729984937806,29.257524459726234
247.15120164950895,205.32024653660312,21.556976397930725,28.937014552383605
247.45735728307477,217.7171645320638,20.94466513079911,28.727877530157087
241.86208076819577,228.980257779385,20.43761257471442,28.817061834810566
242.0477314940852,217.1783667748746,20.06631112293552,28.462405128605138
242.31405331063166,228.80885108210344,19.533667489842646,28.042442590836536
236.29847240775453,217.11104126521937,19.625173554258048,27.55875074192693
236.43997819326097,228.64005759237818,19.34216198324512,27.45384214041292
245.127337328039,236.67675233289114,18.853395968539488,26.798061239902605
236.49552159830898,228.19428078933592,18.92837716390332,26.574354062916896
236.6572746950232,239.64705952853117,18.604870970474927,26.518232510432632
236.83320598756333,228.89412829159386,18.253008385394647,26.080344538819773
228.6046588246457,220.5999755280072,18.01960723187459,25.978154586637743
236.96713539781558,229.12392821850167,17.855577920007985,25.491173040121975
237.09376660929345,240.08455839359831,17.60231549705226,25.329053952826847
237.21688866586254,229.90938716271097,17.356071383914095,24.80581008273746
247.48062633849088,229.9737224491124,17.331077710156688,24.67713950993465
237.2773975507247,230.05101049483213,17.308129331193747,24.522563418495174
242.57961418795125,240.3027353761249,17.204450858404076,24.364326084132543
237.45600990076355,229.93625767805287,17.01655103716853,24.22706468905466
232.63794630002238,219.82820919854402,16.947385526370073,23.738537195206604
240.44298697406512,227.6403409812497,16.661013426019828,23.437982877530544
232.897225650362,220.01247740378074,16.6512177967154,22.963170160894848
240.5240768776121,227.59590093391174,16.322292767446417,22.72110052586403
240.65896696271162,218.33408752105666,16.052512597247336,22.248276308667002
240.80995934640524,209.25342483224017,15.750527829860115,21.772840872655642
240.98376353266917,218.44967174735817,15.402919457332267,21.639764285033444
241.14544151511765,209.57254205557578,15.079563492435282,21.374388179155982
248.09705280603563,216.60591388234442,14.902762829241002,21.034066444260354
248.20379839812708,208.05098262166948,14.689271645058096,20.66391736566042
254.879732004977,201.3586552814049,14.651451459761624,20.179773058269323
248.4406658351635,207.6331936532654,14.406545873731591,20.206940993303014
254.72546568061898,201.029690725292,14.33002890988925,19.83450910243608
248.37069018223724,207.48201633461326,14.168965901026803,19.800471889419505
248.3911206101465,199.45851313788376,14.128105045208297,19.32104305901233
256.5267452349865,199.4825663770975,14.137089770037655,19.272936580584833
248.36194593496447,199.5570901204266,14.204530783399042,19.123889093926582
256.45118213374826,199.59545554837226,14.25225523157353,19.047158238035294
248.31313119105755,199.65144758711918,14.314138153268129,18.93517416054145
256.3870918332489,199.6969301025666,14.358925491762422,18.84420912964663
248.2356508984742,199.7398848690791,14.489419518402919,18.75829959662164
256.3328798638971,199.72124385945753,14.492649486775578,18.795581615864773
248.28508315167952,199.58192579313783,14.371272872008042,19.074217748504182
256.34135579387817,199.61273814731962,14.546042160343916,19.0125930401406
248.14493641210095,199.5572196127734,14.592242987675897,19.12363010923304
256.2889705890527,199.5686770624238,14.726685861748784,19.100715209932194
249.7126228849657,193.02842689082019,14.589369685610245,18.891203968826783
255.8178762990604,199.6455026564022,14.480633676867246,18.811151154452364
249.0338895454916,193.42660232158082,14.446186257345982,18.692870968717713
252.88776069953812,201.78022507356457,14.550482229353124,18.651307128963936
245.56953975098358,195.6788501133092,14.574709128198329,18.329301336677002
245.59097344640094,204.0223111594529,14.531841737363624,18.196918307139182
245.32568047331898,196.1810446512619,14.547822702077756,17.926696898579735
239.28695607005372,202.09887529401766,14.368057786767753,17.837532096498798
239.26669605339364,194.32828325507973,14.408577820087896,17.67912714445482
235.21457500945615,202.15324379933608,14.438234987287615,17.673714339750482
235.23760711401613,194.61980924925015,14.392170778167676,17.58884764634301
231.22637012714915,202.46614103877235,14.366505464712034,17.489453936228458
231.22968924433965,194.99375947673408,14.359867230331002,17.402248293148297
225.335712241964,200.97927891124442,14.157017868361507,17.42201279084849
225.4292371145965,193.28345874664743,13.969968123096438,17.417732105961058
219.80448487088597,199.1808067257632,13.867858915107725,17.46819826467892
225.80997932163947,193.2741714651794,13.680860086496816,17.45747871295046
218.2076247494886,193.44153497706554,13.712152968970889,17.612216729882263
223.9056637778728,200.13310640240246,13.63990332911805,17.522263759935456
217.80335917780877,194.5846305140578,13.599769420002694,17.354051876120824
221.73301209896158,186.85916210823828,13.52549686760964,17.234922107934707
217.62065463114072,194.44657159872293,13.53012209950005,17.04967846910022
225.09115025093035,194.35693886376976,13.493112426112711,17.228943939006548
217.6328157114562,194.25425929273803,13.439359776629914,17.434303081070006
217.69483956353048,202.03043992926445,13.315312072481404,17.40772632286244
217.70015217648418,194.65864634729488,13.304686846573972,17.185967211723376
217.81555074368012,202.05793093652215,13.073889712182103,17.242419051154044
223.3693480749388,208.09718413196052,12.921023606547754,17.071226309063288
217.77102304035955,213.73418161928984,12.809184417802443,17.10572059230845
225.13481656419978,213.84118315055122,12.648018412852082,17.361602079551172
228.94756094599663,221.09660539119602,12.56065439111358,17.45587428560608
234.60017579677947,226.85957036642176,12.562475013262736,17.23699465886936
241.8237594782333,227.14057245775703,12.618264267385392,17.14282778642565
241.89894096036275,234.36046881988582,12.467901303126485,17.190035175136487
241.8792782405432,227.28241562028256,12.507226742765631,16.9134179313979
241.9251168922064,234.51318443085708,12.415549439439204,16.774388957001836
241.9381946523863,227.55634398986004,12.389393919079387,16.477638958305626
238.33380962710407,220.5588969782737,12.342839731835642,16.415342270724842
231.2939403875173,220.7938159120839,12.418388240247214,16.39725246667747
236.52552237011957,215.48824804738373,12.367481279796845,16.143424365029958
239.9234796482419,208.747097014995,12.291643947068792,16.185571982774228
239.98265597123364,201.8772639074424,12.17329130108531,16.055505350518498
233.12102652212275,202.05834535245302,12.148182474946227,16.13683819354116
238.2299922535006,196.671466123176,12.149721399363408,15.8024766660377
231.45661102888693,196.8469314236546,12.079688881981742,15.890797515616288
238.30218879381624,196.99364052164086,12.011691198191599,16.036836024355708
231.46121366378293,197.19111518830522,12.035954488357705,16.082457238443094
231.49803665803915,189.83406229505619,11.962308499845276,15.780060883255445
228.29335236602216,196.55812649384075,11.833893019473184,15.84335288545893
221.5749368636342,196.54603962440308,11.79448862505222,15.867526624334308
214.8196833709362,196.60678548854483,11.837351899006485,15.746034896050766
209.40869778300421,191.31746046434827,11.827013994220163,15.492375863793576
204.30067189919583,186.0387568933344,11.740886538058064,15.318346314384996
209.42374884141606,180.85252646783266,11.699474756488902,15.06086747489755
215.99586881001312,180.88007483891903,11.593547570956929,15.005770732724859
222.54034154682623,180.8773287603294,11.463356792871242,15.011262889904138
229.04114542904375,180.87473686177384,11.357319545175741,15.016446687015234
235.51377842594326,180.88691083117212,11.256418172195737,14.992098748218678
241.96231577419397,180.86976858033458,11.141095034453894,15.02638324989376
248.37874768058498,180.89171481203996,11.047653784406446,14.982490786482984
254.76373062335807,180.91387896803494,10.948968196493746,14.938162474493003
261.11812546891525,180.90904680194805,10.84042125892949,14.947826806666821
267.40769071885705,180.9442983893802,10.810843776128033,14.87732363180247
273.6576667574093,181.01637394073094,10.812227361776882,14.733172529101015
279.92839045315895,181.02485318273995,10.704982934928257,14.716214045083024
286.16000756941855,180.99362066508206,10.613412533432605,14.778679080398765
292.3519802853227,181.01614166723044,10.583840848021234,14.733637076102019
298.5298419022944,181.04525296271862,10.546253381842345,14.675414485125634
303.3056732252286,185.8918781068118,10.495198694842173,14.482772155807531
308.0421589642557,190.6847632821681,10.432596929687321,14.307371517994202
311.22425036135496,196.68782041203517,10.282963647620035,14.341946938014326
311.2921462203885,202.70604106241373,10.147171929552965,14.286217987122324
311.3281706625804,208.71453226252078,10.075123045169072,14.154482892834523
308.44458186390517,214.50433946388102,10.139087609885063,13.981294555383007
303.9590880316375,219.0428706022439,10.022671473886778,13.991636079190783
299.4822838533314,223.548926383405,9.931049937283758,14.024754410083927
295.01194674126805,228.06442068857774,9.850672298908345,14.014817662240574
290.5525342935929,232.5925265605201,9.783861511875376,13.944241600739089
284.82495710708577,232.58713522994293,9.69981782235169,13.955024261893438
279.1149634862377,232.59246169989558,9.618577779549891,13.94437132198809
279.1720184033243,226.96055312930358,9.50446794537679,13.753580817353548
279.188502522466,221.40756215920342,9.471499707093248,13.552710923042198
283.35624096278843,216.99480731995575,9.44268263351867,13.349242550374166
288.8984612512666,216.87483642822048,9.444072664872358,13.231576894866953
294.430880927328,216.8727780488959,9.410562825659467,13.235693653516122
290.2122390870951,220.95482940970956,9.319210240132188,13.244867353465574
287.57288296464804,226.4956485817373,9.288030404657746,13.137005975505035
283.55724514940897,230.7313051992598,9.226817523187826,13.110028579014525
279.40069919968914,234.9151867843924,9.129591257381868,13.152583573994912
279.44606997076903,240.3778976935271,9.038849715222142,13.060659219178925
276.8472097785341,234.92116438059838,9.03787022897007,12.883566120829501
