742.6481,218.2447,31.5938,66.5705
741.5495,210.1446,29.6960,65.3309
739.8289,210.3717,32.8471,60.6465
737.7101,217.9702,32.7847,56.1296
737.8849,224.6202,31.6202,56.4996
736.2553,231.5488,31.8093,51.9724
736.9666,226.9101,32.3668,51.8347
737.6005,223.3309,30.0790,53.9781
735.7977,221.9527,28.3746,56.4747
733.0721,225.0779,30.1108,58.8392
732.0000,230.0000,31.0000,64.0000
732.0732,229.5207,31.2836,61.3485
732.0000,227.0000,31.0000,62.0000
730.0000,219.0000,32.0000,62.0000
726.5638,216.7754,31.5724,59.5143
720.8099,215.9129,31.6852,57.0391
714.7533,222.0442,34.8934,59.2016
711.0673,232.4050,29.2555,54.0301
708.3763,237.3522,31.3323,58.9256
706.0856,242.3255,31.9987,57.9989
707.2181,241.1709,31.5888,56.6082
708.7152,237.7454,31.5395,55.8291
711.5811,237.3104,30.9027,56.4992
714.2986,234.7576,33.8679,57.4198
714.9034,238.5077,35.6931,51.6246
717.2059,233.0374,32.8182,55.9153
717.7352,227.9290,32.5845,60.9671
717.2474,222.5348,34.0602,58.6405
717.5016,215.4853,34.2468,54.8894
718.5180,213.9619,30.9389,58.3563
719.1516,220.0260,31.4818,58.5481
720.3140,227.7603,30.0619,59.2094
720.7288,223.5085,30.7875,58.3729
719.4953,230.1783,34.6143,55.2034
722.2111,244.7009,32.0779,55.3732
724.3648,247.5330,30.5604,56.8940
723.4471,237.7778,31.7757,52.6045
722.4803,224.8354,30.0393,57.3291
722.9304,219.7427,30.6192,55.3146
722.6990,213.8397,28.4719,59.0806
722.5170,223.9347,31.3661,47.1605
720.8389,214.4708,30.7023,53.8633
719.6238,208.8996,28.9724,57.6459
718.1741,205.7595,28.7417,58.5210
719.7534,210.8532,29.0681,55.9085
719.8085,214.9839,32.2779,53.3623
719.5811,218.1785,31.6728,54.2131
720.4091,219.6406,28.0418,54.6039
721.5856,219.4126,28.6988,52.0347
723.2312,214.7491,29.4326,53.6617
724.3019,215.4139,27.8161,57.0072
724.4622,218.9782,31.8956,57.0287
724.8690,223.2348,30.4170,54.2155
726.3450,222.3281,29.1501,58.2938
725.7651,223.1312,28.7697,57.1476
725.7193,219.1499,27.5364,55.7102
724.9734,224.0036,30.1282,53.5728
725.3154,229.6030,27.1993,57.8991
724.1472,233.4125,28.4806,54.6350
725.7871,236.1069,30.5257,55.5862
728.4780,235.7498,27.2939,57.0503
729.2115,235.8042,26.9319,57.0216
726.9139,233.6145,30.1421,57.3061
726.5958,234.0101,29.3084,54.5147
727.1570,235.2016,29.0761,56.2418
726.5182,234.9223,30.9835,55.5655
728.2224,234.5157,31.7452,52.3036
733.3279,236.8045,30.0842,54.1910
736.8760,238.4236,29.7429,55.7077
738.7176,235.5552,30.2048,55.6446
739.6317,231.7414,28.9267,56.6622
740.6603,226.0717,29.9445,54.3817
742.6506,223.2117,29.0488,52.8917
741.1976,222.7955,30.7548,54.5941
740.8260,219.7152,30.8878,54.8497
738.1946,211.8250,33.9707,52.8500
738.7845,214.0188,28.6110,54.7925
739.8450,218.2141,31.1201,52.6319
741.1232,228.5803,33.3435,53.3295
745.7450,242.1768,28.4300,52.2165
744.3392,251.5227,37.8217,39.2896
748.3276,254.1607,37.3099,38.2636
752.7531,252.1173,27.0288,36.9454
756.8768,248.9678,21.7813,33.5043
747.6066,239.3839,28.5168,50.5722
747.6499,236.2738,28.7252,50.2824
744.3099,238.7874,23.1001,31.1152
741.6131,235.2079,25.9488,34.1493
741.4672,229.7152,27.8457,46.1097
738.5177,228.9166,31.3896,50.0867
735.2827,232.3672,29.0046,54.4956
729.8774,238.8780,36.7352,47.6241
731.0324,237.1251,32.5251,55.3398
729.5920,239.6202,29.6809,56.7346
727.8738,239.6417,34.2573,56.2766
726.7449,241.3683,35.3851,53.4134
730.3031,240.2908,31.0638,56.5533
732.4282,239.5681,31.1987,57.9688
731.2901,237.4799,27.8649,58.7002
731.3751,237.6546,28.1499,59.5607
731.8568,241.6796,27.4764,56.0608
732.1886,242.2221,26.8228,59.9608
731.5008,241.0333,27.3184,54.7184
729.8463,241.8891,26.9774,52.8518
725.7168,239.7652,29.8865,58.7346
726.8722,241.8874,26.7156,56.6551
725.0930,240.1945,29.3839,58.0311
725.3376,237.7092,27.8099,57.1967
725.4887,237.9982,28.5126,58.5036
725.9512,242.3002,30.4077,57.5597
727.8892,243.5191,28.2817,55.6117
727.9147,238.4250,29.1705,54.5299
728.6707,239.8285,29.3486,55.9330
727.0731,243.9433,30.1039,56.6033
726.6096,247.9065,28.7408,54.5070
724.7226,250.6743,27.8949,56.0015
724.2191,248.7349,29.9169,52.9252
722.9573,245.3713,27.2354,58.5073
722.4169,246.9666,28.1813,57.9269
720.5513,247.1316,29.6924,56.8369
722.0110,244.5808,28.4129,57.2333
722.3203,240.9806,29.5695,62.0238
722.2152,244.2743,28.3595,60.3714
718.7112,244.1785,33.5076,54.1429
720.4692,237.3378,28.7317,61.3893
717.8525,241.1398,32.6650,56.9203
719.7360,239.3731,28.7879,63.4838
721.1135,239.0756,28.9181,61.7688
720.7991,239.9079,29.4817,59.4291
718.6190,241.2879,31.7220,58.7442
719.3871,239.2406,29.9507,62.8738
716.9907,243.4846,31.4587,52.2608
713.7991,242.3603,35.2568,54.2995
717.6213,237.2104,29.6074,57.7491
717.5296,234.4089,31.5308,57.7871
720.0773,234.6272,31.1154,51.0707
723.4402,226.1708,31.8195,54.1784
722.1326,222.0235,31.9448,58.3080
724.0615,221.2500,29.2570,58.5499
721.0568,222.0007,32.2965,57.1036
720.0127,220.7990,32.1396,58.9521
721.0099,224.3305,32.6302,56.4140
719.8064,227.0403,34.7122,56.8994
722.7523,228.6969,30.6803,59.9762
719.2346,235.1975,38.5107,52.4551
720.0534,236.2265,35.8432,53.7771
721.0399,235.3435,34.2002,55.8880
718.5073,240.4185,38.2855,54.2929
719.3026,243.0639,35.5948,55.0522
716.8708,241.3511,38.2083,54.7879
715.3456,243.9087,41.4489,56.6826
721.9951,243.4715,33.4398,63.3170
720.2695,250.2448,38.6810,57.0503
724.2885,250.8815,33.9530,59.7870
724.7854,250.1364,34.7992,63.2273
724.8254,250.5242,34.7042,62.4417
724.1008,247.6414,35.2033,63.7122
720.6989,254.0832,41.3423,57.3086
723.3983,250.8523,40.0535,63.4755
727.4240,249.3902,36.3721,67.4745
726.8381,247.8748,36.5537,64.1055
721.5416,248.2016,43.6319,59.3667
728.6368,238.8476,33.5664,71.3099
725.7950,241.7274,35.5049,66.7001
725.6546,242.3571,35.8308,75.3257
723.7863,242.8401,36.8375,70.6698
722.3659,239.2768,38.0181,70.3015
722.9819,237.9825,37.1462,71.6349
724.7379,239.2745,36.2942,72.9510
728.5573,237.1698,35.3854,77.4403
728.2573,236.6050,36.2254,73.1750
727.9108,235.2528,36.9384,73.9644
727.6739,236.1513,38.6222,76.0074
726.8011,238.4751,40.0577,78.6147
729.0682,239.1158,37.6535,74.4535
729.1589,239.0272,40.5073,75.8056
731.4797,238.5758,39.4605,79.6684
732.5707,239.2189,39.1687,83.2722
730.5066,235.9886,38.9919,81.8929
728.6904,235.0011,40.3191,81.5229
729.1170,235.2411,40.5860,85.9778
729.2549,239.0056,42.0602,79.6787
730.7454,241.2196,40.5142,78.5158
731.1993,236.5295,41.1564,80.2360
730.3242,235.7657,43.0216,82.1986
731.0823,234.8453,42.9353,82.1994
733.5196,229.5761,40.6909,86.1677
733.6027,227.9943,43.1045,85.5613
736.3152,224.7822,42.5146,86.6857
737.8605,222.4597,42.6291,85.3656
739.2167,223.1128,43.1565,87.0744
