1
477.5407,494.3281,37.4301,116.4296
478.9264,478.2723,37.0006,118.0980
488.6354,467.7828,36.4428,120.2166
488.5497,450.6322,36.6144,121.2363
485.2995,433.8249,35.9300,121.3227
485.0732,417.1917,36.3828,118.8381
488.5604,405.0741,36.4782,117.1506
487.5243,391.8757,36.2158,115.5336
484.3146,376.8703,35.7152,113.2506
490.1276,369.0448,35.4147,113.0460
490.1909,356.8600,35.2881,112.5927
490.4914,348.3982,34.6869,113.7811
492.0368,339.2068,33.8498,114.1351
493.1325,327.3436,33.9016,113.1875
485.2614,316.0641,34.0292,113.4399
485.3499,306.5855,33.8521,114.5044
485.4764,297.5518,33.5991,114.5849
494.6241,291.7797,33.2622,114.9053
510.5178,292.0237,32.8772,116.6602
519.6274,290.3697,32.7432,117.7078
527.4145,290.6382,33.0792,117.1706
527.1347,282.7279,33.6387,114.8184
511.2121,285.8582,34.0004,115.3044
485.0994,262.0902,34.1900,113.0670
470.7632,262.3601,33.8166,114.7615
469.7380,259.3033,33.6156,114.1211
478.9961,265.4496,33.0078,115.2596
488.2672,264.6756,32.4120,116.8077
503.0140,270.7341,32.2204,120.4688
517.7202,281.4381,32.7336,122.0803
535.2365,296.1410,32.7155,123.0204
546.4451,304.8934,33.7703,121.9460
554.4418,312.7303,34.2400,120.3835
545.2430,313.9901,33.9284,120.2025
540.5669,305.0528,33.9597,117.1048
539.8080,298.8959,33.1903,117.9831
540.3120,292.1440,32.1825,120.0612
547.9214,288.5009,33.0322,118.1655
548.0826,281.5851,32.7097,118.2885
549.3967,274.3694,32.3620,119.0372
549.6189,265.5580,31.9176,120.6687
549.7765,257.4053,31.6024,123.1795
549.3939,250.7337,32.3677,124.8807
547.7527,249.3070,33.2832,125.3673
547.3173,245.5107,34.1540,125.7872
547.1133,243.2419,34.5620,127.9117
545.5863,239.1721,35.1652,131.1496
543.0746,236.8266,35.1731,133.3330
540.2699,232.7563,35.7055,133.8577
532.1870,231.7202,36.5352,133.3740
532.3122,225.7188,36.2848,135.1177
525.5047,229.3742,36.9767,135.5608
524.1865,231.9941,37.0091,138.1325
516.1351,242.5539,37.2677,140.7793
513.4691,251.8021,37.2342,143.7453
504.0788,261.2709,36.9476,146.5988
501.5443,267.1732,36.4995,151.3454
498.3468,267.0215,37.2614,154.4655
495.1991,266.4532,37.8071,158.4767
493.4888,264.3810,38.2862,162.6214
491.5296,262.6539,39.1960,166.0754
490.9473,261.0355,40.3606,169.3123
490.2798,260.1358,41.6956,171.1116
488.4301,258.9124,42.2024,173.5585
488.1507,257.3625,42.7612,176.6581
487.4574,256.6051,44.1478,178.1730
486.9670,252.4777,45.1285,179.7513
488.1651,250.7223,46.1115,179.8830
495.9218,245.1931,47.5956,177.3434
494.2330,242.2696,47.5814,179.7986
492.3472,235.8422,47.9269,182.3750
490.6223,232.0850,47.9080,186.4205
488.7757,229.9488,48.0758,190.6929
488.3264,225.6277,48.9745,192.1580
488.2198,223.7717,49.1876,195.8700
486.4370,224.8905,49.0708,200.9969
486.1440,223.7609,49.6568,203.2563
484.1488,220.1356,49.8525,206.7120
475.4930,220.0320,51.7761,206.9192
473.2479,217.7362,52.3799,207.6244
470.9680,221.5212,53.0320,207.8699
468.6604,224.3714,53.7235,210.0169
468.1074,220.2314,54.8294,210.3632
469.7877,224.5854,55.4616,213.6331
473.0473,221.6922,57.0434,215.3690
474.5655,221.6484,58.1119,219.5613
479.7232,221.7291,60.3483,223.5840
479.0393,218.9148,61.7161,229.2124
476.3156,218.6908,62.7758,234.0481
478.0930,223.2901,63.6967,238.2765
482.1044,221.1046,64.7788,242.6474
479.4812,221.3425,65.3909,246.8060
478.3180,220.1854,67.7172,244.4157
477.6918,224.5325,68.9697,245.1505
476.6158,223.2043,71.1217,243.0586
473.4993,222.0320,72.5958,240.6443
472.8407,222.3963,73.9129,239.9157
476.8013,220.0367,75.5241,239.8686
472.2767,218.4024,74.9828,243.1372
474.7133,213.9475,74.9413,247.2154
476.2144,217.9059,76.8276,249.0760
475.6589,213.5020,77.9386,252.9339
474.9550,208.9467,79.3465,257.0193
474.5646,203.1213,80.1272,263.5612
474.3620,204.3703,80.5324,271.4955
476.2538,193.0314,82.0847,278.1654
473.7322,189.0712,81.6689,286.0857
482.1927,193.1665,81.4375,294.5849
479.5665,192.0190,81.0113,302.5588
482.1886,190.1047,81.5501,306.3873
485.0863,199.1525,81.6018,311.6801
488.0116,196.6543,81.6737,316.6766
487.6906,197.0298,82.3158,321.9196
487.2793,195.2914,83.1384,325.3965
486.5114,197.3568,84.6742,327.4101
488.9397,200.9953,86.0193,332.5364
488.1398,198.3485,87.6189,337.8300
490.5002,195.3008,89.3019,343.9253
489.8641,196.1904,90.5742,348.6674
492.2620,184.7881,92.3904,351.6362
491.9303,178.8210,93.0537,356.8825
491.5158,186.0723,93.8827,362.7026
484.5063,176.0256,94.1583,369.0526
459.9467,175.7955,94.5146,369.5127
438.9243,181.5064,94.6833,372.0497
391.7704,197.6488,97.7552,374.8555
334.1952,164.6544,99.0546,376.8033
258.3989,172.9621,100.1276,381.6907
199.8225,232.9955,101.1754,377.7289
134.7234,316.5314,101.4030,369.5101
