82.5,218.5,69,73
84.29112341033829,222.12209748353132,66.56593294883942,72.97712995359166
87.12780692538641,227.61213710711058,66.23672075349049,69.31095260767823
89.74873764990414,228.37321233175743,67.98811110499213,66.44250620558765
95.83441662879588,229.918106232867,69.85673403557537,63.97159158232739
98.27060246564642,231.6574267085655,71.19017576977221,61.28049887492982
105.99243309646701,231.08848549504773,70.05247039497186,62.18353994032351
114.67198330444833,229.03434847918248,65.87758075629193,64.59681928401994
122.94037076095884,230.65749651273467,61.9731233863007,66.06017182607695
124.92531280303504,233.32657076855506,59.57541742752978,67.8680966558058
135.41644338404168,235.1769845169294,59.013682770033085,67.33820741245981
134.28557505495985,237.10128061753556,59.042626573887695,66.53676558470636
134.64683061376087,240.83277015850655,58.75674442380921,65.2201182898738
138.75066639828333,243.62747676161325,56.13096677566275,63.306990350536566
148.17574369737147,242.07849340223663,54.99172488195422,62.97295905483973
151.7205491463223,242.3631707633542,54.419437001172916,62.73816374341511
149.26284155637543,250.28249026162044,55.14482637463966,60.678237973200964
159.56270808131998,244.94678565126497,55.27303674516071,59.165333419803005
169.3380710423534,246.8322015797454,56.60184077609682,57.08984064651369
174.11496541907755,246.78661171189907,55.91400260706013,57.470067414801065
179.71762981229725,246.25748640383165,54.33731304181212,58.36965484748522
183.11146697039504,248.34699151700607,54.64738605151379,58.62600552964464
188.21619572918397,246.7060627392553,54.97655043640172,59.170646850939065
190.84663512771675,247.49564346553166,54.5009070443044,60.38947047529062
193.81871010748023,248.85249260356255,55.33104240124477,60.51155401189669
197.62583251909737,249.3592771858464,55.71774362293234,61.07572968890466
200.21254482359498,250.6457020650413,55.804750303609964,61.90691669084504
202.91257598789485,251.54508198569653,55.87763986404835,62.54168288865813
207.33735445313204,251.48894362873793,56.9061613942673,61.518730491857525
210.85239750978516,253.5861403829987,57.97784949665932,58.906510807646285
209.90042864367166,253.05011315605205,59.28859667808218,59.58006094473279
217.68903668269007,249.08896695194503,59.19159948737442,59.602722329539844
224.45688583868255,247.0825126975033,57.511829596409996,62.21650144770678
230.18022389435185,244.89515699685379,56.16457784725403,64.03021059451969
231.80088540073965,245.2671104865415,56.42467986232572,64.7502709384475
237.03058366612194,243.50555269261122,55.02570908992293,67.16599981804846
239.17530964558415,244.51777200749746,54.77380042781252,68.25837389426964
243.75811821033147,244.88373034489416,54.025073442666,68.43409642493205
248.00904005302846,245.51020747821303,53.410613218270555,68.85236806371267
251.0614057952492,245.44093247981573,53.25331425183448,69.18428081807087
254.02416878775,246.0111971029832,53.577794465715925,68.50841278251127
254.9737591092114,246.54307010841484,54.35824100289262,68.88020565962566
254.33638895446552,245.75706908730314,55.986576390375845,69.37833227460294
261.0603288778571,246.03287268275923,53.663316027540375,70.54840822826014
262.60367510313137,240.841993091554,48.60837306391514,78.50567934304367
270.39612861803664,231.85409976694027,44.289814872910675,86.04496735030337
280.56023496266357,238.94897361711247,42.41186234601038,87.1621778485063
293.81910264767043,236.51098489896893,39.192140663130445,90.3675714406085
302.2434784286315,236.81438651187602,39.06780011195053,90.26744840535753
302.0112513101818,236.89783972482866,40.46710510120346,87.72636690773598
294.0895141676782,239.95390187318935,44.51734932944808,81.44544556506844
287.192803665027,245.90994736243013,47.70490294888623,76.16795188807002
284.833413979004,243.71071583094465,51.22536217055689,71.17123138780855
279.49899777500104,246.94546947931616,52.32344720307442,68.54577521373096
272.4939569091668,250.65018808317075,54.98436111095147,65.50193477726202
275.72650143490046,243.75655068082307,56.05637523560108,63.930175043688315
279.13142361225607,254.3807851377192,55.7784689569091,61.93309849439805
246.5704909362681,239.70084067132206,62.36329741313314,53.35955770917471
261.341727389566,251.56440281919575,61.9338883187931,53.20713662998007
255.23234306174058,248.45726161373582,62.74226421321358,48.76956071112698
252.34216013239538,248.08771526116746,62.78573355701137,48.298225893604425
246.436560705661,249.42489577219519,62.72963428425944,48.30737803606922
225.05690808043812,242.67414065050326,61.63963915018368,48.724093281284155
223.3389272221891,275.30803370417254,60.300626520520815,50.813088179804986
259.9140684478927,291.7173309957523,56.125571425070724,54.78745090255361
216.36743485055817,231.20865577116294,55.41784374669286,56.584655172533154
214.9867300975791,235.02176693675634,54.79947772851157,56.26857678894766
218.62910955090297,251.4835322316723,53.866697600703,56.29946438148876
201.95579244324196,227.86688061545206,52.54899084312459,54.798796971839415
202.40792302853998,237.01464067307842,52.15926617250565,54.4618416148875
207.08196241084204,239.12050648775522,52.06058850043085,52.422077968779696
200.36930923678335,237.51911018203407,51.31602351828704,51.365750592734244
188.86128209740406,233.1532591413308,50.9217060166501,51.317680869331205
188.60714292419237,234.9945793670762,49.061214478963954,51.142054692437576
189.28721031446779,239.40655625267155,47.01761719784091,52.099648467633585
167.81019309902408,190.53390942679903,46.96937043976351,50.47252848412471
164.60120738574486,197.86110676141612,47.07307518465082,49.732532008249905
160.3958170322678,194.42146434889236,46.64761893786961,48.85495896128817
158.43106309811637,201.46655439992287,45.97515661040215,48.20308471402451
155.42354602979452,201.83385572968947,45.274981262945545,47.58594931634211
148.0413175318298,202.38249521659333,43.9470062367802,46.5230741621252
155.67874158914827,233.07655852991832,45.468174815258536,47.211008784254574
175.5625662711048,252.20431068852037,44.707651305837686,49.07404236988245
146.2266918975517,237.72797904471184,45.73087481490679,47.681633864896966
147.18324345239046,239.94776074630616,46.73491147382971,46.216638113457
167.97801804902576,261.9198573681513,42.799827002238786,51.44139781166116
189.6312049407564,285.7229297319565,42.07141037209786,51.178633058416
206.59494574001738,303.79660850810734,42.08232904213056,51.77238344678821
230.3550359823809,304.345123876558,41.85861538479603,52.99615039169538
206.6333172081509,305.26561402328934,41.96820970205485,53.34899534313623
230.21154113347714,315.70054642369035,39.051523203941485,57.785500323828344
215.49597447789296,296.52084991963255,41.18918231772217,55.950610800205745
214.56092097950807,303.0160484605528,41.19037196849128,55.94834142680027
195.82942730689336,322.83466652023134,41.24640740942382,55.89479976545097
196.56652241959753,294.2157610929626,42.49933400721185,55.6462443480158
177.32847165280242,315.07339850614466,42.503862664825526,55.86555127824353
198.52343238058174,288.98488317767,44.48295976395441,55.300245661999476
211.59132838483765,314.7921741518917,43.997068191843965,56.358416093927154
224.87480134590905,289.8603370546994,44.211341752123005,57.08442167869261
