23.5,88.5,66,55
24.175624426836805,87.15665019618643,63.776512659321156,53.73582599426959
24.16943211144403,86.16743997937274,62.71252955424397,52.40007463682032
25.386053649227414,88.62359223306774,63.32218322626632,51.81835942386391
25.75327974366882,88.17566059947562,62.28667074823899,50.92792787312364
26.227106865723165,87.68057250822994,61.79063070519918,50.85757589647345
25.938842653191394,89.36420522068744,61.44252777306973,50.65623955061426
26.750028169274994,89.97746523943695,60.20606877183781,50.00500536507063
28.06165571659192,89.84023459725259,59.09569090307982,49.29654516830688
26.841509231397126,89.12823753266193,58.94119246111589,49.0215519327192
27.91372993995485,88.51669600770666,58.736820123399546,48.870233651681886
28.624240168198362,89.97484115731058,59.160541965038746,48.730296234859296
28.521379525505754,88.6397628459516,58.240540961338574,47.90139771040623
27.583877509265594,87.1842389733611,57.59323902839531,47.71058493236333
29.38228882907735,86.57274889749569,57.50672799231794,47.67775112783349
29.421062017180535,86.25774639583989,56.92166266898709,47.63806033656272
30.399084143332573,85.02586427439824,56.114180848018464,47.287058410851635
31.058382532552336,84.4333193894995,55.751562224715045,47.44365334574921
31.155625478440598,84.4916922671653,54.86384385622725,47.16818898954845
30.941525725648923,84.99220328813284,54.28798571601287,46.733378826866755
32.68731696291994,85.72520055310181,54.188401532486466,47.14987910417214
32.3081622176375,85.3553340985339,54.125936706263616,47.47252556106226
32.87507192672473,85.20435174133684,53.45549676058329,47.57046654172132
33.422160618562366,84.64757131851871,53.67694409080572,47.362354232526634
34.17022390153923,85.95266078642413,53.415956894816595,47.235219444207246
35.478346626935696,85.63195570736272,52.79191873276572,46.43131769837653
34.90826422914793,84.58792117924204,52.61338118821522,46.35636709748285
37.155925728742616,84.73997978613238,52.63372419702145,45.78241271286289
37.35044345295903,84.55289277761541,52.422862901558936,45.765420758140834
36.22614263365693,85.913709488141,51.897999860445125,46.47325549199691
37.74478649746408,85.20885361479064,52.43274148501894,46.234946613583155
38.72137724939732,85.54627235684018,51.353536092564504,45.88386296325484
39.636002429390906,86.70231018456391,51.85408443100262,44.942837069579525
39.151878220138386,85.5223081726163,51.297993769650795,44.810708906585084
40.142871016328854,86.0641457867815,50.416092482079414,44.38484043236697
40.45418685077554,85.42918975492944,50.399190154693,44.10697603542347
41.523799692276434,85.26770021274561,49.60159624182519,44.09215673297892
41.43672359606871,84.52909920377581,50.10870298999053,44.28601483974755
42.61767586549063,83.78767102187058,49.87672632475814,44.18463458170136
41.972545825418855,82.45544505059931,49.545767008310506,44.074856044049795
44.322527457121744,82.59050933764503,50.21513510476801,43.68312701342254
43.96111619314149,81.4380819868895,49.79152344483941,44.032230772703386
45.21198862681169,81.14502725994535,49.340250837020506,43.827763291777224
45.83039419052777,81.5833091185655,48.62147136633044,43.29710386521303
45.99821588944201,81.85723481580516,48.20283730723849,42.478040012123195
45.842393294730016,83.37334728601517,47.92225986568485,42.018289312959865
47.38484556224101,85.61045311911212,48.32951445885194,41.42244673970727
47.529508428013045,86.47394274383596,47.83169299118574,41.178757924143234
48.166412894552224,87.39908478561969,47.702629527200706,40.244881008487326
47.15440150638536,87.76607017983852,47.16590324957936,40.17295331468465
47.666741317853464,87.63283119148062,47.00613858035181,40.109556001006624
48.34789708010806,87.11117789371963,46.87546048060152,40.18535410167466
48.232941833815616,87.42762415382191,46.0551123367118,39.98736991191061
49.5035434056299,86.70432974529925,45.949381919905136,40.259442647145946
49.741561083248,86.42489190043048,45.579200345773025,40.02070358363717
49.275230676315424,86.69472387910004,44.854859664276844,39.854616654811
49.42789497735035,87.4679160954488,44.92981227215267,39.57808474114882
51.3810303184797,87.87349122104754,44.36294188133684,39.22522318933984
50.51321305470807,88.7319183618124,43.87872181560313,39.07500618541325
50.41780184909681,89.84441510296732,43.81408014982979,38.92462698952616
50.37383596642991,90.39128788190104,43.49095113487681,38.741815879900926
51.279133765260696,90.28926400105752,43.02962278155423,38.48160628208326
51.24074338504457,90.79317888406092,42.96676136297418,38.07055288231027
51.11842460867561,91.05479316981325,42.95634748167203,37.56368992273134
51.63308949273877,92.21334130492043,42.88711949682131,37.5180799348656
51.655669700450886,91.82248440427563,42.71509554217818,36.995413557703664
51.14477916968477,90.64766956427854,42.698238488781215,36.82048660088752
52.04522021356615,89.47090333391303,42.21287561469491,37.073297940784215
51.985788414093406,89.47769054112023,42.15295070069522,36.65157967818905
51.522452617360635,89.38609874959148,42.003439928743276,36.54989841835485
52.943529889579864,90.37068214148567,41.89306209862977,35.947208289572885
53.20143798621868,88.17800868322038,41.19299446280053,35.849037559313885
53.01255515258294,87.79981037060953,41.28800794401205,35.923726027473066
53.12551858978056,87.69184180419387,41.10595983353092,35.989658028344486
53.84009288655361,87.00169925659699,40.7084983804496,35.89239321299287
52.85738211591197,87.11811389319475,40.468680864191995,35.71258186899374
54.56393364705843,88.27287276620876,40.476633357242704,35.145766487887286
55.80371997585632,87.14365343676411,40.121141834443065,35.18600494002
55.49707792019065,87.19208174018988,39.782603009239516,35.06371139163417
55.94630728473084,86.68100635504035,39.56161335488524,34.85063660365226
56.6099490983255,87.45728895189146,39.58070006708954,34.52813651729564
57.31385952684464,86.65794125772531,39.400215974386896,34.09347357013294
57.291444514715835,86.31237626231837,38.46379857356516,33.84817638494813
57.25441117013171,85.17615810342593,38.45046408127398,33.50392659700487
57.98871235994805,86.03322122043609,38.27117775980016,33.86873980085076
58.264586471117596,85.18821715493188,37.98559339325218,34.05305556907384
58.44738001776784,86.12147739476981,37.792401380279664,33.408055990124296
58.44045319139197,86.53071693341943,38.190374215856515,33.37029988855595
58.73917420631996,85.96671006244365,37.99317484246987,33.45056792585664
58.23471921351586,86.72533537504941,37.803277826964184,33.04830836948514
57.9609791380109,86.31561183380411,37.79044719697205,33.117371598063386
59.242502365330026,86.10498039788942,37.653313360970884,33.20109986343603
59.2462111691158,85.85599002996257,37.46931219507833,33.10095526073533
59.94558896516667,86.2875157638396,37.104258618853365,32.501662720564994
59.21276831573156,86.1627093140422,36.453124881865435,31.80089058607545
60.676828498835064,85.7582194471486,36.30595911503892,32.03119123508482
59.304886857296715,87.32191706513015,36.49295357937477,30.991154712271733
58.53721731115199,86.5733479624038,36.05850662372874,31.035500273223704
59.36170832850923,86.39933880470294,36.456932454538546,30.971661877714645
58.56022071487755,85.82246037697026,36.39893925891219,31.1779682145719
59.550234732057675,86.03063249329219,36.290019398875984,31.349035445188704
59.86715795622066,87.06054660383994,35.913011629863675,30.915471915446034
60.023222812013245,90.12340746550403,37.90993247827606,27.85075697655693
59.300257500816365,85.61225271674644,36.234439379356346,28.9951301108519
59.7288752880923,86.43779791838642,36.245848459555305,29.758276014716103
59.661915430472156,83.99984676053849,35.86622737040945,29.886611630430274
59.20032752999283,84.22606793897923,35.625105113811934,30.01989100473471
57.74723043837551,81.48059857016483,37.09296423597329,27.75774317543847
58.40705151786331,83.20972488923022,37.79800340672486,25.961880411766003
58.74844889016257,84.57990852370247,38.84010652360705,24.02478610539168
56.42385574325614,80.79760268273775,38.07096310169115,23.81862437652402
58.92446407023408,85.50740070029154,38.97490019910856,22.540754835251864
58.10450639554822,81.3083162370584,37.92184360367132,22.911456987731327
61.980241891597196,86.5733404252463,37.88683570056263,21.631676593838456
55.45928895809261,80.46734386093401,34.804012411077665,24.290191481496247
60.8034848809024,86.80310519359583,35.20635409359528,22.886464378916727
56.756117287761796,81.36674289515469,33.85089206002785,24.664194430816124
60.89518202827337,87.97375733328792,34.899681180994456,23.177186771895837
73.12449224568246,99.38527456656607,31.979037964804213,24.908166511272142
57.104769606024135,88.11527880577725,33.248637281596444,24.14047599549626
64.5983751545585,96.11849953252046,32.812571738116596,22.402603534624614
56.877490850420536,85.42816457718739,32.21432226472747,23.98172925583762
61.122684288293826,91.32228133496446,32.13613727038958,24.273724545825477
56.992212946335115,86.79623416145849,31.306792745749878,25.065674659133812
60.68467758957373,92.44759823687534,32.95506658427264,22.546173475158025
56.503619980105846,83.72707122668896,31.793580271225995,24.201091822007804
64.40525646371758,92.06898090796037,31.166697951890722,22.644912229972803
56.94009850315683,84.36808167281468,31.79392568484082,21.98389408039114
64.34392910000446,91.75421389035006,30.87070586687798,20.45394493767878
56.85915856965153,84.32805410717819,30.966583025301134,20.15086518151275
64.3636053288511,91.057431921157,29.418935043706206,19.640833346584902
65.91539864721372,91.6861829777468,29.419036885450804,19.640677148246017
68.36765720460915,91.8763098985083,29.419046958007353,19.64063030888597
54.088104918610426,85.6170258933372,29.786852091528225,19.447868859084124
61.851657565237346,92.40686571403526,28.025262125728005,18.67698228562012
71.19661853344604,102.17784669171871,27.217517542215877,19.23906810552178
54.88248590398211,84.61529645248278,27.955640360347854,18.815565526132307
60.062522718766196,91.51917238869997,27.41449544934657,18.33056183790203
69.23844970946823,99.9573663624262,26.348100986375123,18.906980363227895
54.17684033268296,85.75770958964284,27.13676697505309,18.410631601055346
61.042787819620756,92.54914371111398,25.775737823015874,18.007043639179944
62.12752251740079,93.15548983658287,25.776327869975944,18.006204296376634
63.89420084103623,93.64152537790972,25.776396553820792,18.006115454399822
52.82114160758718,85.2062449413612,25.998553381314586,17.8764283721746
59.65599268746485,91.79594933563286,24.58446073388835,17.28355503742767
67.81295536922907,100.6304179999161,23.78977861071635,17.76061189526253
70.65663477223421,101.22357264215505,23.78977866090726,17.76061182919133
51.97178213940239,85.72446923922456,24.75739576128769,17.21382046610701
58.85300827313904,92.25064230614093,23.157306546182554,16.723958119810884
67.0879715405748,100.16262592550322,21.85701769136474,17.489268148542344
70.4949341485847,100.49548121604407,21.857017741610797,17.48926807628405
73.73853637744577,100.84625640112768,21.857017835585438,17.489267951401867
50.31407430655311,89.04875921090074,23.825071158278966,16.1854796017532
58.59662410024409,95.38135018574027,20.92980093948832,17.332942610570235
61.20664259629136,95.9294087567426,20.92980760660398,17.33293462040578
64.415350035734,96.65348084615928,20.929807869778056,17.332934281408544
67.81419681489098,96.9508949333995,20.92980804086472,17.33293405692887
69.93154929018976,97.57064276471507,20.92980806158062,17.332934029330364
47.649854273379425,83.41432701965522,22.85528915965442,16.1272091962079
55.50518584905565,89.79876151015742,20.205318795472383,17.26497931432459
57.537267853737184,90.15182677984228,20.205321331977228,17.264972067401
64.64053765781713,98.48900498852045,19.576538605531205,17.452851672993887
67.43412818043466,99.05402069180928,19.576538651604753,17.452851613690985
70.12350332799595,99.69584352564782,19.57653868073143,17.452851575896755
48.012697963241294,86.1023877704377,21.382049861900896,15.958814828870699
55.48303868995095,92.37327556398444,19.072839088718396,16.806354846940778
58.07559670770161,92.88118521476726,19.072843635797646,16.806347227122576
61.53631999646328,93.85853350241197,19.07284671952919,16.806343253990754
64.35108384334674,94.34398534187163,19.072847071416554,16.80634249484072
43.26262861598464,87.93888858730726,21.141866443377104,15.232472283266343
50.677864929491115,93.69115325787438,18.85964782942567,16.000666140069125
52.93897260990967,94.32973273217401,18.85966261690399,16.000645901491815
56.043955078951534,94.94179398525077,18.859667676226266,16.000639243879572
59.16994187357396,95.59010483463976,18.859668192816375,16.000638510105546
62.34092350336678,96.1068427354455,18.85966822439894,16.00063846513928
65.67049139060376,96.62589431714049,18.859668268406438,16.000638405386972
66.62152213223226,96.95798444510534,18.8596681283425,16.00063842823536
67.65795620005328,97.3593927545047,18.85966810144984,16.00063843884643
68.98450752973892,97.83158923870721,18.859668078415833,16.000638449586454
43.60682383459997,89.89266071303501,20.582156592961315,14.832822130569514
50.573705737909215,95.7251293594431,18.60448752816411,15.58196450389105
53.148835033599966,96.3466375670228,18.604487954726956,15.581963974084733
56.0927793628044,97.03265435512152,18.604488204704307,15.581963636298248
59.03968544597692,97.7604706477896,18.604488217924697,15.581963618367768
60.398365463854766,98.1293597962439,18.604488201852842,15.581963627466553
62.583784042461716,98.64994496619877,18.60448825624783,15.581963527005385
65.00933863978452,99.25709452875034,18.604488566301935,15.581963127030415
66.8422908241512,99.87082596713661,18.60447870593037,15.581965879835511
68.74159563761098,100.2846668389881,18.604475474732254,15.581967108086857
70.18292688951641,100.66822336629171,18.60445977000893,15.581968335134007
71.56877833667447,101.46950133419733,18.604416965185617,15.581972800285588
72.90144792219532,102.63783627282986,18.604232251236198,15.582039125260529
89.34578116282114,88.3733765991467,20.033185093715026,14.342007056611225
89.3045718165765,97.40454248030079,19.45523564169212,14.522038270377276
97.06589918657934,90.77126034246004,19.493147803847094,13.855571463905456
96.76652247902975,99.55895623138349,18.944980418737238,14.05942315529684
96.26218487647414,100.43504068239099,18.94498016780139,14.059423027886627
96.33423654550681,90.56662574138022,18.91986853998165,13.3667179977988
96.3411377025481,99.27396057644897,17.837242411506992,13.842728640771636
96.13892267589704,108.23598293146114,17.366116949519796,14.149091645591042
93.57854372362058,92.1591841112915,18.750675236686856,12.868897171672533
93.80074280405067,100.54556924497628,16.812847057401694,13.826385845953348
95.04899979507168,91.56459106147064,17.01598574717363,13.404919361402143
94.91529736533946,99.8206129446443,15.831229175325522,13.955989761314596
94.60287281686206,92.6034910619864,16.227352704820262,13.41602564851757
94.51136788745198,100.96415099964949,15.906297646076025,13.538232613401354
92.47429515933845,90.47297674452619,17.460452896538285,12.216023323354994
92.37240529010562,98.26921402139331,15.859188699228218,13.101526522306315
92.02784378061752,90.29407017263296,16.818677969673068,12.06458964096959
92.515135076159,98.46173515012502,15.449233024788388,12.864866451732528
91.85637238787326,88.45826081431996,16.82595402416162,11.727545180105352
85.22871226517508,77.22084593083528,16.826115845180563,11.320006859306158
86.12943439329233,84.86823039269935,14.718275730419823,12.775525945221581
86.3840056152714,92.21418600040707,13.646263737664071,12.979564093514627
91.67778214130824,86.03036415443299,15.319035163739802,11.702860594605864
91.53686409120326,93.04758158354649,14.415875016658218,12.153800187062439
91.5527131368466,93.79159514026907,14.415874727617137,12.153799692574816
91.52630740422323,94.4047720188495,14.415874175363484,12.15379922311079
91.65645869105069,102.10819994622447,13.784941814263496,12.464399232313472
89.58004258883179,90.92800877815908,15.605210380014183,11.235847623742094
89.4529503661393,98.39219300962137,14.987939573228568,11.479523914845858
90.7409044282189,88.94717291861365,15.673728502978685,10.843278925352497
90.65858331514102,95.77003691934378,14.484150338814628,11.682282598086573
90.83615095524117,102.88225985863964,13.523102909661839,11.97542628858664
89.62910263167205,90.06734180027624,15.49544929859275,10.788892394937475
90.02667164679275,97.07977624070573,14.094931388876706,11.525169105814335
90.09202640684427,103.76730340618084,13.279437337180362,11.804154157798664
89.85055824812855,88.55772628054396,15.207805483110619,10.811397398330246
90.25237390491378,96.06763720508157,13.900755127906574,11.545084117065095
90.36263611378634,87.17877568006779,15.338721964014297,10.43869767002235
90.6633587512324,94.02517777562076,13.85650874764726,11.316200256870491
89.9534889595314,86.82617429648064,15.424371222832978,10.204317612489602
90.23021102561997,93.23010775008208,13.83751070023684,11.21495694613144
90.49919638805946,100.1586050665037,13.000810257626378,11.515549364679824
90.84405811028975,107.0109035458406,12.30131652596498,11.951682310180827
89.27054208241745,91.69599935369042,14.669859230436984,10.719010530906964
89.09521236425422,98.73290139168256,14.367175942917001,10.86982155196859
89.23114058115198,90.96336426925556,14.961739062878223,10.360767668770826
89.09655543298705,97.49391510514248,14.313437533131566,10.604070255725027
89.51103567879632,104.76550357826957,13.399931563288288,11.022998106834095
89.52673282459506,91.25103905287148,14.41200038261457,10.49473149417814
89.7101649498612,91.86242055381467,14.411999114593815,10.494731434605898
81.6882814068158,84.3745548715815,15.10103464093116,10
82.02238905004309,91.08759027232217,13.826966214122459,10.732024558320887
90.29577027827636,88.10575604958933,14.320181784999656,10.104618537081262
90.18471723945859,94.3727558535602,13.54503718648009,10.43524962829725
89.74865587138264,86.98335122969002,14.116185285362025,10
89.87649378603338,93.49840893518643,13.22229558315101,10.430232718279626
90.67494267533046,87.86865901853889,13.858913782416339,10
90.89807259765053,94.37748253142593,12.665129676301607,10.505824806501323
91.09708867619122,94.42895716854301,12.665129171193954,10.505824324545925
91.00521372199363,94.39048049839185,12.665132995018237,10.505813599415688
88.29535965708511,85.8870453638956,13.598172061267153,10
88.4947708509464,92.19637131360025,12.445805402552303,10.371935335087755
88.65960812277014,98.55079833362485,11.753014832980135,10.6464883156074
91.53640599650174,89.02062604855746,12.995410792365067,10
91.7357661218989,94.96108032517381,11.958262389963227,10.446795876393765
91.56285680178048,101.2417811689089,11.631067581484881,10.525053116841077
92.28021587003656,90.05605886410922,12.829433503734307,10
92.43479139583398,96.05646176959718,12.07953507188282,10.408957525205722
92.53574712827394,96.3945600819999,12.079534743510903,10.408957117937218
92.36503815971334,102.43055764858202,11.842428269907463,10.474569559235853
93.8711401222489,92.70712522696704,12.86014349232778,10
94.15128201876814,98.73584787496284,11.735086080114355,10.443237534818934
94.97574436335842,90.93609861563891,13.077220694217491,10
95.27687710686433,96.37147235598472,11.985080993271696,10.224740113912873
95.13752762208203,102.35926874704339,11.736812556563423,10.259057915291649
94.1597559120297,91.40014795493335,13.093889103499162,10
94.25165424086487,97.62329842272416,12.04046961925257,10.53669600503116
96.92450937114225,90.89046894225804,12.446069230371386,10.14906250075345
96.98385567130592,96.26114035855366,11.647366013264719,10.26642804981504
96.91230685325579,102.34555284457939,11.189983569714112,10.32740807043935
95.10679374578865,91.21928075980395,13.143765817592119,10
95.16365050529495,97.38896465325483,12.154634708438198,10.376782496911716
97.78594281626312,90.44876150321215,13.170081309799,10
97.88590992954839,96.37917492194686,12.40723092359863,10.23181022460335
98.14571311691186,102.7588910992552,11.547750579316773,10.463848206900739
98.20508264106917,108.9567473015643,11.215185321695458,10.683037344946097
96.46599889573054,93.9599652690813,13.932425016008882,10
96.83831280676208,100.52750618104861,12.802523737372312,10.548827592264104
97.58826629506038,91.52786640357226,14.589245007083104,10
98.24720212137565,98.34774320644235,13.125960134523801,10.713006709201238
99.83393338444895,87.9959383411333,13.81601799221205,10
99.97063946448284,94.29537315903758,12.646684780642042,10.428207085382837
100.12581333470357,100.92379911679858,12.331549382325017,10.59099380358888
99.09587037244698,89.26035932730883,14.146899950078165,10
98.8850220263453,95.7401645064133,13.68484423663807,10.213027581244205
98.87162461679564,96.4217329242632,13.684843074285519,10.21302751388547
100.64305830873573,88.94710997771472,14.244784642736882,10
100.63568394949142,95.20483035858275,13.034212545185444,10.430377185651622
100.5548327681461,101.56101003484213,12.838675929728584,10.522975222964408
101.7729341936186,91.1420462531969,13.88418303590641,10
101.83554353518608,97.48951700165628,12.868442647620835,10.38885118954363
102.69170010221305,88.65554598998278,14.307337914293225,10
102.89754396806774,94.56232391206163,12.843296204426785,10.74276339259768
102.82385050773517,101.10300053214507,12.416469977928518,10.791557132716434
102.574985299448,91.03909472655505,14.315715639940489,10
102.81437728436717,97.35601799212611,12.953384781273883,10.363218059311976
104.1214941897566,89.88340739440173,13.925650423085964,10
104.21396542573461,95.69996186658217,12.600574212612184,10.626529841955033
105.32426780356509,88.85342896534337,13.213017323772512,10.151077578026403
105.33769012873621,95.19037381589563,12.110438415732215,10.797736888152354
105.0958099974006,101.50616301605766,11.923881922631814,10.83113270047478
105.22155706303988,107.76656991247415,11.623174802887215,11.016041716479677
105.69298985734844,98.2040875358507,12.813001074469062,10
98.35921967407502,87.18915239899539,12.350164625220007,10.415116550566097
98.1882511194239,87.84561393626879,12.350164579990766,10.415116549787916
98.0854429036443,88.45381239370043,12.350164477793685,10.415116562758199
97.92961836003211,89.05116513962719,12.350164451124575,10.41511655720227
97.79800692590345,89.60246906290861,12.350164446170979,10.415116556899514
97.70821496841569,90.50707314046996,12.350164439117986,10.415116556455173
97.71907816269523,91.59406306223228,12.350164044162371,10.415116233728236
97.82072435192154,92.38532404629059,12.350163946145294,10.415116181047397
97.67345793032695,98.5103272805982,12.140419083188245,10.488128740142152
97.51318040476487,99.793143058508,12.140418954001209,10.488128573940488
97.46828192989045,100.87020222968704,12.140418690076444,10.488128054229485
97.37081524342466,102.02769799963296,12.140418663449957,10.48812798848926
97.10974693732351,102.67188452052625,12.14041864702449,10.488127940171921
97.16699270339409,103.59950894488452,12.140418629744918,10.488127900316153
97.16519853869953,104.64380271189977,12.140418533207162,10.488127650373807
96.8293977005637,105.2235101104501,12.140418854402995,10.488126906236367
96.88835739464518,106.26950320577544,12.140418851673205,10.48812689493751
96.61101373147235,106.85209249494238,12.140418916437454,10.488126734763105
96.37875091797491,107.44442158529397,12.140419022630798,10.488126485387777
96.47348939638725,108.19807412358388,12.140419002861696,10.488126434862334
96.51731588242498,109.1133491414776,12.140418967364038,10.488126354442922
96.51608651431077,109.83515254147348,12.140418938886654,10.488126288726999
96.53915911360886,110.66312920304715,12.140418814359967,10.488125896030091
96.64227563841013,111.53807393982791,12.140418774453444,10.488125796247846
96.53674270801093,112.1112746919406,12.140419149178337,10.48812498210124
93.60572934867966,100.72037700843066,12.859528234784259,10
93.45123329958699,101.72797123622149,12.859527708686747,10
93.75763565138749,107.68291757865472,11.96358514717177,10.448156707833732
93.83602936761264,108.53987132384499,11.963585140001104,10.448156697693053
93.94042383553295,109.39911871409906,11.963585135530247,10.448156690095988
94.03090750577446,110.54370373669288,11.963585125979838,10.44815667168754
94.1658208649884,111.5347399798056,11.963585117776129,10.448156658034437
94.3230163469951,112.75964380780837,11.963585111118206,10.448156645919262
94.44555791416265,113.99693372085196,11.963585100228638,10.448156630928295
94.62865764783318,115.05938985442954,11.963585096493453,10.448156625735992
94.82257881535418,116.26147404388743,11.963585088807807,10.448156614206084
95.00128753504724,117.61973241347651,11.96358508387565,10.448156608197477
95.23552592542698,118.75039211827126,11.963585075424492,10.448156597487987
95.42944950736481,119.85995237408495,11.963585066881432,10.448156588332534
95.61574592875472,120.9288474781673,11.963585060720028,10.448156583262325
95.69944877838775,122.10806291145126,11.963585056177095,10.44815657912117
96.997084332399,122.61831777326569,11.96358505868927,10.44815657534094
97.18737061334399,123.62458341485045,11.963585054248613,10.44815657268898
97.3689696371126,124.64715498046414,11.963585048627294,10.44815656890301
98.6912954610671,125.15926509712004,11.963585052100736,10.448156563786386
98.90158789097198,126.24256294680677,11.96358504975481,10.44815656181588
100.21790366005995,126.74085223554721,11.963585051877343,10.448156558515633
100.41027409128544,127.58436495062085,11.963585048696455,10.448156556186644
100.57537006242448,128.4636164317324,11.963585046487568,10.448156554168616
100.76716754438544,129.2002502109378,11.963585042539934,10.448156550994627
100.98655014483572,130.0114204325341,11.963585039631711,10.44815654855218
101.0975734827565,130.896238689854,11.963585037088018,10.448156545715078
101.2268448720727,131.59218961683948,11.963585034563415,10.448156542444458
102.60164865241138,132.05786771473174,11.963585036904853,10.448156538295057
102.75246354416707,133.126064728503,11.963585035116488,10.448156534647831
104.27969106439392,133.6715411068446,11.963585036548178,10.448156531985328
104.31156590453561,134.6001352208866,11.963585034697735,10.448156528693769
105.75632002716759,135.19364555248495,11.963585036809256,10.448156524943787
105.88355009147108,136.57542069557908,11.963585034363867,10.448156520280177
107.33095304410804,137.23129131449633,11.96358503729307,10.448156515317692
107.50287885802507,138.63860454377937,11.963585035378337,10.448156512058645
107.70630747099356,139.93807878639208,11.963585031760005,10.448156505531935
109.06968825831392,140.5761181413347,11.963585036632844,10.448156496666002
110.35138076078732,141.21905020292394,11.963585041451672,10.448156488248873
111.6610565727851,141.83446637326728,11.963585042898606,10.448156485895328
111.3663009942348,142.37264785802077,11.963585043917043,10.448156483879481
112.73937528658608,142.9902912751323,11.96358504548769,10.44815648151217
112.65748044448642,143.97144261939113,11.963585040146128,10.448156477778483
113.84904226201088,144.66637406781834,11.96358504134294,10.448156475935972
115.11147698274817,145.35914448970058,11.963585041854472,10.4481564751814
116.43829974005085,145.9760413580709,11.963585042691003,10.44815647394495
117.6987349631966,146.5300265372364,11.96358504355832,10.448156472555151
118.99766262738007,147.10314254262087,11.963585044704914,10.448156470720237
119.99033519094625,147.8162992426702,11.963585042770918,10.448156470890126
120.02404404437529,148.63186930328948,11.963585032031204,10.448156462528448
121.00356001563848,149.1284296683875,11.96358502901134,10.448156462255684
122.38448388037874,149.7631288980752,11.963585033982138,10.448156453731734
123.73679810863354,150.49396404730658,11.96358504503236,10.448156434771827
126.69010061948595,156.9629047832863,11.763182530346564,10.580071525007234
127.60927130072801,157.89926585792816,11.763182523186218,10.580071524618734
129.0368846733308,158.59474055006305,11.763182533122842,10.58007150882585
130.52040637111162,159.15941546732,11.763182537371996,10.580071502078356
131.79610038351055,159.8500659904093,11.763182537857954,10.580071501317569
133.20400000126165,160.4501803365317,11.76318253865338,10.580071500173826
133.12452276584037,161.449389800398,11.763182538146213,10.580071499633917
134.27846606599314,162.06331281375515,11.763182538335045,10.580071499340201
135.52809902050936,162.64719896042723,11.763182538497563,10.580071499086868
136.46901710852202,163.48130552494507,11.763182538390824,10.580071499094737
137.78414698449484,164.06497888315428,11.763182538718757,10.580071498603427
139.04371412582046,164.65787445088608,11.763182539133298,10.580071497974153
140.2823938922783,165.23074250033727,11.763182539527579,10.580071497361244
140.2259874020668,166.1672260029356,11.76318253894106,10.580071496940596
141.46828815064922,166.74478803743784,11.763182539426397,10.580071496196311
141.40126622246785,167.58088205955264,11.763182538333853,10.58007149556106
142.64046514539584,168.18212013174903,11.763182538699848,10.580071495005237
143.9337744762344,168.72936474030226,11.763182538903184,10.580071494703313
145.2028218556069,169.29716836178463,11.763182539145609,10.58007149432279
146.47438824649697,169.8452253816552,11.763182539347884,10.580071494002734
148.41982484333582,170.43801991923905,11.763182539411067,10.580071493923539
150.34470844733647,171.01602159729083,11.76318253950913,10.580071493799865
152.2618236587757,171.5948837875957,11.76318253960428,10.58007149368331
151.10003579072693,171.87889974193402,11.763182540609645,10.580071492088262
153.26817953901738,171.93274055337835,11.763182542502896,10.580071486340389
154.46960735554237,172.60069446320304,11.763182544142227,10.580071483577926
155.76878321252386,173.2589956402356,11.763182547174495,10.580071478794077
155.75000454830544,174.38260375341093,11.763182545628828,10.580071477113862
156.82910599161275,173.21059583504984,11.763182545595635,10.580071477120327
158.84766973860928,173.33272562671704,11.763182546414557,10.580071474755762
159.88714839827344,172.05963848281326,11.763182546345881,10.580071474767273
160.96859516515747,170.79535005736062,11.763182546284474,10.58007147478146
162.91483332490262,170.87446531527286,11.763182547060941,10.580071472291245
163.9458252368151,169.59784611932932,11.763182547012194,10.580071472302116
165.85156096790257,170.17929300543895,11.763182547087004,10.580071472208104
167.15596629926875,170.69666787898265,11.763182547577923,10.580071471443299
165.03839494313814,171.04722590290706,11.763182552014428,10.58007144904235
167.05404330624043,171.05406524997943,11.76318255585136,10.580071438796942
169.25733591078875,171.11487873732938,11.763182563276953,10.5800714148975
170.5477848147273,170.85547291605386,11.763182563474773,10.580071414324864
172.47678398864247,170.92705366183992,11.763182586768744,10.580071338806551
171.31015538949055,170.08537277748528,11.763182586738845,10.580071338793266
173.03524434330322,170.68051228115604,11.763182587057198,10.580071338409757
175.10972153646327,170.78758361488792,11.763182592216578,10.58007132131181
172.72186117395964,170.93734952823286,11.763182720910388,10.580071014034964
174.58530467075855,170.85630629144254,11.763182714998733,10.580071015700346
176.48098295645522,171.00297596126762,11.763182707173508,10.580071017929065
178.00400989957373,170.76858781870567,11.763182707350024,10.580071017404647
176.41314905573776,170.3924043690841,11.763182707705061,10.580071016203775
178.01791189918205,170.3911351355465,11.763182605991087,10.58007103577781
180.06227778024265,170.40816715131444,11.76318260961695,10.580071025203466
180.34081869295446,168.53674736299038,11.763182602773929,10.580071027037725
180.31935340575197,169.60458448388675,11.763182600228632,10.580071023449955
182.33488160768212,170.19567939513826,11.763182600482066,10.580071023143898
179.88943654134704,170.6133832857869,11.763182611692303,10.580070975763805
181.9277592247736,170.5753393501622,11.763182619137243,10.580070954957687
184.03833361420283,170.54281920410008,11.763182808021751,10.580070420284448
184.2792635931848,168.5799977210197,11.763182802269144,10.580070419221125
184.37877737064528,170.04023904032005,11.763182800548899,10.580070416118497
186.29508362785458,170.61781710814626,11.763182800626161,10.58007041602514
184.85457418932288,170.39372811153393,11.76318280066019,10.580070415952218
186.66446279013897,170.44044678116444,11.763182801634152,10.580070413076417
186.98540677301952,168.3965389000791,11.76318279869124,10.580070413680962
186.9744903057385,169.00471578738959,11.763182797741182,10.580070413130713
188.25229038829963,169.6147350548722,11.763182798939749,10.58007041137628
187.06260814219598,169.88234921230082,11.763182800637994,10.580070408534544
188.95505322565936,169.92435280756843,11.763182808576985,10.580070376874787
187.49597014614199,170.15889418634615,11.763182568609656,10.58007042185347
189.5078815193308,170.14072680044737,11.763182606655844,10.580070291602894
189.41206959529714,170.8977717133171,11.763182603066236,10.580070288632637
190.8493020880212,171.50783795080264,11.763182606326593,10.58007028379248
189.70208517208397,170.6295379993304,11.76318260603253,10.580070283630228
191.5725801336198,171.1609680056386,11.763182606438034,10.580070283068284
189.1186103995428,171.60756798319795,11.763182640540519,10.580070188999247
191.11687935709506,171.67885336924215,11.763182649248826,10.580070165836053
189.92747081638106,170.93722949076883,11.763182649225438,10.580070165824655
191.70911051228126,171.02984775482008,11.763182647760116,10.580070166237995
190.44830025570872,171.7047012000487,11.763182648896509,10.58007016397959
192.40541185226076,171.79567239593288,11.763182649914764,10.580070160626587
191.22639466612543,171.1007828505105,11.763182649855725,10.580070160589989
193.19417978594987,171.17203854986371,11.763182650227579,10.580070159483752
190.91107941667582,171.5786264898307,11.763182655590892,10.580070136616872
192.907035837429,171.64492947519562,11.763182655881408,10.580070135792889
191.79128290209033,170.4217007822085,11.763182655739636,10.580070135750322
193.7705675461937,171.09281051820332,11.763182655786675,10.580070135692072
192.23692120102677,170.90620837282898,11.76318265584345,10.580070135573896
193.08981836827246,169.43460557532228,11.763182655763684,10.580070135570848
192.0074426022597,170.0215585023013,11.763182658095605,10.580070131069613
194.30250966526765,170.11311476349766,11.763182675909054,10.580070080972614
193.35858791850524,170.4897282944363,11.763182679786972,10.58007007416816
192.21277789041545,171.18977701665088,11.763182719868489,10.580069999886703
194.0980722085838,171.78720706706164,11.76318271993009,10.580069999811288
192.0510300758131,172.04874611489345,11.76318272262362,10.580069988139718
190.85998073787877,172.71272552707524,11.76318272371811,10.580069986026487
192.86583701298207,172.80693905142832,11.76318272462844,10.580069983261698
190.76217046486173,173.0553152901961,11.76318273294801,10.580069946655556
192.63387408955566,173.6653329475144,11.763182733010797,10.58006994657886
190.55674400696086,173.95893870637224,11.7631827396616,10.580069918540621
192.59655084904884,174.04556347236945,11.76318274109353,10.580069914358187
191.40347519218062,173.31539095746697,11.763182741048224,10.580069914332205
192.3987495571464,172.00486959325045,11.763182741013198,10.58006991434121
191.12920316716796,172.67102487270412,11.763182741810576,10.580069912799296
191.04250229576084,173.45334537222945,11.763182741451178,10.580069912588975
191.36650563837952,171.478916597876,11.76318273384139,10.580069915443161
191.23156616310345,172.31877018395443,11.763182730698233,10.58006991281909
191.29445080040514,173.56541432470902,11.763182728541471,10.58006990988961
191.3008030088033,168.37199554598666,11.570959716407298,10.623255695788968
191.21101564935248,169.37051342295692,11.570959707296891,10.623255683654476
191.0903868405563,170.38840197150228,11.570959702051193,10.62325567854372
190.99793050854737,171.24598025023838,11.57095969939062,10.623255676247318
190.85479537961737,172.024807322599,11.570959696439765,10.62325567390582
189.62571017224533,172.3682121825153,11.570959697212905,10.623255672682077
189.88957281609942,170.42013450156907,11.57095968883596,10.623255677213693
189.7907249074119,171.39906616962728,11.570959684687315,10.623255671938335
188.63381997163512,170.64368929426217,11.570959684567324,10.623255671867447
188.57043056005284,171.52529736469242,11.570959681614317,10.623255668893048
188.82542194788437,169.61085756332108,11.570959670672183,10.623255676832862
188.77897857617452,170.3614801348249,11.570959668162168,10.623255674854615
187.53470920474408,170.69006418062042,11.57095966895764,10.623255673607005
187.49045995833632,171.38462876260087,11.570959666254021,10.623255671480816
188.50395576125987,170.14843784748268,11.57095966616555,10.623255671501761
187.29440621474487,170.4428008697697,11.570959666712032,10.623255670628874
187.19443275284954,171.39224754860237,11.570959665458641,10.623255669286804
187.15359172189474,172.316458515289,11.570959663729065,10.623255667180263
186.05255838830266,173.03146016452519,11.570959670985893,10.623255654115962
184.82264634528008,173.34193417347265,11.570959671795412,10.623255652864549
186.8380627246723,173.3820399159755,11.570959680497541,10.623255628449215
184.65869469191608,173.73082506404,11.570959707802007,10.623255537054975
185.7148054316647,172.48495363935464,11.57095970772063,10.623255537075755
185.95695399711553,170.4500956497234,11.570959703350571,10.623255539623123
185.9082840485972,171.402217861959,11.570959702039374,10.623255538064555
185.82737803083555,172.29561716099997,11.570959700333143,10.623255536364756
184.70931815729304,171.51013552926918,11.57095970025629,10.623255536314685
186.60614752148314,171.51687453631703,11.570959705244052,10.623255521935965
186.84557932263124,169.57594464532434,11.570959699864039,10.623255524563437
186.7911591946618,170.55000220129122,11.570959698873562,10.623255523027
186.76267497351594,171.50365541821927,11.570959698069563,10.6232555218949
186.73586516665168,166.27537001563786,11.43975989658639,10.639177294464963
186.6426367753836,167.22958005983213,11.439759894516532,10.639177291983406
186.57252871274332,168.24365867815553,11.439759892759126,10.639177289528513
187.91728543483262,168.7750581671457,11.439759893481053,10.639177288446392
187.9295643747746,169.8003165897095,11.439759892791677,10.639177287114515
187.81860039024468,170.769735950979,11.439759891203723,10.639177284897176
188.06370849212453,168.79516221781205,11.439759883027389,10.639177288386215
187.50432784378975,169.4873798655191,11.43975987865625,10.639177289030775
189.51521975532933,169.62144962954545,11.439759884312485,10.639177272324906
188.2792937232761,168.9771336715508,11.439759884286216,10.639177272268071
190.2707745501987,169.04110747946277,11.439759885104129,10.639177270041062
188.2017604757571,169.32264525918177,11.439759889150888,10.639177253052972
190.1619989323189,169.41836699619478,11.439759889479411,10.639177252127654
191.0800580429848,167.93157633915644,11.439759889430613,10.63917725211741
189.8964900410984,168.5614796577327,11.43975989161653,10.639177247960495
191.79751819734028,169.19655433286383,11.439759891693766,10.639177247864554
190.5134301814963,169.51827296648878,11.439759892269105,10.639177246964453
191.59266382791387,168.24497374926233,11.439759892219563,10.639177246969123
191.55001474160446,169.07010915942485,11.439759891708853,10.639177246308048
193.63796020244,169.18229630769096,11.439759892584085,10.639177244056834
192.31720078677537,169.0295837689307,11.439759892660335,10.639177243900582
192.62685630578915,167.11154838043282,11.439759889312201,10.639177244910627
193.84629962677258,167.70295424934272,11.4397598898014,10.639177244151355
193.78963421049178,168.4808413558705,11.43975988874909,10.639177242979382
192.73304412755107,168.99305518704116,11.439759894108107,10.639177232997016
194.77100632178937,169.02860603777992,11.439759902146374,10.639177211917493
193.28662615494906,169.37114898223976,11.439759506990903,10.639177275279778
195.26286583162266,169.375651846331,11.439759516131508,10.63917725106062
195.24826121518947,164.23264148536035,11.255674138616742,10.656189336527374
195.28103544473566,165.3945972026484,11.255674136729668,10.656189330402732
195.406774574317,166.6298650913496,11.255674132362048,10.656189308157904
195.44449348196565,167.55933926896105,11.25567413106203,10.656189302887633
195.35655552694115,168.3327231958594,11.255674124033996,10.656189279939667
197.2176405841584,168.91296445882324,11.255674124116716,10.656189279837449
195.25290853094793,169.19433102462094,11.255674128746275,10.656189262007784
197.20457583913444,169.3124576644359,11.255674129988009,10.656189258845172
195.9103608749612,169.6715027531242,11.255674130508536,10.656189258050922
197.82418292910333,169.76459225346528,11.25567413195022,10.656189254527783
196.54130047686647,170.07950803005983,11.255674132401762,10.656189253844138
198.50708276112766,170.12915753435558,11.255674133352596,10.656189251416718
196.38148385227078,170.4562178211983,11.255674136124979,10.656189242192056
198.3567023861362,170.54830091186804,11.255674137333356,10.656189238959834
196.26963120378255,170.9037069056546,11.255674141353378,10.656189224004846
197.27718990721706,169.7244225714719,11.255674141329454,10.65618922400472
197.5751458983825,167.83331787306105,11.255674138673886,10.656189224464145
196.37059289003307,168.13853960991796,11.255674139213664,10.65618922361254
196.41337733950365,169.34054690574592,11.255674137698637,10.656189219358986
196.4324192943279,164.33978957835853,11.094945818512812,10.669111726306573
196.36359788009344,165.37256772640023,11.09494581637146,10.669111717988681
196.26543233863487,166.2584070707931,11.094945815514071,10.669111715344902
196.22339288498196,167.35382039917715,11.094945814853238,10.669111713011032
196.1500660444562,168.28898216988205,11.094945813911277,10.66911171038144
196.12994001699334,169.3678752371966,11.094945812864157,10.669111706657478
197.13664589721185,168.08476592990388,11.094945812757368,10.669111706664692
195.9096380308648,168.35938196341255,11.094945813639924,10.669111705324996
193.77072318633776,168.59660163214292,11.094945855629817,10.669111571603427
195.85083514072136,168.62906347640782,11.094945907739115,10.669111430281907
195.48770681308184,169.9851789430529,11.094945894450483,10.669111417783414
195.4365584287509,170.71486198713427,11.094945893493328,10.66911141276583
195.6428412269095,168.77972817042328,11.09494588612727,10.669111416564355
195.63459182602688,169.7834508388845,11.094945885662732,10.669111415030075
194.48866701817204,170.40004068545525,11.094945888182755,10.669111410342275
196.43051195703396,170.40895404706538,11.094945890830013,10.66911140446896
194.45899545953873,170.78927992262797,11.094945905855239,10.669111360992968
195.48365831183918,169.5664987412945,11.094945905828936,10.669111360989003
195.48090249559544,170.61576829855596,11.094945905661552,10.669111360464498
195.7594246306035,168.66296575945168,11.094945903299896,10.66911136092955
195.7218269856714,169.62086616471848,11.094945903015821,10.669111360256164
194.62131579181678,170.3297344309321,11.094945904174152,10.66911135813291
196.5703053016088,170.38570888627297,11.094945905662492,10.669111354826496
194.58807082083365,170.7425604438941,11.094945911219138,10.669111335497204
195.58266241459512,169.47634058954108,11.094945911180941,10.66911133549346
195.53562412784572,170.24746310510704,11.09494591083101,10.66911133476469
194.486523609662,169.47215825124712,11.094945910745238,10.669111334652207
196.23151371993114,170.03585576832188,11.094945911001613,10.669111334339078
194.82322287494813,170.44042848315584,11.094945636474858,10.669111355263176
192.64634129662065,170.7482838375758,11.094945689644682,10.669111202930376
193.6750099386905,169.52899262739993,11.094945689593121,10.669111202932974
195.4882468904392,170.13396677815544,11.094945689751754,10.669111202737293
193.5596842293698,170.35770561956684,11.094945729602932,10.669111069228963
194.54915793010053,168.94548502239684,11.094945729188218,10.669111069034674
193.40337104685307,169.32212635839824,11.094945732789489,10.66911106323825
195.354595731376,170.01978698361887,11.094945733174121,10.669111062758803
193.96989292962803,169.786176949713,11.094945733261312,10.669111062592656
193.91001882356932,170.63301417255357,11.094945732981602,10.669111062063802
194.18348275937868,168.77369698859042,11.094945730682797,10.669111063000996
194.10588332354283,169.6522564591363,11.094945730265135,10.669111062262548
194.02313043280313,170.44525876686365,11.094945729974746,10.669111061637894
194.32036401503663,168.37179651893746,11.094945728593686,10.669111061793274
194.30952757757163,169.14003423117452,11.094945726971936,10.669111057317293
194.41399176270374,169.816442414548,11.094945718242776,10.669111033877847
193.17989261263,170.16437365113484,11.09494571898233,10.66911103276153
192.22181351324355,168.9410302789561,11.094945718444942,10.669111032429045
194.1156689656249,169.52632899617097,11.094945718757266,10.669111032043205
191.94359892447443,169.74971912978353,11.09494574826285,10.6691109397887
193.85292047097946,170.3647521007476,11.094945748361935,10.669110939671139
193.8037591152865,171.35335509765017,11.094945747862807,10.669110937611062
192.70839514074953,170.59407149544842,11.094945747794336,10.669110937539141
194.7502356828931,170.59624143853037,11.094945770074565,10.669110882790779
192.5725835331777,170.8509789964488,11.094945828324951,10.669110700101383
192.49971768437217,165.46437804944776,11.003719409643043,10.611942644762593
192.37417809998504,166.35641192941867,11.003719406521322,10.611942634797922
192.30338666956152,167.4545768462133,11.003719405825702,10.611942633285677
192.2594410964735,168.49336349656076,11.003719405461068,10.611942631998733
192.12979212806357,169.39568274960797,11.003719405126144,10.611942630886272
191.00003543788904,170.0845485323791,11.00371940733194,10.611942627004801
192.85807994239383,170.15822469540916,11.003719408560986,10.61194262388072
191.4586643301274,169.99153726654765,11.003719408652353,10.611942623701236
191.6959572916884,167.9290694528009,11.00371940610264,10.611942624211139
191.62121064579108,168.79856842114987,11.003719405923183,10.611942623761916
189.62646038035152,169.0881328068963,11.003719414188785,10.611942594487044
191.70701033425726,169.146703679717,11.003719417113379,10.611942587379637
190.92242700425675,167.9420687749584,11.003719416805538,10.61194258717398
192.88361019439554,168.53109850459668,11.00371941721948,10.611942586629983
191.74422305620482,169.21973935115884,11.003719432126324,10.611942559307678
191.67602023400173,170.22008220126358,11.003719429731518,10.611942550931687
190.46861228217364,170.54744178893623,11.003719430677734,10.611942549494646
190.41662414672544,171.42632706048516,11.003719429527589,10.611942544726855
190.38945422818165,166.35637157541566,10.88749294619583,10.605783988193481
190.288572473783,167.3895488354345,10.887492944289077,10.605783981324128
190.21178048790085,168.30083096101902,10.887492942407217,10.605783974425425
190.10177658532376,169.25184560128451,10.887492940545052,10.605783969788625
192.11629507919892,169.2724491376299,10.887492951543496,10.605783942414542
190.06449336731995,169.46787071445482,10.887493012264317,10.605783762950656
191.12231046883466,168.24402022579045,10.887493012192065,10.605783762953955
190.08348888777118,168.87935806069677,10.887493018267381,10.60578375232095
192.0853976668539,169.4635555819829,10.887493018390513,10.605783752168154
190.90633565748982,169.75193507310667,10.887493019403216,10.60578375067167
189.71757978710747,170.08125064688335,10.887493020437075,10.605783749072419
188.52727550738524,170.41272459406196,10.887493021226748,10.605783747857899
190.4220152502343,170.44780818879693,10.887493029623508,10.60578372736286
188.33409885734676,170.71038255161866,10.887493066985508,10.605783631861575
190.27078489273265,170.75089327468535,10.88749307415561,10.605783613836438
189.14766792269714,169.96802727359676,10.88749307410211,10.605783613755289
191.05796674690416,170.54075215251495,10.88749307430866,10.60578361349489
189.43202928500142,170.11548189328465,10.887493074408086,10.605783613194848
189.40174909031327,165.09043968862605,10.770204483953664,10.59149119145733
189.37660177208986,166.12862385801017,10.770204482720413,10.591491184598267
189.40844968519633,167.06040986022072,10.770204482143889,10.591491181634423
189.3478142867788,168.0979524452347,10.770204480832218,10.59149117472288
189.38286589729424,169.1153206439489,10.770204480442938,10.59149117217671
189.31510666677858,170.13743277631457,10.770204480008456,10.591491169682895
191.30531838504314,170.13141275930315,10.770204493949285,10.59149113717295
190.247603919381,170.47956280942518,10.770204500713048,10.591491126288203
190.30587825938804,171.5111099996411,10.770204500467962,10.591491123374075
191.1941792742915,170.41130047224692,10.770204500461457,10.591491123368108
190.02709779768003,171.0414593162232,10.770204503168651,10.591491118635423
192.07159910045294,171.04239333506442,10.77020450687576,10.591491108913866
190.66057791573468,171.24135135858128,10.770204411102336,10.591491110645318
192.5915524812271,171.2207071776488,10.770204485516068,10.591490929017747
190.4175819021473,171.42106298420353,10.770204721892172,10.591490286071632
192.41381175943408,171.55740660814925,10.770204781335943,10.591490145504803
191.0637038511629,171.4015809783587,10.770204781380551,10.591490145425142
191.80237789578302,170.06282429787478,10.770204781358398,10.591490145415845
193.80910153747536,170.1787635961747,10.770204782672213,10.591490142380035
192.4205984628008,170.03426965873527,10.770204782729383,10.591490142274143
192.68164511349602,168.11540350091954,10.770204777389973,10.591490142842106
191.50882454448464,168.4578647903547,10.770204779243283,10.591490139922445
193.4997901160122,168.57596849555074,10.770204845752321,10.5914899614096
193.810320661075,166.99548661110506,10.770204842281403,10.591489956573552
193.97732398192198,167.9635200684351,10.770204837922298,10.591489907834477
192.48772511155894,167.70032899456683,10.770204838093552,10.59148990730515
194.41599281752232,167.72620390912417,10.770204860889685,10.591489840338173
192.79713599304924,167.99855188757184,10.770204696054117,10.591489856839138
194.766706860097,168.0343330753213,10.770204712294298,10.591489816235308
193.95533642802656,166.8330034865683,10.770204711681437,10.591489815961195
195.8801542284893,167.40779187823168,10.770204711799693,10.591489815814644
193.73707058876107,167.6623916640488,10.770204846480711,10.59148944624108
195.7381169762331,167.68002989645623,10.770204909824027,10.591489282631436
193.95355998216672,168.05860915568806,10.770204928153923,10.591489222400652
195.86381991663717,168.10761414522818,10.770204983376836,10.591489075523805
197.72377045378303,168.2917632445525,10.770204993985047,10.591489049825906
196.5306305423482,168.73587706650952,10.77020499545884,10.591489047494337
198.53209848449563,168.8234242745401,10.770204997547001,10.59148904221028
196.43620605213553,169.20075324568901,10.77020500356359,10.591489024087705
198.41475028616168,169.30231773798715,10.770205005970281,10.591489018101498
197.3148674440217,169.97361928356923,10.770205008029809,10.59148901436251
198.2218728137097,168.3868040455792,10.7702050079803,10.591489014344665
200.2244296131386,168.5622319478996,10.77020501080707,10.591489007233118
198.13233303715333,169.06901492072038,10.770205028469727,10.591488959533152
200.40574287914473,169.17030728879584,10.770205031376593,10.591488951980816
198.20608208882584,169.64169512136715,10.77020505592304,10.591488893947275
200.13505194887077,169.64711367816142,10.770205055986988,10.59148889384348
200.35447041539405,167.8311762781596,10.770205055122737,10.591488894118717
200.33275231397903,168.76625531684482,10.770205054800844,10.591488893034573
202.13498422180035,169.32541650309173,10.770205054847272,10.591488892977267
200.96573456799825,168.64447903410806,10.770205054819009,10.59148889293343
202.9034607075773,168.78577212872216,10.770205055705482,10.591488890829481
200.9475481132103,169.1127105631056,10.770205064385749,10.591488863130891
202.93709906058788,169.24726194099838,10.770205065916633,10.591488859554035
203.1750764182335,167.43708819006565,10.770205062062667,10.591488861572067
201.9744048643855,167.73513650784966,10.770205062535117,10.591488860868884
203.85901658919767,167.88822980353882,10.770205064525143,10.591488856108988
203.78284377564478,168.78620179181527,10.770205064084607,10.591488855004679
203.78462802988145,169.75530465184173,10.770205063807884,10.591488853945917
204.7415661178382,168.5205877596032,10.770205063774808,10.59148885393814
204.72962888733335,169.38661332758807,10.770205063133691,10.591488852077866
203.78710081837028,168.2317618910235,10.770205063021173,10.591488851977058
205.70857861182282,168.2775326807414,10.77020506541056,10.591488845946518
204.55132331989867,167.5286481816881,10.77020506538125,10.591488845907019
206.25322868953376,167.99192036597918,10.770205065628318,10.59148884559193
204.08016918910505,168.46030851865356,10.770205139483794,10.591488701437003
206.00478600094254,168.61307020609286,10.770205143128146,10.591488692294462
206.96083031724393,167.43421872084167,10.770205143108976,10.591488692292025
205.8728493277576,168.14430578823465,10.770205150798695,10.591488679362776
207.62639950098753,168.16177468379917,10.770205148043038,10.591488679760078
207.58726764010203,168.8950499198787,10.770205147453936,10.591488676999516
207.83273151879317,167.0478314060919,10.770205145904297,10.591488677595562
209.11574414721022,167.57550202816157,10.770205146180794,10.591488677200124
207.97956458051058,167.8472161199293,10.770205146813355,10.59148867626659
209.79113307908884,168.40773301383362,10.77020514687973,10.59148867618528
208.82845941504232,167.6731981542203,10.770205146786722,10.591488676097384
210.70342746681246,168.3172600178071,10.770205147067248,10.591488675768558
208.55099499532315,168.56594675199753,10.770205206622993,10.591488520099409
209.66631234000977,167.50096123831844,10.77020520658082,10.591488520083338
215.12962988801053,168.23476819853528,10.60647237040598,10.682944471552128
213.6065478023146,168.5664175315452,10.606470837070692,10.682944472009485
212.04446527216453,168.25519915323534,10.606470839234806,10.682944466773105
211.03437027201184,167.03878255621115,10.60647083900612,10.682944466088811
212.86129077799865,166.96186133901944,10.606470845709286,10.682944451284003
210.22222322550772,161.82676038089392,10.487242287971402,10.654671102032113
211.64339843113063,162.30795198139182,10.487242359666237,10.654670992486045
214.3143622773031,168.06294482484347,10.343567822075972,10.680906809794168
215.42633340266457,168.5532292581646,10.343567851168695,10.680906769350488
218.05443976811745,174.3800453839869,10.105361921868194,10.742635159185372
218.08105344045907,169.5715968401401,10,10.504854092887307
216.64808983076364,169.92377440671183,10,10.504854020798088
218.55628306108832,169.8992157717523,10.000000000608576,10.50485401986003
219.40254658926278,168.49466796136173,10,10.50485401953216
218.33504218328744,167.7657610320495,10,10.50485401917068
220.17816067770366,167.75882760325717,10.000000107954044,10.504853790024447
222.07168063061138,167.73440756658485,10.000000197332092,10.504853612549194
221.95841625053436,162.93211321648914,10,10.452756483578016
222.92258736211807,163.65676730089612,10,10.452756471731242
224.7137643959902,164.1916915702781,10.000000001011836,10.452756470412343
225.88731523870632,164.85354434963955,10.000000003964624,10.452756465697938
227.8076882014444,165.45973109744074,10.000000004391804,10.452756465197458
227.75697900974137,166.34193437862692,10.000000004378336,10.452756464676602
229.4528893442947,166.940476472898,10.000000004445859,10.452756464595724
229.59589145234477,165.14121144575248,10.00000000382459,10.452756464794398
230.48248854930642,165.91926365658173,10.0000000037413,10.452756464751463
230.4698000801569,166.73988759100249,10.000000003756947,10.452756464447868
232.38592692627404,166.84526151981225,10.000000006056943,10.4527564597498
234.20411368425496,166.98133192451326,10.000000009992538,10.452756451300727
233.07659133489963,166.43857399615626,10.00000000998799,10.452756451271844
234.91619869126268,166.5351155311823,10.00000001321955,10.452756443987742
236.72684116987867,166.68416153997543,10.000000017688036,10.452756434038491
238.64153953082845,166.7146052523073,10.000000020489358,10.452756428062118
238.68463252666797,167.48547230279203,10.000000020574394,10.452756426480803
240.29432939267363,167.6246642285103,10.000000018726649,10.45275642609554
242.12087045879662,168.1548690611194,10.00000001882016,10.45275642598512
241.08606539937418,167.44292489830815,10.000000018799081,10.45275642591637
242.74859188751952,167.9299326654633,10.00000001911669,10.452756425530188
247.91269683558494,168.6855896524813,10,10.492240867631917
242.7777047129348,169.42059765410815,10,10.51444550456071
244.66032671268425,169.58539738309094,10.000000007611682,10.514445486692894
245.6731765204281,168.54509915959864,10.000000007602507,10.51444548668657
247.50259160255698,168.62248730636324,10.000000009207772,10.514445483216454
247.72385113769758,166.82989203942796,10.00000000764453,10.5144454824953
247.6394221120195,167.70047468092616,10.00000000770063,10.51444547984104
249.40199797677406,168.25728041083676,10.000000007775254,10.514445479751865
249.62332248087483,166.41231090005624,10.000000006417284,10.514445479248678
251.36207675329337,166.97177022875846,10.000000006502116,10.51444547914715
249.98030888425862,166.7403858024757,10.000000006580247,10.51444547900192
251.84254967485475,166.7938159738737,10.000000008029573,10.514445475847463
252.12872260202334,164.79514348953478,10.000000006544282,10.51444547382221
252.04644917092128,165.70142567634696,10.000000006503805,10.514445473214224
253.96330355183545,165.79460721330207,10.000000007798006,10.51444547050721
252.7925507878229,166.07911398167965,10.00000000832679,10.514445469728445
254.5721628521268,166.62649073364864,10.00000000844211,10.514445469589917
254.04830317306153,167.6286554573169,10.000000007174762,10.514445465231265
254.93868766926397,166.3094017756683,10.00000000528653,10.514445462348096
253.78253553826664,166.5853450277898,10.000000008934672,10.514445457033139
255.7866525416307,166.6426839481647,10.000000026254359,10.514445418011627
255.89342569167223,167.44997732358053,10.000000032066163,10.51444537810983
259.86194611061364,172.10510995137986,10,10.527153373853956
258.4331884428987,171.825588546121,10.000000000346859,10.52715337297794
257.5291799949482,170.74089630660856,10,10.527153372480088
257.7759571718052,168.89265616947495,10,10.527153372546886
258.04492420423776,167.02453871738234,10,10.527153373396501
256.8882126244565,167.31034165007156,10.000000002824194,10.527153369205047
258.6795801551771,167.831449204629,10.000000003028541,10.527153368961633
258.67166496252105,168.88380080158126,10.000000003773254,10.527153362999634
257.6174440476921,168.18285023866872,10.000000003749719,10.527153362916822
259.3890793356488,168.17984781663978,10.000000015757546,10.527153336571118
259.34018441149374,169.2301078914797,10.000000017706977,10.52715332086346
259.60694693742346,167.36534868483875,10.000000015533919,10.527153320601679
259.53289280753205,168.2228664678527,10.000000016473365,10.527153312320635
259.5135198502826,169.18706094727918,10.000000017317669,10.527153306676604
260.5532103448371,168.08697998035024,10.000000017283302,10.527153306635556
260.57231925059966,169.12126338441823,10.000000018534807,10.527153297663403
260.8479749090847,167.33085870686273,10.000000015670743,10.52715329799229
262.1342586385489,167.8063156926151,10.000000019663517,10.527153292189583
261.2512802515188,168.50350163806647,10.000000034270947,10.527153268466733
262.82591647086855,169.1010577542567,10.000000037435377,10.527153264479864
260.6842190119249,169.32137785530372,10.000000141785108,10.527153035072569
262.5212636071947,169.41730984241357,10.000000144589501,10.527153029821257
262.39613951029037,170.1518766507132,10.0000001446574,10.527153028715755
262.5864099348622,168.4695560559349,10.000000143291974,10.527153028697153
263.73729503981366,168.9227487968739,10.000000143655289,10.527153028176748
263.6267241992328,169.8177109890001,10.000000143741921,10.527153027087829
262.2714997090378,169.58863162332432,10.000000143800474,10.527153026978768
264.0808746357862,169.71305378972386,10.00000014725258,10.52715301972217
262.12456328347116,169.9740095308889,10.000000161681807,10.527152979671854
263.9786031492234,169.9313382691377,10.000000245088247,10.52715280537508
265.82573201185863,170.1074649699809,10.00000049444233,10.527152274486808
264.5526271057238,169.94035345407454,10.000000494547717,10.527152274301868
264.78107049052295,168.1854407200273,10.000000493290534,10.527152274332973
263.65529682180716,168.78333908481866,10.00000049414369,10.527152272884384
265.5869146766018,168.8616799754985,10.000000496605795,10.527152267571473
263.6554173386684,169.13297597668688,10.000000501604687,10.527152254235085
264.9303379213709,168.88741966699465,10.000000501742358,10.527152253981123
263.0623664952907,169.0863246736593,10.00000051332656,10.527152222951623
264.9539560173528,169.65062276736293,10.000000513925807,10.527152222182213
259.78001799993217,170.22135093934705,10,10.559497777170309
261.6133071829072,170.26810959523922,10.000000165315226,10.559497522983598
263.5864350971094,170.26723399921758,10.000000259228253,10.559497331958841
263.4689369555563,165.4994792408451,10,10.435808087717492
263.5198172573,166.78599579132185,10,10.435808081170087
263.56278657257144,167.89654668122498,10.000000001945363,10.435808062228078
262.45027909362886,168.52837716315784,10.00000003482752,10.435808006107742
262.41782306512573,170.04425298829148,10.000000033420699,10.435807988530868
262.6033604783819,168.22964215020866,10.000000032433684,10.435807986916352
262.6035806965904,169.13541567117878,10.000000032402928,10.435807985915485
262.55401048261103,169.8119056208607,10.000000032354995,10.435807985004379
260.576141206049,170.12991202909433,10.000000041015007,10.435807961124416
262.26125785568297,170.2121031090553,10.000000039095127,10.435807960912374
261.38127550343614,169.22383163424814,10.000000039075195,10.435807960850182
261.29883002069255,164.36291468259816,10,10.314112162917237
261.2888929457258,165.84967136830397,10,10.314112156297465
261.35292331733217,166.97741604642985,10,10.314112149410958
260.7138534021446,167.61389049177225,10.000000000739531,10.314112119848282
260.82797720746976,168.06918826697404,10.000000002803935,10.314112105676685
259.40869500948247,167.89759495858974,10.00000000287397,10.314112105547744
261.27666487927695,167.98273303541478,10.000000004419656,10.314112102005023
259.3617397757276,168.26844737867214,10.000000014680081,10.314112072068381
261.095412156138,168.79527793272493,10.00000001475393,10.314112071979745
259.28702426980874,169.07308472320815,10.000000036298575,10.314112008774522
258.59275348023544,168.05696548158105,10.000000036198683,10.314112008599798
256.8038252894689,168.53813968227425,10.000000115470423,10.314111829945928
257.0198313155674,166.77178810200132,10.000000114617338,10.314111829252193
258.9064654259794,166.84582081307965,10.00000011660221,10.314111825100484
257.1089294087302,167.1610773841353,10.000000120079411,10.314111814607738
255.74020840036835,166.98376565088472,10.000000120201598,10.314111814378753
257.5543387047248,167.07186358498126,10.000000123976486,10.314111806094747
255.809286826214,167.23518640580647,10.000000159379464,10.314111717556328
253.88091870924677,167.49848002750247,10.000000210147393,10.31411160280358
255.85738548291502,167.5076337471015,10.000000212691875,10.31411159800047
254.55946370608675,167.30955876563138,10.000000212805343,10.314111597800228
256.5108732774152,167.35654204276435,10.000000226795075,10.3141115723076
255.07583196320047,167.589505892397,10,10.314111622914483
257.6337195173692,173.46396446664363,10,10.349956856928529
257.963367028613,171.65410233046507,10,10.34995685560401
257.2064183191251,170.45733750381268,10,10.349956855359622
255.69398991616,170.0537488811793,10.000000000128757,10.349956855009477
257.4689850046315,170.5892405862498,10.000000000340265,10.349956854750104
255.5172089696369,170.7869816962737,10.000000253389201,10.349956310565535
257.44072070815815,170.7518413356886,10.000000263437805,10.349956286110247
255.4132704515204,170.993347335838,10.000000607340738,10.349955591143587
256.99090801008214,170.97217099031002,10.000000596647274,10.349955590906786
257.26004256164185,169.34059314088506,10.000000596101271,10.349955590980494
257.1972723612607,170.43010138078915,10.000000606252883,10.349955462872135
257.20361079506984,165.6791313441984,10,10.347194875348071
257.2531430520903,166.81103392814686,10,10.347194858436861
257.4352101742594,167.83490752827578,10.000000007733183,10.347194793341375
257.2963956990134,163.16342502303297,10,10.09416485448616
257.37494433157553,164.53999267107744,10,10.09416309378234
257.3425348833989,170.1268246786609,10,10.087028734071978
257.25158403672685,165.3114728309447,10,10
258.46417341045503,165.68398502247874,10.00000001879425,10
258.40719400752107,166.634079781943,10.000000018862707,10
257.36866770875463,167.0001288332278,10.000000023164366,10
259.1530892580684,166.96948844532017,10.00000005083381,10
257.07433932928706,167.19723931292538,10.000000118204827,10
258.9273999219413,167.33354612032417,10.000000139179962,10
256.97019688228335,167.367413960048,10.000000157323381,10
258.72686103914344,167.83713581378106,10.000000157430696,10
256.79793170596224,168.24240045959596,10.000000165956132,10
258.5718353127588,168.30281414056662,10.000000169007272,10
257.22915056694177,168.1257945742691,10.000000169064293,10
258.8872815699086,168.23375831509475,10.000000169890223,10
259.65418544718193,166.86252568627242,10.000000169860154,10
258.5691132866122,167.348494633683,10.000000171465354,10
259.74376931962354,167.93486194277648,10.000000172474556,10
259.7649596676545,166.20964328224298,10.000000140910194,10.000000013709212
258.5312581993294,166.56190333656016,10.000000142532354,10.000000011390478
260.4665612872249,166.63371649349574,10.000000150747018,10
259.3856929238477,166.02860519255046,10.000000150740556,10
259.456757410849,167.1595222648466,10.000000150937382,10
259.65736207381457,165.36719092691783,10.000000149604478,10
259.9663636406323,163.73576542700175,10.000000145928126,10
260.00310069529354,164.6662796434248,10.000000145778511,10
259.05499208155464,165.00957363808993,10.000000146274106,10
259.8362478036181,163.68310040200595,10.000000146239053,10
258.66728282121323,163.96947073901538,10.000000146983238,10
260.7554437700927,163.95821255689953,10.000000232561618,10
258.90254898381875,164.3175738180289,10.000000239069518,10
260.6060343531686,164.3892110834131,10.00000023973447,10
259.4474528576419,164.7037233064184,10.000000240217778,10
260.5907200119247,165.19328739738557,10.00000024103937,10
259.5032063263022,165.48756709194276,10.000000241831547,10
261.66670305414226,165.4997661827365,10.000001205249326,10
260.28169782504847,165.9142364998336,10,10.000000353392753
259.15138728961756,166.33573466329923,10,10.00000092177475
256.46922548160364,161.4742429672042,10,10
257.65884891173295,162.09530059678946,10.0000000898909,10
257.6190190542955,163.19605676515494,10.000000089471008,10
257.59727216370885,164.0472929297248,10.000000089405477,10
259.34160113816483,164.15940236730967,10.00000009184851,10
257.4957159782137,164.45279416127596,10.000000096580536,10
258.4273672128642,163.27860113664065,10.000000096533025,10
257.29444647026327,163.54250400944147,10.000000097665028,10
258.9080334217142,163.6284839628497,10,10
256.920043497376,163.71451913251076,10.000000997358049,10
258.77763749039593,163.83317054493818,10.000001037746372,10
257.8172702279933,163.70689983351622,10.000001037824815,10
256.4866055932758,163.6441416112939,10.00000103785063,10
256.73739022941794,162.06969529072282,10.000001036653975,10.000000000074644
254.76768130748744,162.37287112756167,10.000001041464694,10
256.72451049326855,162.43820643855724,10.000001050410892,10
254.69508284556528,162.79047128988896,10.00001177947224,10
257.18704759188404,158.1337531453494,10,10.004680414445332
256.13458560662394,158.46814206250414,10.000000006973407,10.004680403583997
253.65572094031086,163.74996806877633,10,10.065655504381963
253.48929538436641,159.03907767368946,10,10
253.48003690818177,160.07803801132832,10.000000000197373,10
254.35119574655255,160.7777915938059,10,10
253.3772612153407,159.67071244551335,10,10
252.31016581610842,160.02308062149677,10.000000000658758,10
254.1928836611888,160.03000898577739,10.000000006146173,10
252.87770455468853,160.29002459265757,10,10
254.42447357725308,160.82918353297282,10.000000000754062,10
252.44485368993833,160.97090403654147,10.00000005408539,10
254.46925438876775,161.050008929451,10.00000007854568,10
253.07981186498364,161.53729439445306,10,10
251.0261199959385,161.77930793829728,10.000000010062921,10
251.01418565041263,162.56768349476624,10.000000009938503,10
236.7979748277923,152.06165531941224,10.689986199856872,10
240.94091944906157,156.5252637194475,10.120719786755625,10.1532647291653
245.02360056665202,160.83283475251707,10,10.24044848394901
247.14278167989139,160.71487278531973,10.000001516349633,10.240445387899582
249.2951927078547,160.56812306136143,10.000004289524574,10.240441253338565
248.2608977454245,159.93745501889146,10.000004288619001,10.240441250097977
249.78752182862806,160.55066545894408,10.000004289249842,10.240441249356776
248.30964257512287,160.94339583950116,10.000004224635443,10.240441258372728
247.80506142203316,161.93790571583935,10.000004224029285,10.240441257245132
248.04662928750452,159.89963619629106,10.000004223114713,10.240441256729905
247.94294786477326,160.6932486172072,10.000004223037188,10.24044125601549
247.8854266818225,161.3984718803183,10.00000422285126,10.240441254413303
247.8297815215608,162.09554146613144,10.000004222620666,10.240441253433747
248.90585850556025,162.59798835658583,10.000004223432743,10.240441252279599
246.90304635518092,162.94461667518465,10.000004229910422,10.240441231674396
246.86586189594527,157.98377914944575,10,10.096287006113599
246.93570148523074,158.93695600815857,10.00000000002462,10.09628700076983
247.0230402457227,160.10052462613893,10.000000000031033,10.0962869966359
247.44359899636765,158.23266407066103,10,10.096286996294117
246.6887145149376,157.03609844287544,10,10.096286995761796
245.52604664375005,157.2949540848167,10.000000001332038,10.096286993655662
246.49913735267182,155.92870655083,10,10.096286992125336
245.2946627838106,156.19882937767113,10.000000000988447,10.096286990641843
247.22711361773295,156.32231321081514,10.000000114225871,10.096286759236918
245.97093911048432,156.2522398479965,10,10.096286678038124
244.89173359748384,156.2573958850182,10,10.096286663888847
247.40445585128327,161.5581856184607,10,10.069977849774899
246.4528911816742,160.2549925272413,10,10.069977847521297
246.35345835563203,155.5232336498567,10,10.002208408992143
245.31807274372895,156.16847819376122,10.000000006459995,10.002208398751172
244.19904357871297,156.445037607283,10.000000007863385,10.002208396666367
244.13370764956923,157.38667673396213,10.00000000736334,10.002208394002427
243.04029298507584,157.66754490693688,10.00000000781313,10.002208393344057
244.84614086450705,157.76589544762822,10.000000015399658,10.002208376667198
242.99229323133767,157.9879104703301,10.000000035995612,10.002208318121856
244.62747453906758,158.5461369365858,10.000000036121179,10.002208317968195
243.5057171501155,158.79771604368915,10.000000037795449,10.002208315469604
245.30353747267526,158.9275064993315,10.000000052008232,10.002208284588404
243.50326712149547,159.14166836990827,10.000000116397842,10.002208110348485
242.61624254020887,158.09350233340322,10.00000011610632,10.002208110146883
242.55177323278178,159.08063148672323,10.000000115638398,10.002208107149176
244.4041289446302,159.14977234601008,10.000000129166878,10.002208076669579
243.28772858334202,159.4208809438658,10.000000129621068,10.002208075992193
242.26141193934959,160.0095674718049,10.000000132083487,10.00220807175737
244.09503331958456,160.08791536868773,10.000000137040157,10.002208061129984
243.03855410400016,159.43257273025998,10.000000136965086,10.002208061000305
241.97096470182643,158.76724959207766,10.000000136914917,10.002208060890931
243.0597932649208,159.25107879321072,10.00000013810654,10.002208059160417
242.02186098823623,158.62347496438915,10.000000138024184,10.002208058989549
240.14696847464046,158.88116945821318,10.000000218774053,10.002207858134202
241.21798538235603,157.7677933176171,10.000000218726827,10.002207858137396
242.2829646972006,156.60669853288925,10.000000218645845,10.002207858119851
242.22111391494838,157.45788975773573,10.000000218182675,10.002207853762311
242.12495856986683,158.3503973123922,10.000000217465931,10.002207850650503
242.32834268922497,156.6400889979646,10.00000021133368,10.002207852766203
241.2233671075944,156.88969255325858,10.00000021225653,10.002207851391102
243.0295472223688,156.95777690867052,10.000000221736697,10.002207829102913
241.94751597207772,157.23279771708567,10.000000222318816,10.002207828235596
242.13813270211074,155.47052988832544,10.000000216003391,10.002207829780732
242.08905390630557,156.40348724094488,10.000000215495982,10.00220782695733
243.22354821068922,156.8934279740573,10.000000216042606,10.002207826167558
242.13500038489488,156.2064096988315,10.00000021600469,10.002207826097266
243.14716831552053,155.13007808338892,10.000000215959485,10.00220782608643
