205.5,151.5,17,50
215.00957081110903,169.2583300057895,22.28068786081417,43.13169547242978
226.21840672551016,185.46669891052616,25.285652064116388,39.19819779051993
237.95716666794266,200.98445177012738,26.337570198050223,36.97496509683022
250.0379673163648,215.05352163785875,27.245568052817248,34.8520498181546
265.7254164979274,216.76399706915225,27.60477766088345,33.75086809962578
273.7994808536592,223.66279636250002,27.549090508257795,32.674407274999965
262.4003105870978,224.09152340447346,27.388656474730215,31.816953191053095
274.2115519669602,224.35741349724879,27.236695641885287,31.28517300550241
263.2167497587992,224.72649098249792,26.88593178733322,30.547018035004136
270.92923854789376,224.87863666757445,26.45981075363877,30.242726664851094
260.2086122057279,225.23780697541082,26.117804999860184,29.524386049178332
271.3125269728862,225.43465951340613,25.906113084562072,29.130680973187744
260.96345676242237,225.7199751043884,25.493159984371566,28.560049791223214
261.370635679619,226.13434665355433,24.959060507503136,27.73130669289133
261.7836489960495,226.5102484533629,24.373014184843804,26.97950309327421
262.16348982862297,226.87555856353188,23.836060518788074,26.24888287293626
256.41088237571677,227.05487445960136,23.175019473672734,25.89025108079727
263.049152480382,227.14193267861808,22.693270485960866,25.716134642763837
253.983657056577,227.38710928569688,22.354883815870743,25.225781428606222
263.56051864020344,227.57684351491457,22.118417957577734,24.84631297017085
252.29615389325463,227.97996964380556,21.873936925962724,24.040060712388872
261.50805843837156,228.09164739719068,21.61310505435681,23.816705205618646
250.79774453760447,228.43159928307603,21.150742972468095,23.136801433847964
259.76043938067136,228.56822080191705,20.838565871783576,22.863558396165928
249.3307908834441,228.89814375441472,20.475469830349354,22.203712491170553
257.93637287565434,228.99558224695136,20.175066725445454,22.008835506097256
248.01793100132062,229.2720011009178,19.65012834581703,21.455997798164383
258.95425017966437,229.5600197897314,19.148722975579783,20.87996042053718
249.4617455885815,229.8524593616398,18.799644785919316,20.295081276720406
249.64067252468607,221.39495299553968,18.625512143144178,19.35440400647922
249.87400797383683,230.80771477369052,18.442245952751332,18.384570452618973
250.30621715643923,222.72578983059705,17.67650911939303,18.126268773254164
246.21511495392244,231.24426180496405,17.324753182019386,17.511476390071874
246.5428539240317,223.70008080977362,16.619753091492974,17.28166306459581
246.84612844066194,231.66167849764594,16.13455351960912,16.67664300470811
247.11948165550498,224.57604797625902,15.515410690165186,16.38561995934718
247.27253122963995,232.25927065331706,15.40422266421734,15.481458693365873
247.54583620887655,225.5678678720742,14.706111288584124,15.339363819450199
240.0339675791708,226.1835247524427,14.281746550620122,15.432794879307986
247.4487909515863,227.00451713367596,13.88311863513486,15.362876066281494
243.91577735764375,220.61618960633717,13.462804823416649,15.289321884814063
249.35083048917977,226.9360737339965,13.168943868266972,14.963863703347958
243.96652472564296,222.43728875655228,12.817335211014413,14.883221873873568
238.77557434960124,217.92456488426345,12.47681622432835,14.724156526410264
243.9619121344673,224.09882959671768,12.263175383600132,14.579343379577947
238.86377747661237,219.8105416643661,12.020853695892018,14.343905618182484
243.91661196930113,225.81584270378272,11.803614352238114,14.156132785870202
241.02965462968467,220.17775765717414,11.542677480415165,13.680363105527825
236.23783235909255,216.04617139659217,11.344133606072035,13.532113850873907
239.21747154149733,223.20137982508703,11.272289723836936,13.481796404894913
236.18582236692427,217.86458744921964,11.2148543350375,13.164842559522762
229.98335284032498,218.83683102485392,10.965937110770234,13.070680992665798
234.7076026557253,215.10361110622006,10.908195040699555,12.777903090828325
231.8187259961596,221.95232292453576,10.621269214017993,12.63766748825452
231.7923227320971,217.23326666062403,10.576162387507818,12.026583772791891
227.50266718460966,222.45876273077954,10.339019548766808,11.912570544834342
227.6124375809384,217.81133946169686,10.255253130117522,11.332626891349335
231.900858880952,214.44699767194157,10,11.185238064091076
227.78719806857407,219.2936893796879,10,11.058693866738137
223.6117734927684,215.91035473363132,10,11.041263579993853
218.27946090884507,216.60040865670186,10,11.075496706753123
222.25170088000596,213.17147518622733,10,11.028062076809878
218.21308565326035,218.01528994127474,10,10.987716120792177
218.33212720043957,213.6026338645969,10,10.551797805397898
214.376592265442,218.29827216953072,10,10.591608689426746
214.4390584435314,213.95441869812524,10,10.441581409825577
216.96367706917226,219.78289536731873,10,10.624489941250609
214.39362253807485,215.1646907785924,10,10.624342111867378
210.34022202156484,211.78389603504456,10,10.689683067621432
207.7484280075878,207.19928237563138,10,10.678462808017645
207.81940232031047,213.3069099891471,10,10.506899216118033
207.92009967379272,208.95882019437232,10,10.197986184817978
202.8279642444104,209.61505660101543,10,10.357409304683014
206.6990978103131,206.24003620490487,10,10.435549824534757
202.78170817904174,210.85879087867812,10,10.448929301451125
202.88391221128404,206.47647183006026,10,10.181818627019371
199.005998974666,211.0359402945143,10,10.247513999441905
199.0222560837865,206.84860964839442,10,10.2438498293403
194.94669980555773,203.42953586949082,10,10.391478531098945
199.00462026149035,208.08675528490713,10,10.403739910837574
194.8641612008214,204.68638752099247,10,10.521387612891758
194.9562080949545,200.28118865176322,10,10.21362891824478
191.08948074281216,204.88365966039112,10,10.286088825122297
191.15895470231771,200.51249875117313,10,10.07038471124628
186.0794025287032,201.100501710236,10,10.254687440276314
191.30777510255575,201.8777658980208,10,10.400467745241048
186.31546553224325,202.66008764871088,10,10.525388471918744
186.37572216242552,198.20830261097018,10,10.263457906531002
181.4002573415637,198.90092407453156,10,10.409310722587584
181.43270841240883,194.5366780295714,10,10.155380937507939
181.52243192493916,200.40736426637287,10,10.12695821671258
177.56071384251118,197.12856970043495,10,10.285476132005163
172.40663821995258,197.76621107420442,10,10.488163150129376
177.6746221333742,198.52192363289709,10,10.609864887640594
173.6209536343813,195.19416941717088,10,10.64100655883906
168.40129812061787,195.85905296639962,10,10.784196833047014
173.76783902943134,196.65932282147418,10,10.853296233463066
169.63616712391376,193.27697855681933,10,10.811793795212955
164.53730876743793,194.08922794250364,10,10.848565284655216
161.93292005360126,189.3970334978679,10,10.773782878760624
162.0128113925457,195.54668512175832,10,10.581614450010603
162.11893878132105,191.18016865377436,10,10.457936952018558
157.12436661869287,191.9128427257245,10,10.569412877141396
162.44139943271875,192.68805364890298,10,10.680303014846654
157.36424384266138,193.4621707025771,10,10.77517763304617
157.42053690552711,189.02497103355878,10,10.343867132215607
152.24234238266945,189.61997092325907,10,10.47120236238991
157.50902166962624,190.37771947109155,10,10.545066695939461
152.4755462706089,191.10502554199525,10,10.61311302142484
148.26752987504005,187.77844778235334,10,10.700337220518257
152.3552922308445,192.48234035481454,10,10.684664807529412
148.1457614004612,189.0257537032179,10,10.74451798895759
148.22649462521076,195.1184275494152,10,10.59097533501513
148.26316663622856,190.71385877349184,10,10.202463884786626
144.24772521853447,187.39148821997307,10,10.372705766207705
139.07085964083672,188.10792687200444,10,10.502700156709782
142.99447533488274,184.70675166216802,10,10.577470029049902
137.84603735804558,185.3640220398227,10,10.720255089895044
141.7135736644268,190.01611333529894,10,10.736835133219845
