74.5,86.5,56,48
154.5,168.5,55.0,43.0
156.5,171.5,52.0,39.0
151.5,171.5,54.0,39.0
153.5,171.5,49.0,35.0
154.5,173.5,49.0,32.0
155.5,173.5,47.0,34.0
156.5,173.5,45.0,32.0
154.5,176.5,42.0,31.0
154.5,176.5,44.0,36.0
155.5,177.5,41.0,36.0
153.5,178.5,39.0,38.0
153.5,178.5,36.0,35.0
152.5,178.5,39.0,37.0
150.5,177.5,41.0,37.0
148.5,177.5,42.0,36.0
146.5,176.5,42.0,35.0
143.5,176.5,44.0,35.0
143.5,176.5,45.0,32.0
142.5,175.5,45.0,35.0
141.5,177.5,45.0,34.0
138.5,179.5,46.0,29.0
140.5,176.5,44.0,31.0
138.5,177.5,46.0,33.0
139.5,179.5,43.0,33.0
142.5,178.5,42.0,33.0
140.5,179.5,45.0,33.0
141.5,180.5,43.0,31.0
139.5,177.5,44.0,34.0
142.5,178.5,41.0,32.0
138.5,179.5,42.0,29.0
140.5,180.5,44.0,30.0
142.5,180.5,40.0,31.0
142.5,183.5,36.0,30.0
142.5,181.5,38.0,35.0
141.5,184.5,39.0,33.0
141.5,184.5,38.0,34.0
142.5,186.5,38.0,32.0
144.5,185.5,36.0,32.0
145.5,185.5,35.0,31.0
146.5,185.5,36.0,34.0
147.5,186.5,35.0,30.0
148.5,186.5,32.0,27.0
147.5,188.5,36.0,26.0
149.5,188.5,34.0,27.0
148.5,187.5,37.0,29.0
151.5,188.5,35.0,27.0
153.5,188.5,36.0,31.0
155.5,188.5,34.0,28.0
155.5,189.5,35.0,27.0
156.5,187.5,35.0,30.0
157.5,186.5,38.0,30.0
161.5,186.5,36.0,29.0
164.5,186.5,32.0,27.0
165.5,189.5,33.0,25.0
166.5,189.5,33.0,25.0
168.5,188.5,29.0,26.0
170.5,190.5,30.0,25.0
172.5,190.5,30.0,26.0
175.5,191.5,29.0,25.0
176.5,193.5,30.0,24.0
178.5,193.5,29.0,26.0
178.5,192.5,30.0,27.0
182.5,193.5,29.0,24.0
182.5,193.5,32.0,25.0
186.5,193.5,32.0,24.0
189.5,192.5,30.0,27.0
192.5,195.5,29.0,24.0
191.5,193.5,29.0,25.0
197.5,194.5,27.0,22.0
199.5,196.5,27.0,21.0
201.5,196.5,28.0,19.0
206.5,193.5,26.0,23.0
206.5,194.5,28.0,23.0
208.5,194.5,27.0,22.0
214.5,192.5,22.0,25.0
219.5,193.5,20.0,24.0
220.5,194.5,22.0,24.0
224.5,193.5,20.0,25.0
223.5,193.5,24.0,24.0
225.5,193.5,23.0,24.0
227.5,192.5,24.0,23.0
228.5,192.5,26.0,24.0
232.5,192.5,27.0,23.0
234.5,193.5,26.0,23.0
235.5,193.5,27.0,27.0
234.5,191.5,28.0,25.0
240.5,190.5,25.0,25.0
245.5,188.5,25.0,27.0
246.5,187.5,26.0,27.0
249.5,184.5,28.0,30.0
252.5,184.5,26.0,29.0
253.5,186.5,27.0,27.0
258.5,185.5,28.0,28.0
260.5,184.5,29.0,25.0
263.5,184.5,29.0,28.0
265.5,182.5,32.0,32.0
266.5,184.5,32.0,29.0
269.5,183.5,30.0,31.0
275.5,184.5,32.0,24.0
280.5,183.5,27.0,25.0
283.5,182.5,24.0,26.0
286.5,181.5,23.0,28.0
288.5,183.5,23.0,28.0
291.5,182.5,24.0,29.0
289.5,184.5,27.0,26.0
294.5,183.5,24.0,28.0
297.5,185.5,27.0,26.0
299.5,185.5,27.0,26.0
301.5,186.5,24.0,24.0
302.5,186.5,25.0,24.0
303.5,186.5,24.0,27.0
307.5,186.5,27.0,26.0
311.5,187.5,28.0,25.0
311.5,187.5,31.0,27.0
316.5,186.5,27.0,27.0
317.5,187.5,30.0,25.0
317.5,189.5,32.0,25.0
321.5,189.5,33.0,26.0
325.5,190.5,31.0,25.0
329.5,191.5,30.0,25.0
331.5,191.5,30.0,26.0
332.0,191.5,30.0,26.0
332.0,191.5,24.0,27.0
332.0,190.5,26.0,22.0
332.0,191.5,25.0,22.0
332.0,190.5,23.0,23.0
