153.5,105.5,26,43
151.97459444327353,101.92527500412041,25.6671434060097,42.07233922439468
151.08902346344712,96.15861538632203,25.930865779480893,40.58689205679319
151.2700164372737,90.32692360994652,25.01687013009889,39.08602714305251
151.49956668715734,84.3206240133468,23.745348308462724,39.47496815601514
151.20766800989205,78.7908023874531,23.37722110053908,39.2207543292503
150.76364249679722,76.99311319858175,23.076364384228413,39.41584817826068
149.51481115168886,72.5624695364387,23.49548221932737,38.79244483634807
145.45701238230302,72.15188757029577,23.230824058941316,39.258421441964245
140.25578606853756,69.01637564076216,25.126003012461013,36.70475543591914
135.4668115096001,67.71513377728064,26.73690777685085,34.22240601774059
128.74939378153783,68.44401521414326,27.03709872461353,33.448268305663134
121.98382060465715,66.78903813289077,27.224049712469153,32.52655542638955
132.9895701497742,80.05314494043279,26.619382363568036,30.932694686061392
143.91957554585778,94.32836226126614,26.017159275868668,30.605875690757003
155.10471055787042,105.31761929861474,26.571196121350205,28.204260190888874
166.48254957452562,115.70226564531117,26.273892111477302,27.68701980462493
176.6503939158647,128.73525750170725,25.247281645351933,26.97909502127614
184.70899896877415,143.49156547346206,23.444323439252223,28.226815000007726
191.63836242538298,134.51720838013966,22.614060843356377,28.273112957404493
179.1009552806517,137.1372999772154,22.48295395972321,27.312997683937805
168.42030034470986,128.48037188341118,22.442763129702616,25.72010033150716
174.19716582014314,142.0471471590977,21.579923444705166,25.071125051740594
169.65836317637618,132.05150579106075,20.565621231018397,24.541634853854518
158.5552929057441,134.0203136593447,20.2070149155931,24.009112071922218
163.78868939363565,124.85727533246151,19.6503476722319,23.28466687510268
163.20781979227166,137.13697497916843,19.231469804761797,22.259491138207398
162.1353648872964,126.64231170518758,19.081746226193054,21.59419656190153
162.1517931016099,128.18573056032713,19.08175050878291,21.594187083433972
161.9313672102461,129.08031001212362,19.081999899552322,21.59365663881773
162.89718313428654,128.9484545882154,19.10617800230002,21.571814508118493
171.02034746227238,139.89432271048716,18.974263561416215,20.702586884790826
181.28879827793156,141.89120926277258,18.370410178388845,20.13105856743619
181.73440710407442,152.64769418810573,17.80077308511838,19.385724062228867
190.9724172019628,153.48885586640682,17.294622502989128,19.186478708556375
190.93927204396013,163.44405417276653,17.175291646804737,18.96038919422562
199.9326737607587,164.75719139238933,16.589504448559197,18.671243632619785
208.64813771190856,166.10070727124838,15.85794406945278,18.009477568566265
202.2386900696896,159.92674002091525,15.351960661263792,17.04830524245027
209.94622608786534,160.9306447055606,14.815786291843423,16.298234105772195
214.28479612969187,154.3941521482501,14.15192040100041,15.596663060420024
220.2952600907713,149.59228152325,13.867981500142857,15.064736509516932
225.8374325871829,144.69493455582017,13.29433387212678,14.81168187870276
230.92549957853615,139.73481920974868,12.75935513234022,14.40902228916847
238.1502123088392,139.20803502326106,12.760281386822005,14.253525820873291
244.68655950950944,133.60003624690532,12.66806336487604,13.740187588672672
245.64877171731334,139.69865391436443,12.581505613201038,13.654810621674372
250.96368293502243,135.29437472915134,12.137112750841927,13.329062084446726
250.85021880607093,142.4372889853556,11.923951008115552,13.153478323014795
250.56311219382837,136.56630860436695,11.691142853129794,12.7231072749945
255.3107825388841,142.2258024814218,11.178267907036929,12.482005148631412
255.3934657110318,136.9757093549178,10.89810364275287,12.095523196378196
261.37944667285046,137.8133288597953,10.616145114196062,12.021697317383346
267.18120979117367,138.70263202337264,10.324071743150231,11.831164839906698
272.77274173019794,139.38529016233267,10.107500517994772,11.531729814275486
276.9417769089341,144.39986180950962,10,11.269774592126144
282.21286980062723,145.00469569615936,10,11.04845572009851
286.1558426991105,149.87827540199746,10,10.82718189039252
290.15683118253946,154.4874164162822,10,10.63502386237235
294.0398363247514,159.07469053249883,10,10.562735265864394
298.05073396116495,163.53285516535752,10,10.464655702600648
301.9179324284196,167.93756775704637,10,10.352260586666759
305.75832287222147,172.51933742784803,10,10.302451675666465
310.8159143105149,173.2775865572954,10,10.260981812424532
314.7171186581254,177.68503497792125,10,10.208000178081976
318.61571518331766,182.10245144243265,10,10.138334485387286
322.5091702118516,186.50001826873202,10,10.116070896570292
326.3271986618638,191.01949150798083,10,10.209551633648829
331.3996812477708,191.42843309075636,10,10.108995943645613
334.87834421545267,195.92128634236346,10,10.042291973390403
336.67964462190866,201.53122678735465,10,10.191020511813766
336.0009800568223,207.06794127107906,10,10.1206347191086
331.948959030211,211.57333158498628,10,10.169936526902088
327.90540520101786,216.09898369910925,10,10.140530568309448
