58.5,100.5,28,23
65.53272230673485,103.4292744853318,25.35371336840285,23.785499243295135
73.51206005309814,104.99706437763325,24.253376231694332,23.38318485862509
82.90052733996362,114.41334873436884,23.05937699121536,23.338007807751588
93.6117913189444,124.29488988068115,21.201593982594606,23.739186379384755
102.74348145952295,134.3278311147171,20.45056759853221,23.308164903744533
112.15163950879955,144.05727077560218,19.373251820413593,23.17801902618821
121.5503557043405,153.71929555252737,18.58502620118228,22.559242146898384
129.97383781342162,162.71845013018935,18.186317521960458,21.419077751706276
137.7217053136369,171.59120785393748,17.815178163619773,20.716433779429742
145.91717403295974,180.10028829653328,16.919317858152773,20.26318759760725
155.26000127681226,181.12180434157293,16.1763341925913,19.90916410108725
155.0143361706543,191.6827290318088,16.013796027698525,18.79032451675804
154.9191579817673,183.75328382661243,15.346443057270738,17.837596122219164
154.81121423588885,192.8490927369582,15.0878496816418,16.96612676954522
155.01834626296,185.4250953743097,14.362408731404221,16.379214535308503
155.10418833489084,194.20377235681784,13.865190929276459,15.744481343607651
155.2094398446683,187.27524533410897,13.489668472050845,14.886396953661626
149.77901731484147,193.61735159780895,12.875078274746484,14.601217019035108
155.28139109727226,189.09154982916843,12.180992025802901,14.37979981199241
148.56392367685584,189.9389438929156,11.9444285679907,13.958672582706699
155.51791177851956,190.61685976051365,11.430328440407887,13.757759279746342
150.58156493235575,196.4041919719142,11.13007901750115,13.203163979259676
155.51755668421822,192.46590030497805,10.679383050397313,12.937276953329718
161.79634626113682,193.1156822404617,10.312109606398941,12.65783513360146
155.97379543363598,193.80736298976194,10.225682979235081,12.214836684508107
161.91437282413244,194.38997195303216,10,11.953883684878038
166.04682721942663,191.25744054925184,10,11.472203290229231
170.07968749850988,196.25996119598517,10,11.116917474667842
174.16348543018103,193.9949290738253,10,10.415448668450484
179.19087781757116,194.82296848942548,10,10.418072210754744
179.1429365053773,189.8227565451199,10,10.119383779419632
178.98287092894316,195.68345522880554,10,10
183.95307909697294,196.08681617053296,10,10.116127831301185
178.8537086173892,196.34937858871754,10,10.327782565511523
183.80365263670683,196.61808698296383,10,10.57807942390768
184.4842427894473,192.79164949515086,10,10.01575779003657
184.59834518283606,198.0628574192524,10,10
184.5849017975852,193.11826303601265,10,10
187.2525317547843,198.42540126912138,10,10.33062976852375
187.24880601279438,193.66833665966988,10,10
187.22724690288305,198.86905363202095,10,10
189.85890569537878,194.94141390919685,10,10
189.9138207733631,200.29506161808968,10,10
192.58089044690132,196.06749440451057,10,10.096193348972179
192.6201644986868,201.44606402516365,10,10
192.68436328321695,197.2149443924427,10,10
196.45575062185526,194.1774766743183,10,10
196.3532552793622,189.8684175312519,10,10
196.11662187427282,195.51568534970284,10,10
196.14002421684563,191.4176461994648,10,10
199.6360555011779,187.76767113804817,10,10
203.0845647174865,185.23883318628947,10,10.028759067732494
205.03311804123223,190.82247427105904,10,10
204.96675512380898,186.0176627933979,10,10
208.66747448034585,182.4998691380024,10,10
204.5037090498954,187.21083763241768,10,10
208.29980585165322,183.60743260766884,10,10.183191351377559
212.15695139952004,188.20140576945957,10,10.427012491480182
211.99271083064377,184.12345992880321,10,10.272878003969652
207.2687776107341,184.72511002546236,10,10.616741416341387
212.3077499885112,185.1202081625266,10,10.82716574577426
215.02534127421677,180.82528130368487,10,12.329773999132808
211.84741640277207,187.14539582819134,10,12.004520688645243
213.6952581424266,182.8649246695958,10,11.676643311317289
217.26523494906723,187.86294184793968,10,11.461741652688607
217.01070767827332,183.9132832789611,10,11.210360128841529
220.91469627805054,188.67119079420593,10,10.87916786293934
217.68013411946595,184.7351082654942,10,10.608009022047325
219.94160547602635,177.25134298205376,11.598999807020789,10
218.45738369716827,178.66875776648521,12.325908893225119,10
218.1008261498663,185.21403026939453,12.110880248128748,10.034605674723366
223.96196178696275,185.40671591756623,11.234915774778154,10.59674080614484
218.71495538454724,186.40364648542894,11.139109625141387,10.55179586724254
223.8917585458902,186.93117829990013,10.459609900355833,10.765727165706473
228.344810799985,184.16931796494202,10.023642988296602,10.550700715719136
228.02994919009507,189.28975203633308,10,10
227.86337427981198,185.0885081589222,10,10
232.54086594469845,185.2063164114952,10,10
228.5544050205499,189.42493957281113,10,10
232.32548026926816,186.09436839818954,10,10
237.2307246197015,186.52494663484742,10,10.066868235908913
232.00754766352475,186.6237332224846,10,10
236.88362579233944,187.07112523477053,10,10.089853176260476
232.4266679752618,183.54000464081764,10,10
236.2624445427209,187.87224271678312,10,10.095610861313673
240.1842501629144,184.3581370046263,10,10.267935349439615
239.99207990057766,190.01895831924273,10,10.052225909598821
243.8997074831277,186.52026516202713,10,10.101342379974797
248.93212525732815,186.9805836453468,10,10.206254348272005
243.79388730414212,187.50309867573472,10,10.18833832119519
247.6775361765176,184.3105621476389,10,10.299753101782567
247.576995247975,189.81186334045344,10,10.103442296353712
251.3563412372023,186.5894820704071,10,10.106283125478374
255.40229117311537,190.9475672709705,10,10.069444503831548
252.6616550628096,186.1582479770241,10,10.231757522571536
255.21924960054457,191.6132555735776,10,10.126612934933277
255.161187088117,187.41088220477104,10,10
255.11310926638544,192.6207592189312,10,10
255.02486243657768,188.44246599078178,10,10
260.2742802184075,188.77019067319696,10,10.181820239375696
255.2156797926873,189.49919748072944,10,10.396155838864637
260.5841738265008,189.91096372195798,10,10.500426634376904
255.2997805159539,190.49509285991434,10,10.443983214993416
260.66238370351493,190.95109718643337,10,10.485058017517943
260.58149685524404,185.8810511391225,10,10.116449741351119
260.5591154061258,191.54257147043785,10,10.132308691147148
263.2171542607248,186.8555869069366,10,10.43171383804712
263.1382457204163,192.6159704363518,10,10.223770074809988
268.1862961240113,193.1130580021789,10,10.281292197336711
268.20616506040096,198.56114954460674,10,10.073781178215874
268.1821389030665,193.73435738682747,10,10
273.32333944551647,194.1147188645981,10,10.166466811819419
268.1223907303065,194.54869041183917,10,10.245639317446386
273.32840393297374,194.94529822407938,10,10.357230962539191
268.0808906387538,195.43161954829907,10,10.360082162423652
273.3596806358546,195.82676743546605,10,10.46619291942357
268.10745762102306,196.32334529205073,10,10.407312237343993
273.2641439270228,196.79738523651326,10,10.449954527831807
268.9595470260829,193.4162929672026,10,10.48854344725143
274.1917543243617,193.81976760276802,10,10.52790473205548
274.1494875345379,199.34918829350661,10,10.237964221855158
274.1120870541781,194.48870015144348,10,10
276.6456554364413,199.775099986163,10,10.120819104974998
276.654669851996,194.9181044101715,10,10
276.6263013938442,200.20831274986267,10,10
271.4892679313198,200.5910470790634,10,10.027884899185182
276.45240508113056,201.0861643886893,10,10.232696824008428
271.2629037955776,201.4875973208961,10,10.256695917404286
276.6106349090114,201.93650414747418,10,10.41631288920995
272.4588309386745,198.43359773891146,10,10.600812325140339
276.43498908076435,203.01702713272886,10,10.603285088103672
271.1232586959377,203.50976185059,10,10.544596651088243
276.44407950434834,203.95954068886303,10,10.702926886338748
271.14291726145893,204.49838443712002,10,10.63949980108723
275.1767312148586,200.90907028622289,10,10.663346761328782
271.00278960261494,205.4691064189209,10,10.50483665261006
273.7132118800655,200.8340073903479,10,10.76894359189717
269.5014093974605,205.31881009667734,10,10.599522429116163
273.51556335482746,201.77173441808227,10,10.66351049818985
269.3356760600582,206.23833363810462,10,10.53246469181214
272.05526362452656,201.5711793840187,10,10.76799638266219
267.83896981272846,206.073301816768,10,10.558679114209493
270.50227604899555,201.40308839933783,10,10.783213538791518
267.96347819361836,206.84891992646368,10,10.604531708599888
267.96424894500524,201.92946504997613,10,10.295123170864532
267.9941102610901,207.37247405990132,10,10.074710696058089
263.9308573352173,211.58399129004442,10,10.015899715996525
263.89549481961876,206.64312580227852,10,10
263.8660458261147,211.87564352154732,10,10
261.310088747181,207.43600232333694,10,10.093400400266006
261.2665051566437,213.11716024074468,10,10.108884553243474
261.2118170084432,208.26804760098457,10,10
258.7464473070577,213.45491196967936,10,10.10653592630672
258.736137682572,208.5306275188923,10,10
256.2432804647833,213.7226975262165,10,10
256.1922975424677,208.76973846554756,10,10
252.23441680707037,213.06829542790655,10,10.029025716090132
252.34337621368468,208.19884279370308,10,10
247.24395995773375,208.59626922011375,10,10
252.2315960470587,209.04612898201253,10,10.121960831274464
249.70315342582762,204.44043609013323,10,10.160225162701533
245.73761993087828,201.07547978986798,10,10.277781577318908
245.741013410734,196.2996556989542,10,10.068644656302254
241.67713153664954,200.7004050559394,10,10.103520225168774
241.7900582284201,196.2803314626217,10,10
246.83705959026702,196.78993077564567,10,10.14042773865998
241.6594282120932,197.26842914995356,10,10.249703010384149
239.07213363354094,192.84947293366722,10,10.343583536828923
235.00833377544768,189.5535372540657,10,10.41270785623702
239.25506457989104,193.91184600845284,10,10.441596634083847
235.17349967663176,190.3684894010084,10,10.608722713657796
231.15304479305632,186.76625390429996,10,10.6472305341621
235.18589315121062,191.24590433151712,10,10.574139167642791
231.06353482906707,187.75261052727996,10,10.651392116540709
231.27235916559584,182.8346112378578,10,10.326184449962636
226.844296726631,187.21400654190916,10,10.020686688539655
230.90634182398207,183.68262180247518,10,10.181248315997667
226.56297901575454,188.1325046122074,10,10
223.50920036737807,184.62636294960976,10,10
225.76803949777968,190.0833823049735,10,10.014282173977108
221.561093601631,186.38178267881122,10,10.221207145753592
218.85639873213108,179.08789721131325,10.751910452805987,10
218.65682809509894,185.17622700333595,10.137495365671818,10
222.25669512455352,189.70944681554317,10,10.20272732199669
218.46596202556975,186.1631759894981,10,10.201320609829075
218.05395266716368,180.57055011339648,10,10.085871220674846
218.06046989304014,186.25680437853367,10,10.101620670747131
213.44931056839414,183.64932731329077,10,10.094485510614064
213.0133150194306,188.88502755761147,10,10
212.35900181275792,184.56873566823054,10,10.031435173415161
207.00445431214757,185.16662497804919,10,10.35701349404738
212.183648762526,185.5098920054389,10,10.401838682660873
207.7389041755814,181.5263335390891,10,10.123754504520608
204.8902658794541,187.23459550738335,10,10
204.69252174836583,182.3035075366497,10,10
204.7552812678383,178.14615079760551,10.053266434163334,10
201.5915496472735,183.8563077161421,10,10.162841794945848
198.70012548380998,178.41584226489067,10.16234490132885,10
198.0875571493525,185.2666103541851,10,10
197.65806488436647,179.9207818210125,10,10
197.506106761517,186.2671863734722,10,10
196.90638483267531,181.0419747531414,10.056844513429809,10
191.44532564026304,180.12681141495705,10,10
195.77751897070442,178.85923174023628,10.34196385639018,10
191.686961439671,184.33489954071592,10,10.730318375481147
198.39962284008047,187.84177910341813,10.293822974022362,10.25140507908675
195.54295945378274,185.48916761540104,10.298088123998202,10.094145984198061
195.0945263602874,180.26085332036018,10.267740999793498,10
191.14436194044538,176.79313495755196,10,10
186.97943731886335,173.510332959918,10,10.023676180784278
190.35139581304975,177.62176802754402,10,10
190.02643134933896,173.04841235280037,10,10
186.98109200340696,178.15021994709969,10,10
186.57745235902257,173.47519353032112,10,10
183.98604744416662,178.44959595799446,10,10
186.15023463708349,173.69816822316412,10,10.046514679865766
180.83923203614032,173.15916034579277,10.014226652692003,10
185.54914849740453,173.39128348231316,10,10
180.1821097705979,172.99632409214973,10,10
179.65447926265188,178.32717326283455,10,10
179.30267420154996,173.80320075154305,10,10
179.11466324073263,168.7902527153492,10,10
178.82890584808774,173.29954388737679,10,10
174.85061290604062,169.37440565228462,10,10
177.44350149971433,173.88404062390327,10,10
177.20934939128347,169.0318320095539,10,10
177.05321144801565,163.9766094982624,10,10
176.8330149773974,169.50079515576363,10,10
176.6872160558123,164.55892446637154,10,10
176.60020712506957,169.72826650738716,10,10
176.4078328658361,164.82100799679756,10,10
171.35684800636955,164.93328496068716,10,10
176.2957756568212,165.33037846535444,10,10
172.25126290810294,161.61444633454084,10,10
176.03630257141776,165.89354341477156,10,10
171.99428320419975,162.13756173104048,10,10
166.97007227432914,162.64388724647065,10,10.149633581795285
166.87080050003715,157.91958647221327,10,10
167.0190301288385,163.22210007160902,10,10
164.43964604032226,158.76780203086201,10,10.236301464794792
164.26123312604614,164.56559846403238,10,10.149181041080997
164.1623274211306,159.80169182270765,10,10
160.05796350282617,156.3900516539013,10,10.232725623409834
163.74461067956872,160.91547783111866,10,10.186785645378933
159.61045206827112,157.48860424441625,10,10.414476147641135
163.34282101434655,154.15762391731928,10,10.517185970231072
160.58408440393396,159.72270397396036,10,10.428140664077816
160.47233269852586,154.97804259677525,10,10.07540714403401
164.2271580521483,151.57790354216758,10,10.166338005171964
160.04540632409044,156.07532146815026,10,10.115640680123096
159.99633342889138,151.3466302981259,10,10.00483053817721
159.97222950984724,156.67056065052748,10,10
159.9215112507809,151.8691676184535,10,10
163.8870588124264,156.13802741559854,10,10.147243632028278
159.82438381318934,152.88122626786682,10,10.242882422700445
159.72372189466842,147.98170667141676,10,10
159.6822397254873,153.21196561306715,10,10
159.60884153773077,148.29393773525953,10,10
159.58538808044977,153.54876332730055,10,10
159.51633057114668,148.64050107449293,10,10
157.0951374482829,153.83671002835035,10,10
159.56796893593855,149.23004830546438,10,10.321487279390112
154.4051209401805,149.64561987798302,10,10.305495229743137
159.69554814812727,149.9350301096577,10,10.418822438570174
155.6516357373912,146.46234290765724,10,10.53201205100612
159.8929048490245,150.82488948275218,10,10.510069650022771
157.25325378892012,146.26614819241158,10,10.476314742911008
152.04136023041792,146.75864454812012,10,10.434236577029996
157.37130579468794,147.12758094428426,10,10.507049598128681
153.23698648926802,143.70565004023868,10,10.637575415314057
157.4987886857707,148.1360780214906,10,10.599200608205754
157.514926814707,143.43848022350684,10,10.167551035105856
155.10518064466305,148.70687265047286,10,10.14884021681838
155.18122122553177,143.99012311547995,10,10
160.2048194196541,144.45408049294502,10,10.107627733167988
155.1454622533638,144.92314060866698,10,10.091218767764856
155.19071854022332,140.17073058336973,10,10
151.13241899874993,144.42630437199458,10,10.057149808919746
155.13841427234001,141.03917590228136,10,10.242034113458473
151.08118952182122,137.59249028622477,10,10.442583366048932
155.33857811358757,142.00015337173375,10,10.460350838219465
151.2086104240734,138.55377354236535,10,10.64369696851388
155.51243723300286,143.02815749301678,10,10.628291074352148
155.58247688529082,138.31701451493151,10,10.352621898991922
151.3730762314517,142.4890619000971,10,10.344871847593827
153.82318571326323,137.95967562900438,10,10.620842761666514
148.52338960883208,138.52515594701487,10,10.584021820813048
153.88088968512602,138.93605495161745,10,10.70009026096399
149.67344263312407,135.56336802259807,10,10.687852367446364
153.91286257025786,140.02353525263456,10,10.712852341882623
151.20743110892363,135.6029379215593,10,10.657029525090293
145.9404762100894,136.0819725963958,10,10.584558119676977
151.33135488745756,136.4531937145809,10,10.636262540296812
151.26260311272927,131.62216585552983,10,10.186972967261253
151.20880408701487,136.99704920500517,10,10
151.14331707474776,132.16395794600248,10,10
151.03018062678166,137.76089607924223,10,10
150.90157035854645,132.88592135161161,10,10
153.2688041117508,138.44827161403788,10,10.213287374927745
153.1886477631051,133.6490811035037,10,10
150.55747987446375,139.1361886765133,10,10.054913882301122
150.49357169982977,134.23322140425444,10,10
154.2664818179328,130.85328616031785,10,10.154762703601932
150.1843785655219,135.09924694341746,10,10.17195158814734
152.79004806396551,130.52752833592308,10,10.481105928075078
152.6456185739953,136.0204486719334,10,10.19645334351781
152.5236925717909,131.23664962500334,10,10
147.45016094413586,131.69364398006792,10,10.029514729297262
152.61690803733654,132.04226733172356,10,10.112030592075605
148.56598755088635,128.7696048240054,10,10.23876696920628
151.01942654815502,134.03294710569415,10,10.230947991155922
148.413282596739,129.6714157120361,10,10.236809545561847
144.3307153817732,134.0281716746309,10,10.212555242137393
147.0765843030531,129.4525296607963,10,10.490203977753346
147.1543927800376,124.62830116677002,10,10.212938843613555
147.19226590287872,130.0586354883151,10,10.02078159120943
147.23489491385408,125.22456055134535,10,10
147.27137824636884,130.49729423969984,10,10
144.78771731001325,126.02313936138026,10,10.122527934434572
147.35823151213117,131.35401431353625,10,10.148513587678757
147.44709966075607,126.56935101002455,10,10
143.42673203838058,130.9363281435097,10,10.035418673093147
146.08679888141342,126.41345726602212,10,10.395772816679163
142.04992029559799,130.89076710263552,10,10.352171515034396
146.072990154149,127.38194728106892,10,10.414697747217911
141.96661302936263,124.02984777062574,10,10.511339471351345
146.2023493994493,128.4370827942697,10,10.52200560875578
143.63961384189315,123.87966488319753,10,10.560650482413788
143.6441380053293,129.43168687052614,10,10.28088533923854
143.66834351303987,124.62787189731156,10,10.07469349306512
139.61261936905794,128.94174599904412,10,10.091558555591234
142.15466377022676,124.34128330681398,10,10.49535907738062
138.06212541344576,128.78973250570772,10,10.373665338101404
140.63643476250581,124.15235682764614,10,10.685134109080533
136.37384864571504,128.47862920131337,10,10.556106016714367
133.65334960701875,124.04903096581742,10,10.48789617667109
138.99865695717745,124.41487583877505,10,10.585678257309183
133.734643189935,124.83450155478873,10,10.558495228049
129.55956861260347,120.98692659238579,10,10.190229625511126
132.02261611702852,126.62218417781003,10,10.287948135387744
131.9103085536044,121.56288876384497,10,10
129.28574843588285,126.67930760234594,10,10
131.85447092237882,122.21023650095032,10,10.283224485811274
129.24251027288847,127.68792477728128,10,10.06517360148431
129.16032073530369,122.55244030803442,10,10
129.0012252542656,127.86029925197363,10,10
128.93125960114412,122.70206179469824,10,10
131.3493871379178,128.07948508113623,10,10
128.7455384421628,123.6443618504914,10,10.003264001267667
124.61011144402437,120.50023565409764,10,10.070452780163613
127.07662364724092,125.65178360790014,10,10
124.4650344538968,121.32361855357885,10,10
126.98137661698274,126.53932251781225,10,10
127.06620718422346,122.08100428432226,10,10
124.46196819725446,127.25273194164038,10,10
120.48133756103925,124.35502137988806,10,10
120.47109630587511,129.64270248264074,10,10
120.54033428314142,125.31258430331945,10,10
116.49292856338434,129.7156584910682,10,10.034409676565446
120.33994728210382,126.37357021626491,10,10.137097140020943
116.21195655944757,130.80736128759844,10,10.10185428415809
120.05783015373163,127.40540335266549,10,10.23703321936214
114.95606595161371,127.97050424888866,10,10.217071886357918
120.09658890846185,128.3063450047637,10,10.383610255665591
114.95615798118524,128.8930883917402,10,10.337107958755695
120.19085579994135,129.23510834746077,10,10.43711112096879
116.14919930580072,125.99860396900566,10,10.39401517969784
118.6690548050683,131.65388216470444,10,10.45903003921578
118.60330285760574,126.90986850165632,10,10.014078735246141
118.49173844489269,132.21230705827475,10,10
118.45832872274332,127.29258974641562,10,10
118.42363893124275,132.5582719668746,10,10
118.39897873881273,127.62658175081015,10,10
118.36520732822828,132.8923874720931,10,10
115.66075338306837,128.55312724758392,10,10.078560121869941
111.62029375019483,132.9384687570163,10,10.013435879860628
115.5400174993556,129.82617601007223,10,10
111.5160220998805,134.0273065779383,10,10.033689143503665
114.1587349313777,129.60027250582675,10,10.265588746772204
111.79135073604994,134.59044716916975,10,10.035277567058847
114.48204673710279,130.0076312060738,10,10.370925782008088
111.96007837238722,135.33590591737214,10,10.319984345861602
111.96120937517844,130.52637068379212,10,10.016657199496265
111.9524987412151,135.82169993966818,10,10
114.51047713286243,131.23316984673997,10,10.354137479252415
112.00371319777332,136.61408670990807,10,10.314523220079304
111.99285276583396,131.6509860381484,10,10
111.91767103574239,136.92251762002707,10,10
114.47025401494466,132.35485149219522,10,10.30806842357137
111.92684705159627,137.63942946861195,10,10.152962572971806
111.9379691563081,132.6488788947463,10,10
111.87259934167378,137.94147428125143,10,10
111.88156067649834,132.9109309539199,10,10
111.82147910888307,138.2141159400344,10,10
115.7420919209253,134.7503374042161,10,10.137839874218344
111.65032747085206,138.98125931735336,10,10.049912673920385
111.59813863108866,144.35886677354574,10,10
111.56334443460219,139.26688011735678,10,10
111.50491098756902,144.60195644944906,10,10
111.4620468027424,139.51481112092733,10,10
113.88367122481577,144.7234445437789,10,10
113.92074780981056,140.3700199946761,10,10
113.82117745350115,145.6179152354598,10,10
113.83201176370494,141.2834826335311,10,10
113.6798764213454,146.48474081605673,10,10
113.61674081231467,142.17286308854818,10,10
115.89740859414451,147.23525293916464,10,10
115.76636694814079,142.8636794909835,10,10
115.51787700201385,147.9150834903121,10,10
115.39395635272376,143.5443354472518,10,10
120.54950587893836,143.8619356851828,10,10.074022198507805
115.41475885058753,144.24739968398558,10,10.052238755040438
120.60604350711219,144.52984229720315,10,10.07756021128731
115.42705695773475,144.93678700291264,10,10.031453189986024
119.39959757472388,149.16043781563403,10,10.129810629789777
114.28512947703712,149.62670737870118,10,10.06856767102915
119.3790473237168,150.0127236064053,10,10.17717262292376
115.32361977244727,146.70215089148698,10,10.016080523005767
117.75518839503638,152.01982107013464,10,10
117.69393384526484,147.09918298572302,10,10
117.49955371092074,152.31432857364416,10,10
117.43804992805235,147.39317550510168,10,10
117.24816435645334,152.603710077703,10,10
121.10407608817331,149.19073331165396,10,10.040798712609558
116.99490994284861,153.4630943850256,10,10.09538267243364
120.91303724120371,150.22878470271826,10,10
120.92360822740011,155.41306223720312,10,10
120.84141545626335,151.06983771175146,10,10
124.95399766298942,155.4229959980329,10,10.02882136689027
120.92706971499138,152.07591373355424,10,10.201299818729645
124.88099365564995,156.26282157748938,10,10
127.29811363550834,152.08160781362517,10,10.189552123370476
127.19027659180574,157.40112151950598,10,10
127.11986993136816,153.07260122150183,10,10
127.06496629002504,158.23792733997107,10,10
126.97840820881538,153.9019688591361,10,10
129.481476894347,159.05720891803503,10,10
129.44024760532193,154.6843642219901,10,10
129.44004779677198,160.16322364658117,10,10
132.00047140936658,156.01927633124836,10,10.043206596608002
131.82490634541318,161.29031743854284,10,10
131.8630231134157,156.84904088824987,10,10
134.34615809838579,162.02928390353918,10,10
131.83687336365983,157.3661087974906,10,10
135.7994220964174,161.71753305230558,10,10.01719848744034
133.21289164941118,157.36624708026648,10,10
135.7287524453859,162.48725309222937,10,10
135.6734439990978,158.11582412570715,10,10
135.56808964531228,163.27062740176916,10,10
138.03182284157083,158.74650766180753,10,10.28539253320696
137.97985012824938,164.0567587837577,10,10
140.461772039489,159.67098567542666,10,10.338828893358823
137.88670523460314,165.0357121682281,10,10.046600295878536
140.47301466758654,160.55906391074564,10,10.292897032095851
140.38146304334805,165.9877981171012,10,10
140.50282484288618,161.55824031680822,10,10
140.43592432881997,166.72621192783117,10,10
140.53047813470766,162.2239312157035,10,10
144.41801871354983,166.3307165130973,10,10
140.30983342225954,162.74285797667494,10,10.116733746886439
144.23010100419924,166.94545854752124,10,10.032863629363753
148.04735507066653,163.5729261336497,10,10.045180425490635
145.4601298719208,168.94094057346155,10,10.027615443571989
149.26285995538638,165.5933102643258,10,10.139322747634548
146.79311551149294,170.82040115910942,10,10.009306302305554
146.71885045613453,165.82332100719213,10,10
149.26287206257985,171.0073281750083,10,10
149.15013213451311,165.99493326991796,10,10
151.6451329737465,171.29361929744482,10,10
151.61175387720868,166.43604864925146,10,10
151.54141486059234,171.60598244518042,10,10
151.48345955456898,166.7223178371787,10,10
151.4319176524441,171.93963541835546,10,10
156.5309543460171,172.30590144191228,10,10.132356799760572
152.49518154557154,168.75788647700023,10,10.096175044404063
156.3265368788998,173.17718124919293,10,10.104178403155867
158.8794147818844,168.57855731520706,10,10.357812265085117
158.7576336189668,174.07675624521065,10,10.196474524706861
162.50525896991894,170.53309206944243,10,10.205156216392183
159.83556192363903,175.77250867952574,10,10.047887670603046
164.68714683498547,176.13289793431667,10,10.189332130553165
160.51938837017224,172.7212315277809,10,10.399251609731905
164.23789041484997,177.18776280010152,10,10.342423119656058
164.02657300974533,172.4075979217887,10,10
167.89312870051072,176.7498339638114,10,10
167.62519142772362,172.0907467827201,10,10
168.3725758567016,177.47030153125525,10,10
172.09731326247856,174.61025776274562,10,10.535705575196715
169.6060949340026,179.69334504616086,10,10.191899630192442
173.0603004470031,176.8092569336295,10,10
176.99894724036858,181.7901204479167,10,11.446290129933914
176.92110974337265,178.02603535345924,10,11.33355017022826
171.11540999138936,177.86130878193484,10.008406492491986,10.746718632910506
175.78275040351502,177.2984203642133,10.041464391995511,10.352837141250914
179.90573365236924,182.598295083399,10,10.566585246214489
175.42353563005892,176.9391290768981,10.181329295047874,10
177.77731592203781,182.90867502312486,10,11.526050357607517
180.996536972668,179.67189304625396,10.078935275296033,11.41455037702315
180.38136332141062,185.94603347997682,10.018707788763578,10.951442162775672
180.6041630829435,185.65124913592118,10.018933484852145,10.950981313209175
180.82696046947683,185.35646792470473,10.019159073161292,10.950520575661292
185.0703532918851,181.77494769571177,10,10.665024637620618
187.58656456317112,187.69977314916895,10,10.311219525383974
187.3254120870988,183.0108928605914,10,10
190.8591890856187,187.13667487353086,10,10
190.3125675837096,182.25325679033995,10.119591356250481,10
192.6306313797395,187.37625455111265,10,10
192.28448837246106,183.66379121147332,10,10.3491281677735
196.70830240268032,184.87319596454907,10.212431486985793,10.672648735932361
197.1472342919464,181.4700065704285,10.174144191226429,10.556646599948621
196.8125700572462,186.82192968577147,10.313254178609302,10
200.4695311709802,184.57883515863915,10,10.457359002842509
203.60716664041684,181.07440783947706,10,10.448617873191857
203.14385416354344,186.471426717937,10,10
206.671006701843,183.1725573465228,10,10
206.4608801826398,187.69200610369444,10,10
211.0546998008649,187.76679068803787,10,10
206.479809187309,187.71363979950547,10,10
211.10603751982853,187.8437949307263,10,10
215.72232999648259,187.7026341717651,10,10.099929248549387
210.24335946883366,187.93510061874986,10,10
214.98465862120793,187.56429416531955,10,10.029684718059798
219.0769001512557,187.3931023068726,10.02400158956263,10
214.25775804366276,187.20510977879167,10,10
219.01489870581713,187.11091202124953,10.14959807022251,10
222.6043621524732,191.7856328328624,10,10.107713604435418
222.16542138899968,186.9540302120149,10,10
225.81889929618046,190.1638144813478,10,10
222.20141305770085,186.7894384227693,10,10
226.54823913420842,187.3155666552484,10,10
230.81643285597966,184.03045838034376,10,10.242514981205773
228.4321059211652,188.53924429044127,10,10
232.56730832900212,185.21614112635757,10,10.167009779705495
228.0456460937421,188.72762381657958,10,10
233.17860784377262,189.0507473293198,10,10.130494419584153
237.05123009528324,185.68691410286607,10,10.354713816674906
233.11716594542668,189.9573721136288,10,10.121736370894087
237.13406982268498,186.5699068540008,10,10.474501973157892
239.65069141234562,192.0825828490075,10,10.377336399770456
239.59178094188974,187.40686671582083,10,10.219252903814741
239.5558654441993,182.65123256668448,10,10
243.40384761239693,187.07528710757765,10,10.124882861573013
243.3272318169038,182.18260416015983,10,10
243.1956802680652,187.8164814375341,10,10
245.5549320056598,183.46339964811028,10,10.175728970388178
245.3962994291942,188.98620304092765,10,10
245.3042621686618,184.09535774216056,10,10
249.27485562111542,188.35911311738505,10,10.122761618935812
249.20337300743267,183.43148025497794,10,10
249.12288835640356,188.79342111572623,10,10
249.04522188748524,183.79230293259025,10,10
254.2051173075597,184.11948496120687,10,10.172530166456824
249.10766609753773,184.59527655588255,10,10.231016824212347
254.34639128293202,184.97331020826633,10,10.37699155073297
254.3630243390362,180.1834879781995,10,10.019745408754774
254.33072157572315,185.4818996153772,10,10
256.9367887563567,180.914144263842,10,10.341242094977133
256.9681404791336,186.36164362652633,10,10.109180533915076
256.9851656723331,181.51085793599486,10,10
262.2889381218265,181.8358625105987,10,10.137190944061672
262.30606012600765,176.9545392356813,10,10
267.5293853785406,177.21143819418054,10,10.192510924706824
262.3920276667486,177.57450038092566,10,10.242533678368082
267.6576641108404,177.89025647413962,10,10.384528431351354
267.5706340800534,173.06161236874678,10,10.078851630540349
267.581367243969,178.45369883999228,10,10
270.0939543144341,173.93510978133145,10,10.300806123303119
269.96880333586887,179.4479315403728,10,10.092474845821028
269.9317102999921,174.46263905987144,10,10
269.8657251493569,179.78498813137412,10,10
269.83047214611724,174.77487632259727,10,10
272.4879356966849,170.22264260923873,10,10.387932812154105
269.9616538630362,175.59865666489588,10,10.19656506308345
272.62569490536407,171.33680493457865,10,10.320569312597303
267.3002173052664,171.85905045852635,10,10.322331588256862
272.5459462748404,172.29670842355674,10,10.459061041649484
270.0482720480795,167.55104732488303,10,10.59627442857207
274.33058253391937,171.94033359251324,10,10.628422337037222
270.21857443913177,168.3849497507329,10,10.737850108183427
275.6171449766989,168.82066035533464,10,10.750614749600198
270.3931335554953,169.2874451924129,10,10.715178114918144
275.7630566702719,169.74664091475475,10,10.727220718410255
271.5826262579794,166.31243129388753,10,10.823683993195251
275.7693437682028,170.73182103838198,10,10.709989762690187
271.613974486434,167.30378529606264,10,10.761198748091807
275.71449748142913,163.78264397025086,10,10.731571495235439
271.5605796919699,168.28369953882623,10,10.5976883167639
271.5795758636232,163.47980073186588,10,10.182517638448271
271.5458744177158,168.88056882843375,10,10
268.94905501692847,164.3426350498433,10,10.162137889517311
268.8467976683314,169.68367942795157,10,10
264.7554962271388,166.3995664352284,10,10.04920447436848
260.5034606093104,163.22959383949637,10,10
264.3653890722926,167.56432436488814,10,10.055466851438155
260.1054088705714,164.4944475933667,10,10.009758396495226
260.1156934508617,160.29489621147513,10,10
256.04689681618765,164.62074464192656,10,10.005631744748996
255.83993813484267,160.6447399519384,10,10
253.15618869751052,165.6221888922155,10,10
255.33101222007826,161.8038141883477,10,10.09417833992552
250.3409199425514,162.72092917549054,10,10.159197084855215
246.14473626106337,159.39463888847845,10,10.135560102879664
250.0440005966957,163.89514379971803,10,10.106788821049943
249.92734458386258,159.64164819940925,10,10
247.67691256939725,164.51962461695075,10,10
245.03951861798123,160.14436958806937,10,10.02708896096101
241.13430287777737,156.22297110781074,10,10
244.90316202580289,160.714699287008,10,10.223364129581569
239.91888668476895,161.57987725746236,10,10.336097411580862
243.96310331761197,158.57880064196792,10,10.497546201499187
238.63807012974576,159.00563029241357,10,10.535330153171358
238.62268317300186,164.46768471304696,10,10.048618315078405
238.62725543040142,160.44286438450217,10,10
234.5651526357542,157.2464484833181,10,10
238.40750264185772,161.5482453937496,10,10.015725141234128
234.33532904642925,158.21043836002957,10,10.092982008051674
238.17063807505474,162.55482539826912,10,10.079493270928015
234.11666487711773,159.31021758541465,10,10
229.1491713430296,159.64649665862743,10,10.043886286309885
229.0821222122322,155.40088122710586,10,10
224.88871563035354,159.91934436187148,10,10
224.94600188914046,155.4876694045961,10,10
227.26015627566085,160.79069941863418,10,10
225.11170304003463,157.00412457808852,10,10
220.88305676165328,161.28463118895888,10,10
222.8222209233354,157.31056183204055,10,10
222.70704537066922,152.85117023810744,10,10
222.2803536895226,157.76886337623,10,10
219.67232050928578,153.21484487876296,10,10
219.37194722327695,158.31511848792434,10,10
219.34833210702345,153.8311569057405,10,10
219.03298810120032,158.9664713703096,10,10
219.00808874699578,154.46399181708694,10,10
213.95317761036858,154.59905498847365,10,10
208.76829067799554,154.87596064433455,10,10
204.78533498379693,151.39917969615908,10,10.129234904316036
207.15947596165643,156.2922711931169,10,10
203.14069763752923,152.7800107050905,10,10.042966944680785
208.23261515233025,153.03335655760927,10,10.288577886280146
203.09297672841058,153.46155305338698,10,10.24712481085864
197.91811434361443,153.8725536808517,10,10.240717215806963
201.90999142262444,150.39151234369004,10,10.351976487725477
197.7969400081347,154.74904124686392,10,10.251070636028603
197.83547762218222,150.37494849786162,10,10
203.08950641933188,150.7483271833456,10,10.111064153175278
198.04340151134238,151.3625344792532,10,10.024135729267783
195.72372749629722,147.25682451948524,10,10
195.59129628720984,152.53731014952064,10,10
195.58443709085986,148.11670830473304,10,10
193.09014459322498,153.29669668897986,10,10
193.05969588454172,148.94834377989173,10,10
193.03716870020435,144.5932541154325,10,10
193.00573170925782,149.85591128095984,10,10
190.40058768536255,145.38728430494666,10,10
194.46107447888062,149.6237174677815,10,10.148410529799094
190.31398261334107,146.38848201601357,10,10.158784120407685
185.32136071468994,146.74114670951866,10,10.222071111704834
190.5482603385608,147.08812588102566,10,10.289878606360215
186.63807976986573,143.5777677159588,10,10.063544651154604
186.54420457030938,148.80990701541305,10,10
186.68450061227486,144.48075395449996,10,10
181.49122945214913,145.13691645488143,10,10
186.4338463916938,145.5328350905187,10,10.000753525672934
181.2407049312751,146.02461048588157,10,10
177.1307286396186,142.7512983227456,10,10.014646672768492
180.62866226579354,146.60937973484397,10,10
176.76021973039315,143.4219479225576,10,10
176.71628305684135,148.6522464416921,10,10
176.7614248282771,144.4583191536367,10,10
179.28292684625194,140.16644687594527,10,10.094951182274912
175.25102214883373,144.55811163223873,10,10.111180309214351
177.66170196603343,139.92935464802474,10,10.294530840752726
173.40998249124095,144.44639981647825,10,10.140977536926778
173.2057713157992,139.63498398289084,10,10
175.7352667934756,135.05920313945535,10,10.401245066997944
173.0504261143069,140.45474814851465,10,10.23099416783685
173.01097803558514,135.38959547504783,10,10
172.86518793548748,140.73728033527732,10,10
172.82409244771407,135.64274021610618,10,10
167.82993513341353,135.9674339555204,10,10
173.0168696045439,136.29970565033537,10,10.114244342494374
167.88398653264449,136.65294539555907,10,10
173.06158071751997,136.92297814544654,10,10.099079516895301
167.93293672795699,137.3099383674562,10,10
168.11673369999335,132.891182359308,10,10
164.10157838459418,137.11681693419814,10,10
164.1753253191273,132.71446030959487,10,10
164.0401274710457,137.96140664443374,10,10
164.11466322089836,133.56098883971572,10,10
159.9472747817199,138.01223047343905,10,10.009803490976196
162.5246740355651,133.68227046355605,10,10
157.4341312422912,134.0479564331472,10,10
162.63441810752556,134.56993737444282,10,10
158.647566892163,131.47377100214362,10,10
162.61090169097588,135.52031603083014,10,10
160.03481898452446,131.54829540476203,10,10
162.60235271598503,136.74038686975837,10,10
160.18868956710503,133.06408777460456,10,10
157.72236333038018,128.7747175865535,10,10.012309330569906
160.21263561393425,134.02650299295783,10,10
160.18935296866402,129.77021255716681,10,10
155.1058969292353,130.1633680583899,10,10.02818986587431
160.26101396414742,130.59658148548456,10,10.17166095899638
155.1048555168818,131.09168648102968,10,10.114192431090476
159.01665518614755,127.66284367069602,10,10
154.98588631484017,131.91054817661643,10,10
154.94404466259584,127.04526039585471,10,10
154.8370962645422,132.2788185738027,10,10
152.1907580401312,128.0292555816955,10,10.076347854636793
156.2731769587408,132.357048769515,10,10.118670834161353
152.24426441449032,129.25574440282315,10,10.216339153116355
148.1986215617071,126.07516766078548,10,10.233393115554716
152.37070350903377,130.40151536486835,10,10.279481581900715
148.34563236492977,127.18339095079371,10,10.278364401291451
153.56454592007503,127.62259187356742,10,10.45866073308167
148.39348726528988,128.10143544378514,10,10.349636386282548
148.44709399896965,123.3356313072145,10,10
148.46071788198606,128.53494733199477,10,10
145.9504418028082,124.24772352010287,10,10.001941672856077
148.44684978849546,129.4494295611857,10,10.047270549857885
145.9380030286993,125.08224379771873,10,10.050817606271801
150.11245962507383,129.36338705922228,10,10.149034470715907
146.08351036436216,125.63184630892212,10,10.057177654970992
151.21541830427304,126.02568264629669,10,10.251290992871384
146.14722963697568,126.47290175347861,10,10.259522685123759
143.61302515394345,122.05972608621617,10,10.199197231318553
143.54503225065127,127.46083026751876,10,10
143.61318615353957,122.47933107241988,10,10
143.5757603598322,127.71566825732589,10,10
143.65087358183519,122.74900394305587,10,10
138.6188897294487,123.22860764112889,10,10.093091745737809
141.20399014181748,128.5068144657568,10,10.129506847092323
138.565969387957,124.01986068477787,10,10.280339114555574
138.54975005886809,119.15491473302245,10,10
138.46537046782032,124.39852368459105,10,10
134.50329547277943,121.13524662243864,10,10.027744309851698
138.39018421522633,125.51410038220928,10,10.096547219692757
135.78627233854786,121.20071528723969,10,10.025930667993755
135.6924119209434,126.3520439825952,10,10
135.75118693611876,121.88328158482909,10,10
135.661431259432,127.03110205754638,10,10
135.79304400733963,122.57240283116698,10,10
130.70573703102127,123.01695708339275,10,10.029395435653896
126.54342500022904,120.08209115156774,10,10.107529932970916
130.65359870246903,124.35245796665549,10,10
126.57093850425736,121.25656869657608,10,10.153636335874154
130.64058915428177,125.55029662456674,10,10.211936247715105
126.58571902565018,122.1469225801184,10,10.224928328463577
126.60394631042436,117.98327943310142,10,10
126.47931825085834,123.22527715191245,10,10
122.3681536810036,120.00289261046328,10,10.017120538586823
126.44586717053608,124.20408471426663,10,10.100412142747698
122.355004419529,121.07984760279186,10,10.082187528416963
126.2573252813454,117.71927973255515,10,10
122.24651490613178,122.1987747810781,10,10
118.2440630094643,119.09392535045582,10,10.005713647011163
122.31797992154316,123.40054499191092,10,10.032751272975467
118.2380119459267,120.42356392368674,10,10
122.26867591305927,124.74668944133913,10,10.06210677566935
118.23823987408832,121.79313441738486,10,10
123.19861232205585,122.13958574374942,10,10.082812161933816
117.97453986569599,122.61046435712882,10,10.149287051874241
121.79139005109027,119.32880789135744,10,10.048410644732908
116.7200413839455,119.76441315120584,10,10.137465821084852
112.60562478467182,123.81125544578327,10,10.027353714992731
116.46134220524982,120.78114911541343,10,10
112.45108448430256,125.11191627010703,10,10
114.9937161104317,120.654741702195,10,10.243831214376314
114.99495207886503,126.08373805508018,10,10
115.0600667111139,121.10053702816367,10,10
115.03976446013257,126.36347123607993,10,10
115.05862602959678,121.44638272747397,10,10
115.02263485263393,126.72128030285239,10,10
115.02903138562397,121.80468818172812,10,10
114.99966854690865,127.09096833691001,10,10
115.01535178437189,122.10949632152915,10,10
114.95990201547102,127.41236754879355,10,10
109.94102498605207,127.93024654595035,10,10.160855436663269
115.31053659036115,128.33315273273405,10,10.309081027439888
111.3266105325456,125.12278534249971,10,10.3298858076034
115.64351030900434,129.49551481466634,10,10.389494879322402
111.59184166505293,126.05029823959013,10,10.559314073023394
115.90867992951826,130.5063689626963,10,10.567237552958506
111.79600998475507,127.0888882557487,10,10.717844184749225
115.84503885819868,131.46424323910682,10,10.661277513321057
111.71256395890669,128.27254003248112,10,10.680208676328336
115.95839068009809,132.78130596797357,10,10.65637111076337
113.31705876901106,128.60596394259608,10,10.44877135567117
115.98101636483625,134.04358888802173,10,10.493727534766155
113.38254901483015,129.89532297138427,10,10.282440192320841
116.01691958024458,135.30208112283825,10,10.312805496468581
113.443841424727,131.20388895952226,10,10.141075351664977
117.44023796632246,135.4137127081823,10,10.22538655643232
113.35606667115644,132.25574798488884,10,10.255078286344421
117.37934109284834,136.50742484525398,10,10.28877958117814
114.73913785531477,132.16904047612468,10,10.220484537698464
117.32256218507246,137.45096458392987,10,10.204115951604656
114.74326249673322,133.03015499337485,10,10.214615595361185
117.32018658235029,138.33446953199896,10,10.254486006943527
114.73470779969648,133.90972567863102,10,10.251282063288796
114.70396786085621,139.32208126410842,10,10
117.28671150557057,134.8319246273686,10,10.314158412029428
114.89472537390247,139.8149911120775,10,10.127664686691247
112.33162742010609,135.46756952694275,10,10.160396574612076
114.9021657025005,140.75121032584747,10,10.152633790889556
115.01715277037874,136.46987694129348,10,10
114.96110333032266,141.66077154502273,10,10
115.04112986005202,137.31402223929763,10,10
114.96891049570695,142.5696527324617,10,10
112.36056021875993,138.2936855669896,10,10.103755085949047
116.43304423517839,142.5037187700937,10,10.097224751518162
112.31962565607682,139.27968188144794,10,10.242651891846858
116.40837506479875,143.58769505745263,10,10.251730444012228
113.71834329790727,139.15563256331143,10,10.258988595746796
116.14937857813493,144.53863755938684,10,10.077558071369431
116.20396651230112,140.1876365505159,10,10
116.0572706451203,145.26839416846633,10,10
116.11202968559519,140.89080780372024,10,10
115.92725890777365,145.98195093497634,10,10
115.95875732130662,141.58591097220778,10,10
115.80773998326913,146.7984911762178,10,10
115.77938452265516,142.36943357810378,10,10
115.60609316728369,147.48972814902663,10,10
118.10307168863073,142.7956628009099,10,10.18204549115535
115.39212560556189,147.99193018302321,10,10
117.87626051805273,143.320726910325,10,10.17255428862154
115.1687722196366,148.51369112357497,10,10
117.72947549722448,143.77474597632187,10,10.087868970348524
117.48872972927347,149.11129635199904,10,10
114.89154912433878,144.54023187980056,10,10
117.22359515629068,149.68786972388625,10,10
117.19863295643881,145.229396995157,10,10
116.9272944638069,150.44252460822463,10,10
116.59494832246855,155.66584127768874,10,10
121.64214709489897,156.02160768836177,10,10.051549444507828
116.59698203294829,156.56887466382122,10,10.025401452260478
120.53707578867034,153.16155218705535,10,10
120.38428865461901,158.2879126034677,10,10
116.28499685316638,154.95971943061193,10,10.030440777626808
120.1289564230974,158.8710343800485,10,10
117.71745954542712,155.07380532845855,10,10
120.0682910540636,160.25903426852796,10,10.074408300281107
120.10309974192933,155.83949327096343,10,10
119.9206659579213,161.04694509133697,10,10
119.78981267749623,165.95282315835357,10,10
119.72052189796523,161.68121909722686,10,10
119.6193030038412,166.67395448312163,10,10
119.56377676963166,162.45879220589995,10,10
119.47187107890204,167.45513486489654,10,10
123.38401144831732,163.9514114819467,10,10
119.13739985316352,167.78262686356902,10,10
123.11923068850592,164.3334140740335,10,10
120.57939595072821,169.0609006844461,10,10
123.15383309214667,164.39592170342803,10,10
120.6310991653736,169.1269030533731,10,10
124.54268807261542,165.42689895257354,10,10
121.87586802332953,170.30479192361236,10,10
121.85965208611742,165.8681540451944,10,10
121.62730908296362,170.9749631844461,10,10
126.65986275575415,171.3984760004166,10,10.056914866887894
121.67262911699072,172.00400899203257,10,10.13770660307731
126.7485444535996,172.6043096964464,10,10.28036846272044
122.5553152551438,169.5133049037397,10,10.098842643928485
125.05926895044104,174.9707036576167,10,10.121566117009472
128.778354882219,179.32008703726459,10,10.116439112962748
126.15238976381079,175.191183237446,10,10.02965747920141
130.0459706773545,179.42032156141664,10,10.075113512534575
125.9835093011643,175.8810021662876,10,10.160513853695988
129.69795560739294,180.2588122305005,10,10.175932734364427
127.00767230890051,175.8404389836017,10,10.117827543591734
126.86817327044264,181.13481732830405,10,10
130.70431271097914,177.79017516400097,10,10.11518574157003
126.58968439600721,182.22801525076147,10,10.091240683100299
130.56450596354262,178.80087868581154,10,10.139294235210883
130.4174236496474,184.23644730076194,10,10
130.31772369793907,179.95983168110251,10,10
130.16414119950787,185.35342928394675,10,10
130.0381226902391,181.16937109455466,10,10
129.9077216898586,186.36307188495994,10,10
132.4784585749294,182.4849257133901,10,10
132.3123708283092,187.59851833805442,10,10
132.38048305264965,183.24680181965232,10,10
132.2370091741468,188.82330225564306,10,10.048428495083954
132.19524616278068,194.10733553394675,10,10
135.90509456671134,190.8858847282827,10,10
131.77425188101188,195.2737262387906,10,10.08033695273906
135.81690353430167,191.85327264294028,10,10
135.5869400677766,197.1995312832296,10,10
135.5504900430824,192.81474324688315,10,10
139.11384954206005,196.75350495800376,10,10
135.19822444669262,193.47565456852317,10,10
138.9706832384254,197.98988582887543,10,10.00837028874372
138.97648576409847,193.6244897507131,10,10
138.68401781232387,198.88045021519065,10,10
138.60113615305454,194.63555332645774,10,10
138.35121658952266,200.3325376175344,10,10
142.12267593057186,196.99198004230857,10,10
137.90348676354915,201.32707163318992,10,10
141.7119808545831,197.960681643337,10,10
141.60402923585207,203.27008077129722,10,10
144.0712466812256,199.20463362244553,10,10.156306380375497
143.98093478889496,204.57097908481956,10,10
143.83125079185993,199.61045261844993,10,10
143.6533083817485,204.86237713322043,10,10
148.59096192331344,205.23591335932153,10,10.136856204375874
143.46317719430954,205.60012616596066,10,10.256064787379074
148.61533116312057,206.01912290134263,10,10.28225575579739
143.39145564050705,206.48712830802683,10,10.30524845051999
148.57240723581344,206.9251075520631,10,10.263407792247026
153.64026783914596,207.37500205880335,10,10.37926678615947
148.50874661417038,207.8469345895838,10,10.300551282189026
152.5004944703105,212.3159744885435,10,10.158642672624152
150.20199583978683,208.9778630398214,10,10
150.07061541588337,214.0390669964254,10,10
153.70438492805988,218.38211918966982,10,10.021504790146878
157.45319903404743,215.04956843402587,10,10.044091118939678
153.25868809731037,219.4077555797994,10,10
156.967932110143,215.94430724732752,10,10.132211301174266
152.82463586838276,220.48014146075332,10,10.085419468866121
156.52472484619648,216.87502823627594,10,10.150561059880214
156.32347684116394,222.09105822071433,10,10
156.2174616134289,217.93110176548362,10,10
160.92181589962274,218.68213444880672,10,10.08793860063895
156.9602148807171,215.4590424711513,10,10.115667432048436
160.7291872775677,219.89056298109705,10,10.00976275706659
160.5663049644354,216.07863899692893,10,10
164.23422030867368,220.53435326278034,10,10.122763553563288
160.36189822615415,217.5633976124227,10,10
165.18157653273374,217.77032170817256,10,10
160.29663304747373,218.31500444933772,10,10
165.20942811430723,218.4408906660974,10,10
164.94911087812216,214.2987893782556,10,10
164.718142000449,219.43373715505004,10,10
166.74527284265787,215.47831284627318,10,10
166.5694108283642,220.73046862706542,10,10
168.50279977680475,216.86951171979308,10,10
172.35648682476312,221.3841611893512,10,10.233067355744595
169.45575144649774,216.95979634033884,10,10.077897479489513
173.33788302303583,221.42188200330725,10,10.201671176135752
173.34005351639644,217.24115669354796,10,10
173.2158664417948,222.5831710062921,10,10
173.15040850914374,218.35853397473693,10,10
178.45499015129462,218.79351023543182,10,10.06689981454008
173.49403071678535,219.2221083305776,10,10
178.64591956413642,219.65334195448895,10,10.087020974776351
178.75967990882054,215.3874580822885,10,10
178.71575213871256,220.93792175874114,10,10
182.78934909305826,217.59173744752303,10,10.094159241332676
178.66392566166178,221.98382089382812,10,10.227793252042815
182.7175507684733,218.44317674264312,10,10
187.54580403766886,218.6912408525053,10,10.190979879736233
191.50072814426676,215.41808287217412,10,10.428039286748678
187.64813901386515,219.90412748982556,10,10.123223572869136
190.1316018243815,225.54259372387898,10,10.212306539027473
193.9659330984141,222.41147749242066,10,10.352072914602765
193.86303970865265,227.94340543619188,10,10.113189127616263
193.8705835793662,223.40160608291626,10,10
198.8004365418601,223.74729838967323,10,10
193.81562905055762,224.15907183289528,10,10
198.69651989681006,224.369240924716,10,10
203.71190695506812,224.66798940077683,10,10.005994413787903
203.79089776468754,220.38275809586048,10,10
203.69171617967368,225.46577210724354,10,10
207.64470551950217,222.0245477849893,10,10.154180974830751
205.34160707933188,227.04993768036366,10,10
209.23541186792136,223.54977698624134,10,10
214.16646169168234,223.75824163854122,10,10
209.19659827691794,224.02024863660336,10,10
214.275706038301,224.23835331201553,10,10
219.14458344918967,224.4462134987116,10,10
214.1133558605361,224.64183267951012,10,10
219.0701887462783,224.80814509803383,10,10.038709387891913
218.9120974395919,219.85296194255352,10,10
221.3055198047805,225.1202425211668,10,10
226.23174546701193,225.25991562008858,10,10
228.6943023060012,220.89256351336763,10,10.107773022951164
228.4907456938672,226.0747130215168,10,10
232.56420198125124,222.81737926602364,10,10
229.9520665709424,228.0,10,10
233.95726457280398,224.25891375541687,10,10
238.70318046254397,224.25304700620472,10,10
243.63968721074343,224.26833314169198,10,10
238.55408635777712,224.48020638991147,10,10
243.47479549092532,224.50565375108272,10,10
248.34602323216677,224.43317648489028,10,10
252.42143216771365,227.92861727952828,10,10.142765440943435
252.26617585164786,222.86713886260986,10,10
252.20462284651876,228.0,10,10
256.04414163199544,224.0398874282837,10,10
260.00452671614767,227.92707996582027,10,10.145840068359462
262.53531036940694,223.25147531547165,10,10.267320670326207
259.78119431105733,227.96469313661098,10,10.070613726778074
264.95732699004293,227.91408207366788,10,10.171835852664257
268.9511395510781,224.43886333248062,10,10.152367004930131
272.8723243292916,227.91666714186013,10,10.166665716279745
275.4185217436898,223.35460597508887,10,10.28965508473436
278.02807841864706,227.8496217386552,10,10.300756522689593
275.4425717410195,223.40894985198975,10,10
279.2630094107735,227.6908631324768,10,10
