51.5,53.5,87,290
132.5,137.5,89.0,284.0
135.5,134.5,89.0,289.0
140.5,134.5,87.0,288.0
148.5,135.5,78.0,284.0
150.5,133.5,78.0,287.0
155.5,134.5,81.0,286.0
157.5,133.5,79.0,285.0
159.5,137.5,80.0,283.0
167.5,134.5,74.0,286.0
166.5,135.5,82.0,279.0
169.5,138.5,75.0,279.0
172.5,136.5,78.0,279.0
174.5,137.5,76.0,277.0
180.5,139.5,70.0,273.0
176.5,139.5,78.0,276.0
182.5,139.5,76.0,277.0
181.5,140.5,78.0,278.0
185.5,141.5,78.0,271.0
186.5,142.5,80.0,270.0
185.5,140.5,85.0,275.0
193.5,145.5,79.0,267.0
198.5,146.5,77.0,271.0
200.5,147.5,80.0,266.0
198.5,146.5,85.0,266.0
205.5,148.5,77.0,263.0
208.5,146.5,76.0,266.0
209.5,147.5,83.0,266.0
211.5,148.5,79.0,263.0
214.5,150.5,81.0,257.0
213.5,145.5,82.0,266.0
221.5,146.5,76.0,262.0
224.5,147.5,70.0,259.0
224.5,145.5,81.0,259.0
228.5,147.5,78.0,255.0
234.5,147.5,71.0,255.0
233.5,148.5,77.0,257.0
236.5,146.5,74.0,256.0
238.5,146.5,77.0,256.0
242.5,148.5,70.0,254.0
242.5,148.5,75.0,253.0
242.5,149.5,73.0,247.0
248.5,150.5,72.0,247.0
253.5,152.5,66.0,245.0
253.5,150.5,67.0,246.0
256.5,153.5,66.0,242.0
260.5,152.5,65.0,240.0
255.5,152.5,73.0,244.0
257.5,153.5,79.0,240.0
260.5,153.5,72.0,239.0
262.5,153.5,73.0,235.0
262.5,153.5,76.0,234.0
260.5,153.5,77.0,238.0
264.5,152.5,81.0,237.0
264.5,152.5,79.0,238.0
265.5,152.5,83.0,235.0
267.5,153.5,78.0,235.0
269.5,150.5,78.0,238.0
272.5,151.5,79.0,236.0
277.5,152.5,78.0,236.0
279.5,152.5,76.0,236.0
282.5,156.5,69.0,230.0
286.5,157.5,64.0,225.0
287.5,156.5,67.0,230.0
291.5,156.5,60.0,229.0
290.5,153.5,66.0,227.0
296.5,157.5,57.0,226.0
290.5,157.5,68.0,227.0
288.5,159.5,74.0,223.0
296.5,160.5,65.0,222.0
297.5,158.5,68.0,220.0
299.5,157.5,62.0,221.0
300.5,158.5,64.0,220.0
301.5,159.5,64.0,218.0
305.5,157.5,62.0,221.0
304.5,157.5,64.0,217.0
308.5,160.5,61.0,211.0
309.5,160.5,62.0,213.0
306.5,159.5,72.0,214.0
307.5,160.5,68.0,214.0
313.5,160.5,60.0,212.0
314.5,160.5,62.0,208.0
315.5,160.5,60.0,208.0
313.5,159.5,64.0,207.0
316.5,158.5,67.0,207.0
318.5,162.5,66.0,207.0
318.5,161.5,65.0,204.0
322.5,161.5,65.0,203.0
322.5,161.5,58.0,205.0
320.5,161.5,66.0,207.0
322.5,157.5,66.0,212.0
320.5,158.5,67.0,212.0
318.5,159.5,76.0,208.0
315.5,158.5,84.0,206.0
317.5,159.5,80.0,204.0
320.5,160.5,77.0,203.0
327.5,163.5,68.0,198.0
327.5,163.5,71.0,200.0
331.5,162.5,61.0,201.0
332.5,165.5,64.0,196.0
333.5,163.5,63.0,198.0
333.5,163.5,64.0,199.0
335.5,163.5,63.0,197.0
337.5,162.5,61.0,197.0
338.5,163.5,64.0,195.0
341.5,161.5,60.0,201.0
342.5,162.5,59.0,197.0
343.5,164.5,61.0,196.0
345.5,164.5,57.0,193.0
345.5,163.5,64.0,197.0
344.5,161.5,59.0,196.0
345.5,167.5,60.0,190.0
344.5,168.5,66.0,191.0
345.5,169.5,66.0,186.0
348.5,169.5,63.0,189.0
349.5,168.5,62.0,187.0
346.5,169.5,66.0,186.0
351.5,166.5,58.0,195.0
349.5,168.5,63.0,191.0
351.5,167.5,63.0,187.0
350.5,170.5,67.0,187.0
350.5,165.5,61.0,187.0
352.5,169.5,62.0,186.0
354.5,166.5,55.0,187.0
353.5,167.5,59.0,187.0
352.5,170.5,60.0,182.0
350.5,165.5,65.0,181.0
355.5,167.5,54.0,178.0
357.5,167.5,52.0,180.0
359.5,166.5,53.0,178.0
357.5,164.5,51.0,178.0
357.5,168.5,55.0,173.0
356.5,166.5,54.0,174.0
355.5,166.5,54.0,168.0
358.5,166.5,49.0,172.0
357.5,166.5,51.0,171.0
360.5,165.5,54.0,169.0
358.5,165.5,51.0,170.0
356.5,167.5,54.0,169.0
360.5,167.5,53.0,166.0
362.5,169.5,53.0,163.0
361.5,168.5,52.0,165.0
367.5,170.5,49.0,164.0
366.5,170.5,51.0,162.0
367.5,169.5,49.0,165.0
372.5,169.5,51.0,167.0
375.5,172.5,46.0,164.0
372.5,171.5,54.0,164.0
373.5,171.5,54.0,167.0
379.5,172.5,50.0,163.0
379.5,170.5,46.0,167.0
381.5,169.5,45.0,164.0
378.5,171.5,55.0,164.0
383.5,173.5,46.0,160.0
385.5,172.5,45.0,162.0
385.5,174.5,48.0,161.0
385.5,174.5,48.0,159.0
384.5,174.5,49.0,158.0
384.5,174.5,48.0,159.0
385.5,173.5,47.0,159.0
385.5,172.5,49.0,159.0
387.5,174.5,49.0,159.0
387.5,176.5,50.0,158.0
387.5,173.5,47.0,158.0
385.5,175.5,52.0,155.0
388.5,174.5,50.0,158.0
388.5,175.5,52.0,159.0
389.5,173.5,50.0,157.0
390.5,176.5,47.0,150.0
392.5,172.5,45.0,155.0
393.5,176.5,46.0,156.0
390.5,173.5,49.0,152.0
386.5,175.5,55.0,149.0
391.5,175.5,48.0,151.0
394.5,176.5,47.0,149.0
392.5,176.5,48.0,147.0
392.5,174.5,51.0,150.0
394.5,174.5,49.0,150.0
396.5,174.5,46.0,147.0
400.5,172.5,39.0,149.0
399.5,177.5,43.0,146.0
397.5,173.5,46.0,150.0
401.5,175.5,45.0,149.0
401.5,174.5,43.0,151.0
403.5,175.5,38.0,148.0
405.5,175.5,40.0,145.0
404.5,176.5,40.0,144.0
406.5,177.5,38.0,148.0
406.5,176.5,38.0,145.0
407.5,179.5,38.0,142.0
408.5,178.5,38.0,146.0
409.5,179.5,37.0,142.0
411.5,178.5,36.0,142.0
409.5,178.5,38.0,143.0
410.5,179.5,39.0,140.0
409.5,181.5,41.0,139.0
409.5,181.5,43.0,137.0
407.5,179.5,46.0,141.0
409.5,179.5,44.0,141.0
407.5,179.5,47.0,139.0
410.5,179.5,45.0,140.0
413.5,179.5,40.0,140.0
414.5,179.5,41.0,138.0
414.5,181.5,39.0,134.0
416.5,180.5,37.0,134.0
415.5,181.5,42.0,131.0
414.5,182.5,43.0,130.0
416.5,179.5,41.0,131.0
414.5,183.5,40.0,128.0
413.5,180.5,43.0,132.0
416.5,184.5,43.0,126.0
415.5,180.5,45.0,131.0
415.5,181.5,43.0,125.0
415.5,180.5,43.0,130.0
412.5,182.5,46.0,125.0
414.5,179.5,43.0,130.0
416.5,180.5,43.0,128.0
412.5,183.5,44.0,122.0
412.5,183.5,45.0,123.0
419.5,182.5,37.0,126.0
418.5,180.5,41.0,124.0
420.5,180.5,41.0,125.0
418.5,182.5,44.0,124.0
419.5,183.5,41.0,121.0
420.5,183.5,40.0,119.0
419.5,183.5,41.0,121.0
418.5,181.5,42.0,122.0
417.5,183.5,43.0,117.0
419.5,184.5,40.0,116.0
415.5,182.5,48.0,120.0
417.5,183.5,46.0,117.0
421.5,182.5,38.0,121.0
419.5,183.5,40.0,118.0
420.5,180.5,41.0,118.0
421.5,183.5,37.0,119.0
418.5,183.5,41.0,116.0
420.5,182.5,41.0,119.0
420.5,183.5,43.0,118.0
419.5,183.5,41.0,114.0
422.5,184.5,39.0,115.0
420.5,184.5,42.0,116.0
424.5,184.5,31.0,114.0
420.5,187.5,39.0,106.0
422.5,186.5,35.0,108.0
420.5,186.5,38.0,113.0
422.5,187.5,36.0,109.0
422.5,186.5,37.0,111.0
423.5,187.5,32.0,110.0
422.5,187.5,34.0,109.0
419.5,188.5,36.0,108.0
420.5,188.5,38.0,109.0
421.5,187.5,35.0,111.0
422.5,189.5,34.0,108.0
423.5,187.5,34.0,108.0
420.5,189.5,34.0,106.0
420.5,189.5,40.0,108.0
420.5,190.5,36.0,106.0
424.5,189.5,33.0,106.0
422.5,190.5,35.0,102.0
421.5,190.5,33.0,105.0
424.5,191.5,32.0,104.0
422.5,191.5,35.0,102.0
424.5,191.5,32.0,101.0
421.5,191.5,34.0,101.0
424.5,191.5,33.0,100.0
423.5,189.5,34.0,104.0
425.5,191.5,30.0,100.0
425.5,192.5,29.0,100.0
425.5,193.5,30.0,97.0
424.5,191.5,30.0,102.0
427.5,191.5,30.0,102.0
425.5,192.5,30.0,98.0
425.5,192.5,31.0,100.0
426.5,193.5,27.0,95.0
426.5,191.5,28.0,99.0
424.5,191.5,31.0,100.0
428.5,193.5,29.0,95.0
428.5,193.5,28.0,95.0
426.5,193.5,30.0,94.0
426.5,191.5,32.0,98.0
426.5,192.5,29.0,96.0
428.5,194.5,28.0,91.0
427.5,191.5,30.0,96.0
428.5,192.5,29.0,94.0
426.5,192.5,29.0,93.0
427.5,192.5,29.0,91.0
426.5,193.5,28.0,88.0
427.5,193.5,31.0,92.0
426.5,194.5,30.0,89.0
428.5,192.5,33.0,93.0
426.5,193.5,30.0,87.0
428.5,194.5,26.0,88.0
427.5,195.5,27.0,87.0
430.5,192.5,27.0,91.0
429.5,195.5,27.0,85.0
430.5,192.5,28.0,87.0
430.5,194.5,27.0,90.0
427.5,194.5,29.0,90.0
430.5,193.5,26.0,89.0
428.5,191.5,30.0,91.0
431.5,192.5,25.0,89.0
432.5,194.5,24.0,87.0
429.5,196.5,26.0,87.0
430.5,195.5,26.0,88.0
432.5,195.5,23.0,85.0
432.5,195.5,21.0,84.0
430.5,196.5,27.0,86.0
429.5,197.5,27.0,83.0
429.5,195.5,29.0,84.0
428.5,195.5,28.0,87.0
428.5,194.5,29.0,85.0
428.5,196.5,28.0,83.0
427.5,195.5,30.0,85.0
427.5,195.5,29.0,84.0
427.5,196.5,30.0,81.0
428.5,194.5,26.0,86.0
427.5,196.5,28.0,82.0
428.5,194.5,26.0,86.0
428.5,194.5,26.0,87.0
427.5,194.5,30.0,85.0
425.5,195.5,30.0,82.0
426.5,196.5,29.0,82.0
426.5,195.5,29.0,82.0
426.5,195.5,27.0,83.0
429.5,196.5,24.0,80.0
426.5,196.5,27.0,79.0
425.5,194.5,27.0,80.0
425.5,194.5,30.0,82.0
424.5,194.5,31.0,83.0
426.5,195.5,26.0,77.0
425.5,195.5,28.0,79.0
427.5,194.5,27.0,82.0
427.5,196.5,28.0,80.0
427.5,198.5,25.0,77.0
424.5,196.5,28.0,79.0
424.5,197.5,30.0,78.0
426.5,197.5,27.0,76.0
424.5,198.5,28.0,76.0
427.5,196.5,25.0,78.0
426.5,198.5,26.0,76.0
427.5,196.5,25.0,77.0
427.5,197.5,26.0,78.0
426.5,198.5,27.0,76.0
426.5,198.5,26.0,75.0
425.5,197.5,28.0,76.0
428.5,197.5,25.0,76.0
428.5,199.5,24.0,73.0
429.5,198.5,23.0,76.0
428.5,199.5,26.0,74.0
427.5,200.5,26.0,73.0
427.5,201.5,25.0,72.0
