51.5,53.5,87,290
55.022826482767414,54.6984598019626,88.16139545060287,287.9528440278955
57.658276154386186,55.340751440539975,87.8803394758956,285.6117425536811
59.181072172064006,55.90646936963543,88.77185023518717,282.8151223168662
64.80018441049187,54.71417930407455,86.48725143734757,285.0691140059008
67.94371262844895,56.21183955318662,86.51744859106353,283.5670631896072
69.66557248852354,58.54994076898254,86.2811518426398,282.57494779605554
73.84114528944583,56.662396269076055,85.65926573176202,281.33982437445127
75.70955508457737,57.65567611912746,86.81834877516593,278.2667845336624
78.28635376747455,58.43414262246759,87.97709977515527,276.61264581359086
81.90909420923735,57.15956851288624,87.8211507901282,277.01500281304226
85.27423843661558,58.09572080733176,86.28930145661809,277.5917767840267
89.09952780459939,56.50566888295862,86.03185445359114,276.6216621459871
91.37432089961221,60.99470120563717,85.91306250260968,275.2110427787977
95.10624042895711,59.92887683161723,83.94999305909325,275.79233728451277
98.10675033269807,60.538483023584035,83.13503415706785,274.96777553868264
101.06983562038977,61.94484301445311,82.20832284834705,273.39808336322653
104.42751598870805,63.189536429257146,81.10665964054961,270.95044396954586
107.89832153715173,63.30383315290567,80.58959526225965,269.63695169278867
109.01340948813223,65.99695271857735,81.18924023165182,267.85704581721313
111.56364341083058,66.56974163177273,81.16487035149558,266.72066576423424
114.89519562205444,66.19549166737102,80.67730589944578,266.4427774054934
116.8382117574012,67.91687872631576,81.06064942983872,264.7969256136919
119.70467970143511,66.52843114629155,80.7966905162582,265.04990572132635
122.3178540530061,67.93493695813777,80.34610389426246,264.9900753167349
125.70805958915797,67.75911249315661,80.11083451888865,263.4090239703224
127.60594281467345,70.77234579408287,79.87898999626344,262.0138096572882
132.12163377574163,69.36684387607244,78.99809502023305,262.5727995715714
135.00696755831245,70.92697157516034,77.82057807078355,262.8470084277749
138.08372644251622,68.71804355785045,77.94785683023855,261.9713006196212
140.14239188394086,67.90618071658832,78.71934945660558,260.58888082485055
141.34283296396336,67.89749679969668,78.96956221004322,260.39469669435084
145.68385445285014,69.7041492258156,77.34828879022257,259.92519138549375
146.691315433491,66.58754603665545,78.15199728586526,259.4512873588458
148.17170627949946,67.91140674029799,78.76318414929881,258.88233492014285
149.08858356324066,66.76940417843457,79.79761939352292,257.8343033102424
152.01538790477997,66.02383783472476,79.99202868911254,256.6317399756283
153.71419938029527,67.46687736336008,79.22793254014495,257.15784467995434
156.54988142343925,65.13746380105182,78.76532299334673,255.49370475211114
158.42448039530848,68.05176070194659,78.97867688180736,255.5171550558514
161.53025693777758,72.07622785196169,79.03389082186304,252.26436571813198
164.2755379813919,71.21731280028902,77.53397628903201,253.13968214101925
166.88766746635227,73.06456253969253,75.91314759025994,252.2981158306235
172.92480809969442,73.62439226637738,73.74306497012105,253.86399109290625
176.49873091778045,72.73703788950337,72.38852949935423,252.76566679993186
178.49737994977193,74.76437476915852,71.40529741628254,252.10835837227134
179.61877762786077,73.20370198199424,70.71457351224568,252.52812890578264
181.02053231029186,77.0185968556284,70.43548321667366,249.46731556079703
183.31768496940998,73.42353387119883,70.42691703417964,247.3767332166679
184.87792924396143,76.87178174970629,70.30008464352397,245.85958192300137
187.50658903841253,74.2946865788402,69.9473575686599,246.21063639284634
189.50320583941823,73.53074201012421,69.92331742520562,245.62807073253356
191.36637599339983,76.47509625237433,70.58291957634886,243.98226357325916
192.32265801718705,77.17876907718019,71.40645667928709,241.6790284030023
193.49729804840098,75.43942867363153,71.07310345478035,242.89524730938857
195.21826487553585,74.81441332270137,71.35172486757301,242.67984226791697
196.02154725419598,73.4785080172269,72.23605442787968,241.18008305464716
195.95557674110609,72.99316850275127,73.84737153171145,241.60240042454842
197.09458382462037,73.45808533099336,74.06308624079676,240.77519038720345
199.11125849836685,80.54413243109815,74.88349427474304,235.19836920487717
198.8862832327521,79.0280665697451,74.87379282914873,233.96215175689844
202.605711516714,83.83433615400489,73.09772989754697,229.89034449526974
203.99689651866723,81.33362511826442,71.69591337760353,230.78671695661274
207.50611351761654,82.15966365656695,70.68387615018216,228.46706303054708
207.95523601404312,83.95242515053751,70.57371548550364,226.9623603646427
211.06484165117652,83.362823916453,68.97844467907127,228.2899806483778
212.96981453498523,79.54196972373495,67.81625143487608,231.08056856185954
215.28359651268119,81.35355322799549,67.0625785946728,230.78605727309554
216.501238533528,77.32192732724988,66.49418200319732,233.65254126757992
219.81866447299387,77.46401568679863,65.47694296301071,234.38604650477362
220.8485463633786,83.61449603662709,65.32085938758641,231.2319125491963
222.69315716075363,76.15448796084004,64.32790635133858,233.0967138188734
224.0541969310073,83.48874873326949,64.0035066165868,227.94129575912194
225.8391974511138,77.18499804764272,63.735945027591505,229.09710741022167
226.45415586824936,82.91084349238626,63.603326577033144,226.28187014927462
226.5612252462924,74.48379931224815,63.211800762212214,228.3509977627857
230.3624753849702,73.42565875881942,60.15336548348333,233.9923748092794
233.6890160817398,73.11244330450464,58.905441656014645,234.91248719044887
234.7059743558384,72.14736222686942,58.032344757513755,237.078416039669
235.37932327313808,71.8770239573844,57.81051626953305,237.48397755121138
236.87573154307165,72.67498985436161,58.127975522741494,235.99192386790415
237.24445974045423,72.36854432400217,58.14449469817823,235.69859449252684
239.3050901950399,73.99408485768811,58.07622517923518,234.6732152340844
239.0894192381192,74.19653562490178,58.013901308479134,234.40756017833385
240.2036455876528,79.39995667795452,57.97004181009553,234.20085330324645
242.92769685121496,84.76785461206727,57.99877882536014,233.68985945223287
245.06037794837326,78.18779885187551,57.996720864594586,233.66785923250407
244.08024818072892,84.05156784214654,58.006244592464434,233.53729181012852
244.94855626514305,80.21296615379887,58.00226380247375,233.47584581853772
246.7974709333089,82.29676518707504,58.05141465641921,233.05961245993217
246.74126429175723,82.13979238438114,58.02480527628685,232.99397557082267
247.50289132379692,82.19786601981615,57.98812872304121,232.91794804106465
250.01662609361688,78.8019529583856,57.96593061818519,232.8943530594946
250.62064665549198,80.71929329072742,57.94124017669362,232.7999027166951
251.90925145775773,74.17680181360386,57.468931647525274,233.20485484818832
255.26361783946894,80.9381835592086,56.892367177102145,230.71929514573617
256.2470341451882,76.31627027591199,56.38831170341991,231.14037829649686
256.0017291399099,76.64989955252777,56.19696089282476,229.61867678920188
257.30460304177495,73.81292368279732,56.23945556269699,228.63285184104072
259.0086613637639,78.08549950170598,56.202164924654745,227.26017220334546
258.5401060769918,76.98528542836613,56.064186281966734,225.10714862120437
260.8728947836171,78.37655345960671,56.213444893954126,223.06376451337408
262.47194746086797,80.53106524815496,56.07813207904889,221.24494074058362
262.63145211027955,82.48079570310192,55.921225688121844,220.2835229482129
263.44597102482805,80.54470534990223,55.90708642145618,220.02962361844894
266.4864837871289,81.42099851443851,55.69227851007461,219.65211501383317
266.66777772962706,84.06950561565255,55.62809308350763,219.45698756067267
268.27605199503364,81.71070955683695,55.53855442131635,219.3774500472614
269.2646457848613,85.37812644515384,55.412480041848724,219.39010515078508
270.5052788750981,88.294709651932,55.36391568747073,219.35565194447364
271.0660122723672,90.7472694140512,55.28271671805919,219.21753834064538
271.65625853749697,88.95540842834593,55.263807015367696,219.155076106047
271.80207978019604,86.50958779395678,55.255811620166156,219.14119836618883
272.4955092504358,81.41151418682205,55.24906067853448,219.1320004266497
271.92364189697616,84.67366090847413,55.24761861715096,219.07162900711873
273.0813730199557,79.17070489178876,55.24401335628401,219.0673348179553
274.1067271552192,81.11128883610813,55.24378831253318,219.06637303740982
274.9435183446273,79.68408095782964,55.24317551341354,219.06417205850843
273.7979015215792,80.16495701433982,55.242967718927524,219.061326476822
274.1632105709271,79.59344820643881,55.24272187031185,219.0109916317628
274.49475499846767,76.40552865903149,55.22802467925884,218.9619249495999
274.63121856395856,81.34157318156666,55.21696951201651,218.82656838743972
276.5525636523966,76.90526183898845,55.195847108959306,218.76162050069672
275.1626314537574,81.64184429554321,55.202402752270444,218.60186920758233
275.37706885958187,78.82609389221926,55.0230893994476,218.29226798633715
275.9427254048451,80.58976465808568,55.02926670065248,218.2297005863792
275.047606032244,77.42052919215965,55.02816366423836,218.21525432386483
275.0445893500119,76.4870717103305,55.02495415413236,218.120353572687
274.89694948308977,72.06717882542068,55.01037857586765,218.108312674721
275.9047609618756,73.89453823940178,54.998742215357225,217.59318482538123
275.4874259475364,78.5779338478559,55.019025280191244,217.08672514381234
276.0380073717964,81.20407894681632,54.91318728175357,215.67986913473428
276.58036908030067,72.16863664100075,54.83067758125209,215.70238719973457
277.4678236952396,75.99004194642032,54.595288615046144,212.66487749221574
275.9987219932626,76.90834180948121,54.52999918681618,208.64868825612996
277.0004528988094,77.74751427785012,54.03025754002174,205.88801440379615
277.1524547329923,80.73378963908587,53.752284698969504,200.74241154919497
277.9930678569324,84.89896101408195,53.531206904801806,195.92348928756036
279.0422305351129,81.74324318611947,53.27153010610384,194.60456815485006
280.42496486361654,74.64198005891002,52.78903402333043,195.64631445626603
283.65945189354727,80.70790344341023,51.20515985131689,196.15816542591307
284.023783934994,75.96360763416115,51.414065625067096,194.65311042270713
286.10525408405863,78.90030133471839,50.144794455355886,194.09382281025842
286.8354466041176,79.08236875257987,49.59100756596811,191.1781671501031
288.73438761989786,80.8528818062453,49.103690767638106,191.39608293158142
289.4390908589853,77.70206440906739,49.46169838248076,189.91125398844946
292.4654458322368,82.19255477653239,49.0028771955908,190.10587330539934
293.9800337389203,83.96897225894986,48.08256068283721,189.6799287614781
295.38433273653027,80.35780185032533,46.38387424862959,189.91819498613683
297.0533121726824,80.76381754635918,46.03505922474449,190.19862208062614
297.7907179627738,84.8937269776254,46.374106511253366,187.7948866111906
299.7042565512451,81.5757990046385,46.13274200559057,189.04458742868542
300.5790138781043,83.44971132508874,46.25010490771929,186.56012185760915
300.91879676772305,82.33237752250264,46.38055391281797,186.52196207592527
301.4536678672976,81.60653260901033,46.43970330092624,186.67132307791294
302.6078199826457,82.95407468962719,46.414578353372164,185.2095031245192
304.6914096683932,80.10700213397396,45.753754505940236,187.46148333790694
305.41674801817334,85.43417584479832,45.595731605437,185.2674315934433
306.2040484964824,85.8626574951289,45.93199857827744,185.52650423104507
306.3835399262048,85.68473232526668,46.492187588587456,183.4747904075615
304.57030867470075,87.2116203644367,47.01841296047673,181.31456353309414
305.0033179655463,87.47606932053384,47.30600436985935,181.02558419559068
305.15030673407495,86.31979271437669,47.76139073203295,180.24425890029084
306.3927174224869,87.22898288739592,47.64803336926238,177.90904685821891
306.0542788174486,89.56880170052852,47.1400342565927,175.29497100334652
307.9546318731947,89.75997785823921,46.094844674183726,175.25928225236873
307.66331972125494,83.89211102972911,45.97808744777838,177.60077076168386
309.16959621682184,86.64138184607336,46.7887933334451,177.63863230816406
308.0979042311059,86.86250429798108,47.250377177847696,176.57743489160754
309.18153520911994,90.56391285501617,46.973039032778374,173.50385953016186
309.6167121482148,89.57529773470812,46.74884414783286,172.41803091762856
311.19715634895806,89.41717946939241,45.97391131847461,173.2713076222674
312.59585039138636,87.56676506242368,44.76434996243883,173.79898661206238
313.1769134113388,88.39511185257884,44.375772108359314,174.22958808714148
313.58017214900434,87.693018847709,43.775956954796,172.92874961606145
315.4714469578778,88.2483547554385,43.180334655622175,173.44550561699344
315.1759085452067,89.29024762938838,42.90719735866892,172.31343957038382
316.27601949863566,87.72386825847494,42.125659695966846,172.7733319677588
317.8381232914243,88.39339315242809,41.86439242182148,172.8751280269823
318.058961449165,89.70586900698746,42.040018404885906,173.181812174492
318.14121533069493,89.2576201909479,42.75833816219652,172.38934102891454
320.2613202396724,88.14424548166444,41.94562811535985,172.03653732019265
321.34650948090723,89.45847493571733,41.73003569513071,172.218740204842
321.6711954804864,88.13226095008596,41.99613340203089,170.4651022352478
320.63500672971855,90.95603455527012,42.5799466507132,169.11631400849154
323.2231488468728,88.58225012198419,41.95118496126554,168.0736864563012
322.2626519778833,90.09880883010058,42.06788566278367,167.31705209899786
324.0892576054781,90.14950445057508,41.708588010423014,167.32165313799567
325.08095883423226,90.27844987669107,41.63228134282403,167.65240142589278
325.63999493499296,89.76082762380429,41.85713325934469,168.12087001365944
326.5273435643984,90.64620058596243,41.84260121507242,166.0718284531661
327.23306855204316,91.26814082607584,41.83906039467478,164.667546077297
327.10208646586295,92.1405613204219,41.5816913236652,163.7775256976976
328.03310873404246,93.2669419822548,41.79148063625934,161.20905978991007
329.4702136480658,95.03193330274797,40.88649561881303,160.5622186665629
329.72813200705616,93.25404681869291,41.4687900806418,158.6570999110402
329.8725362192572,93.59690084501129,40.92056096331907,158.47471368486143
330.29526308933606,95.89316855542236,41.15779519713749,154.76044793643308
330.79503258763384,95.66854370296446,40.79327085374783,153.70682112119204
330.4506548854623,96.62983062018588,40.88052991924657,152.3460284547332
331.0684979488207,96.67534381073062,40.57315019330563,151.718735985158
331.87762674631034,97.71232157370484,40.33512898557924,151.8786678932153
332.22856043553895,96.55085611502324,39.565753602516274,151.43305246772877
332.34161215611897,97.62759074703747,40.053878612608166,151.01487015476536
333.4011482997943,97.9403999036588,40.009918191254826,150.13355217716838
334.35753047207066,95.76006296613454,39.767096821746364,150.58131725972117
333.48383260889364,97.26324055099046,40.10697869121258,149.93429775094378
332.9788620603752,99.02454115768629,40.36419835937827,147.51670657020594
333.58412893148943,97.85110445405527,39.87809887370355,146.46721338124604
333.5252615927637,96.55876090478795,39.67609772609322,146.08794507740643
334.8720478549331,96.41504318004573,38.92225560756185,146.64793379198562
335.75342832940555,96.22691664238785,38.612862368730525,146.0229419646906
336.1059588783531,97.3186897783703,38.82214993273497,146.23353522100024
335.8093476405013,98.91570664099496,38.97387749652938,144.44024796048024
336.6678917839754,100.34885840948107,38.19710290644247,144.03262624533113
336.12091221643755,100.9376449383752,38.65999053358743,142.24522107952208
336.2252005281104,101.38909027418313,38.71705512270509,141.46757177691524
336.439642094433,100.87209728120692,38.35669817610891,141.42835145736382
337.4650121000114,100.21790662559783,37.77908290746003,140.99444191412795
336.80032927108147,99.19546274374926,37.935443580464266,139.99044504762185
337.2789192968524,99.90916678028958,38.032173545936,138.3445553444543
336.672018841774,99.3856974421629,38.25798735501478,136.7048973887039
337.96325013185157,100.27803896207205,37.43756348259275,137.06785529241282
338.63977900108665,100.92371789639395,36.93228162064459,137.69798260939217
338.03616357600254,101.03502010401053,36.94971626147748,138.01338974506234
339.4767268002917,100.91969023627206,36.592094308519854,138.62694590387912
338.93904290926264,100.69697703886479,36.66016946228976,139.03411148861647
340.21708671064727,101.73282161023565,36.63393091194973,138.6370087611656
338.489171415922,100.28129166292325,38.146270996181734,135.90691903191953
338.9701682105085,101.24617913439863,37.42586598463685,134.47807284854366
339.34661015381977,100.39382707267377,36.87303686276195,134.7438838922357
339.8561565134993,101.31275051020626,36.574234565842524,134.30749051219635
340.13516279063987,101.8292272628895,36.292086761708205,133.48781346759665
341.25359419766795,101.53481657862818,35.98677826512643,133.59020270101416
340.47468277117935,102.52790938262082,36.08263591481837,133.28992374166475
340.9938215179387,102.36116056732406,35.97823171708368,133.31191724666317
342.3796261572979,102.51457721514858,35.614738063746856,132.85776090885983
340.74524563350883,102.80637415297349,36.36984917083413,131.89797583438417
340.36785348104644,102.80908858417358,36.53566394708389,130.91721572513111
339.6514992683081,102.45114216805155,36.582895068101905,129.74853724351715
340.444241146942,102.6151944052489,36.0378549696629,129.34788525140556
341.10311871529785,102.85570101177521,35.472073104321154,128.61103739928052
340.92058751766785,101.95069976774198,35.67785364971992,128.19530064670062
341.5770512284597,102.69945588891528,35.42682517489838,128.01639144314186
342.2774104035436,104.37522680543292,35.41044460759031,127.60552415348732
341.7987645190129,104.41782433132346,35.83988235128784,126.97923759999345
341.8422286625597,106.9304358247195,35.64318378854176,126.44650395112251
341.3945929791541,103.38447477749308,35.97115936563442,126.5015474597599
341.21150839105,105.51069083143068,35.86393286642184,125.79273879930294
341.08833922500304,105.61842554448504,36.175273781483,125.52894381593251
341.184259783371,106.88541671385182,36.145641013259834,124.35858628837141
340.44412326278547,105.64962743606272,36.57897801927463,123.97417634144719
341.20739454236696,107.33950210344969,35.832627954504034,124.38202156348171
341.22174039616556,106.46687703514107,35.94250508037719,123.15531210918711
341.325474459452,108.24175729245306,35.73230083960597,122.53464185602246
340.80795490453323,108.8737272261946,36.222648684814075,121.50659389694658
340.50208398078024,108.1052009856611,36.31976873809624,120.3415434784622
339.5532328484131,108.72259580828295,36.48784553934489,120.91748536340802
341.1450525439778,106.82813175729116,35.71349646193622,121.2004661139359
340.4657912500651,108.40288771902449,35.96693105423241,120.89180168268726
341.91537258033975,108.56516826738888,35.21918827168912,120.16895355788422
340.7133465433814,108.73162174203085,35.37188398230923,119.49125406375849
341.668825346611,109.46692312624106,35.01251669929816,119.11021657243771
340.93626649936436,108.57124676053498,35.80823054275919,117.60853641925209
340.82747140105835,109.62882909386828,36.052597947222736,117.55784943469914
340.88456992542615,110.066937787299,35.97274600377749,116.399610733932
341.24493116453147,110.33505667915972,35.724000342221075,115.33068194831844
341.8001194130472,111.54394578834888,35.26489900311806,114.30675417568749
342.06325785775164,111.34393296253114,35.09366668725467,113.63939057752134
342.2581563102469,109.9865488858938,34.9717399402213,113.94478520899122
342.81269505027905,111.36297477225925,34.96288337881231,113.28599528776178
343.19359643411383,111.25543524072712,34.97018711844403,112.26028350686241
341.52845810634426,110.78287136720446,35.682959892528785,111.64726918790583
341.4741306387075,111.2979342531143,35.807828630423074,111.6727214094791
342.2497396566047,109.9351178828685,35.2037479504331,111.30798778644531
343.57745803268114,111.96622060207865,34.825816596076834,110.63300082336681
343.42891587928204,110.78138627632397,34.87628331745445,109.62991037110115
343.2897714733123,111.89798022765187,34.93717117622022,109.04773095519309
342.04948755965506,112.23595906818181,35.10735544526146,108.67582729596855
343.3042745364153,110.31441715744342,34.73840911434533,107.5770738066543
344.07530320118394,110.78141180388215,34.54996778402989,107.06928371154599
344.5250942033482,111.68657552074654,34.321491998993054,107.12068113133284
343.4746452184658,110.8855853351803,34.88599275005361,107.41206229458723
343.64658712237826,111.7223633694512,35.233779300409694,106.27606859634571
343.1107486947221,111.78189241761095,35.61243837494127,105.95657167274999
343.161975612725,111.96374896328496,35.1854324201572,105.80162624881473
344.1484597227756,112.70188535934085,34.759797082937084,105.88542361375401
343.36310555790647,111.14184424054727,34.22441534385828,106.05083065373985
344.49514612294956,112.12594531739336,33.45960346082708,105.66194022852515
343.84917400890754,112.73631459760675,33.798506791064916,104.75724602849763
344.3616987534398,112.8579378857289,33.612706138041005,103.45376538242911
344.0871566675723,113.28161008998636,33.74173185073246,102.76223930217557
344.7483814330482,112.22823423650775,33.4954100873434,102.19892250670667
345.232125230952,112.25527130537391,33.44760362337556,103.06685151896059
344.8154596267905,112.16925073719536,33.317086896498836,102.92239789242021
345.204237922951,112.34935917683397,33.22216900895462,102.93544568351498
346.2539212787863,112.98552406312162,32.80173663299259,103.10970120852423
345.8467141825761,112.85045623961514,32.897003918083605,101.96166330397773
345.6704187465489,113.66487416479202,32.58699719349265,102.19294190884705
346.83720042535265,113.01052198853148,32.45587934293467,100.77059290901218
346.11943298549335,113.05801835606401,32.4783892011002,100.48709060537507
346.76079508210637,112.66102763883524,32.038470393463754,100.80186365984873
347.75282504033163,113.55711850905537,31.904453893036436,100.06790290196003
347.28721617061296,113.5739585505349,31.8944952775887,100.21904139974762
346.9048319496899,113.4677477255802,31.891899157877162,100.4897741916844
346.92412885957714,113.37345193304043,31.26069176025989,100.64296128086902
347.2287064978007,114.91217851520685,31.1331325364594,98.93483673458583
347.7222862378872,114.61357766929055,30.780732601612662,97.95945570470822
347.0276628403294,113.89759029010975,30.526592555907932,98.23750289844884
347.67869108042686,113.66629513123668,29.89501710188562,98.00055540253149
348.0466367278128,113.58608177970821,29.55582380516058,97.88304528937292
347.4690344303344,112.81117627642796,29.491844835931428,97.6577921851775
347.465311001173,113.99021240669177,29.710906347722236,96.72439360114065
347.5155587783973,113.7117874589756,29.726874491720398,96.12109797540906
347.06456388817264,114.08482967858771,29.92840878539524,95.96519744989259
346.7294432993038,112.9020081242426,29.83350597261633,96.24733159022954
346.7668668908292,112.93960713429325,30.051666431596203,95.4444029382999
346.4217343166565,113.3451238783221,30.217583678597244,95.12147519436567
345.9865834014173,113.64279730595739,30.22681249195533,94.88045536212442
346.75323711871425,113.82044942209983,29.702252873447215,94.75095823037398
346.32111202826013,113.99364484977059,29.615251249526814,94.96342946514324
346.38733655098446,113.64539483535735,29.084670028871102,95.10203514487151
346.78969119727645,112.3840599287627,28.574743345034598,95.06186807260856
346.63038931535834,113.68569446963238,28.754977012187325,94.3739024595734
346.17720079659193,114.81241390408582,28.624761208571726,93.90972898487735
346.85144332039886,113.38706586925375,28.26988547015434,93.16642662238205
346.76941367193456,115.06657971358953,28.866696154440625,92.99898065978472
345.91382928490526,114.36010133541848,29.11384992148017,92.41234225087415
345.9734529101811,115.20998621742604,28.85882288779886,92.05744341180866
346.1041013466695,114.7504113138419,28.81687690414715,91.99588950746724
346.0951482477422,115.41115326296209,29.004485035862587,91.39527157411638
345.55811113707495,115.15231025646271,29.21068254868956,91.25829056727108
345.5565700568747,115.75515161737707,29.43607642934201,90.60718436159381
346.1975030700064,115.33739847816872,29.128664031141795,89.84681573442423
345.44580185072107,116.1891569304901,29.39729188017391,89.15767058252045
345.47913370200285,115.90326058307667,29.344873767805485,89.26498886752864
345.45451679172896,115.61912740675483,29.071424283805,89.4874133355593
346.2265075145307,115.68762852435724,28.744364167699853,88.75546632524996
345.9085796971367,115.58592547929713,28.678172514069956,88.66616911465567
345.55077501218807,116.55991117809184,28.934137268316995,87.67611832797095
345.8795046730774,116.98151346045725,28.724956463069347,87.52996963949515
345.9442154493396,117.43008311776384,28.658633721158118,87.38961470436423
346.1740962406704,117.4974405614421,28.41761753403768,86.82693545748586
346.16116902552176,117.91637408327104,28.56228468183238,85.94561346501527
346.4126753763503,117.05661135544803,28.23472984517499,85.63424297225126
345.9307559291585,117.92096023582441,28.800984301234646,85.12379274434304
345.9771694098646,118.04468528429908,28.6394244821183,84.3095768621764
346.1981001591194,118.10283784183503,28.456508836126822,83.3290626315993
346.9029832414133,118.25013475612192,28.363221639205594,82.67618766746644
346.34855494262473,118.56127062954869,28.771449002468806,82.07979013485978
347.56419490948065,118.97701389105367,28.57786714691252,81.63541414317989
