130.0332,130.0522,16.2267,63.4185
123.1640,125.8502,16.7381,59.1061
113.2746,120.0606,17.9968,65.7998
111.2811,126.7760,16.3187,58.6661
115.6824,121.2372,19.3962,62.4520
105.5707,124.3003,24.2046,58.3539
106.6783,126.0082,25.3740,61.8506
110.0661,127.3269,25.6748,59.7457
113.3186,122.5898,25.6277,63.0864
114.1529,117.9446,25.7017,64.2178
118.0000,115.0000,25.0000,66.0000
119.4977,117.1747,24.2817,51.3181
139.0849,127.1710,20.7827,53.3556
140.5813,119.9152,27.0143,58.8711
138.4548,116.9789,23.5264,62.1157
157.8301,115.2536,25.5058,62.7907
174.7784,115.3573,21.7427,67.4225
168.6369,110.6456,19.2616,62.6158
160.0139,108.7715,17.7002,67.0295
166.3123,104.9938,18.8014,70.2003
161.3407,110.0308,23.9946,62.0019
158.3076,111.1645,23.3164,65.1810
159.7795,113.8229,21.8650,69.9486
165.1905,122.9669,24.7030,65.2768
150.8441,128.4001,21.4793,65.0434
149.8534,124.1358,21.2613,63.6545
158.0197,110.5400,20.7847,65.4709
152.4182,105.4741,21.5086,60.6058
148.3044,98.2128,19.0142,66.3760
139.2497,94.6078,20.7686,72.2835
140.7304,99.5311,22.9737,67.4543
151.0418,105.1225,22.0444,67.5180
160.1479,106.1523,19.3063,69.9285
169.1761,105.1557,22.0663,71.3706
182.4562,99.6667,20.2975,75.0820
196.7946,106.6266,19.7458,71.5027
189.8439,105.5709,24.1122,69.0752
187.0000,102.0000,26.0000,73.0000
206.2818,108.7544,26.0863,71.5028
213.9243,110.4060,27.1664,71.6690
221.4755,117.2886,29.9089,62.6057
227.6469,116.0395,24.2162,66.7194
230.4813,113.6786,21.3824,72.0898
225.9817,110.9152,22.1166,63.3070
229.4450,109.0555,23.1601,72.3324
228.1164,112.6047,26.7671,73.2871
198.5538,114.8770,26.0774,73.5179
180.1289,113.8748,28.7927,71.0384
178.3598,109.5372,22.9834,77.4957
177.4537,111.7989,26.8716,75.8877
182.2983,100.8704,24.8934,79.3722
183.3371,93.7819,24.9859,76.3527
185.0733,96.7301,25.4885,72.1348
193.0024,102.7218,25.3152,70.4114
197.2316,103.5255,27.5118,71.8170
198.3181,112.0611,26.3739,66.1699
188.3770,111.4174,24.9810,72.2841
187.4986,114.4563,21.7527,70.6364
179.4517,107.4065,24.6157,76.8825
179.8564,103.3884,25.2486,74.9307
203.7707,102.4275,24.6886,74.7975
213.5433,98.2146,25.5634,76.5797
207.7697,104.0059,26.7207,73.3592
209.6989,110.0925,22.8022,74.5855
206.6000,112.8669,23.8100,79.7888
204.0367,118.2717,27.0366,76.3312
212.3506,122.2524,24.8689,81.7357
220.3353,132.7807,24.8345,84.0837
216.2413,141.2791,29.5675,79.5764
199.0186,137.2640,28.4379,81.9091
204.4339,128.6438,27.8273,79.8395
199.7296,128.6378,25.8558,80.2284
187.2926,138.0985,27.5149,72.1805
177.9843,119.0413,25.4160,83.3360
174.5734,125.0219,24.4322,84.0696
184.1134,134.9030,26.1532,81.8931
193.6600,142.9324,26.0400,81.1472
204.2179,148.9607,24.8642,80.4561
211.6337,150.1580,27.5326,74.3084
228.6651,149.8030,20.5197,85.0735
215.2405,138.8560,23.6989,86.1929
223.2814,136.6624,24.7423,84.0852
231.1596,131.6872,30.8608,87.2236
239.3814,130.9372,29.5372,84.0880
249.8897,128.9380,27.5105,85.9766
259.8617,133.7880,26.3216,83.0395
254.7374,139.3131,28.9752,76.5132
250.3086,139.0058,30.1579,72.2164
255.0394,133.0952,23.2812,85.3811
252.9824,126.5990,25.5602,87.6490
212.1119,135.6268,24.9011,83.2734
198.2109,116.8205,26.7482,84.6880
209.0905,118.7943,23.9139,85.3283
212.0955,117.3810,24.2290,85.8336
213.4020,111.5723,28.1909,85.1220
211.4217,111.4467,30.6566,89.3482
213.6321,118.3258,30.4158,89.7010
225.9925,120.0991,32.5300,92.8248
223.7610,126.3063,34.1081,83.6235
219.8118,126.4622,30.1564,85.8467
220.6621,122.2030,29.1807,85.0170
225.1150,121.3212,27.0200,89.4462
219.6038,110.6375,27.3674,89.6184
214.5364,99.9883,30.0121,80.7754
248.8159,97.6002,31.6833,88.3281
255.5922,104.2306,30.1407,76.0853
257.9571,104.3501,28.8159,78.3398
264.2385,103.9838,26.7730,87.9239
267.7290,112.8395,28.0370,87.9690
252.3357,111.4783,27.9485,93.7094
256.3565,115.4837,26.7620,90.1900
252.6515,121.2502,30.5220,86.1162
247.5974,125.1249,30.1252,84.0516
222.7475,123.6626,27.6801,88.2712
215.8851,123.5252,27.6399,84.6872
205.8434,129.2926,24.4682,87.6694
205.3402,127.5741,26.1096,90.0394
203.3152,129.9215,28.2096,84.1764
198.4907,135.1776,31.9686,82.2527
205.3574,127.6327,32.5751,88.4291
225.5037,129.9396,30.2326,88.0208
234.0889,130.9621,27.8222,88.3678
232.5353,126.9639,25.7194,89.7207
229.2014,123.8874,26.9872,92.7768
228.0495,112.5368,28.0911,85.4429
228.3451,107.8005,30.4948,82.3780
256.2388,105.6144,28.1874,82.0731
260.6892,105.9430,27.1165,86.5685
263.0498,112.7780,25.0155,89.4239
258.0724,117.5888,25.3452,86.7075
255.3119,114.5393,26.0261,87.2270
251.0983,117.6628,27.9234,87.7763
252.2546,119.1157,27.7608,89.4940
239.2159,114.8914,30.5132,77.4587
222.8593,115.0087,27.1914,79.2246
215.5642,114.9537,28.6315,80.5476
228.1714,99.0420,29.0873,87.4590
220.4317,104.0031,28.8367,84.2448
226.1436,105.4568,29.6178,79.5614
226.2744,110.2904,27.4312,89.1998
