50.0332,50.0522,16.2267,63.4185
45.1211,41.4974,17.8527,62.0268
35.4969,52.3310,19.0502,60.9291
43.1615,62.7868,19.6357,60.3698
52.6102,59.6401,20.9396,59.3250
35.9653,49.8331,23.0346,58.0407
41.3888,62.1334,24.2129,56.9451
33.9976,59.0606,26.0888,55.6073
43.8734,65.2038,27.1091,54.4460
33.1503,56.6530,29.3306,51.9367
46.9609,58.5233,30.6169,50.2520
41.2200,54.6667,30.3940,49.8148
56.4401,66.9379,31.0346,47.1108
64.7193,60.9783,31.2506,46.2445
61.6877,56.7030,31.4269,44.8002
77.9927,58.5248,32.6617,43.6126
92.7223,65.3808,33.1155,42.7377
83.4305,48.4351,33.0291,44.9429
79.1422,55.6210,33.7478,43.7796
85.7450,54.1073,32.8055,43.3937
80.1759,46.0946,30.9430,46.2648
78.8416,53.8140,30.6065,45.6194
85.5357,65.8602,32.2687,44.3159
85.8795,68.4791,33.1674,42.8502
67.8590,65.6607,32.9912,45.0007
77.2961,75.6580,34.8302,43.4228
73.6638,49.5862,33.0451,46.9757
79.0123,54.2160,34.4445,45.5599
63.1871,36.8590,32.0909,48.2161
66.5764,47.1885,33.6373,46.4150
56.2316,42.2700,32.3246,46.8664
69.4730,54.8527,33.7853,44.8887
81.8789,59.8806,35.4550,43.1397
91.6298,62.1930,37.3490,41.3236
101.3917,52.9471,36.1979,41.9721
116.2241,63.9083,36.6131,39.9311
112.5664,49.1264,34.9632,43.3948
109.6764,53.4733,34.4171,43.5092
123.6450,56.9574,34.7181,43.4649
135.0483,64.6723,36.3618,41.7427
147.2243,67.2356,38.6543,40.5471
145.0208,66.5909,38.4674,40.3212
151.4828,71.3758,40.0470,39.7457
140.7570,58.2913,37.5972,42.3898
150.8022,66.3003,38.4458,40.7969
147.5181,67.6519,39.0152,40.1875
115.4383,68.2859,40.3982,39.6789
92.8162,61.8587,38.5088,41.9573
103.4784,71.5791,40.0898,40.2340
92.9332,63.4377,38.0827,41.8227
105.2306,64.1079,38.6415,40.1770
95.9385,35.8563,35.6457,44.2835
107.4758,52.2257,36.0506,42.7819
117.4844,61.7930,37.5266,40.9745
110.7264,53.2924,37.9314,42.2238
123.8463,67.9851,38.5582,40.9489
96.3226,59.4488,36.4591,42.9969
106.9936,73.8760,37.8103,41.4604
93.7753,60.8182,35.8599,43.3909
105.7430,68.4477,37.0209,41.6811
118.4630,53.5443,35.7084,42.4511
129.3161,63.2716,36.8485,40.2576
135.6373,68.2120,38.3211,38.7180
125.9115,70.7376,39.0233,38.6448
137.2987,81.9980,40.1301,37.2762
116.8202,72.3574,39.6586,38.4940
128.9925,88.3971,39.6730,37.6740
143.6221,103.9835,39.5184,36.6288
136.0061,103.2616,39.4155,37.0148
114.4686,93.4894,39.3042,37.3523
126.9256,98.0928,40.8746,35.8720
112.2515,89.8699,40.7480,36.2770
112.6688,100.2503,41.3207,35.9977
87.4181,79.0827,40.1130,37.5510
98.5151,94.4520,40.2734,36.7304
110.8810,106.1128,40.5391,34.9025
120.7702,116.0904,41.0863,33.6804
124.0657,120.5229,40.0752,33.3997
130.0801,124.0577,41.2375,32.4665
145.6641,131.2314,40.5641,31.8941
127.3831,103.6999,38.8638,33.9857
141.7344,112.9679,38.5219,32.5124
152.8899,117.3829,37.8818,32.6414
158.7937,111.4686,38.1524,33.0753
161.6748,113.3225,39.1628,31.9076
171.0363,115.6121,38.7936,31.0776
180.5158,123.4753,39.1461,30.4550
167.0252,104.5460,38.8848,30.7426
179.0278,114.4651,38.7089,29.6811
172.3346,110.2262,38.6939,29.6973
137.2911,107.8890,38.6939,29.6973
116.5918,88.0604,38.6453,29.7411
127.6196,98.7377,38.2293,28.9211
134.0954,103.4021,37.1726,29.6109
129.1349,87.8985,36.2517,30.4357
140.3825,98.6423,36.1213,30.5050
145.9258,107.1759,36.1070,30.5167
156.4765,115.2814,36.0841,30.5402
152.3162,111.2014,35.9803,30.6873
139.3969,98.1114,35.9730,30.6937
151.5949,110.0780,35.8142,30.7382
144.2053,112.3352,35.8122,30.7386
138.5418,96.5523,35.7884,30.8884
134.8918,69.6655,35.1285,31.9940
146.6785,82.2270,35.1243,32.0712
163.2901,78.3588,34.6821,33.8877
174.0509,86.1151,34.1582,34.0560
186.4958,99.0065,33.6717,34.0816
197.7983,110.1476,33.6663,34.0842
175.8242,83.0541,33.6439,34.1070
188.1718,96.6610,33.7521,33.9374
192.3220,103.2783,33.7532,33.9349
174.8036,90.8206,33.7531,33.9350
144.6555,87.5076,33.7529,33.9353
135.2084,93.7936,33.7602,33.9412
116.6230,108.2932,33.7602,33.9389
129.5175,122.4993,33.5689,34.2206
123.0562,94.9738,32.2768,35.9499
136.6161,107.6503,32.4541,35.2297
132.1010,105.7143,32.4536,35.2300
142.0100,104.8438,32.3378,34.9412
155.0312,114.4279,32.9374,33.1873
156.2492,117.9332,32.9124,33.1980
147.4737,96.9828,32.9079,33.2020
156.8627,106.1644,32.8987,33.2153
163.0617,95.7887,32.8770,33.1841
178.6873,91.5536,33.2616,32.5051
190.1316,104.2738,33.2491,32.5166
188.6460,106.6093,33.2481,32.5170
183.7926,107.9895,33.2480,32.5171
175.2443,95.5513,33.2427,32.5227
172.9903,100.7029,33.2341,32.5545
185.9314,114.0715,33.1996,32.6019
165.2527,98.5582,33.1941,32.5966
150.1059,84.5433,33.1695,32.6264
140.4556,84.7164,33.1637,32.6296
150.5210,97.8900,33.1508,32.6424
138.2919,78.4938,33.1507,32.6425
143.6759,87.5626,33.1168,32.7208
155.1438,96.8260,33.0316,32.7930
