1
334.9120,168.9596,27.9253,36.8642
335.4264,168.7118,27.4678,36.6754
336.7800,168.0199,27.2033,36.2630
337.9453,168.4223,27.0396,36.6041
332.6898,182.7895,27.9883,34.7396
334.0697,163.9408,25.8093,35.5144
335.0702,157.4576,24.2938,35.8445
328.4439,171.6520,23.0588,34.8545
333.6380,166.9197,24.7550,32.2002
329.3928,171.5110,22.1727,33.5807
330.9842,170.8146,21.8985,32.1748
332.6815,169.4497,20.2930,32.1530
330.1323,168.3235,19.8791,32.5498
330.7104,167.0904,19.6913,31.9398
331.0246,183.2389,19.1220,31.6869
318.9987,200.2776,17.9534,32.5958
317.4757,215.6580,21.1654,28.4304
317.9075,217.7564,21.1660,28.4289
317.6515,218.5817,21.1665,28.4277
317.6148,218.6397,21.1668,28.4270
317.0213,218.3299,21.1677,28.4249
318.2097,217.4832,21.1696,28.4193
334.6673,203.3177,21.4344,27.1285
335.5641,217.8238,22.9718,25.3161
335.5534,229.2293,23.7456,23.5648
335.9677,229.6978,23.7456,23.5646
2
0
0
0
0
1
329.5155,160.4589,24.1760,58.8163
329.9323,161.0782,24.6128,57.8747
330.7029,161.4623,24.4567,55.8716
332.0521,163.7262,23.9667,54.0079
333.5980,158.7059,22.1925,54.6189
334.4046,157.1255,21.0023,54.4513
335.0388,156.7171,21.6141,53.7365
333.9073,156.4749,22.9333,50.8434
334.4668,157.8811,23.0754,49.4211
334.6052,161.7657,22.3733,49.3961
334.3285,161.8070,21.2646,51.2803
334.3032,163.0692,21.2814,51.2809
333.6510,163.6153,21.7172,49.6495
333.6793,164.5145,21.8084,48.5162
332.6353,166.5443,22.4294,46.3122
334.9792,161.9227,19.9720,48.8758
335.4653,162.4804,19.2455,49.2391
332.3968,157.2164,19.0363,48.3112
337.2578,163.5733,19.7602,46.1164
337.4634,167.1112,18.7947,46.9179
338.3321,168.6409,17.9848,47.0118
339.5588,171.5471,18.2044,45.7316
340.5121,173.8178,17.4691,45.0675
341.6131,165.7429,16.5035,44.3408
341.3222,170.8467,17.0212,41.0818
339.7085,184.6788,19.3529,37.4362
337.3362,197.4897,22.5691,33.1715
336.6209,211.4520,25.0981,29.9699
2
0
0
0
0
1
327.2386,150.9733,25.6730,67.6226
326.7659,151.6945,24.1801,66.2517
326.3169,149.7308,22.4056,66.0243
325.4718,150.0018,22.1541,66.5097
324.7679,148.5848,22.0331,66.2721
324.3117,151.6986,22.4617,67.3772
324.0418,151.9132,22.0558,65.9552
325.7146,153.3135,21.2791,67.4795
325.6833,152.1771,21.7994,67.1793
325.7099,151.4753,21.6755,67.0275
325.7927,152.8336,21.8117,67.3256
325.4071,151.0828,20.9266,66.3805
325.6621,148.1800,19.7026,64.7111
325.6819,146.7477,19.3854,63.4511
324.6465,147.3351,19.9738,62.3586
323.3321,151.3325,20.6261,63.3881
323.7263,152.1007,20.5494,64.1089
323.9226,152.0747,20.9860,65.8635
324.7482,153.2018,20.9496,65.9085
325.7691,153.0482,20.7251,67.2380
326.1341,152.9052,21.0642,68.5630
326.4733,152.4790,21.0983,68.7930
327.2552,151.0037,20.5347,67.0898
331.9790,149.5959,20.6266,65.7164
331.8570,150.1025,20.6897,64.7840
330.9438,150.1331,21.5545,62.5645
330.7121,151.7163,21.5092,62.8101
335.6293,152.3898,21.0430,64.0929
336.7569,153.0171,20.3173,67.2419
337.6193,152.5625,19.4055,69.2584
342.6488,150.6241,19.0732,70.7570
341.9586,151.0309,19.8013,71.9384
340.7025,150.8618,20.8029,70.6948
340.8018,147.3437,20.3842,69.0877
340.7044,146.4172,20.3903,67.4636
340.4587,147.2211,21.1658,66.1273
340.0901,150.4197,21.0530,67.3948
339.0586,150.9864,20.8840,66.4224
344.1870,152.3403,21.0466,66.7847
344.0590,155.2114,20.0210,69.5990
348.4673,150.4425,19.7576,69.9894
347.5980,150.5067,20.0230,68.9404
348.4594,151.1899,20.1842,69.6332
353.8123,151.7517,20.1485,72.3951
353.6531,148.9035,20.3016,72.2660
356.1236,149.4668,21.7903,70.2273
354.1770,149.7872,23.6519,68.5924
355.7566,148.7488,24.0535,68.0866
357.2523,150.5626,22.4632,69.6041
364.7448,153.4715,21.4517,74.1547
365.4568,152.0068,21.2714,76.5000
365.0468,152.1026,23.1878,74.5044
366.1617,149.8550,23.8676,72.8125
367.4452,149.4684,23.1806,77.0560
367.0036,147.0551,23.2607,75.6833
366.5975,148.1784,23.5283,76.3285
366.3304,149.1573,24.0526,75.2550
365.6696,148.8580,24.5921,73.4440
365.2915,147.5660,24.4513,74.4578
364.4118,145.9977,23.9516,74.8413
371.8978,154.0772,23.7598,76.2074
375.9956,155.6179,24.0755,76.6568
376.0609,151.6906,22.8757,78.9483
369.7509,148.2100,23.5094,78.0069
381.4011,156.1002,22.9957,78.4212
380.9043,155.1720,22.9856,77.6387
380.1622,154.2661,23.3682,76.0385
367.0058,159.7099,25.4531,71.8831
2
0
0
0
0
1
393.0473,163.0683,28.8419,78.7511
392.9514,160.8292,28.3524,77.3762
394.4357,160.3319,28.2434,77.9576
396.1244,161.1700,28.5098,79.6710
401.2616,164.3459,29.7324,77.7400
401.5541,164.5920,29.3017,75.0678
401.8606,165.9589,29.6168,73.6262
403.9727,168.4184,27.9893,73.4283
407.1305,170.0670,27.6431,74.3826
410.1171,168.4270,27.7570,73.6451
412.0938,167.9946,27.8186,70.8421
411.4810,169.9975,27.2676,70.2516
413.1667,166.6105,26.8106,71.1961
414.6508,162.6933,26.1306,71.9894
415.1785,159.0261,26.6430,72.9467
413.4452,159.8085,27.5524,72.5863
411.8733,161.3047,27.8896,71.9658
413.4039,159.9509,26.0119,74.1092
413.6044,165.7464,25.6359,76.3184
415.5691,166.0008,25.3505,78.6009
415.3823,164.3556,27.4788,75.1957
415.4943,165.9894,27.7283,74.1099
417.3134,164.8362,27.3435,74.4100
418.9678,164.3575,27.0351,73.0430
425.2613,167.0428,26.7312,73.3160
424.5826,163.5466,28.1300,73.3351
426.2773,164.5312,28.9059,71.0309
436.5898,167.6325,29.0555,70.5667
440.2499,168.2728,28.2058,72.4367
443.4526,168.8203,28.4096,73.2863
451.7063,168.8168,28.9130,75.8692
457.7393,165.2189,28.6635,76.3217
457.3861,164.5190,28.4929,74.3811
458.7207,162.6521,27.4488,73.5386
461.2823,163.2206,26.6752,74.2750
462.5030,159.6209,26.7186,75.7799
463.3447,154.8715,28.4999,75.1441
463.4385,154.4410,30.0176,72.9823
465.1114,154.2249,29.2335,74.5668
465.5296,155.3139,27.6601,75.1717
468.1467,156.2617,27.4998,74.1200
468.6558,157.1545,27.8344,75.3995
469.2280,157.6640,29.2029,73.9611
468.7805,158.9176,29.3787,72.1419
468.9271,161.5778,29.3470,70.4088
470.4988,162.4759,28.3673,70.1485
471.8745,161.1903,28.8047,70.0325
469.2272,161.7488,29.8210,68.3498
468.8882,162.4502,29.0669,67.6478
469.5004,162.8394,27.6471,68.1658
468.2989,165.9381,27.7332,65.9589
466.7432,169.7342,28.3496,66.6647
465.0524,170.3195,28.5346,66.7817
462.9884,169.8335,27.7934,67.6085
460.7422,168.0943,26.5498,66.7377
458.3779,168.6734,26.2300,64.2609
457.9998,168.1423,25.0666,63.0519
457.2216,166.7243,25.4356,61.4075
455.3257,165.7880,26.1101,61.3251
454.3086,165.6545,26.3440,62.8265
455.6175,164.9879,26.1995,62.8899
456.7274,165.0740,24.0347,64.2760
457.7745,167.5895,23.8366,65.6714
458.0024,166.1427,25.1683,64.2491
458.3246,164.2038,25.8480,63.3325
458.1927,163.0596,25.8377,62.8993
456.7964,163.6943,25.5813,61.3906
456.2862,162.4592,24.5690,61.3495
455.5532,161.8646,24.8132,59.3670
454.7433,163.1148,26.2362,56.5987
453.5059,162.5207,26.1611,55.6385
450.2643,159.5007,24.2505,56.6343
450.8981,161.3646,23.2703,57.1057
450.3094,163.7392,22.9119,57.7247
451.7170,164.0280,22.1786,58.1279
451.6381,160.2225,23.7542,56.0438
450.4803,160.3658,24.8104,56.0404
450.8412,160.3660,24.8615,56.7544
450.5632,162.8639,24.1102,56.6683
450.6245,164.4015,23.8270,58.0538
451.2229,159.7946,22.5809,60.0274
451.0894,159.0122,22.7926,59.2274
451.8329,157.1961,22.2135,59.1980
452.7926,156.2930,22.0951,59.2279
453.6841,156.3736,22.0882,59.3679
455.1082,160.6516,23.3187,59.5730
456.1478,153.6422,23.4487,60.4630
456.1309,152.4081,24.2334,59.7789
456.6444,149.8644,24.8962,60.5942
456.3635,150.0652,25.5171,61.5752
455.7549,151.8913,25.5364,62.8164
456.5468,153.6434,24.3728,63.1036
461.9229,153.1701,25.3492,62.8945
467.0203,152.9089,26.3506,60.7385
468.9105,150.6348,25.0576,60.5519
474.9098,151.8026,24.8619,58.8703
479.7050,153.0545,24.0249,58.5428
485.6936,156.1306,23.2537,58.9737
505.4276,146.4047,29.8456,50.3102
506.3245,145.2456,29.6388,50.4504
508.5378,145.3746,28.4190,50.5507
513.9019,145.7014,27.8701,49.8136
521.6822,144.2411,24.8695,53.5463
532.0405,139.6869,23.1782,57.3161
531.8253,139.5524,22.6953,57.2011
536.9804,135.2240,22.6378,58.1056
537.5205,129.2606,21.8953,58.3572
538.1192,128.7077,21.2638,59.3992
537.8753,129.6561,21.6687,59.3255
539.0516,127.6340,21.5874,61.4574
542.6987,130.0372,24.6672,57.4016
537.4755,127.2684,25.4420,56.6442
533.7820,123.0107,23.6610,59.2967
532.4563,122.0184,23.7404,60.3538
530.5090,123.9781,23.9433,61.7935
529.5550,125.4764,23.1833,64.5857
527.9769,125.2050,23.4760,64.9914
526.4623,123.2311,23.1581,65.3555
524.7310,122.6660,23.4450,65.2806
522.0425,123.2544,24.1358,62.9613
518.2380,124.5149,27.2255,60.5181
516.3914,125.7440,27.3932,61.1000
512.0297,118.7661,26.2828,63.0539
511.0084,117.0010,25.8984,64.4607
509.4560,116.6356,26.3269,64.1766
504.8808,116.4098,25.4178,67.7688
503.9088,114.4224,24.5586,68.1673
503.2621,113.5168,23.8221,70.0870
501.9786,113.1274,24.3267,69.6428
500.4414,109.2882,24.5736,67.8850
493.9968,103.8972,24.9412,68.6626
493.3347,103.5466,25.0658,69.8178
491.7825,103.1965,25.1898,69.8869
489.7278,100.7232,25.0448,70.1143
488.8189,97.9186,25.3763,69.4946
488.3402,93.6482,25.7587,69.1036
488.0551,91.7907,26.0809,68.7603
487.6819,91.0938,25.9407,70.1231
488.8332,91.8867,24.8674,73.5315
489.5701,91.9137,23.5886,77.9359
489.1902,91.9263,23.3311,78.1603
489.7530,87.9495,24.1615,74.8769
489.2748,87.8690,26.1976,71.6016
488.4814,87.7436,27.5295,70.5333
490.2370,87.8270,25.7919,74.4104
495.5981,86.8781,25.0771,74.9494
495.1303,86.2978,25.2596,73.5758
495.8086,86.6433,25.5702,72.6691
495.9422,83.6493,26.6701,72.8383
495.2682,80.4035,27.9551,71.3651
494.9005,81.7923,28.9487,72.5374
495.1443,84.2356,27.3392,77.0357
493.3470,85.6380,27.0102,79.2104
492.5918,84.4837,25.9811,81.6063
492.4420,83.9431,25.6898,82.0199
489.5225,85.6374,29.0761,75.4596
486.2911,86.4546,30.6630,71.8204
484.4900,86.4329,29.8855,72.1782
482.8436,86.5413,28.3305,74.0687
480.9721,84.6383,27.8063,72.6819
479.9432,87.3520,27.1883,73.4314
452.9376,138.5811,29.4032,73.2508
2
0
0
0
0
1
441.7827,99.4567,28.6606,52.5367
441.7324,100.4412,27.0891,51.6922
440.9294,100.6991,26.0361,50.2602
439.4970,102.0989,25.1255,49.6787
438.9736,103.9808,24.1874,48.8680
438.0793,105.8251,24.2096,46.5559
436.8195,102.9485,24.2364,45.3762
433.4873,101.7665,24.2187,45.0518
434.7221,102.8441,23.7840,45.4310
434.6352,104.2472,23.4016,45.1689
434.3071,106.5149,22.2725,46.5455
431.4468,103.3083,22.0602,45.5171
432.5485,105.2083,21.8391,46.0652
432.1566,104.9606,22.1882,45.6026
432.1649,106.8890,22.4993,45.1157
431.6881,107.7350,22.3715,44.6058
431.7139,104.9327,21.6066,44.7581
430.6480,103.9126,20.6915,45.5716
430.1797,103.2261,20.1488,46.0748
427.1326,103.0298,20.5093,46.5855
423.7103,103.4037,20.2996,45.8283
423.1946,104.6130,20.6415,45.2798
418.9475,101.8968,19.7484,46.0966
416.0199,99.8532,19.9292,45.2379
416.0699,100.6561,20.1462,44.9101
411.9481,102.6487,21.1581,43.6416
411.4619,102.6594,21.7428,42.7145
410.7468,99.9386,21.5223,43.3471
408.5186,100.4319,20.9273,43.9667
405.9763,100.6525,20.5939,44.2933
403.0597,99.3281,19.7786,45.2283
402.5792,101.8578,19.1769,45.8037
398.2346,100.6887,18.9947,45.3295
397.3813,100.2122,18.7900,46.7016
394.4657,98.6981,18.9537,46.9514
388.9862,101.0778,19.6796,46.5821
384.0663,99.4001,20.2414,46.0900
380.4241,101.0451,20.6345,44.7336
375.3949,99.1688,21.0637,43.5918
375.5799,97.9537,21.1673,42.4560
375.4469,99.7883,21.3569,41.3679
