1
2
0
0
0
0
1
500.5912,369.5291,40.4221,40.4486
501.8945,376.6545,39.6126,39.3418
502.6340,385.7975,38.7641,38.4959
503.0926,405.4059,37.9765,35.5872
503.7537,423.9509,36.4829,33.2606
504.6757,441.8110,35.0639,32.0224
504.3731,460.5684,34.1262,32.1062
2
0
0
0
0
1
511.7162,306.0052,40.4492,40.7215
512.0630,300.7018,40.2301,38.6051
512.2770,299.7805,39.2117,37.5475
512.4869,307.2986,38.6390,35.2935
514.5009,308.5896,37.4076,34.8256
514.8640,316.4335,36.9631,33.4032
515.2207,326.9475,36.6695,31.6031
516.3542,340.3644,35.9989,31.6507
516.9011,356.5737,34.5720,32.4844
517.4083,373.9606,34.1426,31.7479
517.6782,391.4447,32.9229,31.4936
517.6456,408.2585,32.1078,31.1780
517.6193,424.0898,31.6512,30.0239
517.9459,439.2832,30.6760,28.5482
2
0
0
0
0
1
532.6997,351.8997,41.6117,39.6574
533.1103,371.8736,40.9963,39.0574
2
0
0
0
0
1
2
0
0
0
0
1
514.0666,256.9442,40.0530,44.5693
471.5371,208.0680,37.7918,45.8054
497.3126,238.8250,40.2933,43.8584
2
0
0
0
0
1
450.6674,292.3043,39.9410,41.4810
448.4276,313.1033,38.3743,40.4117
445.5702,333.9835,36.7791,39.3594
443.2624,357.4654,35.7236,37.7351
442.2661,376.5864,35.0337,37.1821
441.8347,397.1055,34.9732,35.8690
2
0
0
0
0
1
397.1475,348.1021,43.4928,40.3601
396.3907,364.5908,42.3050,37.7040
393.5072,377.9496,40.4537,34.9742
393.0217,394.4725,38.1161,33.1062
392.6879,411.3711,35.8274,31.6794
393.0137,428.4368,33.8007,31.0904
392.7727,447.7904,32.2297,30.4061
392.6608,466.7386,31.5439,30.7919
393.3685,484.8657,30.4130,29.4957
2
0
0
0
0
1
390.1421,368.9164,41.4151,38.9595
389.3242,374.1904,39.8186,38.1125
388.8136,392.0683,39.2917,35.3424
390.5420,410.6814,37.7917,34.9493
390.8606,430.7124,36.1940,34.4207
2
0
0
0
0
1
2
0
0
0
