1
295.1694,148.4301,45.7028,144.2230
294.6193,151.4355,46.8805,143.5996
295.9148,150.2237,47.3962,142.2740
297.2629,151.8636,46.7232,142.5389
298.2956,151.1294,46.7654,142.1342
298.4286,151.3627,46.6303,140.6541
299.8277,151.8741,46.2883,140.4864
299.2442,152.6223,45.6720,141.0165
298.4927,152.1255,45.9915,142.9404
299.0984,151.9060,45.4729,144.3825
297.3046,150.4232,45.0642,145.8623
295.9087,150.7097,44.4695,146.6332
293.0836,149.0095,43.6363,147.0580
291.6945,149.3507,42.8184,146.9090
288.8775,151.7380,42.0577,145.6712
288.3134,149.8175,42.5133,144.9464
285.2801,150.3344,42.0885,144.5746
283.5172,152.7236,42.5068,143.8265
282.5594,153.5427,42.4592,142.4334
280.4107,153.3163,42.2899,142.8204
279.1365,154.6049,42.6795,142.8091
278.4243,154.7380,42.8997,142.7553
277.1382,155.2843,43.0308,142.0876
277.1400,158.3555,43.6446,140.0786
277.0193,159.0992,43.7486,139.4636
275.3488,159.5795,43.9318,140.0495
275.2483,159.0555,43.4285,140.8379
274.3857,159.6967,43.2707,140.4483
272.3205,160.3677,43.5076,140.2196
270.8103,162.6054,42.9528,140.1142
270.9402,162.7273,41.9776,141.5633
270.5309,162.9992,41.4204,141.9923
269.1131,164.9542,40.5232,141.2074
268.3369,165.3951,39.5975,141.4830
267.2774,164.5250,39.6009,141.5110
264.3833,165.5714,40.1109,140.4219
263.1502,165.3183,39.8478,140.0466
262.5938,165.1177,39.8013,139.9621
260.5411,165.5167,39.3628,140.5227
258.9518,167.0661,39.0958,140.0785
257.8875,167.8513,39.0371,140.3472
256.9386,169.1561,39.4935,138.6788
256.9109,170.9363,38.8034,138.3974
258.2151,166.3194,37.9895,138.8782
258.4081,168.7209,38.1647,138.2689
259.2200,169.3343,38.1449,138.0186
259.6749,168.9478,38.9177,137.9350
260.0364,162.6493,39.5615,139.2003
259.7419,164.2133,39.5776,139.7710
259.3145,163.1929,39.9215,140.0698
259.1561,162.9747,40.0032,141.4659
257.9864,160.0857,39.6204,143.2154
256.7278,159.2099,39.9059,143.8227
254.1219,156.9731,40.4980,143.7163
252.6833,154.5095,40.2743,144.3544
252.3005,158.9480,40.4479,141.9280
251.6204,152.0045,39.8975,143.8075
238.8889,149.8862,43.2627,144.4424
236.1159,149.3372,46.9060,146.7844
237.0773,146.5558,47.7831,147.1220
241.1447,147.7421,47.5663,148.0901
244.3841,145.8686,46.6887,148.2154
245.0376,148.1554,46.5055,146.6120
246.9185,147.7071,45.3289,145.2119
247.8642,146.6257,44.3651,145.2188
248.9518,142.7265,44.3343,145.6679
247.4104,144.1880,44.8472,143.2432
248.7766,139.9530,44.6649,143.5063
249.9508,143.8625,45.0168,141.7973
251.4799,139.4090,44.3279,144.3559
251.6402,142.0588,45.6290,143.5475
253.3746,142.7554,44.5518,143.5509
255.1335,140.7973,43.1525,146.8472
256.1420,143.1850,42.7040,148.7189
255.4642,139.5597,42.5486,149.8438
245.8411,143.7951,44.5799,146.9892
248.0723,141.6883,44.6805,148.5758
248.0283,141.1328,44.5814,149.7506
249.3024,137.4954,44.4485,150.9636
249.4822,142.0516,43.8712,149.4158
251.2897,137.7322,43.5691,149.6154
251.7234,142.1400,44.2057,147.1469
251.9420,138.7472,43.5966,147.8226
252.3981,138.8138,44.1161,147.1788
252.4247,139.9319,44.5049,145.4704
253.2014,139.9016,44.4461,143.8443
255.0903,141.2991,44.0522,143.5741
255.6734,141.2135,44.0500,143.2283
255.0190,137.0685,43.8237,141.2183
255.1025,138.5482,44.2492,141.8837
256.3458,138.8393,44.6806,142.3927
256.6017,139.6872,45.1997,142.3871
256.6833,136.7818,45.0802,140.9412
257.0724,138.9765,46.1862,140.8528
257.5309,141.6375,46.9278,141.2198
258.7983,136.8300,46.5898,143.1485
258.5940,139.1894,47.7165,144.8510
260.1837,140.3717,48.2833,146.9930
259.2307,136.6115,49.4254,147.4205
260.3766,139.3466,50.3176,148.7602
264.2695,138.1518,49.4409,152.2427
267.2325,136.9917,48.8761,152.8618
269.8053,135.8901,47.6745,154.2867
274.5197,134.7160,45.4188,155.1043
276.6579,135.4169,44.8355,155.0284
286.9988,132.0842,44.5565,154.4631
264.1183,200.4674,47.9069,150.0290
274.8555,209.9303,48.1912,149.4056
275.6962,205.1725,48.5289,148.8459
278.1659,205.6242,48.7854,148.4739
281.1235,211.4521,49.0477,148.0196
306.4526,207.6146,49.3522,147.2289
308.7963,211.8650,49.4486,147.0472
322.4860,212.9970,49.6615,146.6408
326.0947,213.0816,49.8452,146.3167
2
0
0
0
0
1
280.1479,155.4301,43.2656,88.6312
282.0532,154.8583,41.9748,86.3346
282.5658,155.7150,40.4813,83.7132
284.4135,155.7366,40.5483,81.6798
284.7829,158.0020,40.1815,80.9166
285.2345,158.9531,39.9616,79.0255
283.8960,161.4015,40.6818,76.1898
283.2448,163.5837,40.1962,73.5725
283.7661,164.1829,39.0925,71.4417
283.7665,166.7163,38.0080,69.1095
284.8484,168.6323,37.1830,67.7060
285.0431,168.5984,37.1470,67.6449
284.7866,169.4481,37.1311,67.6117
284.0882,169.8493,37.1266,67.5999
284.0416,170.1009,37.1230,67.5924
283.0200,194.2105,36.8304,66.9723
281.0493,229.7156,33.7118,73.2566
283.6676,173.2141,33.1417,68.7444
284.3672,169.7095,32.4396,64.5297
283.7667,171.7328,31.8457,62.6916
283.5174,174.6987,31.5680,61.3252
283.4212,170.9791,31.0241,57.8729
283.0125,165.4600,31.1276,54.6804
286.9501,180.2118,30.6966,54.9294
282.0725,162.5854,30.3286,53.4588
293.5503,186.1056,27.8598,56.0017
284.5315,162.8068,27.6748,54.6320
284.7034,184.1258,30.1563,51.9123
284.8858,183.2581,30.1569,51.9113
285.1184,182.7094,30.1578,51.9094
285.8765,181.5158,30.1641,51.8985
285.9488,180.5677,30.1908,51.8520
286.7422,179.0098,30.2272,51.7941
287.0012,175.3138,30.1992,51.7928
287.1911,169.4940,30.0081,51.6740
285.7043,186.0292,31.5169,49.7213
285.0318,181.5419,32.1483,48.5347
282.5037,197.5085,32.9710,46.9288
282.1615,196.2103,32.9748,46.9197
281.5842,193.9689,32.9783,46.9118
282.1491,187.5078,33.0586,46.7736
282.3106,177.1604,32.6228,46.8455
278.6247,193.9103,34.4475,44.1823
276.9793,193.4391,34.4523,44.1615
306.9469,214.6285,36.4959,42.2611
317.8475,227.5336,33.1948,45.8117
313.5702,250.5956,30.3846,49.4225
314.3703,248.7481,30.3846,49.4225
315.1216,246.3478,30.3846,49.4225
316.8747,243.5209,30.3846,49.4225
317.7969,240.8859,30.3846,49.4225
318.7618,238.4755,30.3846,49.4225
318.6176,236.6777,30.3846,49.4225
318.3268,235.9696,30.3847,49.4224
318.0634,234.8306,30.3847,49.4223
318.5193,234.2121,30.3848,49.4222
318.0893,233.6952,30.3847,49.4222
318.4886,232.9191,30.3846,49.4222
319.5381,232.2485,30.3845,49.4223
2
0
0
0
0
1
301.3108,160.5766,33.7654,155.5700
300.1834,163.1425,36.0662,153.1896
299.5833,164.0792,37.4615,152.4813
299.4795,165.6877,37.8674,151.8199
298.7982,165.0231,38.0101,152.5937
297.6334,165.9200,38.4373,152.6238
298.6652,165.1417,37.7453,153.8663
297.8071,167.1500,38.2652,151.6960
297.1878,168.1026,38.7675,151.5160
295.3154,168.8088,40.1924,150.4983
294.3638,169.7654,41.4466,149.1227
292.3712,170.2232,42.5387,146.9423
291.7708,170.0795,42.7873,146.1585
291.6318,168.6885,42.9250,145.0686
292.5447,167.1525,42.3665,146.1069
294.3584,162.7136,41.6679,147.9721
304.2951,156.7811,42.3776,149.2563
306.1747,155.5575,41.8200,150.8834
307.4102,154.4639,41.2391,152.1981
316.4980,150.1799,42.8634,153.3964
316.0710,150.9929,42.8726,155.2696
315.1451,150.4000,42.9159,158.1497
314.5708,150.9691,42.8752,159.3271
314.3158,148.0692,43.1293,159.0345
314.8737,149.2599,42.9478,157.7086
305.1332,146.2781,40.6727,157.8510
304.5674,149.4980,40.2342,153.7171
294.5950,132.2374,38.7774,152.8779
318.3395,153.5310,39.8873,148.8656
316.2484,160.4685,41.7954,144.4715
315.7128,162.4866,42.2840,142.1628
315.2202,163.8032,43.0113,139.7230
313.5072,166.1613,44.0299,136.5322
312.0502,167.6139,43.9985,135.1959
310.9213,172.9305,45.2043,135.9398
311.1830,172.7062,44.8566,139.3849
312.0851,169.1420,44.4573,140.5645
312.5301,169.2068,43.4983,141.9859
311.7523,170.9561,42.8624,141.0749
311.3368,168.7998,42.0926,141.1087
311.9321,169.9489,40.6335,143.5944
313.5718,168.9595,39.5364,144.2934
314.6728,168.4600,38.3490,145.5236
316.2016,170.4965,38.1130,144.6251
319.3011,170.0816,37.2816,142.0930
321.6600,171.4078,36.2297,142.6498
323.2854,172.2367,35.6007,143.3620
326.1063,173.1548,35.3792,143.5594
328.0632,172.8606,35.3656,144.3084
330.2072,172.9241,35.2981,143.9191
331.5717,174.8297,35.4931,143.4910
335.0443,174.4386,34.3294,142.9605
336.7604,175.3663,34.2795,141.7427
338.2354,176.1309,34.6102,140.4220
339.5767,177.0383,34.8801,140.3571
341.2676,176.9112,35.8749,139.5673
343.1286,177.4551,36.1696,139.3271
344.2143,177.2842,36.4837,140.2003
346.3554,178.3322,36.2456,141.1557
347.5599,179.6687,36.2887,140.6355
348.8277,178.7721,35.9099,141.8638
349.1497,178.2030,36.1257,142.0287
350.2610,177.3208,36.0063,142.8735
351.6343,177.2511,36.1119,144.0703
351.9268,176.1750,37.0190,144.6367
353.6806,174.8954,37.2162,145.5190
355.2202,176.1866,37.9888,145.5865
357.9088,176.9570,38.2094,145.1006
360.8811,174.9716,38.0706,145.6633
364.4044,176.8062,38.5387,144.7059
367.7717,177.4814,38.3102,143.4517
369.7872,179.9192,38.3786,141.6754
379.2511,184.1968,39.4469,138.6651
380.9510,185.5289,38.2781,136.3603
391.4120,196.3314,37.5604,132.3126
391.7116,198.6003,36.3805,128.4907
400.7717,209.7463,35.9484,123.5666
393.4030,184.4698,35.5222,122.7050
394.6882,187.1588,35.3769,124.6262
396.6883,186.1040,34.6224,127.3596
397.2194,182.1224,34.4794,132.5764
397.8823,178.7080,34.7347,137.2489
398.3074,178.5885,35.9396,139.6371
398.7391,178.9347,37.7969,140.3644
398.2321,177.4928,39.8875,141.2865
399.7004,178.6124,40.9356,143.4123
400.2095,179.1413,42.4932,142.0309
401.3150,180.4519,42.9039,140.8106
402.2061,183.0921,43.0722,140.4156
404.8010,180.9393,42.5445,139.4897
408.1299,179.4269,41.5264,137.3013
419.2273,180.1161,41.3958,131.5941
418.9326,181.2022,44.4054,123.2021
420.7819,178.8164,45.0964,118.4636
421.9832,182.1758,45.1041,116.6130
424.5058,176.2063,43.3989,114.8661
425.8590,180.3026,42.3970,116.1429
429.1172,179.0140,42.2634,120.0416
431.0615,176.1363,42.4198,123.6696
432.0028,174.8912,42.1004,128.2843
432.3023,175.2931,42.8988,131.5174
432.0141,174.3141,44.0927,132.7565
432.0099,175.0141,45.3289,134.5061
431.4962,174.7400,47.1215,135.7415
430.6501,173.8334,48.7294,137.3169
430.8067,174.0579,49.8664,138.7757
430.0884,173.6721,50.0719,139.2447
428.8720,175.1468,50.8795,138.9079
429.1154,173.5732,48.3658,141.9253
428.4666,175.8512,46.9978,141.7821
419.8998,176.8637,45.1163,141.5906
421.8226,179.9073,44.9258,140.2394
421.5826,182.9308,45.2844,138.5149
412.7595,177.2596,45.3627,136.3095
413.0061,179.9061,44.6055,138.0149
410.8834,178.7437,45.1768,140.5840
408.4722,171.1281,46.2110,145.3635
405.8812,172.7564,45.8898,146.8728
403.9655,168.0734,45.5845,150.4289
400.1282,167.7691,46.1529,151.4119
398.5911,165.1142,46.1108,154.2523
397.2141,163.6481,46.0152,156.1852
396.2759,163.7162,45.8199,156.0021
395.9751,164.2059,45.7114,155.7542
395.4405,162.5666,46.0705,157.2156
397.1463,162.6841,45.1849,158.5121
397.0069,161.9941,44.9800,160.3782
398.2032,160.5765,44.1643,161.8554
398.8978,157.9658,43.8292,163.2688
399.5974,156.9400,43.2497,164.0782
400.4598,156.8499,41.9636,164.6008
400.0828,157.4063,41.5821,162.9931
400.3914,158.4499,42.0732,163.0477
400.1938,157.2914,42.9174,164.5064
400.6519,156.4115,42.9493,166.3567
400.8752,157.4055,43.6716,166.1610
401.1304,158.7804,44.5711,166.7013
400.8842,157.4105,44.1449,168.6856
401.0234,156.4073,44.0963,169.2306
401.4414,157.2367,43.5216,167.5454
400.9609,157.1920,43.3398,165.9154
401.8582,152.8428,42.1255,167.5689
402.0685,154.0205,41.3434,166.4086
401.7691,156.9598,41.2620,163.5985
403.3917,156.0540,40.2805,163.5459
404.1627,157.3808,39.7679,162.7751
405.8783,155.2492,39.1608,164.3275
407.6562,155.4845,38.0684,165.1814
408.4305,154.7538,37.9114,163.9212
409.2856,155.1161,38.1881,162.0517
408.5723,155.7796,39.5040,161.3956
409.9721,153.9636,39.7884,161.1044
411.4158,152.7520,40.2388,163.0886
412.3393,151.6327,41.3548,163.5455
414.4069,151.2081,41.1947,164.4837
416.6745,150.8540,40.4479,164.8782
417.1541,150.0296,40.7191,166.2574
416.6342,147.1062,41.0407,167.8353
415.5552,146.4368,41.9656,168.4460
414.7517,143.9708,42.2985,169.6215
414.4058,145.0445,42.6533,169.8907
411.9465,146.4038,42.7748,168.6003
410.3079,142.1069,42.7896,170.1042
408.5580,143.7101,43.9904,170.1770
404.5321,140.9618,45.3961,169.9779
403.2400,141.2382,45.4762,170.1644
399.7405,140.9909,46.6558,168.8992
391.9201,137.9408,44.8560,172.3793
393.0274,137.4841,45.0145,174.1885
391.5650,137.0988,45.9969,174.2272
389.1313,136.3118,46.8598,175.0032
386.0875,136.3820,47.7828,174.7648
384.0068,134.8816,47.9423,175.7104
381.5096,134.8873,48.3488,175.4026
378.1476,132.9553,48.4481,174.7130
376.2386,132.1561,48.2284,174.4414
374.4473,131.2726,47.8635,174.7769
372.5752,129.9128,47.6769,174.3676
371.9809,129.3321,46.9468,174.6935
370.9315,127.7067,46.1854,173.8626
369.5558,125.8068,46.5049,173.1004
369.0443,125.8999,46.0681,172.8865
368.6216,123.9401,45.9011,173.1996
367.9400,122.2654,45.6860,172.7740
367.5864,121.8588,45.7408,171.8819
366.5448,121.1375,46.4555,172.6516
365.5427,121.6463,46.6330,172.7894
364.8358,121.2586,47.2513,172.9046
363.1593,122.0168,47.4683,172.2446
361.8735,122.8873,47.9355,171.1411
360.4113,123.0879,48.7846,170.0671
359.5137,122.5780,48.7984,169.8933
358.5791,123.2352,48.1576,169.6777
358.2094,123.3847,47.8917,169.2296
356.8354,123.7267,48.2049,168.8692
355.1519,124.0844,48.7483,167.1342
354.5478,124.5261,48.3947,166.9579
353.7139,124.5888,48.3787,167.0049
352.2152,126.3299,48.4506,165.9344
351.5805,127.4245,47.9853,166.1007
350.4908,129.0875,47.2824,165.1893
350.0283,129.9530,46.2854,164.0584
349.4377,130.0569,45.5088,164.3785
347.8767,131.3667,44.7668,163.6575
347.8926,134.0080,43.7731,162.1905
345.9037,135.9693,44.0590,159.9136
343.7598,137.4581,43.5952,158.4796
341.4004,138.4721,43.3969,157.3867
339.2593,137.3832,42.8062,157.7392
336.5954,137.1544,43.5246,154.3380
334.4604,135.2571,43.1873,153.7750
331.0358,136.7188,43.9036,151.3571
328.1637,136.6329,43.8903,151.4936
325.1362,134.6373,42.8749,153.7084
323.3870,133.5218,42.6355,155.4184
316.8014,131.2536,41.3139,157.7468
316.7684,132.2140,40.5468,158.2983
315.4584,133.9012,40.3935,157.2717
307.6208,131.2962,40.4127,155.9136
308.5595,135.3070,40.1164,153.9615
300.0589,132.7079,40.8403,152.9340
300.4629,136.7316,40.7248,151.3635
291.4866,136.3278,41.9957,150.1435
293.0001,138.7741,41.8538,149.9776
293.9831,140.5621,41.3355,150.5764
294.3549,141.2504,40.8764,150.8054
295.4455,144.2785,40.3901,150.3748
286.4446,139.1845,42.8781,143.3682
288.5537,145.5398,41.6640,142.2710
287.8245,142.5786,42.0888,140.3859
285.4089,141.1360,42.4289,137.0562
285.9578,147.6947,40.9346,139.4705
286.9821,145.9506,39.7696,141.9971
285.4069,145.2594,40.4347,143.8257
288.0538,147.5337,38.5580,147.4066
290.5503,147.6731,37.1240,151.0200
289.5739,143.6736,37.5102,150.4851
291.1725,147.0922,36.6204,151.0482
292.2159,149.9013,35.7916,151.1631
285.5441,147.9000,35.3899,153.4263
287.4894,149.5345,34.9340,155.4667
287.2271,146.4915,36.0837,152.5563
285.4347,150.0131,37.9373,149.2796
284.9690,153.8423,38.5635,147.8510
275.5754,149.8338,38.5846,147.1300
277.9102,154.0920,37.9591,148.6270
278.0857,152.0454,39.3127,148.1500
277.1644,148.9595,41.5103,145.2496
268.8097,145.6618,40.2637,147.4710
270.9990,152.6354,40.6089,148.1542
271.9120,149.3076,41.4094,147.7454
271.9717,149.5528,41.6055,147.4150
271.9914,149.9195,41.8820,146.2103
272.4783,151.6273,42.8024,145.1333
273.3651,153.3517,43.5229,145.9731
274.9173,153.8050,43.4646,146.4450
275.6010,153.1510,43.9735,146.0203
276.6249,152.9894,44.2719,146.0588
278.2254,152.8087,44.8858,145.1695
280.6520,158.3885,44.7964,146.1177
281.7358,161.9134,44.8206,146.6073
283.4933,154.8553,44.3205,146.5315
284.5941,159.6117,44.4534,147.3963
285.3962,160.2403,44.5313,147.6992
286.7724,152.0067,43.7393,148.1407
287.2261,155.2644,42.5145,149.2336
287.1295,149.8993,42.0543,148.8781
286.8134,152.1966,41.7100,149.7935
285.0573,147.7358,42.6902,147.1951
284.8439,152.4184,42.0463,147.1348
283.0770,146.6118,42.6473,144.3019
281.8514,148.2206,41.8093,145.7133
280.3372,149.4637,41.7096,145.9402
271.6758,146.8644,41.6161,146.1882
273.3817,146.0824,41.2608,146.3498
275.2383,132.3908,41.5708,143.3091
267.7509,141.3792,42.2681,143.4773
268.2899,137.5616,41.9855,142.3845
267.7250,136.8967,41.7529,142.3098
267.0842,141.0551,41.4052,141.5913
265.4753,144.0327,41.1008,141.5659
258.3663,141.8669,40.4146,142.3192
260.1877,143.0066,39.7188,143.6307
260.2270,143.6844,39.3936,144.0298
260.0034,142.3912,39.2757,144.1086
258.7137,140.0967,39.0737,144.3921
258.5456,147.8110,39.1341,145.9299
258.0055,146.1939,39.1415,146.7561
258.1006,130.0894,39.2467,146.6172
259.1383,143.1250,39.1720,147.6019
260.4362,145.6684,39.2308,147.9739
262.2128,141.9073,39.1795,149.9226
263.5892,150.3094,39.3523,151.8220
265.6489,150.8137,39.4694,152.3548
266.5001,159.3639,39.8052,156.4980
266.2737,157.5080,40.3411,158.2684
266.4841,155.8861,40.6714,160.2737
268.1112,160.9371,41.0075,162.3237
259.7639,149.6429,41.3413,162.3831
261.6979,150.9257,41.4097,164.2325
264.0017,156.8030,41.9064,165.4961
255.0305,136.2763,41.9911,164.9234
257.7182,148.6687,42.0883,167.1081
259.6007,153.8190,42.8836,167.9246
250.6584,143.3956,43.8311,167.5485
252.4736,145.1795,44.3075,167.9080
252.7442,145.3551,45.4909,167.3308
244.3015,136.3477,45.4651,166.4849
247.9619,142.1740,45.5973,167.7096
248.6054,139.1100,45.4088,168.8521
249.3469,138.3996,45.3200,170.0801
249.5726,141.5341,46.1477,170.2174
248.5555,137.3722,46.4458,170.1915
248.8015,140.8179,46.7495,170.8498
249.0870,135.1178,46.2844,171.5674
250.8750,138.4362,46.2824,172.2622
251.6057,139.7487,46.4323,171.6936
251.3309,135.0527,46.2961,171.6512
252.9015,138.0559,46.3839,172.3914
253.8469,138.8589,46.5048,172.7041
253.8691,132.8201,46.7424,174.0700
254.4078,127.4145,46.5761,177.2456
254.8705,123.1097,46.1798,180.7204
255.6857,117.5986,46.1129,184.4539
255.6026,111.5448,47.0286,185.6389
256.4874,106.8725,47.2999,186.2898
258.0893,103.8898,47.2447,185.8801
259.2646,101.2368,46.6849,185.8647
260.4347,97.9919,46.5602,185.7433
260.1414,107.3394,46.5973,183.2193
259.2604,91.8195,46.7171,181.9287
261.0167,102.9596,46.8075,178.4477
261.1682,99.5960,46.1421,177.4889
262.1018,105.2393,45.9103,174.3788
261.2821,109.7114,47.0252,171.7343
260.5403,106.9482,46.9298,169.3007
258.5287,106.1166,47.1238,166.2621
258.9807,107.3407,46.3960,166.8929
258.5932,107.6979,46.5742,166.8496
257.5197,109.2454,46.8411,167.0197
256.7970,108.8611,47.1015,165.6246
255.6218,108.7954,47.3915,164.5641
256.1797,111.7946,46.8913,164.5383
247.9045,97.7799,46.1791,165.2059
250.5398,95.7043,46.2524,165.3835
250.6513,97.4030,46.0415,167.6714
250.9990,98.3764,46.6925,167.7690
251.2643,93.9672,46.4517,167.1673
250.9543,90.6659,46.4306,166.0802
251.8890,88.2481,45.9626,167.1489
251.4254,85.4343,46.0400,168.3891
251.4883,84.6952,46.6174,167.9878
252.1375,83.3714,46.7987,166.4878
251.2173,81.8617,47.1117,164.0760
242.0341,85.0650,47.2526,162.3486
241.8608,82.8664,47.1815,161.0027
241.7617,79.9483,46.9363,160.2853
241.4851,84.9492,46.4921,160.1551
240.1041,83.9697,46.3510,158.2117
239.3124,82.2417,46.0523,157.4103
238.5512,81.0292,45.9440,157.9680
238.0002,78.8273,45.9905,159.3192
236.8545,76.6808,46.3964,161.4893
235.5014,74.1223,46.6770,162.6960
235.0464,71.3735,46.3857,164.5178
235.1653,70.7781,46.8181,165.7974
234.5796,69.2795,47.3397,167.3327
233.4410,66.9862,48.1318,168.1123
232.3592,61.3451,48.7515,167.8909
232.6387,57.7510,49.3753,168.8300
233.5478,52.7128,49.4672,168.9476
233.0526,53.2040,49.5794,168.3941
233.1143,51.3818,49.7483,167.7927
233.0721,53.0870,49.8660,166.9832
231.8751,46.8297,50.2481,165.4296
231.0680,43.8465,50.0471,164.1039
228.7252,48.2430,50.9443,163.4797
227.5157,43.4064,50.7554,162.6864
226.9367,39.0027,50.2392,162.0039
225.8515,42.9635,49.0607,162.8702
225.0979,39.6994,48.3596,162.8340
225.4852,44.1092,46.9246,164.2491
225.6730,45.0268,46.0898,166.5806
225.4066,46.9944,45.6847,168.0144
223.2927,42.2525,46.3330,166.9193
223.6736,37.8536,46.1173,166.4703
223.3208,35.5132,46.8452,167.0475
222.2761,32.4119,47.4690,167.4798
220.8512,30.0667,49.0924,167.5446
218.7354,34.4610,49.7495,167.8811
219.4987,28.8133,49.1733,170.7281
220.1654,25.6034,48.6613,172.6796
222.7636,22.7908,48.2449,174.0714
223.5585,19.7331,49.8239,173.5759
224.0138,17.1135,51.5181,171.7847
214.7006,13.1558,52.1247,171.1764
218.3639,16.9910,51.4619,172.6050
219.7322,14.2467,52.2610,172.6597
220.3129,17.2042,52.6349,173.4043
222.2616,13.6530,53.4983,172.4496
223.9881,18.0015,54.3267,172.9994
223.8649,19.9187,54.6305,173.6716
222.4661,19.2305,54.7307,173.5387
225.5697,14.5691,54.3279,171.4827
227.0470,18.5518,53.4970,171.5078
227.7175,22.8127,54.1381,171.3805
218.4847,19.2962,55.0482,172.1609
221.7714,25.2548,54.4963,173.6735
224.0207,22.7099,54.5185,170.4331
222.8916,27.9393,55.1158,168.8635
222.1653,25.3790,56.0192,167.7729
221.6579,25.2438,55.0306,167.3963
220.5863,24.5298,54.5414,166.4704
219.9535,24.0815,54.6563,166.1929
221.0548,24.3701,53.8055,166.8081
221.7229,22.9070,53.4993,166.6548
221.1781,22.6197,54.2108,166.2328
220.7482,21.3304,54.1272,166.3740
222.5873,21.6797,53.0959,166.7086
222.3479,22.2952,53.6425,164.8755
222.5926,24.6614,53.5371,162.0452
222.4705,26.0083,53.8226,158.9309
223.2249,28.7870,52.8472,160.7462
224.4604,30.6956,51.8497,161.6472
226.2799,33.7731,51.1603,163.4471
228.4279,37.7467,50.6449,163.1362
229.7997,41.6070,50.4877,164.1286
231.7504,45.4222,50.9206,164.0220
233.1722,48.7552,51.8810,165.2744
226.1096,41.2753,50.6300,164.5766
230.4406,42.8796,50.9681,163.7307
233.3293,51.1028,50.9266,163.4267
235.8277,49.6953,49.7290,164.2002
237.9846,52.3678,49.5046,164.3382
238.8621,49.9795,49.8954,163.2691
241.9562,48.9180,48.4335,162.9422
243.3081,49.3423,47.8526,161.3090
245.6499,51.0615,47.6740,159.1228
248.1858,49.7181,47.1323,158.8239
248.7968,48.4275,47.6999,157.8360
249.3638,50.3114,48.2891,155.3745
251.3344,51.9151,48.1511,154.3107
254.6290,52.2722,47.9789,155.0251
255.6886,52.1847,48.0617,155.7676
257.3869,55.1430,48.2528,154.8911
258.3404,55.9372,48.5585,154.1593
259.0696,58.5336,48.7385,154.8727
259.6632,59.0271,49.2006,155.4758
261.1244,59.0020,49.6870,158.2926
262.3759,55.0811,50.5267,159.4510
253.2115,51.2308,49.4439,160.4990
256.6260,49.3180,49.2075,162.0899
258.7714,45.8779,47.6868,164.4095
260.0685,43.1277,46.3439,167.1982
261.7921,40.8098,45.7930,168.4918
263.5311,38.5792,44.9221,167.9757
265.7250,34.6575,44.2454,168.9440
267.4711,33.3831,44.0994,168.6431
269.5617,31.9357,43.9202,168.6087
272.2973,30.6750,43.9932,167.9853
273.3789,30.2942,45.2471,166.9342
274.3297,29.5225,45.7539,166.0199
287.9993,23.6887,45.5420,168.0801
278.2877,26.5503,45.5758,166.9111
280.9725,27.2218,45.5645,166.1800
282.9987,27.1682,45.6747,165.0851
295.6191,25.6924,45.4316,163.5146
297.8139,27.2098,45.1387,163.3190
300.5041,27.6332,44.6875,163.6491
300.4095,28.9076,44.0150,163.3522
301.4400,30.5308,43.3702,162.9630
311.9751,31.9885,44.4524,161.7104
311.1665,31.1825,45.1557,161.7651
310.6205,31.3424,45.7279,161.8126
301.7512,32.5640,44.7202,159.9892
302.3749,34.9213,45.2867,158.9807
303.1723,37.5818,45.6298,157.4089
303.8924,37.5565,45.5212,157.2805
304.1435,40.1653,45.9542,157.1537
304.8830,39.3591,46.2614,157.3590
305.8344,39.0714,46.5778,157.4480
306.2428,40.3430,47.4985,155.7144
306.9209,40.5036,47.8901,155.1150
307.9568,39.7351,47.8851,155.0771
310.2933,40.5360,48.0321,155.0305
310.5238,42.1152,49.1240,153.7553
310.7148,39.6346,48.8537,152.0589
310.7560,41.7897,49.8530,150.8676
310.8153,39.5275,50.1223,151.6236
310.6995,39.0832,51.0848,151.2780
309.9586,38.0234,53.2049,151.3570
311.5122,36.6299,53.9533,150.6815
314.4745,35.6925,53.9594,151.0013
316.2216,34.7066,53.1702,150.9563
318.1106,33.7921,51.7309,152.2640
318.0406,34.6627,52.0940,153.0680
319.0289,33.0680,51.0674,156.0764
319.4899,31.7010,51.1899,157.6741
319.2613,33.9564,51.0542,159.4843
319.5874,33.1763,51.2670,160.6624
319.4828,33.5417,51.1511,161.5487
319.3831,35.8892,51.3137,161.5633
320.7246,35.5000,50.7302,161.0213
321.5448,38.0564,51.0477,160.5892
322.0786,39.2086,52.4953,159.6790
324.4135,39.1101,52.5777,159.5889
326.5131,39.2082,53.6981,159.5607
329.3804,37.7521,53.8982,160.7723
331.9920,38.6546,55.3584,160.8365
334.1256,37.0606,56.6262,162.3486
334.5134,35.5170,57.9202,163.0917
335.2831,33.5181,58.9332,163.1392
336.2159,32.8997,58.5729,163.8172
336.1524,30.9920,59.1895,165.5553
337.3554,30.2343,59.2914,166.5603
337.4817,28.6687,59.0248,168.3638
337.6652,27.1915,58.2768,169.5822
338.0139,28.1560,57.6887,170.4239
339.1495,27.4935,56.8771,170.5086
339.3619,28.4273,56.7040,170.1973
339.3770,28.7057,56.7408,169.9544
340.2056,29.3617,55.7398,170.0060
342.2194,31.3932,54.8437,168.1979
341.6099,33.1007,55.0641,166.4338
342.8044,33.0497,54.4455,166.1040
344.4986,33.3293,53.6312,166.2850
346.5646,34.6640,52.8726,164.3337
348.1018,32.7381,51.6139,163.8369
349.7873,31.7287,51.7523,163.0598
349.8699,30.1316,51.8337,162.3336
350.0887,28.8129,51.8015,161.5591
352.2844,26.0777,50.9633,161.2728
352.6146,24.2039,50.2366,161.5160
352.6411,22.5200,50.1767,161.5686
353.5310,19.0712,50.1189,161.3984
353.4115,17.2037,48.9761,161.6418
354.6981,13.9851,47.7690,162.3376
354.9978,13.0626,46.7600,161.8284
356.0349,11.5469,46.3060,161.7658
355.7738,11.4776,46.6819,160.6856
355.9113,12.4293,46.4364,159.3835
357.3398,12.7034,46.0686,158.8042
358.9070,13.2292,45.5954,158.0139
359.3040,12.6552,44.8566,157.9431
359.8145,13.0709,44.2860,157.3967
359.3274,14.4956,44.3342,156.3606
359.5016,15.8918,44.8736,155.4439
359.3608,16.2408,43.9408,154.8615
360.2685,17.7031,43.5341,153.8003
361.2389,19.3226,42.6353,153.5961
361.9996,20.5438,42.1812,152.4299
362.6003,20.4871,41.6796,151.8120
362.7256,21.5775,41.5765,152.0159
363.3912,21.4196,40.9562,152.3958
363.3150,22.7282,41.1717,152.9295
363.1253,22.7680,41.8660,152.5860
362.5473,23.5427,42.4629,152.4194
362.4417,24.1344,43.0473,151.3710
363.0139,24.6386,42.7557,151.4617
362.3631,25.6982,43.4643,151.6289
362.6319,25.6093,43.7664,152.2721
364.1086,25.0062,42.6612,153.2981
364.3878,22.3476,42.6743,154.6211
363.4259,24.4476,43.1395,152.8911
363.7748,22.9885,43.2918,152.8139
363.3365,24.2199,43.3582,152.2606
363.3570,25.2781,43.9824,150.4408
363.4752,26.3543,43.5683,150.5520
363.7613,23.9749,43.1413,150.0803
364.8157,25.8821,42.2269,149.9988
364.0491,27.1391,42.3008,149.7473
362.9606,26.8881,42.3680,148.4805
362.3439,29.3390,42.9547,146.5946
362.5422,29.5849,42.5505,147.0157
362.5339,28.7466,42.2756,147.7554
362.2539,28.5938,41.9693,147.6264
361.7527,32.0493,42.0831,147.1837
362.3443,30.4669,41.4915,148.2345
362.1475,32.6623,41.1295,148.1489
362.6637,31.0714,40.5769,148.2906
363.0624,30.7990,40.0843,148.4343
362.9514,32.5524,40.0671,149.1391
362.9288,31.7692,39.1422,147.8741
2
0
0
0
0
1
355.4767,43.9465,33.7849,128.4891
352.9017,44.8258,34.6865,127.8298
351.9668,44.6783,35.0949,127.0988
350.4957,44.6259,35.4752,127.7441
348.4477,44.7990,36.0518,129.1295
346.4257,43.9205,36.3766,128.6619
344.5054,43.3547,36.4236,128.6582
343.5725,43.6160,36.1197,127.7527
341.7276,42.1785,35.3858,127.6964
340.6386,40.7305,34.4660,127.8161
340.3389,39.5698,34.0023,127.9594
338.9916,37.6971,34.2454,129.1384
337.5804,36.5404,34.4950,129.8364
336.1797,35.7901,35.1357,129.8272
333.3886,34.9294,35.8276,129.6506
331.9355,34.6060,35.9462,129.1575
330.3080,34.5734,36.3825,128.8420
328.3979,34.8692,36.2009,128.6916
326.7128,35.3209,35.2155,129.6841
325.6756,35.9266,34.7731,129.7490
326.0151,35.7731,33.2905,129.5730
324.4548,36.1283,33.5671,128.8752
322.5811,35.1159,33.6522,129.9459
321.8647,35.0145,33.3905,129.9576
319.0778,35.4558,33.8846,129.9035
318.3658,34.7929,33.5773,130.1276
316.3245,35.3098,34.2988,128.4230
315.0877,35.0777,34.2017,127.5630
313.7760,35.6947,34.1336,127.6028
310.4159,39.5098,35.0054,126.1940
310.0440,36.5046,34.2593,125.9366
307.6042,39.8542,35.0631,123.9011
305.8979,41.9742,34.8259,121.9986
305.0303,41.8605,34.4044,121.2662
303.5687,41.7228,33.9355,121.3910
303.5297,42.1247,33.0840,121.8516
302.6267,41.0959,32.8493,121.9140
301.5803,40.9679,32.3065,121.9828
301.6027,43.0343,31.7640,122.7578
300.8091,43.8731,31.7257,122.4288
298.7877,43.8746,32.2362,122.8440
296.9875,43.7072,32.7497,123.5759
294.2986,45.2775,33.3605,123.2141
291.8381,45.1832,33.5879,124.8901
283.1476,42.9859,34.0086,127.1693
283.4871,43.6679,33.9489,128.8862
283.3370,43.4429,33.8745,130.4684
284.4031,42.4158,33.6750,131.1036
284.5672,43.5583,34.4964,131.5228
285.3147,43.9272,34.1627,131.3875
285.9138,43.6434,33.5217,131.4873
285.6008,43.7750,33.1859,131.6108
286.0560,45.5918,32.4094,131.1822
287.4607,45.9921,31.1734,131.1023
287.5587,48.1609,30.8282,130.3366
288.0707,48.7089,29.7042,129.6124
288.7504,51.8485,28.4910,128.5792
287.9601,53.4325,27.8872,126.7351
288.0481,56.9553,28.1417,123.9951
287.2893,59.5667,28.0448,121.8010
286.8554,61.3713,27.5974,119.3587
286.9701,61.7924,26.9581,119.0221
286.0809,63.3106,26.7988,118.0162
285.6970,65.4950,26.4662,115.6635
285.4161,66.4310,26.0549,114.2651
285.7832,63.2014,25.8754,114.2744
285.9862,63.4171,25.5766,115.4113
285.7706,61.1147,25.6923,116.8994
285.8468,60.0336,25.8791,117.4311
285.7524,58.3917,26.2054,120.2701
285.1763,58.0769,27.1555,120.4041
285.5406,57.5579,27.8634,121.6506
285.2704,57.7022,28.5804,122.3732
285.4237,57.4821,29.3688,121.7312
285.6667,56.5423,30.1023,120.3146
286.2398,57.1250,31.1767,120.2171
287.2875,57.3545,32.0732,118.5315
289.0746,57.4322,32.0373,119.0111
290.4871,57.9208,32.3940,118.2148
293.2605,57.7364,32.2569,116.1278
295.1407,61.0257,32.2413,115.0728
298.4620,60.1732,31.1537,115.4456
300.6428,59.7510,29.9555,115.7388
303.2372,60.8483,29.5803,114.6493
305.5982,61.8709,28.8494,112.9099
307.7667,59.3071,27.7465,113.1780
309.7328,62.0751,26.9040,112.3051
311.6201,57.5844,25.9776,113.1553
313.5244,58.6949,25.6723,114.5936
320.4583,56.0135,25.1215,115.2037
320.0869,55.9869,25.3179,116.4698
321.3614,54.1272,25.2086,118.4546
322.6600,54.5236,25.1798,119.1036
324.4300,52.4283,25.7339,119.6849
325.4075,51.6466,26.5672,120.9176
326.5485,52.4121,27.6304,121.7062
327.7762,52.8012,28.4865,123.4544
328.4492,52.2288,29.4246,123.5755
328.9814,51.0305,29.9701,124.0081
329.8097,50.6319,30.0613,123.6067
336.3851,50.7456,30.5040,124.3851
335.2287,50.9867,30.8944,124.9310
335.6227,51.0832,31.6014,124.5357
341.1545,52.2110,32.6615,124.1103
338.6143,53.1446,33.1926,124.0401
336.8158,53.5449,33.9865,122.0888
336.9372,55.0824,34.1111,121.4664
337.4174,56.8705,34.3671,120.4452
337.0161,57.7197,33.8172,119.5500
337.1181,56.7050,33.2109,119.2256
337.6602,57.5075,33.2330,119.0130
342.8934,61.9056,32.7311,118.0107
349.0189,65.9930,34.0731,112.3226
347.7438,65.6830,33.5984,109.4661
347.2369,66.6746,32.7813,108.9482
353.4902,69.9918,32.7670,106.2524
352.7674,66.5729,32.1345,107.4665
354.2057,65.6737,30.4616,108.3473
355.2166,64.4981,29.6523,108.1294
356.5880,64.0504,29.5945,107.3887
357.2729,66.1094,29.8618,106.5686
364.4180,64.1761,29.7526,107.1028
365.1470,65.9446,28.8605,108.5171
371.6021,64.5191,28.5418,107.6233
371.5780,63.9744,27.8811,109.0813
376.9725,62.9395,28.0996,109.0571
376.2797,64.3234,28.2322,109.7706
376.3755,64.6991,28.6423,109.9482
376.7503,64.8901,29.3426,110.2164
384.4619,61.0896,28.1909,111.8742
384.8130,61.2707,28.0281,112.0291
386.5166,63.3229,27.7542,110.9410
389.3487,63.5293,26.5468,110.6931
395.7014,65.4083,26.5097,110.3546
396.8109,65.3636,25.5580,109.0508
397.0090,66.0495,25.0820,109.3833
399.1721,64.5273,24.5904,109.8093
399.6041,64.7198,24.7675,109.1578
400.9548,64.5261,25.4140,109.5068
400.9540,63.9235,27.1081,109.5547
400.3822,64.2630,27.5163,110.3060
400.3278,64.0452,27.6512,111.0922
400.8134,65.2378,27.5908,110.9710
399.6207,65.1823,28.2877,111.3976
400.4773,66.2560,28.0181,111.0157
399.9046,66.3773,27.3105,113.5070
398.7343,66.0685,27.0776,114.7084
397.6415,66.6596,26.6478,114.2029
395.2882,66.4211,27.9219,112.9089
393.7522,68.1537,28.2147,112.7568
398.4696,67.8951,28.0782,112.3647
394.9936,68.0392,28.4319,113.2892
393.9932,68.6109,28.9630,114.7816
393.4981,70.3479,29.3054,115.3564
393.3933,72.0959,29.0788,114.8918
393.6910,76.6591,29.0175,113.4252
393.5787,77.9918,29.2296,112.1241
393.7877,82.8884,28.9909,110.8689
394.4825,85.9011,27.8193,110.7081
395.2678,87.4365,26.7940,110.8770
395.6335,88.1512,26.0847,110.8978
395.3437,88.5287,25.9743,111.8512
394.7224,88.5497,26.2044,112.8090
393.1170,87.6043,26.3444,113.3939
393.1368,87.0786,26.7050,114.1625
392.6070,89.4313,26.5996,113.4762
390.8508,91.5266,26.9218,111.8873
390.7863,93.6979,27.3326,111.6300
389.6796,94.9389,28.2525,110.5975
389.2748,94.8244,29.1311,111.0087
388.0190,96.5946,30.4242,110.9789
387.2861,97.2878,30.9539,111.0085
387.6274,97.0832,31.2803,112.4249
387.6406,97.5993,31.4984,113.4828
386.9363,99.7127,32.4404,113.4663
386.9249,99.3255,32.5997,113.2405
387.3007,98.9765,32.7446,113.6733
387.9990,100.1135,31.9803,113.8202
388.5659,100.7769,31.9044,113.8184
389.0789,102.9688,31.6777,113.1649
389.6279,102.5042,31.3349,112.7803
390.7180,105.7482,30.9327,112.7306
391.6571,105.4002,30.7904,112.2351
387.4691,104.3764,30.6554,111.6361
389.2973,106.3533,30.1140,110.8585
391.4341,107.1092,29.9327,110.7382
386.0300,108.6132,29.8845,110.3480
392.7234,110.2263,30.2598,109.7193
392.1190,111.6885,30.4508,109.6267
386.4096,112.7993,30.5392,109.5772
387.4306,114.6939,30.5704,109.5556
387.5746,117.2170,30.4377,109.5954
386.7847,118.2126,30.4275,109.6689
385.1676,120.7176,30.4218,108.9526
384.9283,123.4667,30.2966,109.3680
383.6989,125.5268,30.0785,109.1167
385.0057,128.5713,30.0514,109.1845
384.8268,130.4742,30.1213,108.7853
385.3244,133.0785,30.4397,108.1770
384.2790,136.6547,30.2735,106.9738
383.9710,139.2318,29.6330,105.4555
383.2805,141.7313,28.9945,103.8088
382.4394,142.7891,28.8113,102.8289
381.0083,143.3092,28.3731,101.8541
378.5419,146.6594,28.3171,100.5744
376.9277,147.2351,27.9830,99.2712
370.5491,147.2812,28.3784,96.6567
371.8752,147.4376,28.3813,96.0592
371.2138,147.0010,27.7210,97.2860
370.7334,146.6327,27.7942,98.0250
371.1279,146.8129,27.8867,98.8227
371.6976,146.6039,27.7915,99.0131
371.7587,145.0581,27.9343,98.9272
371.1054,145.8706,27.8453,98.8697
370.2296,144.8930,27.9304,99.7052
368.9012,145.0158,28.2405,99.9094
366.9196,143.6894,28.6257,99.8995
367.1337,139.9397,29.0249,100.4355
367.6371,140.3081,29.1609,100.9149
366.1111,138.9868,30.3454,102.3673
364.7216,137.6694,30.9789,104.3051
362.8753,132.7148,31.5629,107.7550
362.0962,130.2361,31.7503,109.7241
362.0957,129.3661,31.6789,112.1309
362.6200,128.0085,32.3969,114.3283
363.2348,126.9574,33.2947,116.7454
364.1190,127.5390,33.5762,117.7230
370.0612,127.2485,33.8944,120.0714
368.3059,127.9977,34.4734,121.7208
367.3701,126.0405,34.8270,123.3051
368.5207,127.6933,34.6276,124.3575
369.6588,129.7171,34.2137,126.2575
370.2326,130.7056,34.1299,127.9094
370.7606,132.0382,34.1385,128.9117
371.3932,133.1609,34.3669,129.7484
372.0088,132.9844,34.5661,130.3503
378.4146,137.0821,34.7922,130.7388
376.2724,136.4996,35.3206,130.7116
376.0472,135.5964,35.7832,131.7332
376.4548,134.5451,36.0869,132.4232
377.0542,135.7042,36.2322,133.0440
377.3666,134.4289,36.5124,133.7508
378.5877,135.1324,36.6293,134.2340
378.5457,134.0504,36.8039,134.6603
378.9775,132.6041,36.9463,134.9550
380.3030,131.3351,36.9842,134.9635
382.4817,130.8382,37.0469,134.9815
385.8764,131.7117,37.1023,134.9244
388.9628,133.1837,37.2556,134.8843
390.3715,133.9048,37.2826,134.9445
392.3462,134.8620,37.3161,134.9656
394.0026,135.7283,37.5662,135.1252
401.3721,137.6719,37.6301,135.1036
403.0107,135.1020,37.6726,136.3835
403.6846,134.6162,37.6719,137.1389
406.1115,132.5681,37.7032,137.5963
408.0960,132.4480,37.5654,138.2669
408.9839,132.8527,37.4394,138.9593
408.9579,138.3794,37.4312,139.3273
411.1018,133.5641,37.1226,141.5187
409.6103,137.7354,37.3150,141.9176
409.4622,132.9951,37.3814,142.8165
407.5780,131.3490,37.4492,143.5774
407.0174,130.1713,37.4956,143.7637
406.4962,129.4263,37.6007,143.9806
405.7880,129.6000,37.7723,144.1963
404.5705,126.0810,37.8731,144.3018
404.7450,125.9333,38.0676,144.5917
403.7361,126.7984,38.2477,144.7224
403.9747,125.2192,38.4786,145.1982
404.1090,125.0306,38.6852,145.5476
403.1190,126.1218,38.9159,145.8913
403.7672,127.8837,38.9448,146.5037
404.0163,123.5408,39.1071,147.0054
404.4489,132.9875,39.1878,147.0237
405.3616,130.8422,39.1652,147.3065
407.8120,130.3256,39.2553,148.7236
410.2593,123.9761,39.9561,150.1307
411.1685,127.2050,40.8058,151.6261
413.4881,123.8878,41.6975,153.6924
414.9406,122.7322,42.5894,155.1600
415.1421,123.2257,43.2535,157.2693
415.9892,118.4955,43.8998,161.0278
416.9653,115.5820,44.3339,162.8254
417.9036,118.9162,44.4295,163.8197
416.6788,116.3635,44.5635,164.4826
417.0761,114.4442,44.5591,164.7804
416.9392,118.0880,44.5741,165.5923
416.0149,121.1766,44.4774,166.5130
416.4426,121.7961,44.4337,168.0151
417.6767,122.2418,45.2163,169.6906
418.7789,123.1279,45.9905,170.2555
419.7200,122.2944,46.7458,170.2265
420.7296,123.0413,46.9582,170.2715
422.1953,123.3365,47.7015,170.0797
423.8486,124.7366,48.2282,170.4728
424.7480,127.3167,49.0397,170.5766
425.2690,125.7888,48.7490,171.5717
425.8930,124.5206,48.1070,173.6671
426.0357,124.4494,48.0011,174.2953
426.6235,118.3240,48.1681,174.9451
428.2242,114.8657,47.5669,176.4214
428.9726,109.2881,47.9583,177.6873
429.9021,108.3243,47.2100,177.7861
430.6439,106.3133,47.1312,177.6771
429.7490,106.7293,46.5104,177.9523
427.8070,106.7222,46.4724,176.9881
427.9530,109.2556,46.2241,176.6136
428.5916,110.4135,45.6572,178.6337
427.5592,113.9987,46.6039,177.6012
428.0304,114.3004,45.9090,180.1470
427.8955,115.4607,45.6531,180.9596
428.2598,119.0666,46.0203,180.5425
428.7559,119.8481,45.5866,180.5616
429.0050,123.3518,44.9179,179.5699
429.2413,123.2900,44.5945,178.2154
428.7296,124.5492,44.5714,178.7596
428.7159,124.5722,43.9672,178.5354
428.4281,126.9918,43.6946,178.8503
427.9031,127.9831,43.8210,178.3816
428.1456,132.8570,43.2297,176.6352
427.5944,129.1640,43.0923,177.1393
426.3123,128.5521,43.3554,176.7265
427.3271,130.7167,42.7903,174.9605
428.4147,133.2516,42.5110,173.1606
430.3387,133.1413,42.1454,171.6173
432.5175,131.5346,41.7316,171.1496
432.9318,131.2000,41.8299,171.2307
435.4564,132.0506,41.2692,170.4328
436.7402,132.1914,41.2167,169.6956
436.4717,130.1051,42.1410,171.9479
437.2046,128.0324,42.5105,173.4243
438.2264,130.0835,42.6252,173.1171
438.2424,134.0435,42.8072,172.3764
438.4449,130.8505,43.9547,174.2797
439.7840,134.4003,43.4692,173.6101
441.0321,134.4682,43.6838,173.5233
440.8103,134.9514,43.8445,172.7830
439.2751,135.6949,44.0965,172.5204
438.3489,134.0906,44.6584,172.9696
438.7149,134.5977,45.2115,172.1307
439.0517,135.7352,45.3054,170.2674
438.4283,137.0984,44.8551,168.8217
436.3224,135.7435,44.6836,167.1373
436.0602,141.4802,43.7838,165.0907
435.8334,142.8709,43.5066,163.7111
435.3010,140.7939,43.5933,165.5845
432.6040,141.3176,43.7842,164.5287
433.1660,140.9735,42.5552,165.9972
432.3005,140.5470,42.0149,167.2020
431.7816,136.4562,41.1753,168.8469
430.3220,135.7361,40.3759,168.9833
429.0961,132.5954,39.8945,169.9386
427.7116,130.8588,39.9471,172.1179
425.5673,126.2662,39.0094,175.4379
422.3590,122.9950,39.6168,176.1648
419.7543,121.3405,39.6686,176.1642
416.7839,120.5649,39.9005,175.2963
417.1848,115.3042,39.2628,176.4848
416.5327,110.8306,38.6832,178.8586
416.8837,108.9361,38.4227,179.5216
415.2809,107.4732,38.7898,178.4670
414.6921,106.2870,39.8081,176.4019
417.3698,103.8280,39.4687,176.0698
417.4526,100.8250,40.6507,174.8161
418.2801,99.0572,41.3292,174.7375
420.9130,93.6156,41.0604,175.7088
421.0684,91.4766,40.9123,178.3938
422.2706,94.2599,41.2707,176.2581
423.2484,94.3328,41.2348,175.5431
423.9728,94.7074,41.4813,173.1314
424.2362,92.7801,41.7945,174.1201
423.5079,89.5729,42.2842,175.0940
423.3901,88.2957,42.0026,176.7290
423.2327,87.8298,41.7672,177.0516
422.4803,84.7496,41.8571,178.0903
421.7051,84.4220,41.8171,178.5001
422.5275,83.8974,41.5244,177.4218
422.4779,84.9305,41.3315,176.4040
422.5771,85.8655,41.0921,175.6648
423.3460,87.0705,41.0295,173.7881
423.8825,85.4002,40.9848,174.4763
424.0795,83.8740,41.2978,173.4433
424.2699,83.2864,41.6843,173.4415
424.7559,83.2464,42.0597,173.2761
425.3912,84.3013,42.2314,172.2293
425.4009,84.8554,42.9076,172.1444
425.9212,84.2602,43.5339,172.4286
426.4116,84.3118,44.0896,172.0573
427.3569,83.9917,43.7563,172.8680
428.0021,83.2105,43.9975,173.2741
429.4836,81.6921,43.6101,174.6317
430.5633,80.4113,42.1520,176.6865
431.9507,83.4378,41.4377,175.8595
431.1363,83.9120,41.7097,176.1244
432.1859,85.6683,41.0476,176.1992
432.5443,85.5814,40.9788,176.4646
432.1375,86.6755,41.0942,176.4598
432.6346,87.8372,40.7769,176.4291
432.4958,89.0357,41.1264,176.0013
432.7667,89.7795,41.0454,175.7758
433.5932,93.4644,41.2004,174.9406
433.3397,93.3389,41.3189,175.5721
433.5708,97.4576,41.6309,174.4599
434.4694,98.7107,41.5256,175.2594
434.8636,100.9734,41.1993,175.2168
434.6948,103.9093,41.2913,175.0948
434.1667,107.7826,41.6099,174.0889
433.4468,111.4484,41.8345,173.6340
432.2527,113.1140,42.2535,173.5786
431.8876,114.5134,42.4196,174.1677
429.6772,119.4643,43.2834,171.6613
428.6678,120.6187,43.3333,171.3788
428.3369,123.8177,43.2580,170.5998
428.1610,125.3949,43.5952,170.8618
426.2213,127.6957,43.6626,171.7642
425.7740,132.4125,43.6358,170.4538
425.0684,134.7953,43.4216,170.9098
423.9946,138.6622,44.2087,169.6509
424.9375,138.7868,44.2058,169.0115
424.5842,139.3118,44.3412,168.1354
424.9166,140.6850,44.9667,166.9686
424.7942,141.9438,45.0770,166.3167
424.9594,142.6480,45.0265,166.5811
425.3542,143.8978,45.0507,166.1397
425.0638,143.8031,45.3986,165.9396
424.9629,141.3722,45.3636,166.7444
425.7724,142.1224,45.3321,167.1736
426.2344,141.5589,45.3002,167.5217
426.3359,141.1973,45.4423,168.0840
426.4188,140.7481,45.4678,169.2825
425.2686,142.1868,46.0624,168.6384
425.9253,140.8277,45.3766,168.9597
426.6630,140.2858,44.4339,170.0064
426.7534,140.5665,43.8953,170.7250
428.4708,141.0615,42.6298,169.1443
428.7697,143.2668,41.9063,168.6602
427.2400,140.2599,43.0722,169.7715
429.6606,139.7426,41.9685,168.9194
429.6901,141.9053,41.7111,168.9308
430.8421,140.2399,41.6348,169.1424
430.5844,139.4503,41.4746,169.7508
430.8192,138.2644,40.8651,170.9355
430.9515,136.9590,40.6929,170.2511
431.2792,138.0473,40.6434,170.4872
431.1431,136.7587,40.3976,171.3036
431.0190,137.0804,40.2143,171.2514
430.9142,136.9668,40.1698,171.7984
430.5482,137.3728,39.9856,171.4543
431.0323,136.8431,39.9528,171.2111
430.6532,136.2484,40.4987,171.8126
431.0538,136.2570,40.3990,173.2190
429.4836,135.5811,40.4888,173.5568
428.7858,137.0113,40.1756,173.2051
428.2438,136.7743,40.3852,171.4318
426.4043,138.3798,40.8326,170.7306
426.0315,138.4459,40.4813,168.6513
425.0857,138.2169,40.8492,167.1862
424.3809,137.8754,41.0899,165.6653
425.3169,138.9861,40.0836,165.4044
414.7472,142.1908,41.6727,161.7902
415.8050,142.5258,42.7730,158.2649
416.9344,143.8127,43.1475,156.3047
418.1099,144.1252,42.8494,154.3041
418.9137,145.0736,42.7232,152.9415
418.8545,145.2576,42.6933,152.6808
407.0977,189.6289,44.2506,148.7746
412.8775,191.6316,44.2510,148.7734
415.3014,197.4669,44.2533,148.7654
417.7592,203.0381,44.2567,148.7525
418.8044,206.6095,44.2579,148.7477
419.9257,210.1810,44.2585,148.7452
420.8834,213.0733,44.2586,148.7444
422.0140,215.5452,44.2587,148.7439
422.3206,217.5701,44.2588,148.7438
422.8083,220.2456,44.2588,148.7438
422.7502,223.4168,44.2588,148.7438
423.2988,225.8676,44.2588,148.7438
423.6654,227.5131,44.2588,148.7437
424.4194,229.7903,44.2588,148.7437
424.6803,230.4897,44.2588,148.7436
424.9146,230.7463,44.2588,148.7436
425.2211,231.6631,44.2588,148.7434
425.6599,230.6023,44.2588,148.7434
425.2728,229.5151,44.2589,148.7433
425.1391,227.4752,44.2589,148.7432
425.0977,224.2679,44.2590,148.7430
424.2823,217.8853,44.2589,148.7424
423.6877,208.4975,44.2586,148.7407
422.0585,193.8882,44.2602,148.7342
419.7256,154.5443,43.8313,151.0175
418.7535,147.9808,44.4634,157.1890
417.4955,142.9470,45.9340,163.0838
417.0890,137.1868,46.8783,167.5452
414.3001,131.6501,48.0503,172.8214
412.9469,129.1000,47.6532,178.4395
412.7487,127.4901,47.4127,182.8454
410.4931,128.1125,47.1358,184.0009
410.8661,128.3136,46.3988,181.7169
410.7511,130.2739,45.7981,179.6820
409.9970,131.5788,45.7489,177.7046
409.9720,131.2173,45.0372,178.7428
410.0380,130.5004,45.3651,178.7714
408.8335,129.5511,45.4694,177.9522
407.2849,131.8755,45.8313,177.3009
405.7813,130.4651,45.6642,177.3595
404.8969,131.8209,45.3328,176.9222
404.9488,130.6747,44.9975,176.7396
405.7159,130.7706,44.9204,176.2572
406.0751,130.6497,45.0397,175.7860
406.8720,129.6295,45.1060,175.3871
408.0395,128.7689,45.2369,174.3085
406.0258,130.7309,45.5343,171.2344
404.8396,130.8408,44.6915,168.1648
402.5356,130.9467,45.6204,165.3027
400.8965,130.3799,46.0040,164.7157
399.9597,131.1707,47.2054,159.8541
399.6440,129.3596,46.8681,161.4815
393.0746,129.3291,46.1117,161.3705
398.0171,127.1954,45.2051,162.1743
397.2775,129.8871,45.8534,161.5487
396.8106,127.8317,46.2434,161.1635
397.0939,124.3234,46.1011,161.3318
386.3925,131.3326,48.8430,156.8510
397.0025,131.6934,48.7475,156.9258
386.1372,131.2265,48.6037,156.7283
386.8684,130.9457,48.5726,156.7013
385.7435,129.1901,48.5698,156.5202
378.3935,127.6454,48.8262,155.8703
378.8181,126.9795,47.7259,154.7633
378.2203,127.6946,47.9365,154.0062
369.3819,127.6165,49.4253,152.6124
364.3482,131.9788,51.4784,150.0543
363.8683,127.1730,51.7598,153.9380
358.3857,127.6758,52.9515,153.7229
361.2282,125.1063,51.6362,158.8864
360.8457,122.4968,51.0415,159.1963
360.8369,122.0158,49.7649,159.7896
356.7191,127.3915,48.5280,160.1492
359.7032,122.8136,48.3607,162.0256
361.7710,123.4111,48.3738,163.7399
362.1568,123.1656,48.4070,163.9137
364.1359,123.1413,48.2795,164.2453
366.8257,125.1421,47.7056,164.8580
374.6200,129.8568,46.7064,164.9763
375.2126,132.4937,46.1869,164.7768
376.6371,133.6126,47.3696,163.7926
377.4641,135.4425,48.4625,164.4198
378.9616,134.9221,48.4701,165.2145
379.3608,135.9032,49.6761,165.0079
379.6270,137.8375,50.3570,166.0439
379.4457,140.8709,50.5024,165.1919
380.4396,142.6590,50.1563,165.7374
380.1611,144.4100,49.1135,164.4704
379.8359,145.7824,48.9838,164.0700
379.9200,147.5996,49.3360,163.5786
379.2630,149.9399,49.8233,162.9500
380.7312,151.5049,48.8500,162.7243
381.8745,152.1008,48.4036,161.5075
381.9755,153.1383,48.6677,160.2267
383.7881,154.7700,48.8017,159.1105
385.8035,156.0887,49.0573,158.8635
388.7792,158.2386,49.3887,158.5425
391.2288,159.9409,48.9064,157.8055
392.5900,162.4732,48.1912,156.2229
395.3997,164.8831,47.2742,154.2647
396.3406,167.0455,45.9546,151.5246
397.1644,172.6782,45.5669,148.5528
399.0053,177.0927,45.3236,144.9787
399.7240,183.1337,45.5311,140.8340
400.1917,189.5217,47.3652,133.3192
400.0023,193.6939,46.6051,131.2412
401.3084,194.3915,45.4744,130.9938
396.3608,193.4978,45.8729,128.3226
397.6850,193.4770,46.0279,128.0797
399.1238,188.0405,46.2427,127.5944
399.4543,186.6002,46.5366,127.1747
399.2373,191.8241,46.9355,126.7696
397.7482,191.0474,47.7316,126.2569
397.5898,189.7711,48.4894,127.0214
398.0397,192.6087,49.2812,127.7152
396.7135,190.1340,49.0176,129.8654
395.8254,187.2864,48.8990,131.9408
396.1648,184.9403,48.5001,132.1875
394.6447,189.1581,48.5624,132.4189
392.5088,189.1864,48.6824,131.8034
387.4880,190.5253,50.5455,128.4885
381.9802,185.2485,51.4760,127.3825
384.1423,190.2559,52.7575,126.0217
384.8437,190.5845,52.2569,126.4129
385.5188,187.1968,51.2662,127.0391
381.3828,183.5547,51.7926,125.5886
382.5284,183.1180,50.6716,126.3471
379.0807,178.4843,51.3375,124.8402
380.8722,178.0527,49.9144,126.0507
377.6219,173.7398,50.5649,125.0041
380.8884,171.2650,48.6766,126.5793
380.7995,169.8788,47.7522,126.8553
374.3966,164.9821,48.2475,126.7621
378.3029,162.8769,46.6168,128.0475
379.0860,159.6546,45.4885,129.8029
378.7483,156.2250,44.5496,131.8353
378.2184,151.9893,44.4693,132.3429
378.2863,150.4751,44.3502,133.6316
378.9721,147.6059,43.9049,134.0935
379.4887,146.9989,43.7485,133.8141
378.6565,145.5748,43.5019,131.6348
380.0481,143.5764,42.7200,131.7068
390.8796,151.4532,41.1208,129.8456
390.4969,147.7384,40.4606,129.1138
390.6307,153.0617,40.0874,128.2593
390.5572,149.6149,39.9019,127.8320
391.2570,146.5705,39.6662,126.8877
389.9212,139.6715,39.6644,126.8851
386.7819,140.7018,39.6644,126.8848
386.1918,137.3147,39.6642,126.8845
385.9836,134.6292,39.6643,126.8838
378.5525,135.3117,39.4454,126.9537
370.4220,129.5383,39.4244,126.4251
371.9176,129.2436,39.3502,126.3493
374.3840,128.1613,39.5876,125.4462
377.2609,127.7675,40.8699,123.2766
380.6893,130.6693,42.7963,121.4161
376.8228,133.6580,45.4118,119.1761
380.5239,135.6000,45.2251,118.5515
376.0430,138.0247,45.2934,117.7543
376.9299,140.7951,45.2436,116.8268
373.7042,141.9508,45.6253,114.5051
374.3513,141.6205,45.0130,114.0032
369.0640,140.0080,45.6798,111.7874
362.6378,137.0499,48.6521,107.3513
367.4073,141.9216,48.0284,109.7297
362.2896,140.1391,48.8224,107.3948
366.1627,142.3188,45.7309,113.6434
361.7143,143.0133,46.5622,114.1394
358.2590,145.1259,45.6994,115.3811
361.6794,142.9474,44.2341,117.3465
357.2957,144.9061,43.8619,118.7023
359.7663,142.9254,43.4321,119.8703
360.6472,143.1480,43.5954,122.6784
357.9998,144.4957,43.5163,120.6077
359.8306,146.0716,43.6123,122.8046
355.8715,148.1023,44.0982,122.8170
359.5865,148.7204,43.3392,124.2235
355.3585,152.5684,43.3917,123.3119
357.2519,153.6605,43.5593,123.1470
358.5396,153.7414,41.9668,125.5775
354.1860,156.6177,42.2613,121.8911
356.2093,156.7732,42.6808,122.0261
351.0229,159.6273,42.3171,120.7430
353.9799,161.6530,42.7255,121.6552
354.8858,162.3170,43.1756,123.0242
354.5184,164.0601,43.4358,123.9782
354.4968,163.9942,43.3696,123.5311
353.9818,165.3463,43.5829,124.9706
354.3333,167.1201,43.0614,124.7740
353.0362,167.8723,42.9903,124.0009
352.7484,168.1662,42.6646,124.0662
352.0860,170.6362,42.9419,123.4272
352.0902,170.2971,42.5849,123.0906
351.9942,171.5520,42.7176,122.8900
352.6396,171.8367,42.3816,123.5789
350.5809,172.5201,42.5312,123.7575
351.6148,174.0100,42.1948,124.5102
350.8968,173.3565,42.3844,124.5609
350.8157,174.4593,41.7534,125.0607
345.6808,172.1580,42.8685,122.3590
345.7218,170.8944,43.3430,125.0506
345.8511,172.6617,42.9616,126.5042
345.6189,173.1198,42.3557,126.5711
345.3157,173.2426,42.1846,126.9388
343.7386,174.6412,42.3976,127.1164
341.6419,176.1540,42.8454,126.4995
337.5081,177.6416,43.6548,125.1824
337.7824,180.4626,43.9209,124.6752
336.2307,179.1309,43.6707,124.1967
334.2187,179.7503,43.8736,124.1637
330.8201,181.7633,44.6488,122.2777
330.3734,183.0876,44.4635,122.4007
329.3938,182.0861,44.3854,121.6078
329.4922,183.1841,43.5794,121.5683
327.7484,184.6936,42.8267,122.6203
326.5565,186.0423,42.9813,121.9303
324.4316,187.6315,43.0241,122.2733
323.3503,189.3015,42.8648,121.8664
320.8967,189.8426,43.1217,122.3899
319.4014,190.6402,42.8803,122.3374
318.5991,190.0289,42.5024,122.6840
316.2941,189.1145,42.4581,124.2430
312.5050,189.1460,43.2358,124.1774
309.6301,188.9616,43.4078,124.4113
308.2881,189.6593,43.2783,124.7042
304.6160,191.5666,43.1301,125.2077
302.4712,190.9768,42.7691,124.5860
301.1291,190.9866,42.7021,123.8479
297.2165,191.1299,42.7994,124.5932
294.5529,190.3922,42.5321,125.3903
293.5396,190.4343,42.4453,124.9035
290.8305,191.8862,42.2503,126.6335
288.2068,191.3472,42.4312,126.1906
282.9883,191.0208,41.9100,125.9163
283.9397,193.2836,41.0077,126.1941
281.8300,192.5006,41.3959,124.7752
277.9770,191.4079,41.6433,124.1525
276.8488,192.7340,41.2024,124.4313
274.2745,191.9180,40.9454,123.9025
271.8083,192.3866,41.1692,124.3032
269.6965,193.4098,41.1457,123.8374
267.0007,193.5081,40.3738,123.2069
265.7293,193.0655,39.3820,123.2926
263.0168,193.8475,39.1606,123.0190
260.2043,196.3654,39.0763,122.3295
254.8190,197.1536,38.6176,120.2902
254.8708,200.4322,38.8164,118.8848
254.8978,202.8060,38.1144,117.5099
248.8941,205.0314,37.0143,116.8992
249.2484,207.4097,36.5448,115.9205
244.0711,208.9614,36.1398,115.2496
244.6093,212.3751,35.9355,114.7697
239.6447,211.0105,35.5804,114.2938
239.7486,226.4057,35.2712,114.0878
234.2694,215.6531,35.2239,112.9776
234.3792,210.8331,35.4797,111.7493
229.4196,211.0478,35.4605,109.9460
