1
122.9601,340.9287,74.6636,97.3727
132.0320,333.0261,68.5903,104.1840
125.8271,333.3897,62.8648,108.9344
120.2241,333.3440,60.5015,103.9493
124.3078,350.0952,63.8774,93.6529
132.3120,340.8249,72.8829,79.5136
129.0111,334.9608,79.2691,68.8190
114.8883,315.5568,71.7802,68.9555
117.9713,292.8483,64.9529,74.2396
128.6021,260.6697,56.5074,78.1574
140.6368,232.3682,47.8827,78.0915
145.3240,221.1106,40.3843,74.1896
140.0675,210.6390,34.1977,71.2771
139.8259,207.7851,30.7283,68.2654
134.8542,217.7482,27.8397,59.0609
138.1108,238.1203,32.5271,50.9867
151.6899,254.8868,33.9781,44.7216
162.1720,253.3171,33.5795,42.5191
169.4702,239.9328,32.0180,40.8705
190.1380,226.1881,31.5988,40.4481
203.5547,212.5225,29.6044,39.6723
158.7784,175.3834,33.4091,37.5822
146.2952,162.5361,32.0569,37.8658
160.0642,177.3315,30.5418,37.6364
169.1295,190.8229,29.8244,36.9487
173.6180,206.7938,29.0311,36.7253
168.1981,187.0117,27.1197,40.0581
174.9216,180.0299,25.7060,37.6399
172.5751,196.8066,24.5863,39.0177
174.3401,199.5383,23.0622,41.0607
190.1141,172.9301,25.8172,38.2507
203.5124,150.2919,23.6849,41.3478
189.9279,141.9376,21.9735,41.9445
187.6504,129.2980,19.6710,41.2722
184.0760,122.8692,17.4421,40.2621
189.0425,136.1886,19.4450,36.1861
181.3779,140.1111,17.7993,37.3075
186.4978,151.2117,19.9301,31.3732
195.9418,162.6892,21.0236,28.3174
205.6813,173.1904,21.0723,26.8884
215.3777,184.2595,21.1976,25.1756
225.7209,172.3070,19.8060,23.5548
235.5838,182.0072,19.8307,23.0534
244.4460,188.6901,19.7636,22.7815
245.3610,187.8015,19.7636,22.7815
248.1204,188.2659,19.7636,22.7815
250.7444,188.3610,19.7636,22.7815
253.3830,188.5078,19.7636,22.7815
256.0322,188.5869,19.7635,22.7815
258.6682,188.7143,19.7635,22.7815
261.3326,188.7997,19.7635,22.7815
263.9358,188.9177,19.7635,22.7815
273.8656,189.1725,19.6437,22.8111
276.6171,189.3549,19.6437,22.8111
279.1324,189.3564,19.6437,22.8111
281.7447,189.4903,19.6437,22.8111
284.0948,186.2134,19.6437,22.8111
286.4386,182.9500,19.6437,22.8111
288.8125,179.7077,19.6437,22.8111
291.1402,176.4219,19.6437,22.8111
293.4404,173.1706,19.6437,22.8111
295.8066,169.8665,19.6437,22.8111
298.1114,166.6010,19.6437,22.8111
300.3790,163.2500,19.6436,22.8111
302.6759,159.9211,19.6436,22.8111
304.9814,156.6668,19.6436,22.8111
307.3754,153.4223,19.6436,22.8111
309.7166,150.1696,19.6436,22.8111
312.0544,146.8244,19.6436,22.8111
314.3930,143.5521,19.6436,22.8111
316.7745,140.2715,19.6436,22.8111
319.0725,137.0150,19.6436,22.8111
321.3970,133.7282,19.6436,22.8111
323.7173,130.4804,19.6436,22.8111
326.3512,130.5401,19.6436,22.8111
328.7669,127.4088,19.6436,22.8111
331.1672,124.2490,19.6436,22.8111
333.6824,124.1699,19.6436,22.8111
336.1796,124.0479,19.6436,22.8111
338.6737,123.8678,19.6436,22.8111
341.4612,123.8582,19.6435,22.8111
344.0827,123.8955,19.6435,22.8111
346.8248,123.9119,19.6435,22.8111
349.6757,124.0134,19.6435,22.8111
347.2970,123.8751,19.6435,22.8111
346.6009,125.4303,19.6435,22.8111
346.9071,127.9468,19.6435,22.8111
347.8127,129.7847,19.6435,22.8111
348.7243,131.7305,19.6435,22.8111
349.5754,133.6514,19.6435,22.8111
352.1990,133.6618,19.6435,22.8111
352.9941,135.2752,19.6435,22.8111
355.7296,135.4086,19.6435,22.8111
358.4548,135.5255,19.6434,22.8111
361.2448,135.7530,19.6434,22.8111
363.8888,135.8343,19.6434,22.8111
366.4993,135.8500,19.6434,22.8111
368.8851,132.5909,19.6434,22.8111
370.3151,128.7651,19.6434,22.8111
371.6758,125.0582,19.6434,22.8111
373.1976,121.2722,19.6434,22.8111
375.5500,118.0443,19.6434,22.8110
375.8941,114.1656,19.6434,22.8110
376.1795,110.2227,19.6434,22.8110
378.6382,107.0621,19.6434,22.8110
381.0292,103.8376,19.6434,22.8110
383.6328,103.8983,19.6434,22.8110
381.2898,103.5103,19.6434,22.8110
380.4874,104.9286,19.6434,22.8110
379.7305,106.3590,19.6434,22.8110
378.8810,108.8767,19.6434,22.8110
378.1742,110.2674,19.6434,22.8110
377.4158,111.5646,19.6434,22.8110
376.6335,113.0477,19.6434,22.8110
375.8384,114.3900,19.6434,22.8110
376.1499,116.9535,19.6434,22.8110
374.8982,119.3053,19.6434,22.8110
375.2914,121.7533,19.6434,22.8110
375.5586,124.3286,19.6434,22.8110
375.7704,127.0183,19.6433,22.8110
376.3959,129.8241,19.6433,22.8110
376.7800,132.3992,19.6433,22.8110
377.0857,135.0320,19.6433,22.8110
377.4806,137.4201,19.6433,22.8110
377.8130,139.8213,19.6433,22.8110
378.2554,150.2801,19.6355,22.7422
378.7328,152.6247,19.6355,22.7422
378.4850,155.0709,19.6355,22.7422
378.2666,156.4004,19.6355,22.7422
378.1075,157.8276,19.6355,22.7422
377.9636,159.1073,19.6355,22.7422
377.2209,161.6163,19.6355,22.7422
377.0920,162.7035,19.6354,22.7422
377.1667,164.7879,19.6354,22.7422
377.5101,167.1825,19.6354,22.7422
378.4422,167.0316,19.6318,22.7416
388.4586,176.4009,19.7593,22.6177
395.0214,170.2865,17.9110,22.3025
400.3458,181.2997,17.9615,21.5547
404.9338,187.7009,17.8124,21.3828
406.1971,183.0485,17.7887,21.3421
398.0804,173.7070,16.3221,22.9399
396.8560,170.2722,15.7916,22.0066
411.2029,156.9424,15.3558,23.3055
412.3634,151.4215,15.0317,23.2008
411.3283,148.4756,14.8816,22.2607
412.0183,147.6711,14.9244,20.6967
414.6363,147.8889,13.7338,19.4639
413.6042,149.4147,13.5528,18.1450
414.1904,149.3175,13.0209,16.7017
