1
267.4959,82.3857,29.7811,48.5464
263.4945,81.8363,29.2115,49.6452
264.7322,106.2194,31.6616,46.4398
267.1695,125.8225,32.9092,45.1906
263.2484,92.0274,30.9426,45.3448
271.1429,86.5814,30.7017,45.4727
271.3752,106.4969,32.6249,43.8480
271.2380,129.7125,34.1004,41.8556
2
0
0
0
0
1
252.3643,71.0189,25.8798,59.2127
248.0482,69.7302,25.3135,60.4760
243.6640,70.7197,24.8256,61.1417
244.9803,89.9912,27.4859,58.3270
236.2626,74.7929,26.3099,59.4772
244.3280,91.3856,27.4105,58.1036
237.6477,77.8414,27.5230,57.3709
239.2759,75.5867,26.8988,59.2480
241.3437,97.0619,29.4259,56.2732
239.3988,76.7907,27.9838,58.1605
2
0
0
0
0
1
245.1720,65.9019,27.4661,56.6182
242.5984,65.1503,26.0926,58.1213
240.1804,63.2219,25.7206,58.0721
233.2034,65.0733,26.7271,56.9587
228.4520,64.5564,27.1564,56.6963
226.6253,65.5160,26.9102,56.0770
226.3387,65.6839,26.1969,55.7413
216.8405,89.0198,26.1550,54.7615
215.4923,110.0521,28.8514,51.5773
2
0
0
0
0
1
234.5255,74.0988,28.6945,68.2309
236.1853,74.3097,28.3635,67.8091
237.2861,75.0220,27.6442,67.8668
238.7637,74.3615,27.6299,67.7175
238.6005,76.3767,27.9562,66.6230
243.0610,78.3255,27.7831,67.0993
248.1298,81.9233,27.8781,68.6745
232.6850,76.1249,29.0438,68.3817
231.4810,74.2526,29.9491,66.1156
225.7659,77.4655,30.9788,64.1472
220.4223,80.3833,31.3404,64.2120
221.1684,79.0702,29.8480,66.8382
221.7687,77.2449,28.6475,70.4888
221.7404,72.4756,28.7040,70.8713
221.6432,69.7614,28.8985,70.1694
221.5976,69.9208,28.9898,68.3247
220.7002,69.8334,29.2836,66.9986
220.8975,70.2995,28.8890,67.5533
223.3800,69.7350,28.3879,67.1944
228.9317,72.6689,27.6018,70.1698
229.0983,70.7079,27.2685,72.5891
228.7637,67.8672,27.9377,70.6128
232.1531,70.7778,28.7347,67.8219
228.6614,75.5352,29.7617,67.2418
229.6402,75.0556,29.3030,69.6998
230.7423,75.1889,28.6250,72.4858
231.4905,74.0806,28.6831,74.7024
233.8710,74.4234,28.6840,77.1914
233.7802,72.7797,28.8655,78.8558
233.8985,72.6920,28.6290,79.0312
237.5087,75.1390,29.6501,77.4339
239.8169,78.0239,29.9653,78.2395
245.8600,77.5235,29.5067,80.9013
249.1986,77.7218,29.5932,83.8866
249.5838,76.8020,30.5581,85.7262
248.9942,76.2233,31.7372,85.1046
249.2487,78.2402,33.0196,82.8622
249.2437,80.3214,33.0297,84.0466
249.5463,79.4697,32.4245,85.7499
249.6242,79.3075,32.2687,87.8873
248.3948,76.3918,32.8867,86.3554
239.5116,73.3503,34.1829,83.2882
235.2218,74.2637,33.7171,83.2704
228.9333,72.2578,33.6903,83.6812
230.1507,66.7546,33.0616,83.8518
230.5512,66.6609,32.2604,87.6337
235.2405,65.2802,32.0671,88.5580
236.1481,64.5547,32.0988,90.0089
235.8488,64.3613,32.6973,90.3958
239.6330,66.1107,32.6670,92.5504
241.2535,65.4659,33.2554,93.8399
246.0731,68.4445,33.3352,97.6019
245.6776,68.0113,34.1264,98.4683
247.0076,65.4281,35.5177,95.5319
250.7629,67.5286,36.0428,91.3308
252.2154,67.9034,35.0959,90.5812
253.3931,69.6553,34.6709,90.9380
256.4531,68.1876,34.3344,91.9456
256.7786,65.8637,33.6835,90.7848
243.8187,66.0826,34.8010,90.3469
239.5274,64.4480,35.6968,89.7729
223.1339,58.0880,37.6121,85.1274
219.5505,60.3810,37.1935,82.4380
206.7251,63.6675,36.9448,83.2647
208.2902,58.9716,37.5297,79.6533
209.8425,59.1525,36.2405,81.1069
210.2249,57.8974,35.4756,81.8031
214.4643,54.5399,34.2391,83.0866
222.2482,54.1072,33.1286,85.7593
224.2599,54.1547,32.7567,85.6642
225.1791,56.3775,32.7361,84.8542
227.1765,57.5395,32.3529,86.1416
234.8367,58.6897,33.3888,85.6587
245.3767,62.0500,34.2571,86.2541
245.9317,64.9634,35.0002,85.9867
251.4701,65.1804,36.9610,83.6902
259.1452,66.9294,36.5232,85.7844
263.5619,66.6709,37.1231,84.4147
267.6768,68.6394,36.4030,86.1099
274.2572,68.7609,36.4667,83.9776
281.3987,68.9579,35.2003,83.5838
288.0518,70.0587,34.7138,81.3821
287.5077,66.7542,35.8021,77.2453
292.1966,72.1489,35.1747,78.7066
296.2751,71.3996,35.8196,76.6846
302.5215,74.7919,35.5226,76.8691
309.4919,76.4572,33.7598,80.4975
308.6922,74.2740,33.5980,81.3411
314.0348,74.4618,33.5364,82.7363
308.0668,79.1048,32.9450,85.9774
308.8484,78.1286,35.0333,82.4529
310.2931,78.5184,33.9559,81.6733
308.9709,77.9276,33.0367,81.0733
302.6627,78.2093,33.3559,78.7530
297.7126,79.1757,32.8826,78.5492
292.0861,80.6846,32.1125,80.6841
291.5380,73.7410,31.4740,80.6940
286.1888,74.0963,30.1086,81.7069
285.6889,69.5764,29.3951,80.4665
285.5634,66.8348,29.6462,80.9015
282.7870,62.4439,30.1184,79.5225
277.8449,63.3288,29.9092,79.4349
279.1717,66.5582,30.6101,76.3305
274.0282,72.8645,31.0260,76.8793
276.7232,74.1792,30.6175,74.2499
277.0916,71.2551,29.8807,72.0214
281.8364,72.5695,29.8115,70.9629
282.0338,72.6343,29.4169,69.2796
286.7600,73.2616,29.0979,71.0694
291.0771,74.9758,29.7183,70.7261
294.6396,74.5395,30.3356,70.0501
291.1796,99.7894,34.1564,66.0394
289.2909,79.2644,33.2605,66.5870
295.9108,74.5439,32.4235,66.7260
295.4805,69.7245,31.7462,67.1374
297.3858,65.6404,30.9998,66.1132
302.6856,80.1868,29.4250,68.6072
305.3503,80.4691,30.1464,66.5300
304.9671,77.1769,29.4175,65.6380
305.0691,78.1679,29.2135,65.1255
305.1614,79.3947,29.0289,64.1304
301.7098,103.7540,33.0505,60.0770
302.1002,83.6809,30.8185,61.0446
305.5487,83.3412,29.6294,61.7240
307.0192,83.3201,29.5210,61.7662
311.6140,81.7682,28.8214,62.0400
316.0429,81.4668,28.4041,62.6430
304.4139,74.4477,29.1304,61.1904
313.6638,79.4828,28.8279,63.7183
313.8804,76.9799,28.3947,62.9991
312.5898,77.7774,28.1493,64.2305
317.3692,77.9543,28.5781,63.8768
321.9388,78.5446,29.4434,62.6961
319.4664,78.1112,28.6794,62.1356
324.1127,77.8411,27.8209,62.6759
328.6047,72.4678,30.0247,59.4378
320.5835,89.8923,29.3908,59.3312
328.5374,77.4382,28.6319,59.4504
317.6134,99.1791,28.6281,56.9404
315.3853,122.0885,31.7553,53.6486
2
0
0
0
0
1
340.2307,80.3617,20.1774,49.7029
340.3779,80.7213,19.8829,48.9837
343.6209,81.4179,19.7571,48.6506
343.7049,81.0368,19.5892,48.3599
347.2195,81.9462,19.8806,47.5869
351.3077,82.3231,20.0230,46.8329
357.9944,86.8411,20.0586,46.0488
354.5661,90.2901,20.7907,44.2545
361.8825,92.4020,20.2634,44.0609
361.5453,91.5453,19.9423,43.7832
362.9169,94.0044,19.1708,44.7801
359.6339,94.9750,18.8299,44.8123
357.4397,95.9874,18.3126,46.7119
353.3169,95.0700,18.5639,47.5475
349.7941,94.7726,18.4989,47.1266
345.9379,94.5480,18.1425,47.5758
339.9536,94.2360,18.0073,49.2084
336.3232,93.1074,18.0608,49.4064
335.9111,95.9473,17.8516,48.8936
335.9873,95.2265,17.6991,48.2906
334.8004,95.1267,17.0403,48.4902
333.0439,93.2628,16.5460,49.2125
336.0164,95.5430,16.6196,48.6645
337.2599,94.3515,16.1261,49.0543
338.5733,95.4375,15.4855,49.8619
340.0389,97.7936,15.5329,49.1211
343.1879,98.1161,15.1343,49.4592
346.1354,97.1584,15.1232,49.4134
347.4898,96.9168,15.3538,48.9167
348.0762,97.3266,15.1580,49.0742
350.6960,99.5342,14.7966,49.5371
350.5818,97.1448,15.0249,49.4384
354.2298,100.8542,15.5557,48.8681
354.1473,100.2258,15.7207,48.1647
354.0821,99.1859,15.8511,47.3253
355.2729,98.4951,15.3966,47.7433
358.0583,102.5208,15.5926,46.4199
357.6602,101.6036,15.4431,45.4167
357.0128,101.4502,15.8089,43.8655
357.7377,105.3139,16.1859,42.5321
354.8076,103.8006,15.7383,42.8553
355.1396,102.0710,15.0742,43.6215
352.5246,102.0496,14.9247,43.6643
355.7265,103.2577,14.7823,43.0371
354.7346,103.7056,15.0002,42.1413
358.3013,104.6778,14.8597,41.0709
361.3743,104.5830,14.7077,40.4043
363.6535,104.9773,14.3692,40.4596
366.3786,104.8037,13.9510,40.8069
368.4754,105.5164,13.9374,40.2175
369.7721,105.9196,14.6534,38.5837
371.2234,108.9205,14.2015,38.3003
374.1394,109.2265,14.0027,37.6885
377.2917,109.9004,14.0371,37.1330
378.7691,107.5234,13.4375,37.9618
377.2117,107.0617,13.4079,38.0991
375.5504,107.4188,13.5807,37.3850
372.4312,108.2096,13.5757,36.5837
373.9617,109.3513,13.5901,35.8380
371.6007,109.6453,13.7616,35.2500
374.7616,109.0264,13.4643,34.9818
372.5951,106.4032,13.3339,34.2771
374.3335,106.4147,13.5143,33.5226
369.9204,107.8983,13.6550,32.7269
372.4865,106.7944,13.5264,32.0754
370.0919,116.8967,14.0969,30.8553
368.6237,128.2277,14.9469,29.7537
367.8000,139.4672,15.9000,28.7958
366.9949,150.7072,16.8137,27.9076
2
0
0
0
0
1
348.6753,97.8498,16.1075,54.6419
350.2560,95.8142,16.1622,53.3529
350.5808,96.5727,16.5674,51.8359
351.1374,99.0940,17.5358,49.9156
352.6955,100.7321,17.5131,49.7330
353.9263,101.4311,17.1078,49.3632
354.4145,105.3488,17.1470,48.6363
357.2735,107.9505,17.4641,47.4563
356.9882,107.5319,17.0400,46.3040
360.1202,110.4867,17.5699,44.2768
359.9541,111.1679,17.9021,42.9143
363.2434,112.8349,17.8843,41.4548
363.7959,111.9073,17.6952,40.5625
364.1470,113.9807,16.9931,40.9137
365.4309,116.5278,17.1019,40.2808
365.0587,115.6124,16.9613,39.4566
365.8394,115.7558,17.1412,38.2990
367.9820,116.6437,17.1412,37.3802
367.1987,116.9445,17.0204,36.7786
369.8966,117.4349,16.6215,36.6307
371.6415,118.2783,16.4265,35.7675
374.6830,118.7351,15.9975,35.6617
380.9339,120.8162,15.4756,35.4928
386.3356,117.8922,14.9036,35.8317
391.2818,115.4656,14.3928,35.9939
397.5319,117.3150,14.2933,35.3955
