109.0209,137.3981,70.0163,84.8978
115.9968,140.3618,69.0179,84.8844
123.9845,144.4081,65.7831,84.6058
131.9652,152.4255,63.0366,81.7976
140.1756,157.9631,60.7428,76.9007
148.7191,161.0942,63.2419,80.8795
158.4226,165.8382,67.5612,76.1112
165.0446,167.9982,67.8448,79.9665
174.3970,168.2527,64.7925,83.7240
184.9641,175.4468,67.3118,78.6365
196.7831,179.6331,66.9589,81.1934
202.2013,176.9352,65.7825,80.3736
210.6344,175.8425,61.1362,79.1890
215.1787,174.1920,63.2125,78.2139
217.8043,169.3694,63.8313,82.0027
222.1894,169.4959,64.1611,82.1613
225.1176,165.9920,65.5549,79.7441
232.5416,162.6089,64.9069,80.6803
240.1611,160.1003,64.0379,81.1600
254.4351,157.6717,63.6698,83.6530
265.5997,160.0970,71.2607,74.4450
279.7712,159.0310,73.5127,72.2700
303.3256,156.8374,67.7488,75.0023
321.5358,158.5280,67.1485,74.0864
335.8737,158.0875,66.1276,76.2755
347.1499,161.9521,70.8902,77.2373
356.1185,155.6651,70.5430,83.3558
365.6121,155.3603,70.0458,84.6735
370.8234,157.0699,66.9432,81.8868
371.0259,156.3616,66.6932,80.3738
366.6661,152.0406,64.5829,80.3164
356.7914,152.0493,64.8971,80.2759
345.9321,152.2672,59.3058,79.8491
334.0000,151.0000,60.0000,82.0000
319.0000,148.0000,63.0000,85.0000
303.5909,149.9808,63.8433,80.4194
286.5032,152.1234,66.4735,78.9317
268.3274,159.1953,67.4452,73.6919
256.3896,163.9582,66.8259,72.8135
247.3032,170.0051,65.9086,69.9602
242.2075,171.6729,63.2151,74.2303
233.2599,172.8943,65.5403,77.8965
226.5592,174.5827,64.7716,77.4486
215.8186,174.4784,66.9579,78.6133
211.9253,174.8575,64.3593,79.3304
206.6832,173.9118,65.1035,81.4740
202.2850,175.3077,66.8300,78.0805
198.3337,175.6935,67.3726,78.3516
195.5551,176.7942,65.2499,77.2550
192.2946,174.7785,72.0108,78.7785
190.4382,173.7987,69.4385,79.6225
195.0627,174.1794,70.3646,78.9657
202.5213,174.3012,70.3374,78.0947
216.1658,176.0681,66.8583,75.0134
237.3177,171.7424,61.9195,74.4312
250.5990,170.3109,64.9620,72.8056
269.4245,169.8274,63.7610,66.8952
295.7173,167.3622,56.3305,63.5546
314.0898,166.4506,54.8053,63.8329
329.2920,168.2735,58.4211,74.9845
341.1355,165.9819,61.4590,74.2452
352.6791,161.5343,63.4468,80.4504
365.9565,160.6490,65.0520,78.4719
375.1193,154.5957,67.2765,81.3131
385.6471,153.2605,64.8758,81.1830
387.9365,149.8157,66.2921,79.5932
388.8115,146.6927,67.6571,81.7125
383.7993,145.9685,69.3265,81.2075
375.0656,145.8181,69.3088,83.9894
360.7453,154.2185,69.5295,84.0004
347.1448,159.1894,69.9354,80.0427
325.1819,164.9583,74.2061,79.0435
302.2234,168.2628,77.9833,81.0153
275.1089,171.4591,76.7721,63.8029
254.0323,173.9649,72.7703,67.9163
226.1868,173.7542,81.7863,76.4630
206.2094,169.1919,81.7962,87.5638
182.0000,164.0000,86.0000,88.0000
161.5246,160.6537,86.9388,90.2411
138.2477,160.3532,91.8632,84.9555
121.9348,156.2092,89.3194,85.6921
104.2818,155.6057,86.8299,81.9077
90.8664,156.2410,76.1387,78.7874
82.0000,163.0000,57.0000,86.0000
80.7706,162.8452,57.6507,88.0830
80.2567,166.0485,51.2951,90.0349
81.4000,161.2000,58.2000,93.8000
81.1653,160.6219,58.6049,96.3777
80.2248,165.0735,62.7288,98.1615
81.2134,162.6481,62.9555,93.4443
81.1431,165.0968,69.0449,90.1094
82.0000,167.0000,71.0000,83.0000
81.0646,167.4966,80.9821,87.1648
81.1569,164.1855,85.1974,84.2166
90.3255,164.2325,83.4256,84.2660
98.9589,166.5201,81.6443,78.9769
111.9833,167.4977,84.0409,68.4320
125.0840,169.3245,78.9936,69.1514
133.0859,173.5349,78.1903,85.7126
151.6698,174.5296,71.7984,90.0604
165.6042,176.6668,82.7291,81.2269
177.6808,177.0656,84.0154,88.9309
194.6317,179.7792,82.3067,84.9540
216.0776,181.8881,74.2798,80.4538
240.4593,184.4372,70.0463,77.8956
253.1418,186.1449,68.9913,61.4907
285.0044,186.5320,63.4412,48.5960
312.0001,190.6065,64.2348,77.9269
323.0000,192.0000,77.0000,79.0000
345.0000,190.0000,76.0000,82.0000
367.3312,191.5128,79.6575,82.8194
389.0000,191.0000,82.0000,85.0000
397.1190,191.6087,81.6021,76.1627
411.9628,186.6203,81.7545,73.8438
431.6945,180.5468,71.5011,79.0615
432.8653,177.3748,74.1094,83.0409
431.2318,169.7617,77.8214,89.3831
425.4765,164.8005,75.0070,86.5750
414.6423,156.9266,82.9755,92.5069
399.6064,157.5733,82.9472,91.4933
381.0000,159.0000,87.0000,90.0000
364.0840,160.0753,88.3569,90.4019
354.6405,159.9874,83.4540,89.7117
347.0000,163.0000,84.0000,89.0000
343.2499,167.2115,80.8102,85.1965
338.7771,169.0779,81.6558,86.1256
332.8178,168.8870,80.9643,86.3774
332.8329,170.7539,76.2042,86.1536
332.4226,172.7938,73.3148,89.1475
310.4270,169.5375,81.1560,88.7450
291.9738,167.5446,83.5575,88.2107
276.3677,165.7502,84.0246,89.1022
262.8169,163.3213,82.4463,73.0988
248.3127,160.9109,81.7446,75.9356
238.9962,159.2563,75.0576,84.7293
243.8713,165.4362,82.8023,76.0885
261.9393,165.0191,83.5963,86.0968
278.0000,169.0000,84.0000,92.0000
294.4709,171.2427,82.7883,91.7220
315.7182,178.1696,72.8486,87.6199
325.4236,179.0116,73.2128,94.7354
327.2082,179.0052,76.4836,92.1167
325.6545,181.1691,77.5560,87.7817
323.9724,183.5511,78.0303,83.5478
324.3510,185.3319,75.2129,80.7463
321.9264,184.4246,71.2073,79.7508
317.5493,187.4852,67.9713,76.1196
315.2978,187.9741,65.1344,74.0118
312.8431,186.8031,63.1587,72.6537
304.8906,181.0815,65.8288,71.8815
308.7382,177.6279,62.6936,72.9441
318.7597,175.1958,58.8607,71.5930
333.2518,171.6968,55.8715,73.7524
347.4566,170.8365,59.3867,71.8301
362.1562,169.4631,60.6776,68.8903
373.4413,166.9022,61.6574,69.4821
381.1039,162.1316,61.9121,71.6647
387.0730,157.0862,64.2440,75.2637
389.8114,152.2631,62.7272,75.1273
389.0000,148.0000,65.0000,78.0000
388.0719,148.4970,63.2012,75.2365
382.2513,152.0636,64.5774,69.8503
377.1503,158.2856,63.8793,76.9903
369.0000,166.0000,67.0000,83.0000
361.6176,177.4750,67.2048,85.5970
354.4400,181.2455,72.1150,84.2090
350.7099,184.1028,71.3003,82.8444
344.4132,179.4182,72.2035,89.9342
331.6941,172.1098,70.9417,90.8428
316.2186,166.5378,76.0429,89.9904
309.3622,159.1358,78.8857,93.4414
298.4721,156.1437,88.3359,93.8450
293.0000,152.0000,91.0000,97.0000
288.0000,149.0000,93.0000,98.0000
291.5193,150.4213,89.4313,94.9389
283.6856,152.3486,83.5787,80.3537
265.7527,157.6428,87.2847,78.3610
250.0210,165.3370,87.8781,76.8910
238.5959,171.0840,84.5982,82.7940
233.3295,178.3748,77.2761,81.2219
239.4500,176.1027,77.5600,80.9971
247.2342,172.3119,74.7967,82.1298
249.1937,170.2359,79.8677,81.8548
256.4238,169.0513,74.0424,81.6524
263.1210,174.7486,73.7680,65.1604
272.2675,174.8038,71.8900,61.9665
274.7748,172.2994,73.6253,65.1827
284.5496,169.8348,65.8008,64.4054
289.7226,168.3216,66.5848,64.0307
295.2596,162.5652,70.7007,69.2591
294.6155,158.2615,74.6339,74.2829
297.5306,156.2015,67.2088,74.3049
301.0678,156.6033,68.2044,75.6744
299.7072,155.6741,71.5155,73.5589
302.2066,158.6592,73.7468,72.5506
303.3601,156.9280,74.7547,75.6070
305.1000,157.8601,75.2100,75.8949
303.3988,160.1195,77.3174,73.4669
301.5965,162.9238,81.5371,71.1774
306.4019,161.3959,79.4663,74.0892
308.6958,158.4158,80.6885,77.9468
314.5385,156.1413,77.6130,80.8033
329.3997,155.4275,81.8755,88.3966
351.0000,157.0000,82.0000,91.0000
359.0000,156.0000,81.0000,91.0000
341.5569,154.7837,83.9462,91.9657
329.8018,153.7422,84.7265,93.0972
316.6050,151.9215,84.8300,98.1569
314.0631,156.1399,90.2937,97.8867
323.6642,160.6791,81.3416,99.9178
324.3380,164.3132,84.1140,100.3541
325.5831,164.5761,69.5037,99.8723
304.3720,167.2429,77.0409,98.7313
288.0708,166.7541,77.5435,95.3319
264.5244,170.2984,83.0263,69.6931
239.2912,176.5685,84.8676,76.5095
226.0694,181.4564,82.9712,79.2862
222.3698,187.2723,79.9704,78.3115
225.6483,192.0678,71.8433,75.8079
225.6103,190.4691,77.6695,73.8597
231.2509,185.3388,78.3882,72.5488
237.0452,179.8770,80.1797,73.2165
248.7192,170.3956,81.0517,73.0344
269.3837,156.4469,67.4427,87.4093
277.1596,150.9676,69.2308,80.0683
294.2182,141.5202,67.7936,88.6772
304.1305,140.3154,70.8739,87.8911
313.4939,138.5944,70.5623,84.3838
321.3336,143.9549,66.7079,79.1436
321.3602,149.2885,68.9596,80.0936
321.3802,151.6115,68.3095,82.2761
309.5865,158.4693,74.6371,75.5280
290.2206,162.2672,73.6437,73.4556
279.3334,170.6763,74.0081,81.4880
267.3187,177.4584,78.2277,74.6926
256.9271,183.3715,84.4608,76.5671
258.9147,188.4492,78.0606,72.5415
270.9394,187.9133,61.0312,68.0134
272.6859,182.0806,73.1783,70.6218
277.2267,173.8398,79.7366,73.5224
287.1632,168.7260,83.8787,72.7540
299.9825,163.9611,78.8299,77.8927
303.9130,165.7231,75.3341,89.1389
310.4591,168.8362,72.5418,94.1226
312.1425,168.7332,71.8649,95.0011
320.6633,171.3247,65.4185,93.3091
324.7765,173.2247,62.5971,95.9221
328.7324,176.4433,61.0001,94.7945
326.0185,177.6073,66.1530,95.0234
308.0000,177.0000,70.0000,87.0000
297.8130,179.3021,74.6040,87.4943
292.9417,183.2841,70.6865,84.6218
292.5579,186.3215,63.3742,85.5819
286.4898,192.5049,64.5054,78.5803
290.4304,200.0260,58.7791,71.9630
293.6744,202.6886,55.9911,70.8927
293.6560,202.2341,68.3280,68.1818
302.2615,194.2981,61.9269,79.3937
306.0578,188.3920,66.6694,86.4959
309.7248,182.3705,73.3404,93.4090
315.4878,180.8868,64.1144,94.8264
310.9593,174.4391,65.4415,102.4639
305.3259,174.3096,66.5831,99.1873
293.7028,172.6286,74.1944,100.1003
284.6390,173.4582,73.6020,111.3550
276.1031,168.7849,79.6989,110.1187
270.5191,160.9382,85.4917,110.2536
275.3001,153.4296,80.8197,113.0218
276.1214,148.9882,83.4523,106.1861
271.9289,142.0083,90.5522,105.3689
275.2589,141.7054,91.1622,97.3517
269.0593,139.9479,91.0013,99.5652
267.4887,143.8524,88.2725,96.6938
262.2947,142.3226,87.0907,97.6862
254.1146,147.0043,91.2209,95.7324
242.9889,150.4180,88.1722,68.1166
232.3406,150.8687,90.7838,84.5235
223.1833,151.3310,87.6434,91.2081
213.6045,158.5701,90.4210,89.8623
207.2586,161.7016,85.9627,86.8907
205.0574,158.9333,89.0951,89.2723
209.9959,148.7539,95.5233,89.4212
217.6339,147.8444,94.1422,87.2882
230.5783,143.8930,94.4634,87.3241
255.9820,141.8005,94.3509,83.3821
280.6544,145.3582,94.1013,86.5606
304.9191,152.3359,95.5268,86.8773
326.8411,161.0193,84.4578,88.7884
342.0000,165.0000,82.0000,93.0000
352.4184,164.0755,86.0432,101.2405
348.9137,161.2482,81.4827,100.8216
336.3846,160.3790,87.7458,103.3636
329.0397,163.4358,88.6256,98.7500
324.8235,163.5953,86.2680,95.7043
321.3586,157.6381,85.2627,100.7082
327.7715,157.2928,72.9671,98.8610
324.4987,160.2644,73.2025,96.3957
314.6855,161.7769,77.0789,96.0188
309.5807,159.3245,76.2585,97.9320
297.2486,160.8421,80.7979,100.2588
290.8256,164.7424,81.2037,96.4967
284.0000,168.0000,84.0000,96.0000
293.8329,170.3500,79.3742,93.2586
306.3533,172.4606,76.6983,90.6443
315.8047,176.0435,75.7307,90.4709
320.0143,178.7021,80.4764,90.5838
327.2872,178.1656,82.7257,93.7377
325.2754,173.1112,81.8293,97.0456
324.0375,168.6201,76.6851,99.4949
317.6312,168.9789,81.7926,98.0562
320.5701,168.3788,82.3297,95.0863
323.7185,164.7311,76.4680,98.1928
313.5032,163.5658,81.6186,99.9909
266.8595,154.6692,92.1810,94.7812
250.5600,155.5238,92.6749,93.8839
237.5334,159.6378,90.9881,86.9249
228.7567,166.2007,82.1367,75.3925
246.2307,158.6021,85.4986,75.0623
279.1655,152.2328,84.8741,95.9194
321.0000,152.0000,83.0000,94.0000
363.8570,150.2731,81.9010,91.7998
384.0146,148.4260,77.9857,89.9900
367.1068,146.3001,83.9064,86.9198
349.7083,146.2838,87.3083,85.3948
301.0000,152.0000,86.0000,86.0000
275.0000,163.0000,84.0000,87.0000
248.8480,172.9665,82.6490,89.7150
248.3051,193.1694,56.2797,58.9336
267.3995,191.9758,69.5010,67.4133
284.9491,185.6879,61.0869,80.0643
289.7393,177.8109,73.4415,89.6387
308.2135,167.1844,69.8430,90.8248
322.3617,163.3047,69.4116,84.4785
324.6682,161.4960,61.6986,85.7635
309.7993,162.6794,67.3614,85.3101
294.1205,171.9514,70.9690,83.4003
283.7673,180.1447,71.4654,82.9437
295.4940,186.8430,50.6170,85.2190
306.2052,195.7366,65.0095,78.5867
324.2377,201.3309,70.0296,75.0233
349.8824,196.4948,68.5451,83.2453
380.7115,186.8373,72.7070,80.1904
411.5721,173.9225,71.0059,80.7681
416.3702,160.6230,72.6947,78.2369
399.5364,148.7009,69.4772,86.2032
362.7756,151.1254,74.2237,85.8717
326.5231,155.5385,72.9838,84.9454
295.0000,158.0000,71.0000,85.0000
256.9606,161.5718,74.5387,66.0203
236.1130,169.2903,66.4039,74.8293
216.4191,176.9712,72.5268,80.0405
216.2502,186.5945,62.6996,72.0574
220.3277,189.4741,69.7796,68.3543
249.0277,205.9582,71.4595,72.5137
303.9807,233.8032,37.1636,47.3037
296.1119,205.6414,53.2863,75.9072
297.5098,194.5490,57.8804,76.7319
272.8212,177.1520,66.3427,82.8125
243.1344,174.0236,70.8812,63.3138
225.3720,168.9631,70.7110,83.6833
208.2791,167.0538,74.7418,92.8994
200.6407,178.1518,75.9185,82.0359
211.9086,178.2374,72.8077,80.8867
224.8326,168.3903,71.3449,82.8774
236.1109,162.4514,73.3882,72.9638
