1
35.0885,63.1243,67.7369,82.8931
41.1840,68.8063,64.9034,80.5750
48.3438,78.9564,65.5427,73.6354
55.8495,83.5824,66.6522,69.5358
69.0820,87.6230,64.5896,69.4576
75.6716,90.6308,64.7360,67.3223
89.0360,91.8687,61.4929,66.9142
100.5822,95.4262,59.2333,67.7527
110.9253,100.9923,58.2569,67.6580
117.8506,102.0628,57.0137,67.1537
129.4699,101.8712,56.3800,68.1363
132.1676,100.8040,57.4001,68.2808
137.1177,97.9878,57.8903,68.6597
139.6394,95.5264,59.0688,68.0627
142.9753,91.3985,60.2268,67.7411
152.3730,88.2743,59.3165,67.5281
155.7904,87.2119,60.5253,66.3945
167.8259,87.1152,59.7555,65.0209
182.2432,87.6654,60.2712,63.0832
197.9241,88.0880,59.0942,62.0147
214.4953,88.5032,57.3436,61.1405
230.3520,89.3702,56.1630,59.9114
245.2943,90.5770,55.7430,58.2119
264.1685,90.9614,55.3498,57.4753
277.0952,92.8322,55.4022,55.9333
289.8927,92.4779,55.0703,55.0267
299.3551,92.3340,55.0516,53.9137
299.4770,82.3902,55.3325,54.5703
299.5511,79.1052,55.2964,56.3402
298.4979,79.0738,53.2996,56.9425
285.9378,74.3351,52.4067,56.8545
275.7295,76.5695,52.3837,55.8405
259.8415,77.9157,52.7222,54.9468
244.6662,73.8266,51.2052,54.9507
238.4628,77.3299,49.9451,54.1193
217.0274,74.9770,49.1412,52.9675
208.6984,90.8413,48.6711,52.3916
200.6938,99.0466,48.7319,51.7028
184.7006,97.5381,48.4370,50.8325
167.1486,113.0123,51.6854,47.2706
157.5391,114.7217,52.2409,46.1499
148.3134,115.9541,52.2744,45.7638
140.5370,119.3555,53.1883,43.8922
150.0935,130.5573,49.3589,46.2510
168.1729,149.5153,47.3175,46.0316
129.1733,100.9909,46.4486,47.7398
136.0869,109.8198,45.1909,48.1380
149.0134,123.9296,44.0951,49.4032
168.0915,142.3631,43.7899,49.4116
125.2161,104.1527,44.8486,48.7613
131.4077,111.5720,44.0347,48.6837
143.9411,123.7657,43.8815,47.2465
156.9559,131.7018,43.7050,46.2412
177.4449,109.5475,43.5545,46.4024
192.5326,117.7619,43.4143,43.1880
213.6341,108.6747,43.3077,42.1712
230.4198,116.2995,44.0056,39.6374
245.6601,122.8852,42.8554,39.0408
258.7751,146.8654,42.2188,40.6757
261.6179,167.2757,47.6933,35.3839
281.9923,165.7255,46.0083,36.9131
300.0961,167.2266,44.0421,37.2848
317.2184,164.5491,41.4743,38.3983
329.1305,164.0137,39.5364,39.3920
333.7976,159.9316,39.0199,39.0671
353.8672,157.9700,38.0676,39.2024
368.8230,150.6999,37.5014,37.3406
408.2168,154.8361,37.9212,38.6673
409.1381,156.1137,37.7854,38.3878
408.6293,160.4703,37.5277,38.3042
409.2437,156.5367,37.6817,38.7406
409.0899,157.1542,37.2821,39.0018
408.3718,156.1507,37.2405,39.6394
409.2810,157.5153,37.8909,39.2759
408.6085,156.8804,37.5545,40.1324
408.7150,156.8443,37.6153,40.1263
408.3603,157.2904,37.7859,39.8767
407.8122,156.7035,37.7458,40.5845
407.7289,156.8233,38.0410,40.3830
408.1622,157.0985,38.2130,40.3365
407.7161,155.9857,38.0609,41.2068
407.8901,156.2702,38.0291,40.9105
408.2536,157.5661,38.5929,40.6580
407.7102,156.4105,38.3675,41.4403
408.1634,156.1428,38.6507,41.6051
407.7948,156.8235,38.9425,41.2095
407.5859,157.4567,39.0368,41.0625
407.6732,156.1007,38.9809,41.8251
407.0475,156.0372,39.0507,41.9226
406.6738,156.7226,39.3023,41.6352
406.7865,156.5907,39.8687,41.6453
406.7408,156.4796,40.2900,41.9704
406.4859,156.9261,40.2406,41.9092
406.6633,156.3013,39.9479,42.3335
406.3559,157.0230,40.1602,42.1170
406.4560,156.6138,40.5037,42.4906
406.5328,156.2673,40.3951,42.5389
406.2731,155.8719,40.4185,42.5649
406.6456,156.5297,40.6072,42.6204
406.4257,156.5327,40.5632,42.6980
406.3967,156.2571,40.2928,42.9601
406.0549,156.5522,40.2211,43.2306
406.1336,156.2074,40.3170,43.5663
406.0995,156.9598,40.6139,43.2217
406.1312,156.5523,40.7618,43.5196
405.7056,156.1806,40.9848,43.5044
405.9113,156.5295,41.0495,42.6830
405.6880,156.5945,41.1140,42.0929
406.5900,156.2701,41.0878,41.5885
406.3037,176.4609,40.0324,41.6667
406.1004,156.2234,40.1377,41.3369
405.2993,175.9674,39.3467,41.2970
419.4378,188.9645,39.2582,40.4059
437.7899,185.4222,38.4582,39.7074
453.3923,199.0874,37.3393,40.0466
453.2826,180.2386,36.9460,37.4486
438.7297,195.2668,35.9797,37.5613
437.7746,176.8513,35.4728,36.9279
410.3715,157.8872,35.2635,37.5185
409.1549,175.5866,34.7475,37.3351
392.6158,190.8096,34.9146,36.4032
374.4014,190.2241,34.6410,35.5566
359.2019,195.3548,34.8563,33.8995
364.1847,197.4265,39.1299,30.2627
348.5316,196.6233,37.0533,31.3580
359.7222,199.0676,38.8143,28.9644
346.2116,198.6631,36.3514,30.0133
354.1146,205.2905,37.4299,26.5057
339.6324,200.5939,34.2256,28.4220
333.4875,198.4338,29.9929,32.1523
322.7231,197.5659,26.5560,36.3852
311.2917,186.8728,26.6716,35.4372
297.6080,188.4292,27.7195,32.9789
285.5808,186.6308,27.8266,32.6210
271.8412,161.8474,26.5959,33.6583
275.6234,163.0254,24.3112,34.8790
286.2043,175.6759,25.0801,32.0747
297.1787,187.6275,25.9439,29.7537
306.9726,198.7649,24.9887,28.4711
316.4283,197.3562,23.3871,28.1586
333.5609,191.9369,21.8346,30.4727
342.4471,201.0072,22.8787,28.4664
351.1454,210.4594,24.4512,25.5505
351.4911,210.8466,24.4769,25.5159
338.9387,209.4303,24.3039,24.9992
337.8309,221.4884,24.3039,24.2995
338.1702,208.8417,23.3228,23.7740
329.2334,218.4826,22.3046,23.8745
326.3066,207.7919,21.7020,25.1195
331.8751,194.5235,21.7550,24.7843
341.1452,202.9559,21.2702,24.7499
350.2399,196.6322,20.9979,24.2852
361.5905,197.5822,20.6416,23.4513
372.6988,199.1892,19.9562,23.2442
383.2730,200.5010,19.6911,22.5276
390.5263,192.8587,19.6280,20.5946
398.7175,185.7007,18.3951,20.5167
406.1196,178.1724,17.5148,19.9403
414.8169,178.0552,16.7702,19.6221
407.8296,171.6746,16.4571,19.0884
407.5055,181.0363,16.2590,18.5083
400.6075,188.3744,15.7538,17.9387
395.9855,196.3369,15.8397,16.4948
391.8728,205.5884,15.4835,16.2425
385.2786,211.1659,15.3104,15.0696
379.1669,217.3963,14.8680,14.7745
371.2891,217.1164,14.6790,14.8085
365.6137,211.2291,14.5089,14.3188
358.4015,210.8308,14.4499,14.1284
352.7352,205.4995,14.1827,14.1021
346.9814,200.2433,13.7413,13.7635
340.4391,200.4165,13.3653,13.8893
335.4297,194.6431,12.9528,14.1219
330.1569,189.3911,12.4096,13.7664
323.8017,189.6552,12.1891,13.3198
317.5521,189.7159,12.0781,13.0073
311.6573,189.6909,11.8182,12.5208
307.2746,194.6917,11.3216,12.2250
302.7654,199.6180,11.0586,12.0545
297.1099,199.7948,11.0157,11.8494
291.5866,199.9582,10.8564,11.7476
291.4431,201.5984,10.8564,11.7477
291.3020,203.2077,10.8564,11.7477
295.9381,198.9397,10.6155,11.3370
301.6451,199.3003,10.4957,11.3486
302.3089,199.5219,10.4957,11.3486
303.4936,199.5926,10.4957,11.3486
309.2102,199.9290,10.3956,11.3532
313.5697,195.3429,10.2643,10.7250
318.9746,195.0115,10.0943,10.4078
322.9796,191.1085,10.0000,10.1140
327.9023,191.2523,10.0000,10.0383
330.3779,186.4067,10.0000,10.0986
334.1046,190.4070,10.0000,10.0696
335.3437,190.5806,10.0000,10.0696
340.3236,190.8080,10.0000,10.1805
335.2555,191.3281,10.0000,10.1962
339.0800,195.5198,10.0000,10.3008
342.9167,191.4892,10.0000,10.3188
346.5852,195.6689,10.0000,10.2858
346.6157,190.8503,10.0000,10.2913
351.7213,190.9850,10.0000,10.4561
356.8011,191.2526,10.0000,10.4901
357.8336,191.1666,10.0000,10.4901
358.8904,191.0838,10.0000,10.4901
362.7571,195.2001,10.0000,10.4144
357.5871,195.1693,10.0000,10.3652
355.0443,200.5238,10.0000,10.3229
358.9465,204.5518,10.0000,10.2177
359.7358,205.6237,10.0000,10.2177
355.5812,209.6407,10.0000,10.1599
350.6150,209.7279,10.0000,10.1799
349.6394,209.9995,10.0000,10.1799
348.6445,210.2914,10.0000,10.1799
347.5492,210.5959,10.0000,10.1799
346.4499,210.9504,10.0000,10.1799
345.1997,211.3850,10.0000,10.1799
343.8687,211.7318,10.0000,10.1799
342.4754,212.0360,10.0000,10.1799
337.4925,212.2421,10.0000,10.2111
336.2727,212.4059,10.0000,10.2111
331.3431,212.8211,10.0000,10.2394
327.3268,208.9115,10.0000,10.4130
323.1412,205.2152,10.0000,10.3786
322.9752,200.2721,10.0000,10.0375
325.4886,195.2545,10.0000,10.0000
329.2269,191.4150,10.0000,10.0000
332.9418,187.5957,10.0000,10.0000
338.0711,187.8035,10.0000,10.0000
343.1195,188.1021,10.0000,10.1142
343.1018,193.5113,10.0000,10.0800
341.7448,193.5990,10.0000,10.0800
336.5802,193.8301,10.0000,10.1392
332.3799,197.7289,10.0000,10.1849
328.2810,201.7796,10.0000,10.1767
324.0612,205.9174,10.0000,10.1278
318.9951,206.0731,10.0000,10.1150
314.0595,206.2837,10.0000,10.1241
309.0959,206.4631,10.0000,10.1062
314.2905,206.6686,10.0000,10.1670
318.1779,202.9443,10.0000,10.0690
322.8759,203.2058,10.0000,10.2987
327.4586,203.3944,10.0000,10.5103
331.3091,207.6329,10.0000,10.5575
336.4711,207.7223,10.0000,10.5487
340.5061,211.6657,10.0000,10.4371
344.6551,215.7682,10.0000,10.2682
348.6223,219.5026,10.0000,10.0000
343.5773,219.7253,10.0000,10.0141
342.4739,219.8469,10.0000,10.0141
341.3603,220.0451,10.0000,10.0141
340.1572,220.3554,10.0000,10.0141
338.8745,220.5889,10.0000,10.0141
337.6785,220.9133,10.0000,10.0141
336.9290,221.3297,10.0000,10.0141
332.7093,225.7225,10.0000,10.2225
328.6204,229.6933,10.0000,10.1560
332.4946,225.2423,10.0000,10.0983
333.7062,225.6027,10.0000,10.0983
334.7930,225.7243,10.0000,10.0983
335.5807,225.6428,10.0000,10.0983
335.3907,220.6087,10.0000,10.0496
334.3172,220.8015,10.0000,10.0496
333.0439,220.7375,10.0000,10.0496
327.7883,221.0221,10.0000,10.0963
323.7787,217.4016,10.0000,10.1253
320.0014,213.3106,10.0000,10.1826
317.3913,208.1245,10.0000,10.2529
317.4250,203.0932,10.0000,10.0000
317.3733,197.8315,10.0000,10.0000
314.9518,192.7876,10.0000,10.0000
311.2827,189.0217,10.0000,10.0984
306.7702,189.1884,10.0000,10.2112
301.4522,189.3355,10.0000,10.3014
297.5208,185.4020,10.0000,10.4645
292.3834,185.6732,10.0000,10.4838
288.0980,185.8392,10.0000,11.0133
283.0542,186.2329,10.0000,11.1187
277.7050,186.5103,10.0000,11.1478
272.4780,186.8546,10.0000,10.8373
267.3833,187.1231,10.0000,10.6311
262.3233,187.6258,10.0000,10.7305
266.3782,183.6636,10.0000,10.3665
271.3747,183.9905,10.0000,10.4104
276.5540,184.3064,10.0000,10.2989
281.7057,184.4763,10.0000,10.2922
286.9183,184.6591,10.0000,10.3026
292.0495,184.9451,10.0000,10.3046
293.3418,185.1589,10.0000,10.3046
298.6283,185.3582,10.0000,10.2917
303.7452,185.4981,10.0000,10.2549
308.8733,185.5986,10.0000,10.1981
313.9937,185.4798,10.0000,10.0000
318.9771,185.4209,10.0000,10.0102
323.9747,185.4068,10.0000,10.0000
327.3467,189.2979,10.0000,10.0876
331.1392,192.9584,10.0000,10.0034
334.9139,196.6886,10.0000,10.0000
334.8947,202.0452,10.0000,10.0106
330.7782,206.2042,10.0000,10.0424
326.6921,210.0957,10.0000,10.0542
330.6142,214.1823,10.0000,10.0784
335.6927,214.3136,10.0000,10.1851
340.8800,214.4585,10.0000,10.2059
345.8897,214.5516,10.0000,10.1765
351.0018,214.4640,10.0000,10.0000
356.0683,214.3125,10.0000,10.0000
359.9395,210.6558,10.0000,10.0000
355.0111,210.7722,10.0000,10.0000
360.1139,211.1351,10.0000,10.0258
359.2309,210.7436,10.0000,10.0258
354.2454,210.8470,10.0000,10.0227
349.3257,211.0722,10.0000,10.0943
348.4083,211.6142,10.0000,10.0943
347.4203,212.1348,10.0000,10.0943
346.5186,212.6366,10.0000,10.0943
345.3838,213.0804,10.0000,10.0943
344.6067,213.2060,10.0000,10.0943
347.1866,208.2958,10.0000,10.1098
352.2371,208.3356,10.0000,10.1333
357.3701,208.3310,10.0000,10.0292
361.2493,204.3543,10.0000,10.0000
365.1459,200.3431,10.0000,10.0000
364.0478,200.5723,10.0000,10.0000
362.8571,200.7675,10.0000,10.0000
361.5578,200.9026,10.0000,10.0000
360.2391,201.0334,10.0000,10.0000
358.9001,201.0610,10.0000,10.0000
357.5516,201.0507,10.0000,10.0000
356.9424,201.4418,10.0000,10.0000
355.6343,201.5345,10.0000,10.0000
354.4134,201.7708,10.0000,10.0000
350.3761,197.8676,10.0000,10.0000
345.2918,198.1197,10.0000,10.1641
341.2767,202.2548,10.0000,10.1720
337.3598,206.3042,10.0000,10.1210
333.3085,210.6236,10.0000,10.1859
333.0538,215.9483,10.0000,10.0918
334.4652,216.5948,10.0000,10.0918
339.5373,216.7366,10.0000,10.1754
344.4914,216.8008,10.0000,10.0868
349.7196,216.3554,10.0000,10.0000
354.8129,215.5104,10.0000,10.0000
359.9811,214.9097,10.0000,10.0000
363.9260,211.3146,10.0000,10.0000
363.8420,206.0608,10.0000,10.0000
362.5225,206.2006,10.0000,10.0000
361.2057,206.4003,10.0000,10.0000
359.8950,206.5894,10.0000,10.0000
358.6327,206.6409,10.0000,10.0000
357.3460,206.7036,10.0000,10.0000
356.0250,206.7047,10.0000,10.0000
354.7721,206.7281,10.0000,10.0000
350.6215,210.8129,10.0000,10.0000
346.5206,214.9264,10.0000,10.0847
342.7142,219.0005,10.0000,10.1740
341.5862,219.2957,10.0000,10.1740
340.4835,219.5469,10.0000,10.1740
339.3967,219.8924,10.0000,10.1739
338.3098,220.1649,10.0000,10.1739
333.0723,220.4936,10.0000,10.2343
327.7898,220.8139,10.0000,10.2983
322.7010,221.0788,10.0000,10.4376
318.4601,216.6112,10.0000,10.0375
