838.5804,319.2833,149.3141,93.3884
835.2517,323.2759,154.8166,84.8682
828.0543,326.3521,166.2313,77.6359
842.5946,316.4403,142.7458,88.4393
840.4668,322.2235,145.9564,81.6581
847.3361,316.8825,136.8578,90.3401
855.8175,314.2406,134.6500,95.2388
857.6755,310.2921,132.0091,100.9858
864.4135,312.4231,129.0531,102.2537
862.3183,308.7973,130.2534,104.9953
861.1987,310.8214,130.8176,100.9423
867.5100,307.1389,126.4249,105.8322
868.8605,309.3341,126.5390,104.1819
872.2601,303.0995,124.8598,110.0609
863.7528,314.1233,139.1294,97.5434
858.7684,319.4391,149.9831,94.7318
863.1796,319.3714,146.6307,93.8172
880.2882,311.5631,125.4635,107.7787
870.7332,316.3987,146.8036,97.4226
879.7867,309.0140,152.1116,105.6920
890.6708,299.6391,155.5283,113.5518
900.4114,286.2078,143.6171,122.5643
902.3291,279.8713,140.0918,127.0473
901.9732,293.5911,145.2136,112.9877
904.8882,293.2838,141.1736,109.5425
904.8490,293.7709,143.3770,107.9783
907.0756,293.5485,139.5890,105.9430
910.4716,293.1868,138.2268,105.3914
913.1898,292.8781,134.1354,104.4837
915.0552,291.8729,135.5747,106.5293
917.2918,292.5135,133.9164,106.5729
920.0565,293.7995,135.9871,113.7859
926.7241,294.2549,130.1667,112.4401
926.4052,296.3974,128.7096,108.6251
926.7787,299.2016,125.4325,105.1219
928.0280,298.9993,120.8339,103.4315
924.1956,297.9113,123.3888,98.1974
931.0115,298.2219,114.8669,98.6162
930.2557,298.3487,116.1287,98.0977
931.7972,297.3118,111.5955,94.1564
935.8168,298.2369,111.5765,94.5163
940.7098,298.8997,105.7405,93.2857
943.3762,298.3026,104.7177,93.7148
951.6622,296.4477,105.5104,96.9746
951.9158,295.4643,106.7683,98.2015
954.1471,296.0990,103.3858,96.6321
956.1317,295.4662,94.2764,94.4127
957.3163,295.3922,92.5222,94.8857
963.1030,294.3940,85.0789,94.8119
965.7902,291.9877,78.8496,97.4546
966.7427,290.3458,77.3045,99.7734
972.0742,287.4857,71.4115,94.5435
973.8134,287.4317,66.7332,86.5067
971.9990,286.8812,68.9221,85.5975
976.3663,284.1157,69.1375,84.6286
974.8190,284.5622,66.5519,86.2105
974.1963,279.7238,72.6224,85.9775
975.8969,279.4671,72.2063,85.4257
978.4105,280.3282,65.2490,87.7536
979.2966,287.3352,80.2669,83.2445
981.7291,280.5793,59.8368,90.9863
983.3727,282.9984,59.0147,88.8532
982.6845,284.2149,61.5360,89.9502
983.6309,286.7705,63.9781,88.5890
987.3187,282.0528,87.8376,87.3493
984.3676,287.4568,63.2749,90.1013
986.7255,287.6611,83.1839,83.0778
988.4824,284.7806,52.5401,95.9837
988.0240,287.1181,54.3721,90.7838
988.5543,285.3441,52.5864,92.0169
988.1495,286.4033,54.0560,93.4283
989.1826,285.6644,53.8949,96.4663
988.6763,288.1156,56.6875,90.6688
989.2555,288.4449,53.8940,97.5952
989.4738,285.0473,50.5824,99.6453
989.4199,287.0684,53.2603,96.1933
988.7121,291.5833,58.7958,90.2335
989.6490,288.8624,52.1219,93.4451
990.8051,289.8396,52.5297,95.5058
991.6472,288.4534,49.8457,98.5332
990.3883,286.8109,52.8133,99.7282
984.2578,284.1371,56.5944,104.5458
982.6259,287.9993,85.2783,91.7263
977.7584,284.2333,63.7283,100.1634
981.6959,286.3257,82.3282,89.3886
978.0035,283.7187,65.7629,98.2527
976.9768,283.9537,77.4364,95.9826
973.6716,284.7329,86.9168,102.9742
971.4229,282.3680,70.0843,104.7291
978.7090,284.5140,77.8919,97.5920
977.6847,284.4033,70.5405,96.3084
977.1838,284.4621,72.8875,97.6359
974.7304,285.3211,79.8342,101.6579
976.3873,284.1914,73.1604,99.7922
976.0745,288.8796,72.0910,96.5907
977.4568,288.5496,69.2765,96.3458
976.3779,288.3360,70.9642,96.2980
976.9248,288.1146,67.1254,96.5409
977.4167,288.7249,64.0265,99.3953
977.6052,287.8612,63.2046,100.6676
976.2838,288.5957,66.2025,95.5285
976.7817,287.2979,75.2864,98.0541
947.2307,290.0153,93.8486,104.6193
938.1235,289.4277,105.0829,103.4146
939.0309,291.0965,101.3081,98.0520
938.6144,293.1712,102.5661,97.1876
939.5484,290.3114,100.8032,103.5972
939.9956,293.1196,100.7688,94.4709
936.8552,294.1020,106.2446,92.6810
938.2678,293.4494,102.7545,94.8412
938.4807,295.4404,102.8638,93.9692
940.0898,294.0530,100.8904,94.2390
939.1159,294.4896,101.9382,93.9508
939.6691,294.4987,100.6667,94.8526
939.7316,295.3934,100.6268,93.4132
940.2155,295.3645,99.8291,93.3710
929.5763,295.0474,111.4274,91.7852
926.2671,301.9696,118.3258,91.8708
932.8537,304.2372,116.3426,93.2757
924.5532,301.8903,120.5336,91.8294
918.1379,299.0955,121.9492,82.8491
925.4934,306.5106,119.8132,88.8588
929.9894,288.1454,118.5613,93.8842
916.5325,294.0116,123.5500,90.1918
929.1527,278.4681,123.9896,105.7438
926.1759,298.9671,120.3732,97.7207
926.0671,298.8663,118.7607,90.5874
920.7538,294.2671,119.7823,89.5007
921.0762,291.0991,120.1227,91.5068
920.6932,287.3756,121.2635,95.3088
920.9084,289.3337,121.6732,89.1825
920.9310,288.9123,121.9581,90.8154
920.4339,289.0630,122.5222,90.3940
920.8527,288.9450,121.3496,89.9199
920.7311,288.0468,122.3079,90.9315
920.6019,288.1710,121.2963,90.6381
920.1949,287.9446,121.7351,94.5807
920.8222,284.8268,123.0056,90.0715
922.6713,282.9650,121.9524,89.8200
920.0829,286.9449,123.1142,87.6102
921.1425,284.8896,122.7901,88.8608
921.2400,288.4000,118.8000,91.0400
920.4985,286.9265,122.0079,87.9169
920.4603,287.1712,121.4443,87.6377
921.0920,285.8530,121.7210,88.5491
920.9039,286.6831,121.7121,87.8839
927.8777,274.3128,122.1995,96.5193
923.9288,287.6034,117.7124,86.6733
926.0538,284.3132,117.5974,89.6386
928.9965,283.1989,115.5470,90.7422
929.1636,280.2437,118.3227,93.5626
923.6676,277.0227,123.9147,94.7646
921.0302,276.4361,124.1747,93.0928
922.6068,276.4226,123.2413,91.8549
919.5786,275.4209,125.6427,91.8781
921.4632,275.3809,125.9186,96.9483
914.9984,273.9800,130.4083,95.8900
919.2649,275.4023,127.2202,95.6154
920.2114,275.6967,126.4273,96.2067
920.3764,275.3313,124.8672,93.5073
920.0173,275.7635,126.5555,96.2131
919.0040,275.3346,127.1970,94.7108
917.9138,273.7307,127.8025,95.2187
919.9133,274.8937,124.5035,92.8476
918.9379,274.6794,124.9042,91.9213
920.2134,274.8789,125.5532,93.1922
920.4292,274.6538,126.5015,95.5174
919.3261,276.6502,126.9628,95.7796
919.4924,280.9869,124.0951,91.0162
916.9497,287.3434,123.7206,91.1631
917.8705,288.6892,123.1541,96.1216
913.5843,289.8680,126.8315,95.1089
910.0312,294.0890,130.5327,85.7070
915.1589,294.9105,128.4072,91.7940
918.9393,280.5367,126.7413,94.5067
911.2521,292.7637,130.4857,90.9725
910.0856,291.1010,130.5989,89.3081
919.9792,278.1042,127.5616,98.4366
910.1735,291.0043,130.2179,92.5515
909.4762,291.5451,131.6577,93.2698
910.2857,291.3226,130.4486,92.6197
916.4202,281.3102,129.2897,97.4997
903.4675,280.9513,140.2401,96.8974
886.0000,293.0000,155.0000,92.0000
881.2486,294.1023,159.1729,91.3503
876.7334,292.7906,163.5081,92.0887
873.3815,295.0859,166.9571,92.3282
875.0642,296.0658,165.5716,93.3285
875.0937,296.1616,165.6427,93.6568
874.1775,297.0078,165.8651,92.5795
874.2537,297.1671,166.6677,92.8658
874.7820,294.4312,165.5960,93.7527
852.6570,300.4086,188.0011,88.6729
846.3675,300.4224,193.2751,88.1351
840.1317,301.1478,200.2316,87.8745
831.0336,302.0063,209.3378,87.7075
827.1100,302.1500,213.3201,86.8500
827.0671,301.9790,212.7558,87.4069
827.6195,301.3582,212.2710,86.8037
826.5231,302.9295,213.8138,86.7161
827.1458,302.3581,212.7485,85.7788
824.0000,302.0000,217.0000,85.0000
826.9701,306.1446,212.8748,79.3157
822.4144,306.4641,217.6313,79.7119
826.1735,301.0302,210.0732,86.9395
820.5237,305.4882,218.6527,82.8937
823.7726,299.9459,209.7647,87.7981
824.9606,302.0703,212.0588,86.8194
822.1328,303.1680,216.1243,85.5189
819.2659,305.0143,220.6433,82.2714
826.4832,301.5106,209.2835,87.1588
816.8057,305.6795,223.1785,81.4359
819.6318,306.1308,220.1065,78.0483
823.7823,303.9763,215.3202,83.5873
819.1975,304.3680,220.7800,80.8939
820.9526,305.6734,220.0098,80.3482
819.6317,305.7827,220.2667,79.3046
825.0460,305.5363,211.7180,85.7674
830.5726,303.6668,202.1047,86.8563
828.5712,305.6520,205.9876,85.4759
835.1943,305.9189,193.2413,87.0421
841.4333,308.0481,182.6983,88.0238
839.0627,311.7463,185.1495,84.9973
841.1636,312.4764,181.5928,84.9121
840.1833,314.0337,185.8384,82.6126
839.4194,314.3854,185.8311,86.2791
835.8207,316.2376,192.1085,85.2348
833.7499,315.5439,193.1252,85.1271
847.8201,317.8111,181.6798,83.0177
825.9271,316.3678,177.2458,79.5994
826.2703,316.9744,181.3895,75.5662
821.5643,316.9870,180.7313,75.2360
820.1217,317.7634,165.4816,74.0732
823.9415,315.8641,150.3870,78.3268
819.1276,315.8186,153.9649,74.2779
814.1318,317.9989,165.4864,65.8722
810.1299,318.7954,166.0251,63.8591
804.9299,318.7557,157.9702,62.3937
805.2288,318.7221,147.4325,61.0758
807.9362,318.0839,142.4976,60.5021
804.4592,318.8646,138.4016,58.1959
807.3071,317.6116,122.0759,63.1168
808.8998,323.5120,128.2705,55.7811
807.9796,323.6559,111.7358,56.4032
807.3594,327.9874,102.7712,55.3352
808.9292,334.5360,87.8817,49.9080
683.6900,307.9900,162.8500,100.2700
634.8500,299.2400,184.9200,110.6400
586.0000,290.5000,207.0000,121.0000
581.1398,295.4393,87.5704,87.1213
556.8972,286.5036,103.6307,91.8528
540.5483,279.4602,116.5735,98.3095
533.1141,277.9266,118.5867,100.0018
519.2644,277.3663,138.9312,102.8174
511.2675,284.2287,145.8650,95.2376
511.8919,284.4182,146.8012,95.4735
510.5604,282.3894,143.5191,97.7362
509.7149,283.5002,145.4651,96.2697
509.7704,283.1537,144.1241,95.9975
509.8026,282.4562,145.1098,95.8525
510.1296,283.6234,144.1909,94.8883
511.0319,283.8819,145.5162,95.6611
511.2716,284.8438,146.6169,94.4424
511.4480,285.0233,147.5289,94.9434
510.7386,283.7429,146.7878,97.0792
509.6013,285.3242,147.2824,95.1317
504.9712,285.8865,150.8876,94.8919
500.6824,288.0092,156.8603,91.6415
488.9873,290.8775,169.1904,85.1650
488.2890,291.5218,166.8021,86.8515
488.1490,290.7968,164.1420,87.6965
492.1897,289.1427,156.8107,92.2095
489.7986,290.5371,159.0077,87.7407
492.9596,286.9582,146.3008,93.6736
490.9417,285.9840,150.0866,94.6621
488.4142,286.8415,150.3216,90.7770
480.9293,287.2661,159.2814,88.7128
478.9465,286.9951,161.5070,89.1498
474.2387,286.0048,162.6927,88.4103
476.4511,284.6121,156.6927,90.2059
476.2150,285.1123,154.7101,88.5205
478.3613,282.1743,148.5524,92.6864
476.2838,284.9729,153.1373,88.7492
478.8197,283.0343,140.4305,91.1563
481.7463,282.5269,137.3174,92.5012
484.5514,280.2090,132.1223,97.7471
485.5838,278.3713,128.0523,100.8673
486.2822,277.2259,125.9556,105.5983
487.4529,277.3618,121.5092,104.6415
487.2032,277.5912,120.5536,104.4125
487.6628,278.5589,118.8895,103.3172
484.1680,277.1941,120.6341,110.3018
486.3824,280.0551,118.0651,104.8749
487.4857,283.4025,114.4485,102.5849
486.1122,281.6613,116.1257,108.9424
487.2368,281.7192,113.7413,109.0816
486.2837,283.1225,112.7025,109.3650
484.3077,283.1364,111.9246,110.0721
482.7685,288.0881,111.4880,109.6538
481.1425,289.9377,111.2700,109.9846
479.0776,292.7884,110.5848,111.3832
478.3781,294.3523,110.0139,110.1754
476.6232,295.5136,109.0185,109.3128
472.9612,294.4534,110.5427,109.4082
473.1606,291.7610,108.4789,111.1679
467.6832,300.7981,114.2236,95.1387
469.4674,298.4872,113.3851,98.8756
468.9336,299.6720,113.7079,97.7709
467.8042,301.4391,112.2566,96.7319
468.4987,301.0485,111.6026,98.1879
467.6613,302.3435,111.1125,96.9281
467.9574,301.8857,110.9553,97.6185
468.3158,300.6671,109.7784,98.8908
462.2953,304.8746,114.6094,91.5758
462.7043,303.0235,112.5063,93.8930
463.2534,303.0907,112.1532,93.6687
462.8592,302.1652,110.6665,94.8097
461.7239,301.4150,110.5572,95.9799
461.8220,297.9114,112.6360,102.9972
460.9638,298.2505,112.6024,103.7289
460.3391,298.4839,112.4369,104.2672
458.2459,298.4947,113.6632,107.4456
459.4040,298.3157,112.9071,106.8787
455.4429,297.3563,116.7391,110.5975
453.9218,297.3517,118.6764,109.1567
456.0201,298.0914,116.3649,106.9172
457.1030,298.3373,115.9040,104.1954
456.4533,297.8350,119.0434,102.9551
447.2110,299.8570,128.8230,103.6261
438.9613,302.2177,140.5223,95.8845
437.7060,302.7905,143.7531,93.4841
437.5660,301.3786,144.0031,93.5628
437.2881,299.8937,144.1938,95.1925
436.6538,301.7831,143.6224,92.9338
436.1701,300.3954,140.1398,94.8741
439.8563,299.3429,137.5273,96.8942
441.2378,297.4548,136.1693,99.7204
433.8565,298.9452,143.1770,95.9996
419.1849,301.3405,158.0802,91.0391
409.7417,301.2830,162.1766,88.0941
407.3764,302.6798,175.5573,87.4054
408.5660,299.9081,171.3880,91.4638
416.2690,297.4747,155.3521,102.6256
416.0241,295.3359,156.3417,104.7682
413.5148,294.3851,157.8005,103.0598
408.0600,293.8487,165.2501,103.1477
413.6651,292.0970,157.6099,105.3859
413.2212,291.4589,157.3026,105.1522
413.3315,288.2843,156.9470,108.2065
413.2042,287.7514,156.1816,108.5872
412.9133,290.9687,156.5184,103.5377
409.8864,290.4667,160.3123,102.7916
409.3562,291.0195,162.2077,101.7410
412.0399,286.7791,153.1951,106.1967
413.4107,283.4155,150.3086,108.9240
414.1081,283.4969,150.6439,106.6062
409.7960,288.4579,158.6930,97.9941
404.4581,292.2975,173.4587,93.8449
408.2487,292.4175,159.9326,91.0999
407.1336,291.4326,161.6127,92.3799
405.5155,290.5995,161.8039,94.3309
406.3206,289.1401,164.6189,95.0048
402.1035,292.4349,171.9831,95.2852
407.4659,290.7232,169.8181,95.2085
404.2278,293.3290,175.6293,93.0520
398.6517,297.1073,184.9266,91.6605
407.2621,291.4198,164.8507,97.6705
399.6996,299.1024,166.3408,89.9852
394.8207,302.5311,173.1536,88.8878
388.8879,303.3019,177.6992,88.9012
388.0073,302.5021,175.9103,90.6358
388.6729,301.6259,168.2493,91.8282
397.0573,297.3255,151.5455,90.5290
308.7438,302.1812,227.5224,84.6525
292.0233,303.8208,245.5133,76.6784
284.4035,304.5608,247.6580,78.2684
267.2646,304.6870,265.0258,76.0609
265.1728,303.3053,258.6895,79.6593
254.5797,303.6228,262.3307,79.7144
243.3998,302.6899,274.1854,80.5501
252.1726,301.9404,260.2249,83.4993
254.5621,302.4142,257.7858,83.1516
252.4781,301.5451,258.9587,83.7997
265.1819,301.2692,232.0862,87.6716
262.6021,300.3546,233.8608,88.0009
269.6525,299.1060,223.1351,88.2281
272.5168,298.3210,217.8565,90.9179
257.1505,300.6507,242.9590,86.9787
259.8476,301.9641,230.8498,87.2468
262.8679,300.2513,223.8341,90.0524
265.7889,301.5946,224.4222,87.9508
260.3215,301.8574,230.2370,87.0952
259.4313,301.7837,224.9723,90.2327
249.2597,305.9880,232.8206,87.8990
245.2826,307.2016,220.0348,87.7769
233.3203,310.4617,246.2895,77.8567
235.8483,307.9534,228.6035,83.4833
238.7673,306.9171,218.0603,86.5859
241.2657,306.7357,196.8436,92.3986
246.0127,303.4093,187.9247,96.5665
247.3783,300.1723,179.4183,105.7204
225.4368,312.5803,216.6764,88.7193
246.8486,300.1221,173.3527,104.6607
222.9928,308.3459,198.8493,96.7932
228.6767,302.5156,180.1466,108.4189
220.6272,302.1625,190.3457,107.7050
201.0622,310.5532,215.5156,95.2987
212.2616,305.6254,197.0667,102.2092
210.2357,304.6187,194.6885,105.9626
195.7231,309.2458,216.3889,99.3735
184.7921,311.9424,242.6658,87.5801
182.1857,312.3571,249.1635,88.0507
183.6990,311.9146,242.1321,90.6608
182.8417,311.9813,236.5416,91.3174
190.5678,306.0445,211.6945,102.8961
167.7090,310.9873,247.4719,94.7904
172.2458,310.5347,229.1134,98.0406
153.0981,312.5609,255.4539,87.0082
146.7189,312.3167,261.3671,87.4467
152.9347,310.0206,248.3255,94.7838
152.4785,309.1243,248.3331,96.1615
162.6151,306.8907,230.3698,102.5687
167.5061,304.9024,221.5479,107.0652
160.7594,307.0383,234.6612,97.1434
165.5724,305.1725,224.6002,100.7149
156.9046,306.4637,239.9008,94.1877
157.2055,305.5610,238.3190,95.7680
144.1094,305.8786,255.6713,91.6378
155.2334,304.4036,234.1081,96.7428
150.5912,304.6997,244.5125,92.2456
146.0263,304.2594,254.2974,92.5111
135.9529,303.6840,288.0243,92.8870
148.1111,304.3078,250.4078,92.1194
149.8242,303.7858,250.5717,92.5284
139.6349,306.7240,266.7003,87.9320
138.3351,306.5898,272.4398,86.9054
140.7032,307.3600,268.7736,86.3299
137.1600,309.6571,271.9099,84.1709
140.1054,309.2893,266.0442,85.3314
137.1136,310.6214,274.0878,84.9022
132.7820,310.3885,271.5909,84.8831
128.6974,312.6270,276.3151,83.8060
131.5251,304.9914,221.4398,91.5622
124.6192,302.8089,224.2015,94.8521
115.7643,312.8268,241.4813,85.2164
111.9422,312.9228,247.0605,86.4444
118.6373,314.9510,234.4354,84.7280
123.7586,306.7545,215.5927,94.6711
120.8211,310.7857,219.3628,90.2585
127.7972,314.0347,214.0905,92.6006
122.4230,316.2763,224.0789,85.7574
130.8530,315.7230,215.3940,87.6441
142.3040,315.6003,203.2170,88.1594
150.2349,313.2135,201.1803,92.4530
161.3095,310.0796,178.3661,97.9257
163.1118,309.1978,174.9213,99.4043
164.4398,308.1895,172.0005,100.3909
165.3964,307.7025,174.5271,101.5350
167.7190,307.7003,168.9220,101.0795
168.7985,310.7240,156.6229,97.5221
171.1495,310.7753,156.9611,96.5395
170.2428,311.7112,151.7843,95.7677
170.2732,311.3924,148.2236,96.7152
165.4463,311.1085,151.3625,99.8581
164.0327,312.2529,152.8796,98.8542
160.1321,312.7849,156.8808,98.1253
159.8313,312.5678,158.0673,98.2143
159.4227,313.2128,156.5847,97.2845
157.0229,312.4691,160.0092,98.4068
157.9228,311.9504,156.1094,98.2892
156.6961,312.2390,155.4527,97.5020
157.2478,311.4827,154.4794,98.2695
155.6278,313.1718,156.2044,95.6665
139.3784,313.4193,166.8533,97.5413
112.4354,314.5609,191.1792,94.9232
106.5798,314.8524,199.4203,92.4252
99.5041,315.6067,213.3767,88.5866
100.2882,313.7949,211.9236,89.8003
100.5111,313.9259,211.3378,89.7182
105.1060,311.3019,201.5979,92.2563
105.7965,310.5897,199.0220,94.3307
106.0704,311.1848,199.7393,91.3204
111.2661,309.2218,189.4177,94.2414
117.4195,305.7094,178.6109,100.6761
104.7841,307.7315,194.6017,94.5169
109.6196,306.8737,187.7108,96.2077
103.3556,308.6995,194.9337,91.1111
109.8864,307.8901,186.4723,93.3897
102.2722,308.0515,192.6655,93.7169
95.9655,308.8682,199.9690,89.7435
95.6039,305.1198,203.7173,92.8905
97.6131,302.6172,199.1937,98.4857
99.1272,302.8062,192.2306,98.2475
97.4240,301.7310,189.2519,99.2629
96.4219,302.1526,189.2962,98.9248
99.4099,302.8243,185.2351,98.3314
93.9389,301.9804,189.8673,100.5742
97.0209,300.7825,184.3981,101.9550
93.9685,300.5012,189.6731,102.1576
96.3702,301.1759,190.9996,101.3883
97.4195,302.1567,188.6860,100.2867
97.6189,302.4104,186.8221,99.7292
96.2971,300.3059,185.9757,101.8981
90.8345,296.4043,187.6810,105.7614
88.8286,294.7709,187.4278,106.7081
90.8373,296.1531,190.3854,105.4139
89.2349,298.1487,194.3353,102.6026
89.3106,300.2185,198.0288,100.7029
89.3814,301.3144,196.1322,99.0963
89.2294,302.0438,198.3962,97.7023
89.4468,301.4103,198.7614,97.4393
89.1256,301.3309,197.8989,97.1732
89.5724,301.4114,200.0252,96.7672
89.1490,301.2670,203.1071,98.6010
88.9768,299.0209,193.7363,98.9883
91.0026,296.6407,192.6847,103.5986
89.8537,292.0315,185.9927,108.0970
90.4453,288.0537,182.3894,112.3525
87.8095,285.0374,179.0609,114.7153
88.4797,285.2927,183.4305,116.0897
87.9376,285.0927,187.2647,115.9646
87.6381,284.6259,183.0038,116.1632
88.8361,285.0262,182.1078,115.4976
86.7909,283.7359,183.3781,116.8032
89.4638,284.6599,181.0125,115.7701
87.5923,284.5114,186.4654,117.8473
87.6796,284.0074,186.7608,117.8301
87.4022,283.8391,185.6956,117.0017
87.3731,283.7184,187.2537,117.7231
87.3779,284.5419,184.4592,116.2862
90.4432,285.3332,183.0237,117.0837
90.8256,285.1228,181.7988,115.3844
86.6325,283.8031,182.5749,116.3888
87.6749,284.0453,185.2152,116.8245
85.3076,284.0317,183.2498,116.6667
86.6256,284.1879,181.2939,115.4943
87.9213,284.4341,180.2973,116.9018
87.8374,284.4009,183.1052,116.7381
86.5648,283.7827,183.7854,117.9097
99.7566,283.5903,169.2368,119.2744
98.5828,283.6154,170.7443,119.9542
100.0089,283.5693,169.1421,119.8864
96.5666,282.8107,169.7568,118.8587
100.8947,283.6796,168.7406,119.8659
97.7640,282.6390,165.6070,117.4519
99.3833,282.3083,166.5135,119.1434
99.3880,281.8093,164.5439,118.2914
100.1959,282.5666,167.2782,118.7669
98.3218,281.0110,166.7463,119.8979
99.9188,281.6684,166.2924,118.7733
99.7414,280.2894,164.2372,120.3212
98.9140,280.3251,164.8820,120.3898
102.8108,282.9896,166.1584,119.0809
99.7237,281.0272,164.9126,121.0456
101.7289,280.5184,163.2721,120.1432
99.2361,280.9016,165.1928,119.9069
100.8448,281.2393,162.9354,119.9213
100.3051,281.5436,161.1848,119.2728
103.8490,284.2082,159.2421,117.4185
119.8050,294.4149,152.3899,109.5202
128.7119,301.8355,150.6561,102.4790
135.2551,305.2277,145.5899,96.7496
142.0259,304.2775,135.7281,99.7249
148.3616,302.9172,125.3118,100.9756
149.8606,304.8111,124.0888,98.6328
149.4725,304.8087,123.5400,99.6425
148.2612,305.3012,127.5475,98.2275
149.0380,305.1686,125.2640,98.3128
153.6799,305.5770,121.0952,98.4409
155.6382,298.4886,111.5186,111.7377
148.9719,304.7929,120.4362,98.9542
150.3486,304.2484,112.9379,99.3432
151.5915,305.9205,110.2621,96.7491
154.3869,302.1893,105.8761,104.7914
154.7768,306.1043,104.2963,96.3063
155.4893,306.4714,104.0815,94.9022
156.4741,306.9639,102.8419,93.2622
157.5368,306.4221,102.0014,93.6458
154.7095,305.0189,105.0460,94.4622
162.2462,306.3135,99.4726,99.2181
162.6539,307.5660,99.0322,98.8979
162.5838,305.7657,100.3323,100.1485
162.0456,303.9897,100.7539,100.0106
160.1951,303.3443,104.5198,97.3864
157.9724,302.7094,116.6351,98.8863
156.2346,303.3215,126.7959,100.0570
157.1453,303.5375,128.9943,99.1000
158.2027,303.2328,126.4947,98.6743
152.1380,301.8976,124.8740,105.2998
154.1319,303.0872,131.0762,100.3357
151.9445,303.4730,138.7509,93.8690
147.3479,304.2782,139.4293,92.8886
149.0007,304.4219,142.7285,96.5562
157.4717,290.9309,119.3667,113.8083
157.8560,291.9400,118.7780,112.8651
158.3098,291.2419,117.3705,114.5261
160.6701,294.7469,118.0649,111.1863
148.2065,307.0328,136.8369,92.7144
160.3150,294.9868,116.6100,112.2914
161.9192,292.6955,117.0615,114.3339
166.9954,294.3311,128.4692,111.3578
157.1441,309.2100,146.2969,98.7299
153.8752,312.4465,162.6947,90.0270
156.5569,310.9379,152.4563,94.3791
155.5549,310.2732,151.4501,96.1036
154.7513,310.8955,159.4724,95.8940
152.4145,313.6060,171.0810,88.8681
162.4321,307.3631,153.8559,97.4087
155.3728,313.3871,169.2143,89.4859
156.5171,313.7637,168.8808,88.3825
162.3958,312.0303,154.8385,93.1493
163.4582,311.3958,153.4186,93.5333
160.9594,311.7477,155.4362,92.0247
159.9438,314.3991,158.8423,88.0219
163.5330,313.2961,153.2640,88.9528
159.2579,314.5862,157.3192,87.9376
159.9073,313.3445,159.7203,89.8311
164.1382,308.5721,141.6335,97.8559
163.5572,310.7491,149.6156,94.4967
162.4738,310.9743,147.6223,94.9663
155.8114,312.6562,165.3472,92.1225
163.5286,308.7197,149.8828,98.9205
165.4967,307.8024,147.2315,100.7102
160.5358,311.0858,156.0983,94.6734
164.7464,312.0395,154.6623,92.1211
156.0730,312.5338,167.1440,91.6375
162.7061,310.3463,156.8479,96.5573
164.5298,309.8720,153.8004,97.2860
161.8579,309.9041,157.4741,98.0017
164.2548,310.0284,154.7105,98.4781
163.4420,310.0472,154.4861,98.4857
163.9867,308.9637,154.4816,101.8277
162.1086,311.1849,166.1978,98.7602
166.7949,311.7986,168.9653,98.7378
162.4679,308.5535,176.5192,103.5931
165.3560,312.3289,174.8679,98.4322
161.7229,311.5139,178.2093,99.6122
160.4622,311.2722,180.6605,99.0855
160.6592,309.9398,176.8116,99.2403
160.7372,309.9893,178.4207,99.2314
160.2301,309.5036,179.0948,98.8928
157.2729,307.1009,179.1742,101.7082
152.5969,306.0125,182.6112,102.5850
153.6514,305.3244,180.1173,103.3713
153.9912,304.8698,179.5276,104.4905
155.4954,304.6226,174.8341,106.2548
154.7299,305.5601,178.9953,107.6448
149.0761,308.5463,189.2029,102.1324
144.0094,310.5389,195.4712,99.0923
144.5608,312.4056,190.8585,97.6437
139.7722,316.0485,198.4105,94.2630
133.9400,319.7055,210.9899,88.6190
138.5484,320.4098,203.2781,88.8653
139.4574,319.5737,201.3501,90.4726
144.2804,318.0461,190.9493,95.0477
147.1930,317.5262,183.3690,101.0577
145.8813,319.3043,182.8575,99.6064
150.5045,318.4490,180.2811,101.3271
153.4066,319.2479,178.4968,100.1742
148.3903,319.3769,180.7294,102.5412
146.4921,321.3136,184.6508,99.0728
144.1755,321.2401,189.3240,98.7497
144.2107,321.5780,189.4186,98.8489
143.3200,322.0979,191.6801,93.8992
149.3901,318.7179,182.2098,102.3393
147.9240,321.5267,195.7870,86.7166
145.3552,322.1518,198.3696,86.4963
143.1798,321.7050,204.2305,83.5801
139.8758,319.6468,206.8584,85.4064
141.0122,319.2088,207.7756,85.0425
149.8040,316.6302,199.7121,88.3096
140.7581,316.5089,225.9938,85.9722
146.4450,316.2278,250.3351,84.9643
150.5583,315.7432,246.6733,83.9136
152.9825,312.7475,245.7100,87.5549
149.0181,314.2879,256.7437,81.8541
151.1427,312.3138,248.5995,85.0524
150.4044,310.6416,252.5912,85.6768
154.7755,308.0897,222.6889,89.1906
150.8424,309.4886,245.8852,84.8128
153.8423,306.8718,240.6454,87.2365
150.9591,306.6101,248.6367,85.7448
152.8051,302.9204,247.7398,92.9792
166.1309,299.9923,214.2833,95.6553
165.4718,299.7686,215.0515,100.2627
156.1729,305.6114,261.2193,88.5972
167.3482,298.5321,250.1235,97.5657
155.5586,305.1550,280.5528,88.1749
162.7297,304.0404,272.7707,93.3192
167.5536,300.0310,260.1427,100.0880
178.7030,303.6657,249.5591,97.2386
184.3389,304.0565,246.2473,97.3220
188.8343,308.7721,257.3614,89.6208
202.2147,307.0122,245.5906,91.5206
209.2249,307.5534,245.6002,93.6683
222.2975,305.4778,239.7550,99.9044
227.7923,304.9270,236.2255,101.2459
236.0733,305.4314,229.5285,100.9621
236.3674,305.0195,229.0253,100.0110
238.0763,304.6176,225.6474,101.0348
245.0474,304.1141,218.9101,100.2319
243.7409,303.5472,222.2832,98.5906
247.8656,302.4340,219.2138,97.7020
247.0623,302.4879,226.5904,96.9192
245.2971,304.0739,240.6857,89.2073
234.6307,303.5704,270.0785,82.5991
238.4360,304.6919,268.4030,79.0012
242.4880,303.9562,260.4340,81.3026
242.4079,302.8161,264.9293,81.3978
239.7131,303.9085,266.4139,81.4631
243.5009,301.4969,262.0581,82.1461
244.2663,299.3466,263.3823,84.7367
245.5625,298.4514,261.1751,83.6273
253.1277,298.5911,248.8846,85.6978
256.3051,297.3223,244.0799,88.2653
256.2336,297.6646,244.7677,88.6359
257.9968,297.4836,244.2564,87.3578
255.0484,298.5549,249.8181,85.4401
257.7988,298.4651,248.1324,85.6698
265.7596,299.5411,241.8758,84.7627
277.0694,297.2465,226.9513,88.3420
285.1898,295.7563,219.3955,89.7774
283.8748,297.0737,229.0803,84.8877
285.1894,297.1742,231.7513,84.1066
289.1516,295.5534,231.3968,85.4782
291.8897,296.4772,228.7856,85.3855
294.3185,294.8521,228.4230,87.3708
297.8242,295.2502,220.1517,89.5346
294.6080,295.9268,225.3940,84.9063
295.0739,296.3071,223.5522,85.7058
299.1980,295.0743,219.9639,89.0913
296.8519,296.2095,222.0612,84.9410
302.4211,295.0674,216.9627,88.6552
298.0522,296.3598,223.3756,84.6105
302.7597,295.6451,219.5306,89.0649
308.4261,293.8137,222.4129,92.9627
312.1460,293.8403,219.9879,90.1994
310.0455,293.2276,222.9190,93.1497
307.6909,294.1433,228.3082,86.7084
308.0848,293.6761,227.7455,89.9979
311.8845,293.7773,222.3810,91.4554
310.3433,293.7229,223.9733,91.0092
310.9912,293.1691,224.1775,90.5669
311.5432,293.7242,227.4037,88.5216
312.1568,292.9833,224.6414,90.8635
312.1332,293.0490,221.8935,91.8769
311.1650,293.4679,225.6049,90.8092
314.2171,292.7994,223.9109,92.5362
313.5965,293.0228,221.1720,91.4344
316.1855,292.5448,218.4441,92.7505
311.0535,293.3003,222.8630,88.5793
316.9782,292.0090,219.2637,96.1371
317.6765,291.5161,216.8519,95.4828
309.9661,292.7899,233.5028,90.8603
315.2548,291.6841,226.7904,94.4017
320.5824,292.2061,216.8202,95.0379
320.9709,291.7386,216.4583,96.9627
316.3483,291.9446,217.0635,95.4608
317.7838,290.0195,220.4075,99.2461
319.8944,289.8556,214.5611,100.3688
321.7235,288.8132,216.0031,102.6636
324.8436,288.3077,215.7678,101.7296
320.3632,288.2729,218.8535,100.8842
320.2790,288.1419,218.0770,100.9161
321.3831,288.2364,217.8637,102.1972
319.5483,287.3156,219.6984,100.4288
322.3576,288.6223,215.5348,100.0555
324.2819,288.6468,213.7913,101.7064
323.2736,288.1896,215.9278,101.8207
320.9742,287.7621,217.5717,102.2557
321.6674,287.0031,218.1602,102.3889
321.5571,287.6384,218.5659,102.0032
321.7989,286.8320,218.1822,102.1960
321.3543,286.5100,219.7515,103.2150
319.8705,286.1255,221.6991,105.7339
320.9187,287.0338,218.8676,104.1075
322.9674,286.8741,214.5802,106.5418
324.7589,286.2906,214.3473,108.9087
325.3750,285.4081,214.1399,110.5337
323.5181,284.8523,216.9537,111.7554
324.9922,284.6046,215.4905,110.5757
321.0649,283.9546,220.5202,111.1409
321.7543,284.5862,218.4314,108.2376
318.8867,283.6088,221.1566,111.1824
323.9970,284.7944,216.0561,109.4312
322.8317,285.1884,217.8317,110.4033
324.5224,286.1771,211.0453,114.6808
323.9833,284.8370,216.2234,111.9960
326.4406,285.2315,211.3889,113.7369
325.7018,284.5847,214.1564,115.1607
325.8824,284.6394,214.3251,111.7512
325.1409,284.7959,214.3083,115.5181
324.2261,283.7058,219.9029,115.0334
323.9585,282.9546,220.5780,113.2608
325.8360,283.0698,218.7329,116.2203
319.8865,282.0097,227.3371,114.4407
316.7239,283.6081,228.5972,111.5838
307.6508,280.0847,242.6735,107.9306
316.4520,281.1819,233.1660,110.3462
312.9682,275.4259,235.6936,110.1081
311.6141,278.1056,245.9417,110.0688
325.4282,276.4539,219.0136,113.2071
316.5409,280.0009,241.0582,111.0481
319.5085,279.7479,231.0130,111.3642
321.3779,280.7159,234.8543,112.4183
312.3586,279.6816,245.0329,109.5917
324.7474,267.9110,201.3652,124.6329
333.9213,268.7408,220.0423,125.8884
320.8426,271.4143,245.9649,115.1414
320.5830,268.3290,242.1541,122.0969
314.7523,274.1704,250.3954,107.7792
333.1095,268.1893,213.1110,130.1614
336.9387,266.2912,206.2326,135.7275
334.7617,266.1516,205.7915,136.0418
333.3977,265.2913,208.8045,136.1774
336.5484,265.3266,206.4132,136.5769
338.7460,265.4196,205.0581,136.9408
339.7868,265.6470,204.7064,136.2210
339.2945,266.4281,204.0511,135.9437
339.6137,264.6021,205.4377,134.6208
342.1961,264.6991,202.7929,136.4368
342.8386,266.2391,197.1378,135.9418
343.1108,267.0009,192.6934,135.2582
343.7004,267.2046,191.9341,134.8108
344.2691,266.9831,191.7317,135.4789
344.2639,266.6241,192.8273,135.5418
346.5313,267.7266,188.0924,134.5967
347.8465,265.6901,189.5170,136.5548
347.2510,266.7757,189.0579,134.4986
346.2640,266.1363,189.7420,136.0925
346.3762,266.3638,189.1277,135.7124
346.3315,266.6026,189.6221,134.5148
346.8180,266.1725,190.1890,134.7551
347.5295,265.8225,189.7310,135.2049
346.6876,266.6809,190.3399,133.8681
346.5699,266.4735,190.4301,134.6130
346.6290,266.2221,192.0620,134.5209
345.2879,267.5361,191.9642,133.6378
347.0917,266.7754,189.9566,133.9443
346.6186,267.0254,191.2529,133.6043
347.8953,267.1859,189.4995,133.2382
348.3492,267.7419,188.6365,132.3162
349.3851,267.2423,187.9597,133.5304
348.7672,267.8909,187.1506,131.2981
343.4698,267.3928,195.1355,135.0845
348.4998,267.3421,189.0003,133.6258
348.8106,267.6465,188.9338,133.0020
348.9608,267.7935,187.5883,133.1329
347.4643,268.9811,185.2764,132.8128
347.5160,268.0819,188.2180,133.9161
347.8753,268.9955,185.1793,132.7990
350.1976,267.0298,186.8447,134.1904
350.7743,266.5644,186.7213,134.2812
349.2913,267.1189,188.3574,133.9673
349.4825,267.4650,187.5149,133.8000
349.5370,268.1118,186.9061,133.4465
350.5020,267.7269,186.3709,133.2061
349.4955,267.5773,187.5290,134.6055
351.1740,268.0744,185.7220,132.5412
350.8376,267.8230,186.6298,133.4540
349.7602,268.0641,187.7196,134.2419
351.2901,268.3130,186.3348,132.5790
351.6183,267.2365,185.4234,134.1771
350.5321,268.4774,185.5657,133.3703
352.0103,267.7659,185.3094,133.1582
352.5241,266.4556,186.0268,135.2439
352.1015,267.2393,187.5170,134.2614
353.0450,267.8953,184.5101,133.2594
349.9444,267.2035,188.9161,135.3730
351.2195,267.7138,186.2461,133.4124
352.5203,267.5786,184.8095,133.9377
352.1825,267.9178,185.2301,133.1244
353.0014,267.7850,184.5822,133.0249
349.5352,268.2906,187.7996,134.1239
352.7911,268.1019,185.3027,132.6911
352.0529,268.4690,183.7742,133.7870
352.8959,267.9184,185.2282,133.2133
353.0332,267.5714,184.8537,134.7872
352.7207,268.1917,184.6486,133.0067
352.2568,267.8123,185.8463,134.6155
352.5337,267.7862,186.1377,135.5076
352.6992,267.7568,185.4466,134.6663
354.6274,267.3923,183.8351,135.1655
352.7603,268.4576,185.0845,134.1598
353.9588,268.0535,184.6524,133.9730
353.7563,267.6308,185.8073,135.7235
357.3090,267.4188,183.6420,135.4824
354.0863,268.0290,185.2924,134.9220
353.6570,268.5990,184.9110,133.0820
354.3954,267.0525,186.1592,135.8301
353.9149,268.1876,186.1901,133.2848
347.6531,274.7673,190.9889,124.9054
344.0497,277.3040,200.1605,121.2870
341.9645,277.9049,204.9259,119.4002
344.0777,278.9598,204.2745,116.6355
343.0804,279.0182,206.0343,117.4936
344.4415,279.3769,204.7971,117.0461
346.4742,278.7932,202.9515,117.7936
346.5086,279.4223,203.0978,117.4204
347.9035,279.0696,202.7880,117.1158
346.5389,279.6504,204.3672,116.3193
352.4916,279.4383,198.3367,116.5834
353.8177,280.1000,198.8247,115.7849
354.0085,280.6744,199.1680,114.3511
356.2061,281.2950,199.3929,111.9399
351.4125,284.4536,209.6001,104.9479
342.4116,288.0007,233.1069,96.2286
341.1258,288.2466,245.1035,94.5869
350.2075,287.9393,239.4150,93.1115
356.2581,283.4197,221.5237,102.5006
359.2329,282.3781,227.1842,103.9139
359.5682,281.2289,223.2336,105.8771
348.4451,288.8327,248.3798,90.3197
369.7344,280.7421,211.3463,106.4058
366.2964,282.0310,216.9522,104.3979
367.4057,281.8126,210.7586,105.6348
388.5132,278.9566,189.1287,114.6518
390.2222,282.6974,191.2557,108.8551
380.1641,289.5639,219.4917,92.9172
395.6143,282.1512,191.5363,105.5377
398.5547,283.0980,188.6006,104.8340
398.9193,283.3848,188.3714,105.2555
396.2311,291.0134,201.7177,95.9583
397.3467,293.5268,206.3866,91.7963
399.4059,293.2178,216.1833,92.8543
402.1617,293.2159,233.8766,93.1581
416.8108,281.9114,206.9884,104.6873
420.3725,282.6924,207.2450,100.1753
414.2977,287.1153,220.6095,92.9994
420.3477,287.2793,212.2196,93.4515
423.3656,287.5621,214.5387,92.0458
433.4649,285.8426,200.3802,95.9398
431.0901,285.2385,203.9697,92.8780
438.2392,284.9927,197.8615,93.9296
438.6633,285.7001,199.1833,91.4549
443.0584,284.3350,193.3632,94.5249
445.5727,284.4008,190.6347,94.7534
451.6147,282.2972,185.4806,98.3956
456.8529,280.5065,177.5041,102.2169
456.8750,280.7247,178.7501,102.8006
460.6810,282.2579,172.6480,101.1692
465.8213,284.0433,166.7374,102.2434
460.1718,296.6747,182.6715,88.7855
468.1238,297.2838,176.6273,91.1623
483.4210,296.7324,157.0879,100.2752
480.6119,299.5075,168.4862,98.6150
496.9487,301.8748,154.5776,99.5305
513.1600,312.0662,147.4750,97.2976
522.7751,312.9152,144.6097,97.4097
536.4313,318.2466,138.8374,92.9967
547.8127,320.7510,133.5297,87.0980
572.0418,319.3315,101.1064,104.8369
584.4099,323.0784,89.6502,88.3383
584.7465,324.2021,92.3969,84.2259
591.5732,326.1891,84.3837,81.5818
595.9675,325.9759,79.8150,85.4633
603.8984,334.7725,75.4932,77.6051
618.2000,326.9000,195.0000,85.3000
630.0000,328.5000,197.5000,83.0000
652.9587,325.9886,164.1077,59.8227
660.3181,326.3463,161.4937,67.3925
663.7327,329.3944,156.3046,64.1513
666.6891,319.6815,185.5117,59.9070
811.6630,311.0949,81.5491,62.6552
806.8062,311.9019,106.9926,63.9963
800.6790,314.8455,133.2570,59.8690
797.2402,315.4324,146.5395,60.7752
802.0562,312.1928,141.5527,66.1194
798.6555,310.5226,145.3141,68.0347
801.0022,310.5650,148.6456,68.5001
797.4700,309.0095,147.5249,70.3211
797.3039,308.7724,148.2922,70.1553
801.2659,305.9105,149.3581,76.8391
805.1532,305.8384,147.8836,80.4831
805.1747,305.3190,149.3705,82.1219
803.1321,305.1269,149.9258,81.9712
803.9575,305.9106,155.0850,83.3989
813.0508,306.8466,150.6384,91.5267
812.3621,307.1435,154.0858,88.1281
811.8799,305.3994,154.9402,91.1611
814.8188,305.5467,162.6825,89.5017
816.2217,305.8705,165.6316,86.6991
816.0310,301.7669,165.3430,90.4262
816.5601,301.2392,166.5748,93.1767
818.9039,300.5597,163.8873,94.1706
815.0851,297.7414,165.9498,95.5272
817.2369,298.1422,167.3861,96.6157
817.6714,298.6417,172.9572,96.3467
820.3211,298.2436,174.3228,96.8728
820.6078,298.5574,184.1744,96.3352
820.4630,298.0960,194.9141,99.2430
820.2781,298.7530,196.9588,98.2989
824.5422,298.3328,193.1907,98.5043
824.4614,298.2130,195.7321,98.0539
823.2336,296.8620,198.3627,99.7210
825.9911,297.0611,208.7776,99.6628
831.7742,296.4834,202.8816,101.3582
852.2448,290.2871,177.7404,117.8657
844.6013,290.1138,193.1674,124.1674
