1
529.1863,74.0051,53.1445,33.0143
525.0176,77.7756,52.0491,33.5586
521.0332,77.4770,51.9764,34.1559
515.2609,80.9276,52.7278,34.0004
510.1758,81.7888,53.3934,33.6356
505.8621,85.0429,55.2125,32.5742
500.4153,85.3253,56.5096,33.3803
495.1367,85.4163,57.2400,34.6022
490.5826,86.1679,57.7364,35.9697
486.9996,87.1059,59.0394,37.0250
481.9756,89.0626,60.0703,37.6202
475.7695,89.8475,61.7848,37.5787
470.5566,94.5597,64.4450,37.4730
465.5573,94.0505,66.4891,38.4914
460.1625,95.4538,67.4479,38.9617
459.0738,97.4019,67.9646,40.0474
453.0505,98.7039,68.2043,40.8170
448.6184,100.3201,70.2554,40.9910
446.0875,100.9242,71.8438,41.5196
439.8866,106.4950,71.8611,42.7624
436.7991,106.0401,74.4550,43.6722
431.1023,107.2794,76.6266,44.8824
429.1415,113.4023,76.7540,45.9165
427.2103,112.9269,78.6998,46.8674
420.6944,116.1703,79.9627,48.2266
419.2997,117.0083,82.7522,48.5538
416.7745,122.7253,83.7022,49.4210
415.9099,122.1053,85.4312,50.6610
415.0809,123.4777,87.0892,52.1675
413.5611,125.1592,87.9532,53.1559
413.2351,126.2090,90.8105,53.2615
412.0554,132.5249,90.9203,54.1266
412.7505,132.4803,94.0616,54.2159
410.6341,134.7921,95.9805,54.2200
413.7888,135.7352,99.0407,54.6762
409.0334,142.8492,98.9700,57.2161
408.8062,143.2643,101.8620,58.8235
412.2061,147.5745,105.0929,60.2339
410.1176,148.4417,106.6904,61.0790
411.4624,153.1456,109.2357,62.1412
411.6018,154.1679,111.6301,62.7697
410.6354,158.0042,113.5630,63.2552
410.1606,162.6267,114.5125,65.0352
407.3096,169.9451,114.6136,67.2018
409.0972,169.5802,116.7158,67.9316
409.1615,170.7063,119.4697,68.5616
406.9034,180.2749,118.1180,69.9616
410.5700,179.9015,122.5349,70.7083
404.1346,184.6607,123.3429,70.2371
404.0763,184.3840,126.4792,70.7904
400.0695,195.1770,128.3416,70.7330
400.9633,194.7480,132.7581,71.5911
399.2520,195.0186,136.1809,71.0499
394.1789,201.6185,139.8813,70.7417
395.3830,203.4586,144.0169,70.3335
387.2689,210.1763,146.9435,70.1996
376.3059,211.4757,145.3092,70.9664
384.8579,213.0359,148.3366,71.2012
377.2146,221.3064,150.0092,71.6778
379.4897,222.9726,152.3313,71.7817
370.7820,224.2928,152.3874,72.6132
382.4608,227.4188,153.4402,73.3356
368.5272,228.9593,153.1863,73.7697
360.2711,243.9099,155.6225,72.0205
350.9484,243.5726,153.1241,72.6949
370.7946,242.2814,151.9247,75.2773
370.9575,241.8584,151.5990,76.1234
366.7233,243.6030,152.9941,76.1707
360.4089,247.3418,154.9494,75.8089
349.2986,246.8442,155.6891,76.8040
338.5659,248.2835,155.5049,77.5337
344.4154,249.4491,154.6606,78.8207
338.1603,248.8346,152.6585,80.0496
339.3117,248.7038,150.3558,80.3113
327.8593,248.9585,151.7180,79.8019
327.6240,249.2478,152.1885,79.2232
316.5963,251.0692,152.6517,79.1791
313.4016,252.8282,151.8317,79.2658
306.5114,249.1872,151.2353,79.3595
301.6131,248.8355,150.2706,80.0629
302.7792,248.1071,147.9384,81.5197
294.4605,247.5909,146.6985,82.5521
291.4820,247.1330,145.5061,83.4680
284.9588,245.1186,144.2618,83.9240
287.8408,244.7715,142.0598,84.6183
279.0533,242.8577,141.9301,84.9048
272.3710,242.8051,141.1191,85.0100
271.6373,241.0128,139.0529,85.0611
266.8468,240.8244,138.1230,85.4379
258.4292,239.1220,137.4776,85.3465
259.0726,239.5736,136.1907,84.4434
253.3078,239.2608,133.9181,85.0689
254.0026,232.9185,132.5285,84.0452
253.5361,232.8419,130.0723,84.1985
248.1828,232.4768,127.3591,84.9287
249.1847,230.7293,125.3552,85.0973
249.3246,229.3376,125.0755,84.5816
244.2120,226.2737,125.4419,84.1369
245.1765,224.9865,126.7974,83.4270
245.2394,223.8025,126.6715,82.5020
245.5141,221.0436,126.1220,81.4685
243.7955,220.1393,126.3091,80.0269
244.0404,217.6314,125.8194,78.5848
246.3704,217.9839,124.3567,77.8798
246.5493,215.5487,123.9988,76.4229
250.2225,214.2585,122.9203,75.8692
252.3836,213.2463,121.7068,74.7851
254.6843,212.4813,120.1775,73.2429
258.2004,207.3460,119.1923,71.4195
261.9468,207.8256,117.6556,70.4603
265.5887,207.0459,116.2499,69.0806
267.6079,206.1859,115.1064,67.9059
271.1884,203.8556,113.6616,66.8505
275.6434,204.6004,113.2077,65.3609
277.8068,200.8773,111.6677,64.4468
283.7732,198.2262,110.7284,64.2522
284.4430,198.7630,109.3889,63.1785
286.6654,197.3405,107.6373,63.3304
291.5452,196.2624,105.8868,62.8168
295.8254,196.5291,105.2314,62.2836
298.0865,194.5997,103.3254,60.9097
302.0609,193.5626,100.5062,60.4192
308.2103,192.7304,98.2654,59.5691
310.4483,190.5898,96.2563,58.9167
313.0605,191.0326,95.8837,58.0311
318.1452,189.2043,95.3361,56.8768
320.1901,187.5464,93.6243,55.4368
323.0619,188.0907,92.5368,54.3482
325.1494,183.9677,90.6552,53.4201
330.9228,184.4359,90.3578,52.4838
329.7849,184.6638,88.1744,52.0279
331.8024,183.8506,86.3288,51.4648
335.0339,183.1104,84.1710,50.7927
337.2085,182.2811,81.9310,50.3423
339.0877,182.7216,80.2407,49.4611
341.5389,183.2628,79.3945,48.3787
341.8502,183.5491,78.7718,47.8062
344.2680,182.7771,77.8930,47.3718
346.0946,182.0102,76.1978,46.9476
349.6987,181.2958,74.7663,46.4509
351.4822,181.5587,73.0952,45.9251
352.9592,180.9030,72.0033,45.3745
355.3066,180.1909,70.9816,44.9620
356.8862,180.4861,69.6367,44.3717
359.4371,180.0348,68.1035,43.4898
360.2137,180.4335,66.5504,42.6924
362.1016,178.0445,64.4848,42.3403
362.5666,178.4679,63.5548,41.4935
364.4028,177.2582,61.5275,40.6226
365.1443,175.2681,60.0443,39.8022
365.4976,175.5468,59.3379,39.2448
365.3800,175.0182,58.0286,38.7574
365.1992,172.9814,56.8736,38.2813
364.3846,168.6233,55.5201,38.0495
362.7002,168.8729,54.4876,37.5502
