336.5,165.5,26,61
335.13449835391197,164.45181911597996,26.222589023682417,59.33213843086662
334.5917811002675,166.77939585794013,26.325649101268557,59.980383556107654
334.2066270306657,167.66222416208348,26.391137084374837,61.52013900188284
328.3124398161109,171.64255756111154,27.774977173579643,60.88601458129863
318.89314108844974,181.28245089490716,27.869166975093336,58.40694812855116
283.8777382840159,169.6868380646493,28.356637623023474,59.39971034912547
277.4647827510131,170.53766047128792,29.15123097815264,57.20479469162712
280.69460978167984,193.45646896445703,31.979745823984707,53.32797024679278
322.32922041382596,175.5870283371027,30.65473842687996,55.41810119632568
329.66330630359107,174.2888592417898,27.788056477366805,57.102465314495134
330.2693364429832,174.60900506725244,26.311161615776918,56.13449087042943
330.3519128959682,172.7714609577086,24.40385792626803,59.12422014796208
328.6911714452092,171.32464736772948,24.078989967190417,59.457230119439515
329.09370624205104,169.21727554262318,24.19560130078327,59.731078212248505
328.1831859561247,182.70619161352693,25.51512022565951,57.048845054205714
324.90021624537974,173.40225771832135,24.39932508522929,59.40407498145765
326.28645900513544,158.29975903390456,23.814397263014047,60.55938782575512
324.3418339156172,174.21566264368397,26.38308400649601,58.148461877558574
319.8149526063668,178.66341074209106,28.083356749203418,54.600297681476825
326.50512417779566,178.58561614768047,28.013762660300657,54.278400736722595
328.1483617522104,175.71962250413577,25.85083423102225,56.71979559178989
328.9695053103027,167.41883568783004,25.535331248748886,55.45710950455273
329.45074561275874,167.79861894606444,25.544906555854602,56.66511829974466
329.90330032376227,168.55286867463968,24.211826098605407,58.68895865391924
328.69002375128593,175.1041169248433,25.058547166531703,57.68029416950323
327.68256507979953,194.74357054488246,28.894503351705755,52.13385076609484
326.8335742378901,160.68393198254125,27.87385734425577,52.55264266128507
326.1612645062806,168.92322852523913,27.938806807398425,53.079971893394195
283.1776860199477,170.40635609649064,26.600818516392327,55.381773620398036
281.5285167311506,190.05625091426683,31.914898203834575,47.58858531846382
325.5710014598317,167.67881514914552,29.82946335340599,52.723076447095075
327.3430103044978,165.63406840629608,27.232635591174873,55.98681701884212
332.7848358627009,156.92127060384448,26.024000877967012,56.65754697738298
331.40855331993674,160.35917034209885,25.718153888452584,58.989180247761475
331.20053798177906,159.13434968865354,25.95457212191686,58.16355800675473
331.38087332671785,158.9880130213096,25.972137248994883,56.471398220142845
331.88084405021567,161.89456984927878,25.21617267813881,56.342721839137354
333.55160109581425,156.71018049024082,23.966108801327707,56.69954624965714
332.6347017711094,153.244411875423,25.023034100593925,54.85460852659502
331.87772471507964,155.7764981976553,25.965042604991233,53.418656678715536
332.5251732399662,156.5573024184217,25.756378932674767,53.047934257843124
333.7239909747489,160.9865556436119,24.997954044888814,53.68377919448663
334.8088161608551,162.3439830810675,22.79652335152545,57.64872578365626
335.1167883416283,155.74386069550275,21.713163657184886,59.190779827551864
335.57553577434436,155.63317802358938,21.71187211177911,59.47535211971855
335.7034206480942,160.59391463033785,21.280905105687836,61.31657994076751
335.4847691921056,155.73807757116023,21.437340530472905,60.42696621732584
334.7949035442339,163.1848609350081,21.51863840317396,60.11229315112919
334.512155365709,154.04849847784132,22.15917516770252,57.75187368680061
334.0721239970193,154.20377764683093,22.358693171080912,56.66879534311839
338.2134665132548,158.5637112194023,22.85206156725971,55.062781652565505
337.8741931586563,168.3461056802111,23.24781996998204,56.49940989098209
336.63137993881554,190.02352545249494,27.864501526316985,49.957638736307
378.5562571745367,159.38784451418582,27.343512924015236,50.034824892710375
384.01626607992307,164.03218921818984,24.721566974509614,52.230716478354694
384.3510083272546,163.83780427684115,23.2957431682469,51.83355072071695
380.87704034618963,163.08937494847203,21.90565689832113,52.20557984673931
381.11295830737214,162.1625058169071,20.899173988041056,53.08579687726416
377.7407892365783,161.5480527768467,20.445992350423495,52.43038269829071
377.9033478714939,163.3109583942585,20.357505058414496,51.43170898139619
336.838740738446,153.44045613656704,22.197672083299363,52.84535715827816
337.10975592995476,158.1898186357831,22.275790478243554,52.993518031733245
334.0563179316847,162.99373367858672,20.70941627641944,56.12349331264209
333.4641593894816,168.06079501123136,20.18503747230641,55.136496845167734
329.70426648919926,169.11112536755587,20.204837101148648,53.31838971590229
366.4681108604029,161.12730688500656,20.121278302589086,53.21695586496088
365.36724947817424,159.63751955161587,21.113878647689088,53.787502716877135
361.23248533218447,163.7182496979734,20.711829486055347,53.877327977140624
361.62088812159357,162.42499569262935,20.435645941310007,53.24693087079376
362.48162035453873,154.31899952601424,20.380862288255365,52.52266107328671
359.6731246209612,154.67796097274282,20.964818000252944,51.78692108677014
360.8887154137389,152.58954008823162,21.083442055871807,51.01536426570464
361.3654884524526,159.91682958196745,20.882810764783187,50.81006124869195
361.45975207769,165.36557924797725,21.359962373065542,48.570836567246076
357.9196650393817,164.73075638331315,20.822958009588138,48.630259456265144
326.9900880896571,161.5316458186333,20.6869031688029,49.59112029891217
325.9226299845209,175.2340586253624,21.60594554160439,49.17226613625967
357.61399084890013,160.5656705725785,21.684088833597833,48.996085622564735
361.0175052905913,171.03978473495712,23.65565778194146,45.76531602278311
357.2215364612615,153.71156886712933,22.301913868640643,47.05557878260861
359.03032286337634,171.52659410357762,27.885024658160958,41.138106129536226
351.1847653712011,187.57963556826599,26.639986230646336,41.81278110421227
326.6623497230129,167.68324742688426,24.54201052018678,43.70546049366514
323.986621322837,171.93751494533618,22.17341269407369,47.76066427969836
324.55561666960944,176.3652674394359,22.550368222834138,46.32810717510485
321.6562749363837,195.0727500973322,28.24028517075233,39.5172582991316
324.3325136521237,167.99781778767525,25.360327375426593,42.53492458470526
321.7003586307857,179.39229220726165,28.70552115948137,38.34833170256371
349.96441566473857,165.3166970029324,26.48814470143884,40.493172547623615
328.04509743651454,157.87794421899955,22.943701629078305,47.054392028453165
332.38217279683835,165.426314538911,23.903545010908736,45.36192537544669
355.6390890993801,167.90132196585907,23.412386966372047,45.49283741669211
350.91184722520245,183.4779101962012,23.11551172882654,45.95444901142778
348.1280307783381,201.1835618737542,27.414211087933037,40.061826228831514
346.71045505305807,219.61063744618087,31.242801199591597,35.71070395360708
336.9562987101885,173.23360187944496,25.449716561722298,42.82211303873905
343.15457404711674,192.44091089380268,28.015316461596232,39.57177113307053
341.97093553317706,208.25129203182124,30.880326098986068,35.78925615622772
338.9266738208899,172.3157678832494,27.1003774242562,38.78083362817611
335.5436440371039,188.12020409146163,25.560171160834507,39.541174315999676
358.40319445883733,157.71173147710286,22.145128392318817,44.07686191532268
356.15366750559514,172.35733481583182,22.69312605681411,43.90852663679057
354.07786554396733,178.185905516142,22.52835090978773,46.269925618555504
354.4074908240523,194.89485926548355,26.989941375924047,40.503721000731744
354.75038831710435,212.6703965607337,28.522448401309735,38.61438194489937
340.8177785046025,180.46530330488022,25.54501284442872,39.6147631587548
338.9156957909947,198.3324910686298,29.06906376992957,35.53211340029859
359.78398226904795,170.63692528815523,26.08493984946754,37.24990130280051
357.4784651100531,185.16330303742834,28.018874939551964,35.263407095758154
360.8931459410781,199.98487000627978,29.38664538809771,32.44510225961777
358.288345474958,216.83991029533928,29.640920716852705,32.216428847026094
346.2106040912183,183.03598020586674,26.57064779280393,34.442590417572745
340.130158122901,191.43422309889286,24.23154545148438,34.17703038225298
340.6478801377155,176.19473619302096,23.420604015134266,32.87404084560809
339.7242344909196,190.50249785511917,24.541128424399076,31.61746718266655
343.12746096818637,201.73661795410212,25.189762177934416,30.811389765462383
343.81634098961393,218.55909936615603,27.337718201439806,27.97710542341017
372.2919646788151,208.83826974927283,26.97134783719769,27.505455559886563
372.66690425290176,224.15960726185196,27.60283935266719,26.731173479064243
372.5406842063965,238.1614425463094,27.50215184691508,26.66424187804492
374.1594332212564,251.45734707967176,27.10110582448905,26.388461406290816
374.55178929817566,265.6688473768707,27.016448733421367,26.441979442874402
376.445710543108,279.1652583615571,26.51465370220538,25.76993345921938
377.07433591830505,293.9309995557565,26.332516129110765,25.78759200099641
377.70654474098427,306.7847224315766,26.14460116453086,25.58264487606521
378.05090569769925,321.80186179657875,25.851886312105528,25.592012004825467
380.04152764503004,334.60306222255394,25.77701711036082,25.225517753827205
380.06531941955376,347.94012527479225,25.444747711169956,24.119749450415448
380.0694549849702,347.9444894034858,24.997363112405264,24.111021193028357
380.0377950979277,347.9819688915787,24.60080852473681,24.036062216842698
379.98974839324353,348.02711364202196,24.26558248873355,23.945772715956043
379.93925496273226,348.09309351673426,23.89423922656999,23.81381296653147
379.8734189160882,348.1504996954941,23.62048609913017,23.699000609011843
379.8340093971399,348.23209673854745,23.304193576205257,23.535806522905062
379.7672309629026,348.30578267523265,23.047811434536538,23.388434649534712
379.6831560081469,348.3914045492855,22.789677299066987,23.217190901428996
379.6061239108697,348.4771850177886,22.53719522873446,23.04562996442283
379.5429796824116,348.5618063453283,22.294341004290462,22.87638730934337
379.5017221671265,348.6657613383071,22.0639768599129,22.66847732338583
379.444712526684,348.75741407263985,21.850192409833287,22.485171854720353
379.39726621131257,348.87119039916394,21.600171617514736,22.257619201672153
379.35402540501366,348.9775888329391,21.354523960274307,22.044822334121836
379.33092744995287,349.114547925142,21.06659825570123,21.770904149715935
379.321950376724,349.22831715673084,20.79967355217576,21.54336568653835
379.33945034145233,349.3911168492001,20.460581185690238,21.217766301599745
379.3616553625772,349.5322484859104,20.18206770220205,20.935503028179248
379.39165702061007,349.69736355268435,19.87294306290851,20.60527289463124
379.3877413713315,349.83254720897133,19.565389168832937,20.334905582057285
379.3070485958235,349.9170054806169,19.38454058517482,20.165989038766153
379.239118972826,350.0212370238934,19.174761436814055,19.957525952213253
379.15285669544136,350.1185083394151,18.97717068162968,19.762983321169827
379.07845119777795,350.20401938640566,18.791087049623776,19.591961227188637
378.97071568921166,350.29678846463486,18.60046312823973,19.4064230707303
378.88280138940405,350.39329465756134,18.402484386994665,19.213410684877324
378.7933712243907,350.4900224750543,18.21216493176974,19.019955049891465
378.6992125332893,350.60948436037245,17.98278121862989,18.781031279255053
378.6272053633257,350.71310271714674,17.784775732383324,18.573794565706486
378.5295968682442,350.8212262432445,17.5834550907962,18.357547513511015
378.45197912314455,350.9217428852795,17.38348885980404,18.15651422944098
378.3572097910917,351.03404341407946,17.169143977319017,17.93191317184112
378.2784782715876,351.1331699604314,16.97827222705115,17.733660079137188
378.18988770896044,351.2278763983774,16.792496858212395,17.544247203245213
378.09653724612997,351.3321679245545,16.59886754910735,17.33566415089105
378.02212832912215,351.42500209193656,16.421810637277144,17.14999581612686
377.92729914603126,351.5372735953343,16.21688804318527,16.92545280933147
377.836769663669,351.6496317478406,16.00059788872338,16.700736504318847
377.72920209359893,351.7420433778407,15.832095600579793,16.51591324431861
377.59309832639235,351.84721297585867,15.640837682798724,16.30557404828271
377.4797371919635,351.9312817825941,15.486241978519468,16.137436434811725
377.3586177544357,352.0296251732715,15.300550319689096,15.940749653456978
377.21991732867116,352.13027966956065,15.094766624986027,15.7394406608787
377.1901712323751,352.202066905353,14.946692600990087,15.595866189294004
377.1300107699554,352.25911784819397,14.820728728041933,15.48176430361204
377.03114951805463,352.311919074673,14.694989848262292,15.37616185065391
376.9473638866899,352.3754123950419,14.561952058810416,15.24917520991622
376.83490584948026,352.40972488342726,14.4768863102622,15.180550233145489
376.74517073078084,352.45517223981653,14.386148844547542,15.089655520366936
376.6164113775122,352.49971675486694,14.300376059814745,15.00056649026616
376.5308557272729,352.54594526033645,14.191322313839754,14.90810947932704
376.46474422258365,352.5923295482449,14.06973843416116,14.815340903510208
376.41283913707554,352.64558552936694,13.939758147928718,14.708828941266132
376.3416368703265,352.69951058899244,13.835150215234508,14.600978822015074
376.2663146855906,352.77457092210454,13.690462599948008,14.450858155790902
376.18247821351486,352.8246895267493,13.589301966466566,14.350620946501431
376.094729913359,352.8678876331663,13.500826612194164,14.26422473366747
376.024592714212,352.91569011515526,13.413798459218581,14.16861976968953
375.9428955695015,352.98252614842085,13.311547781083632,14.03494770315832
375.86221237950247,353.05124849839535,13.18909913479847,13.89750300320926
375.7766889720416,353.10570155058303,13.082758211492338,13.788596898833957
375.69316400884856,353.15617953590856,12.984832202657689,13.687640928182843
375.6159493665695,353.2035976587967,12.881627950161697,13.592804682406603
375.56003967706323,353.2551399105971,12.791362549434865,13.489720178805744
375.5136560610387,353.3103790489463,12.700742487072299,13.37924190210747
375.46166491636836,353.3510412462438,12.6134255018492,13.29791750751233
375.3936916367464,353.4010686881003,12.50862398346217,13.19786262379941
375.3236456787053,353.45691893738837,12.406393931465683,13.086162125223229
375.260346684869,353.5322035021477,12.282154533483833,12.935592995704587
375.1928667858602,353.6037139383945,12.153435929792831,12.792572123211023
375.14436645423655,353.6509327124182,12.051169369562738,12.698134575163596
375.07876051705324,353.6889523250519,11.966811866983916,12.622095349896158
375.02574276935184,353.7838985822662,11.818581130134586,12.432202835467544
374.977818770507,353.83415595624547,11.711986690413918,12.33168808750903
374.932041601305,353.8885280336854,11.606763372143574,12.222943932629166
374.86702138036424,353.9323439558662,11.520957186074385,12.135312088267627
374.80082515516085,354.00808338908365,11.425356580303047,11.983833221832732
374.7515351505874,354.08368823174834,11.320751358956434,11.83262353650328
374.6985391885353,354.1440519859141,11.209445922759613,11.71189602817189
374.6458946728553,354.19301514427417,11.105591062188934,11.61396971145163
374.5772488081571,354.2544330200085,10.995198744959378,11.49113395998307
374.57090837540295,354.3881515082975,10.844647701192617,11.223696983405075
374.5458170447042,354.46925320893337,10.69198718825171,11.06149358213326
374.5349702116858,354.555800265794,10.538182413426867,10.888399468412
374.5547440111915,354.7005080750972,10.366305812392783,10.598983849805506
374.5257592124906,354.7413618016752,10.232570004082445,10.517276396649521
374.4900030929643,354.7854240439387,10.116064085056752,10.429151912122617
374.5396126767538,354.83702399305537,10.00831310769331,10.325952013889227
374.53810430364683,354.88993858157266,10,10.220122836854642
374.44094681041315,354.9319741239918,10,10.1360517520164
374.34950204985216,354.96546315918323,10,10.06907368163358
374.25928859459236,354.99442855839965,10,10.011142883200662
374.17083643423393,355.0,10,10
374.08128608809784,355.0,10,10
373.9978276719339,355.0,10,10
373.9045614977367,355.0,10,10
373.815396160353,355.0,10,10
373.7263656039722,355.0,10,10
373.6370626767166,355.0,10,10
373.54902550624683,355.0,10,10
373.46512483106926,355.0,10,10
373.38095526443794,355.0,10,10
373.29306017654017,355.0,10,10
373.20829619513825,355.0,10,10
373.13617418752983,355.0,10,10
373.0479435627349,355.0,10,10
372.95447986619547,355.0,10,10
372.8525722329505,355.0,10,10
372.7719004084356,355.0,10,10
372.6962710474618,355.0,10,10
372.5940484707244,355.0,10,10
372.48593515949324,355.0,10,10
372.38430330948904,355.0,10,10
372.2889468003996,355.0,10,10
372.19030051724985,355.0,10,10
372.109072283376,355.0,10,10
372.0252179210074,355.0,10,10
371.9267294560559,355.0,10,10
371.84474618779495,355.0,10,10
371.7705837492831,355.0,10,10
371.7067380999215,355.0,10,10
371.6246338938363,355.0,10,10
371.52325686858967,355.0,10,10
371.4434285168536,355.0,10,10
371.3478847374208,355.0,10,10
371.2587278862484,355.0,10,10
371.1707685221918,355.0,10,10
371.08631872432306,355.0,10,10
370.9906573598273,355.0,10,10
370.8901429553516,355.0,10,10
370.7902129669674,355.0,10,10
370.6867091213353,355.0,10,10
370.5975014497526,355.0,10,10
370.5263240938075,355.0,10,10
370.4451790158637,355.0,10,10
370.3741461490281,355.0,10,10
370.303331122268,355.0,10,10
370.2249013041146,355.0,10,10
370.16838108049706,355.0,10,10
370.0893521164544,355.0,10,10
369.9845871035941,355.0,10,10
369.903209828306,355.0,10,10
369.8392491643317,355.0,10,10
369.7620134060271,355.0,10,10
369.6927893985994,355.0,10,10
369.6086620991118,355.0,10,10
369.5244327490218,355.0,10,10
369.424074143637,355.0,10,10
369.3251445298083,355.0,10,10
369.23371504293755,355.0,10,10
369.1324860234745,355.0,10,10
369.04668692545965,355.0,10,10
368.9649780248292,355.0,10,10
368.8802230139263,355.0,10,10
368.78742198692635,355.0,10,10
368.70729951607063,355.0,10,10
368.6109435115941,355.0,10,10
368.50789520936087,355.0,10,10
368.39169480698183,355.0,10,10
368.26945794420317,355.0,10,10
368.1932234992273,355.0,10,10
368.11626277910545,355.0,10,10
368.0421485383995,355.0,10,10
367.9290633951314,355.0,10,10
367.85255666123703,355.0,10,10
367.7509469022043,355.0,10,10
367.6691837613471,355.0,10,10
367.5821757991798,355.0,10,10
367.50950811849907,355.0,10,10
367.41214777575806,355.0,10,10
367.3322816048749,355.0,10,10
367.2484400649555,355.0,10,10
367.1585092549212,355.0,10,10
367.0825593699701,355.0,10,10
367.0131612648256,355.0,10,10
366.95460017072037,355.0,10,10
366.8659387980588,355.0,10,10
366.7702719499357,355.0,10,10
366.6656318982132,355.0,10,10
366.58157026814297,355.0,10,10
366.48746793018654,355.0,10,10
366.4271757383831,355.0,10,10
366.3513769884594,355.0,10,10
366.2606965233572,355.0,10,10
366.16790647106245,355.0,10,10
366.077732980717,355.0,10,10
365.98592972802,355.0,10,10
365.89310078369454,355.0,10,10
365.79960785852745,355.0,10,10
365.70633976953104,355.0,10,10
365.61298988061026,355.0,10,10
365.5200890083797,355.0,10,10
365.4259655033238,355.0,10,10
365.32742802100256,355.0,10,10
365.232017934788,355.0,10,10
365.142659552861,355.0,10,10
365.0573911149986,355.0,10,10
364.9663548846729,355.0,10,10
364.8981642057188,355.0,10,10
364.82149879680946,355.0,10,10
364.73620505677536,355.0,10,10
364.6451090727933,355.0,10,10
364.54064941452816,355.0,10,10
364.42861475842074,355.0,10,10
364.33230879949406,355.0,10,10
364.2340151076205,355.0,10,10
364.12439099745825,355.0,10,10
364.0189273064025,355.0,10,10
363.89588113920763,355.0,10,10
363.78212972776964,355.0,10,10
363.67077963100746,355.0,10,10
363.53940808819607,355.0,10,10
363.40772533463314,355.0,10,10
363.2929229591973,355.0,10,10
363.1783732851036,355.0,10,10
363.07870890246704,355.0,10,10
362.9832731639035,355.0,10,10
362.8908783798106,355.0,10,10
362.8084077392705,355.0,10,10
362.72593709873036,355.0,10,10
362.64346645819023,355.0,10,10
