76.5,79.5,64,52
75.49254068157484,79.2577716594792,63.83050365405461,48.84584298017489
75.97346702770531,79.88245372096478,63.348753351844536,48.194964565440436
75.72893740942118,80.44380967648382,62.95765148182636,47.81335910496006
75.52485130453033,79.05342426015872,63.09181592416918,47.488075631579996
75.47169398148449,81.21625249003088,63.249968837855405,46.99460253288913
75.92177949175355,79.82072413586933,62.71862709745531,46.653659510148394
75.64069289173867,79.68091260087272,62.62382502816747,46.21491476512391
75.52182237656385,80.68051084881844,62.43298541677059,45.76387917983885
75.57116703843451,78.69649786861254,61.86016903881476,46.10354367670391
74.9021354113194,80.35478068547354,62.31725746384805,46.22854808654576
75.15219478119934,79.59077415499827,61.750124216138836,46.21461282901484
74.37397911336863,79.22402586697349,62.38672099760485,45.72010435345155
74.57227298988661,78.11277076344564,62.713284868771595,45.29249644794315
74.5940375867309,79.10075794064525,62.52404921520314,44.668282719383164
74.1663999486105,79.09203835065901,62.857587631168684,44.286645705784565
74.17408254495572,79.16180975827083,63.006543667340054,44.04557689840584
74.40802337539041,78.82212362043285,62.960950305077546,43.901519351160076
74.60364922478354,78.98105786738468,62.93119943574954,43.977178752468575
74.05851566951435,79.94368765384849,62.59512262844123,44.03386791287075
74.63147175459339,78.79834191771926,62.78518240976783,44.04050701315042
73.95482291534472,79.8509227211062,62.3705264540031,44.06103109821004
74.24782157099297,78.71023256328067,62.423101239531235,43.77132405347902
74.09280790995335,79.03065755358112,62.48589606487204,43.648621601049655
74.42396691198599,80.17426385148396,61.96812917405464,43.3759375181987
74.90558930019691,78.74553349071152,61.8809088822672,43.46328906310784
74.36223739456496,80.02698875583566,61.321626732570714,43.59914524123357
73.88542373870987,80.00466088384186,61.58180550073229,43.38992710054329
74.47790721828865,80.14237558775801,61.62242197567966,43.255878151781175
74.35817488747423,79.58225196266088,61.51370208153952,43.318266100408366
74.1160353155555,79.68784745880818,60.99736026418773,43.08543876734662
74.49176138123414,79.9272520962158,61.12536268595771,43.18745237756786
74.64210088331399,79.3926579677038,61.09432141549592,43.649392268712795
74.61407814417247,80.38065031121891,60.707075319062405,43.83233645283737
74.42365283194667,82.00709354833708,60.174952599187975,43.299262848626654
74.7592844427668,80.17846957682606,60.44033631587169,43.28673912035352
75.17388957315652,82.15691132218802,60.08020346340602,43.373668858236776
75.36645131520905,80.46561710784322,60.72189074456736,43.10132097329725
74.9922764195432,79.86866087616889,60.46243578450288,43.08204455000346
75.13081811521003,81.61620027337156,59.944320120591925,42.956429199354204
75.02450748678973,79.82020369584762,59.94536628654738,42.54541732663108
75.13830782295383,80.9302749276774,59.92207272333668,42.58908740493321
75.06449662520305,79.8469795366288,60.14072464781373,42.81205953182565
74.64956579963544,80.65428151456746,59.93873298073452,42.704110434537476
74.72845990718741,79.94509259871143,59.62414589625915,42.40709472300614
74.97368481457733,79.68509735995534,60.063623967011715,42.569880971878725
75.0143313646188,79.95899610402017,59.82383848058768,42.668218337112066
74.96354356484969,80.20573133742627,59.747892344696126,42.68899290356403
75.33904172611105,78.52777745927983,58.912448429676544,43.98115325385105
76.03030138586706,78.81984420596868,58.947169014568196,44.36244996057331
75.73189081153775,78.82245449997521,58.66325685205053,44.963316163121945
75.74336880178187,78.96951813315457,58.44055050773554,45.25733176861992
75.8472793241726,78.60782420551078,57.82452669558195,45.09242874179688
75.92292681168396,78.225680956927,58.08472642265996,44.60225788441887
75.7774708724138,80.24547325123689,58.08345108730259,43.92000409490187
76.09793027759224,79.04918128659371,58.08062479479851,44.302878665972884
75.70383066343675,81.2242969273646,57.897017377716125,43.989445861603954
75.36854464793122,79.85864268673808,58.2307689553218,42.80860825139581
75.6142628913127,79.89764439863544,58.39438358073379,43.28259122391381
75.28940344699868,79.72412654855054,58.33648006049497,43.36322515635287
74.94599512234669,79.56770332897617,58.315479393743644,43.40959645445321
76.41881563996232,79.69831083268905,56.57408225690411,42.92238493783308
77.10529656840976,80.98082961006003,56.03048249441157,40.37600320104684
78.10053826843037,80.77354775381053,55.3720479873452,40.669068179786905
79.6389323880576,79.6676423380442,53.57421306191824,40.78299340264648
80.07717294669021,80.79184827636512,52.65748051080368,40.88779269047913
78.76635066706109,83.22583616009331,53.64893934675719,38.682565021396144
77.0438416170139,78.29474446237002,53.57198765162451,37.98245917886667
74.91499288313304,88.74175448867302,53.33876076101831,37.97022356534755
75.51578944209339,85.7941239048377,53.33866078713295,37.97027255955628
76.01863033990038,85.38179066781545,53.33430877114389,37.972317688080786
76.85488599016952,85.72137440551931,53.33245915845656,37.973316397575246
77.07241241207535,85.03551759461008,53.33212233069907,37.973503897300496
77.6616373260644,85.10257916632567,53.33159367867771,37.97373658203535
78.43830514879724,83.29581686132707,53.32764644187289,37.97609304589912
78.21836553508572,82.79999445987525,53.327056463916435,37.97629844669934
77.84909801694592,81.41685938788623,53.32207898894271,37.97959456685838
74.88512662535383,76.86078827650358,53.386959390382486,37.824776645580734
74.14185852179082,99.10820230173623,52.97669043031031,38.053791215965056
75.70193063103822,76.5395229844098,54.15546112117832,36.33353724075462
75.4376939778685,77.57654312593343,54.179139889496675,36.139557392048815
75.1387285701591,103.04594651848558,52.62268513820405,37.149297970225746
74.04498376281799,77.02981296149402,53.16427569549797,36.497364797343636
71.96343790394192,97.05920889983864,50.60640107413879,37.90592292675792
71.71454649057023,95.80694267522006,50.60640009098188,37.90592327722493
72.67891347364724,95.25284436832963,50.60639959288358,37.90592327483299
74.89857381991655,93.97378601356678,50.606410431869605,37.90590161384476
76.71282754545253,77.89892955669679,52.606850238793264,35.14768224609063
78.10029124785216,82.6330276059545,51.134554092958545,36.727934710197275
76.24843493259809,77.58988928634454,52.23922502310353,34.86013267510077
73.78403462275952,78.23169156921497,53.35717239990653,34.31053272609728
74.8178476766324,82.3299666712025,53.99873999867321,34.548304879299955
73.49140789796019,80.41393830449218,54.69492364174914,35.20647221414578
74.40163002384253,80.43682270127883,55.113527394134834,35.71666139357585
74.23572753689317,82.13408041936748,55.28280108155553,36.43227674429433
73.79433245233145,81.69544564516823,55.708967487832965,37.05007040587106
71.9728847937958,82.09462912956822,55.84362305881052,37.10980325530077
73.83478622622586,81.42671575987242,55.65294154137777,39.047368686022295
73.65283185841326,80.63305112444289,55.00849620920053,40.35019261940464
73.28137023452604,80.0837172048519,55.87128371216487,39.67756169245048
72.5961640009974,80.75714076719225,56.42115759880452,39.695873244870896
73.00082822431375,79.55344695297757,56.7380740547826,39.45666777942817
72.41302222041182,79.02840983024169,56.925216521513626,39.43798902082586
72.07922500925523,78.7407806558332,56.73211909840977,39.17471665036257
72.15380307075726,78.99512883521338,56.35632643153573,39.63709701851567
71.9168189761102,79.01259036945999,56.57228122337463,39.67486569607855
72.73571282271703,77.98510070359539,56.38250540531355,39.358632545355334
71.39475911631519,79.39583917494751,55.85742996708882,38.544942115025975
72.94320167545027,78.01132189294628,56.435562444109806,38.16254869479076
72.57078921777865,79.71293097240854,55.92797480185109,38.03259661290788
72.40078318762738,80.62282250535053,56.001936583013155,36.92061989582456
72.89219054040016,79.66454799752891,54.68383412770029,36.024353483687634
73.86832795560636,80.17988810578215,54.691034814560865,35.283827843482726
74.93671076248067,81.1804446143621,53.31721306468094,34.73791859791402
73.3351921975009,82.24616916313722,52.5784021550134,35.28447519570679
74.40201791759277,82.14120163928763,52.575587440064645,35.28650591947048
74.37415097797182,81.64889928855712,52.57273462500638,35.289187279180396
74.24487945467826,82.16078317314066,52.57259968234904,35.2892804414098
75.03690647062704,81.53353814628885,52.57142209431439,35.29035324161916
75.04711429200165,83.63295442537625,52.57128835314825,35.290412799990975
74.57243104937237,77.55367608743603,53.34191314491011,34.66379415238511
74.88857450071885,78.30946246900946,53.62513558536444,34.27968318027675
71.94909773971196,86.81287395184847,53.17899965272732,34.595036194212966
72.4870828118245,84.30123765132731,53.17897643557287,34.59505535439838
73.36179177767019,82.61539731764987,53.178673136488,34.595321837182944
73.50911886132587,76.0235750943906,53.030963894365655,34.011144971750795
72.70872964409635,83.36207498455107,49.95401892107933,37.11170256447672
75.09298786707276,78.15310737543541,50.17781252227614,36.83293673290337
75.2351823576057,80.05694573953718,50.773255808971534,35.97774604290781
76.23675844611385,81.26075930975159,50.97937196348291,34.844649670873466
76.1971143827937,81.87269057951633,51.012399222855365,34.565561282192384
76.50764330126482,81.91010787939047,51.00344741113209,34.44835781966618
74.04485737474492,82.88703650747202,50.93247919459182,34.540289805293845
74.66635837705485,84.66011838991588,50.93131349940494,34.542062003083124
75.62374377003314,84.17980844438677,50.93053583364185,34.54272983773342
75.73762998806058,85.03168743282792,50.928875852716615,34.54400790497189
76.35845291330514,86.88512441333305,50.92880369359557,34.54406720392562
76.39628927222772,86.7801449635222,50.923870639887774,34.54824816041301
73.81394046589404,81.10196805527885,51.202428382865214,34.26779262783967
70.55955633277085,90.95597268489786,50.90717052224999,34.45176830817684
73.99363986063872,80.48889442635983,50.97044620409362,34.37804747539936
75.18628831927421,85.01224076117765,50.56135332448894,36.031313607033255
75.9622269134272,83.90744742249424,52.251400183653075,35.59482384358893
73.11893203884378,84.76695925657356,53.17768738917978,34.62463854050826
74.60637108063885,84.69503005366337,54.89862820665164,35.169188664191736
74.25386277851962,84.96352542029831,54.896945379947574,35.940387799848835
74.17540307710027,85.29940336098551,54.862074932193664,36.4400776458228
74.57943320723865,84.5697671111639,55.34580170022956,36.9163830071756
74.41784552081839,83.78257671392049,55.3568937393394,37.26490559014507
74.47932513271226,83.20001452575266,55.67734565718565,37.65280518735169
74.47205062115324,83.4418406712839,55.735037349206564,37.4794960724157
74.87757370574937,82.05214293682845,55.16172880585161,37.46656389888583
75.39720718992164,81.61055181104089,55.309960883832765,37.33211581179209
74.04235053537855,80.32784727677588,55.81917847300929,36.8190143574797
74.5926221350349,79.6455234733123,55.761831236602454,36.833036211004185
75.77095069820453,79.58719406136514,55.58410892280898,37.13017338422654
73.78402193007841,79.02392943677829,56.038270461823046,36.8869018273547
75.27762863621457,77.92713799137591,55.9433071105859,36.989366620854156
74.12390287339721,77.83636164917655,55.94823073171012,36.786194867062406
74.97569433168658,78.5955853914393,56.38706667652054,36.872646669760755
74.6685615326002,77.05117653637524,56.25461488129504,37.198907350164745
74.58923429069662,77.64109539147915,56.1537274065317,36.880312649524186
75.53189476910984,78.27535086004855,55.467851578146124,36.58371731506941
74.71991502864604,77.3813891255834,55.635380027846594,36.43795953438118
75.56786573700685,77.7932437073702,55.40218481935402,36.422600814647616
75.93225206846847,77.2103439407262,55.72104246648938,36.509493931042584
76.32639579602358,76.21101274591668,55.793225306331564,37.168707153410054
75.54979471526603,77.2899333634728,55.50889876224975,37.36932324518685
75.90057701543846,78.17544584846598,55.45802441945418,37.05705305310881
74.143911102371,77.67157238470921,55.57353624970895,36.92949493358712
75.57997448206794,78.59384196995693,56.245276363102555,37.04193646835293
75.82719799734183,78.85056950330709,56.154400431597686,37.313551463336275
75.94467736946008,77.77994076132057,56.103252785698345,37.45296454118137
75.60636130803906,79.42050878845609,55.957452152116446,37.19926021336601
75.8785259905078,78.4303985163357,56.07984025687118,37.33327051628905
75.56540875602991,78.81048454235378,56.06275666876671,37.8024797871136
75.65009768108865,78.89347064162911,55.80312439264674,37.7618687927103
75.42696190122253,78.10704731540332,56.00822033063101,37.95454307329754
75.50282487501548,78.04113067362424,56.1762352446994,38.05374914310941
75.80009474111777,77.42204948844353,56.122067466935874,38.08274260249058
76.01635746980507,78.13066373975967,56.13642187330029,37.709756362698585
75.22295725476593,78.36988724543372,56.303454804408545,38.166863378907856
74.3644227483761,79.15011022606454,56.109636456615384,37.390449226022525
75.490964524812,78.56389501613934,56.35386759528718,36.92593320612988
75.61291811304338,79.63103942368835,56.18882976907896,36.7941148843485
74.06182807657189,81.04997217761716,55.69690316782759,36.28694524402934
75.92971042110709,79.61199156004731,56.231059304715444,36.64506394796481
75.66314075919135,80.21643966100005,56.32210209715576,37.06831708478157
75.41692191601966,80.29690990207882,56.181571774980945,37.42800618741331
75.39457411090967,81.29858493576857,56.36544907362885,38.14111181804711
74.7642909931688,79.39096344286469,56.12419236065476,38.10208315354053
74.97335007364683,81.09564065838941,56.54017361166312,37.88376351634487
75.18887976980093,80.14071430445239,56.576233734297105,37.78209369270952
75.29056658555824,78.50574774840018,56.75307762516522,38.12045317543466
75.02972040851212,79.63104480089055,56.6291903431605,38.29142221895245
74.558633031104,79.0198260291584,56.850397387958594,38.3528609411582
74.04093535944565,78.3478952732907,56.932795583238324,37.89691573883566
73.74287181233085,78.93203610507081,56.98048055214749,38.25888963138202
74.16161510733778,76.91045623264407,57.01817200120756,38.020732142196195
73.99892392484455,77.74389755932455,57.403634909354494,38.592623550038226
73.02648947812821,76.56561819205113,57.3622755751718,38.4673373825465
73.55538528629819,76.96957395754717,57.564057895294226,38.58711856290775
73.32477115960836,77.18519950282169,57.473625551349514,38.832549288936605
71.80202865643948,76.52483508083722,57.56058037008049,38.46871819161373
73.50429304178158,76.48852019008652,58.81324001492361,38.76613350964277
72.36435285939655,76.08910564356707,58.867193742044165,39.08379883272127
73.22335582714875,76.25753901619375,58.93014669745466,39.52900236658932
72.36757804195881,76.35830847426628,58.781742903897154,39.466713594806684
73.07797069126288,75.83149065063984,58.774281484530974,39.60866282161889
72.94703850138683,76.20358090415405,58.69054394796991,40.17503920317081
72.27279668310118,76.50497495484234,58.50771106575762,40.45356758481502
72.26756266597988,77.79564710521154,58.68065371736225,40.44259991867439
72.35607888113954,76.97181873156424,58.79750967710718,40.418740366721224
72.3504004167892,78.14509174046228,58.78496842523368,40.16118193780761
72.22996952258833,77.97031723188437,59.04008927541152,40.50709921275798
71.51791568329314,78.96876062675496,58.73511961482953,40.66583442847943
71.28080387348996,78.92237508610194,58.44828001631912,39.95961257794265
71.1882832137153,78.09070015119532,59.03112348015747,39.56803581392106
70.81522080838528,78.67563826904771,59.28332915667751,39.9533726719739
70.99249677018781,78.0162580073161,59.426978454300055,40.352983915842714
70.43727202638888,79.20955362215177,59.23877600822789,40.199810912413426
70.71379942609084,78.79313567125597,59.572654773963734,40.00211993775545
70.20668084016542,78.94407423564014,59.505555805181956,39.17957740180631
70.18362423940187,78.74389486735876,59.43792445725582,39.13435058949136
70.11389595129253,79.79101135334083,59.82440050321247,38.931374903598986
69.79416946359117,80.59783872773335,59.586010635082616,38.76676557450698
70.03888184879646,79.92302606212189,59.351267511495934,38.67052634750998
69.7582129454612,79.43712400924883,59.44049459967778,39.15538407907816
69.86295019370363,78.83717975004312,59.39265124032556,39.0176873866894
68.79919641657321,78.54650287064203,59.20089676684593,38.87004910056589
69.00308853976202,78.84698873648827,59.871799592268545,38.822963186401196
69.02075956439649,77.69456381952126,59.490512214525545,39.21123699246502
68.63511974790968,77.78871341815548,59.662935219558015,38.56337537435154
68.69313790461734,76.89581830262715,59.578700722218755,38.68017773519185
68.44639383568057,76.94322685450214,60.01446172437444,39.14719055602528
66.76808195406554,76.64009579674922,60.741391741037724,39.01585806703895
67.52799603216644,77.01499198471473,60.496252901585464,39.220816169375595
67.25602776759186,75.97433839464969,59.750347421190256,39.38957588036658
67.20016394955081,76.66429042040886,59.73467433119241,39.675630352598546
67.06347953486315,75.66047197811795,59.63016351116703,39.31008374833455
67.60216180188999,76.43850699771097,60.016858687615965,39.73006182106408
65.66707752792635,77.37089586692889,60.33508178762149,39.211714741922364
66.2432231524354,76.82520222131564,60.16498907499941,39.53152539015876
66.90760785754952,76.49682240157273,60.19474255676948,39.52697143625697
66.87353199665876,76.39937517557885,59.690537577653814,39.37421607554637
66.87246984990959,76.53786662444676,59.30650692148705,38.71832609334554
66.57555961386355,77.18970968430645,59.049868235158584,38.55908837316993
66.7226010338682,76.47044280239615,58.691106904987386,38.133697276036216
66.7780703037794,76.05887076262113,58.77674580983755,37.68924570682073
67.23354097589443,76.30354176658783,58.63452318508993,37.76858189913221
65.52343881109866,75.58372464464972,59.12363739818061,37.57202930485841
66.23376163018258,75.4897823525204,58.877666151759286,37.9694312190483
65.19129012660218,76.04531320954948,58.865832911895545,37.67538938480811
63.98658530228067,76.84086607208863,58.625702374610235,36.91847706821903
66.9037105813415,75.30389781455462,58.37654102318412,37.80205542136079
64.23727113585974,74.97830818481276,59.07241506185272,37.42882681722755
65.29393121173334,75.29904226564955,59.312012342890554,38.10424746475809
65.02793483201097,75.43845100425806,58.63621079367287,37.59795669876657
65.74238525522543,74.7581863670188,58.333298311463636,38.076315355664676
65.90270500751426,74.26856893602725,58.085983680929445,38.977936714906924
66.11956340983411,74.60297713695616,58.16391177613485,39.47344400060253
65.89734231166675,74.7315061583614,58.342351198231,39.92149322946332
64.82813003370745,74.92071299444291,58.96019736975019,39.344512196660745
64.87871837151152,74.82559956669265,58.66950558031145,39.431347725197355
65.29426390651665,76.09326531622403,58.69935687404022,39.15155874284295
64.9783970137192,76.95792341250464,58.86553320361859,38.63826587620183
65.78671506115177,77.85749373210298,58.528829488476035,38.41730066253464
64.54393271512728,77.62274314633176,58.35878314231702,38.37251346823618
65.7508216189176,76.58294182713121,58.898304380299116,39.207493876107506
65.6995255651363,76.95518364851625,58.54625818553552,39.5430493768997
66.31230368987003,76.94968120534388,58.46696672755669,39.987373116622756
65.03248133772038,76.62982908042068,58.605877741594156,39.42210450327184
66.09457193454733,75.1254218984547,58.455680312588704,39.53604238710126
65.74185202640724,76.38967479130373,58.300378036736305,39.44355173049255
65.95059762089535,76.67859083036582,58.52120222737968,39.67591217775518
65.82084098069484,76.8541030364301,58.87415644279638,40.062589598874744
65.99675630645072,78.29131328518619,58.731528587505416,39.95055256236112
66.55085353984146,78.41217357867855,58.879364441845155,39.982869068300516
67.05691904921487,80.0073717628704,58.42183425794482,39.60478148821636
67.18631061207375,79.55472087521773,58.60665548231707,39.536314194803765
66.93590404408774,80.07731238424849,58.65744416250337,40.08761035421722
67.5201112723264,79.72311164431747,58.80911380102724,40.14100345843456
67.820250481376,80.1977380386619,58.727735121716684,40.16428419378212
68.19114524173725,78.65113707092644,58.08614404124792,40.397189641444825
68.25939304028564,78.88408724647645,58.40770227143688,40.131514047539305
69.01285441107402,77.30359256173264,58.53430847769033,39.985934794437796
68.66296458973136,78.77127281614023,58.587939438735035,39.84247825824837
68.58496809256553,76.86207922718583,58.25600413197072,39.642496715148866
68.56674981876849,77.02041426881644,58.604984488978715,39.67932747493573
68.92102328894003,77.33331377359829,58.43517383241475,39.70489267263981
68.68848403840161,75.88675882137106,58.220083466380395,40.35327544238967
68.78432182340586,76.8382084910005,58.421390140863465,40.07544095298432
69.70208014125008,75.58636590562091,58.25026693016284,40.23486233170552
69.62230521554369,75.32697877227058,57.78658787399047,39.89080560189282
69.49743050071294,75.16661452971331,58.085323764665524,39.65287548715385
69.5254774396189,74.80074965174039,57.96452303233137,39.76959551800584
70.09102049405793,75.24105082561111,57.862028198668476,39.71075060606305
70.60749767168694,75.06802786079616,57.92152398531718,39.193389519892456
70.93849804688114,74.72714373889414,57.95714535530918,39.15977333996374
71.78378229342927,74.38588961988053,57.884434318420205,39.264643726752716
71.54075631505066,74.6575680701385,57.08764173172038,39.04710056672866
71.70508060192626,75.82951146043374,56.923995071874344,38.48580930138934
72.68796950865053,77.85131528382696,55.6424882960044,37.166303913285134
73.31574935954788,78.17447881666587,55.809922731019995,37.15312730594319
73.13513670127426,78.70457675535386,55.90301941406808,37.24063316883212
73.13551826020338,78.57764050891342,56.032021702460796,36.63537301419866
74.24216733466919,78.56407995421863,56.22464310537853,36.85018611014905
74.741191168925,80.67154621057747,55.87654790812318,35.46323697679538
74.46168934499583,79.9537398012445,56.093023719420295,35.06106228649679
75.88722573699229,78.78872110934657,55.98038525015518,35.74467525756528
74.81644881848092,78.57368258237793,55.878607416416784,35.78537859181035
74.5844817648888,79.0021275471759,55.83284271540781,35.201944311828726
76.2006455682216,79.01786621583129,55.73341677729083,35.57004122450078
74.98937399364266,78.34531234765711,56.02311047156894,35.60302506615766
75.86144618338597,78.22344579253954,55.575900100680656,35.883561712509916
76.73460202289874,77.52783608591405,55.550351866555616,36.44544233677468
77.00639279762247,79.52339900932019,55.27016318276596,36.47143971231346
77.67908337555028,79.57821045672844,54.37821998109775,36.15205981728904
77.85282517643653,79.25986921313128,54.750923864543296,36.39524653617475
76.55809577313217,79.30341894726845,54.53036150911894,36.22657701628991
77.89668069693792,79.90128044988066,54.8578625198906,36.382296109683054
77.84571598483612,80.03927989316469,54.44226269490294,35.609323410534884
78.53362725873859,79.41865756048625,54.29300801151601,35.751333852526
79.34177049783071,78.1057727364934,54.28816374162186,36.49428337111716
79.08727021541053,80.25273452557751,53.332540736020036,35.70738551163791
79.8998526242527,81.27139659732465,53.062325869507575,34.80641426483399
80.88661191265322,81.82599484011581,53.10218829704003,34.734928803536036
79.88534088162014,82.09692462080201,53.22931717970861,34.178611983767766
81.50342784140419,81.94017093162702,53.95588844980725,34.35207380867193
80.60067585050382,82.05941469019987,53.7030356696756,34.18791663632243
81.78508741747697,82.33615107700699,54.42219137560359,34.85973106172858
81.81948035054633,82.43679260261638,53.930572573416356,34.72139625233969
82.10778480534697,81.90707965454189,53.79636721873145,35.288674673007606
80.54543056160153,83.17914112473319,53.970162276962085,35.059547259892476
81.81717508540586,82.36592028895554,53.92997508825538,35.315419702321805
82.56950671464253,81.0477458856228,53.79052450869137,35.281076303558194
81.92607731842848,82.19163369050358,53.468451402048714,35.08106138067102
82.44100927862232,81.18049395916924,53.625464374704556,35.213134983201755
82.85416072231195,80.71547739415476,53.82427471230853,35.73567917108441
81.76958721478114,80.46884447220162,53.52606576080215,35.42208105138671
82.61569950227234,80.15184878592353,54.10569677854741,35.23673589039646
83.1466024619729,79.64190376937952,54.243427778740084,35.443743559688244
82.33714683588987,78.57562029934756,53.729538451835104,35.32281671389402
83.3976441261826,77.76371375852945,52.933672784175364,35.317794594266815
82.23937637621918,77.14414745327113,52.53264727755619,34.74145329063701
83.98793714599196,76.07835627312352,53.262501655826796,34.66902015753932
83.00264579499365,76.36574246406258,52.906905330266035,33.93276740847752
83.63046417861405,77.3000982043079,52.95655044054294,33.81423486113047
84.6245334750686,76.7123008756719,52.510291263145916,34.11385587653005
82.67604495399668,76.96456407136387,52.112802286613004,33.80995952412282
84.5533846032639,81.96938936310453,51.30261818918941,33.14546751760682
83.53083902297968,80.60868484372943,51.080313853389455,33.01108641811237
82.96765150606987,81.06605005060612,51.674372381300074,32.29960323858427
83.1396244807186,82.84162215564561,50.933060891736595,31.82602302958866
82.68143143413724,82.55854858366341,51.41929862178592,31.862152201560566
84.81591083961916,80.98172126896634,51.925900666687554,32.90989366872327
83.1619489701896,81.72377648665089,51.572404775496,33.045230226228306
83.0773142357895,83.75944851182747,50.908735573184146,32.54210035396048
83.52274743160629,83.77284342650887,51.10084325782164,32.64338748027377
84.87355590179965,84.7250155381563,51.9504231310183,33.38162114356031
83.61141021564714,85.23434027939447,51.4166672087066,33.762147781842046
84.55845514317787,86.06793531819193,51.635300942588614,33.768767828644386
83.83749245969403,83.38698092585068,49.79069152333192,36.116988049026375
84.92007433334915,84.85396019789223,50.21062055899594,35.168722959685674
84.37759430736503,80.80369869805301,51.13011990520703,33.9560593138563
84.50949104083736,81.29367858642775,51.29672758467427,33.864071355553975
84.41583910188297,80.21426268301119,51.333044180187684,34.25484128609007
84.2595587499568,80.80464314208223,51.50214973629683,34.00402822103639
84.29030164520904,80.40058769808896,51.35992604207813,34.04260744179041
83.05482108804584,81.96449667562767,50.71612628070264,33.91026740152316
84.68166240750361,81.16675206815177,51.02481155789427,33.847107529522745
83.2612777508343,81.63458061259891,51.20252616656677,33.351711059553566
82.95459747676014,82.44220669459867,51.01621005799206,32.88103544508407
84.76254846038111,81.28273656780569,51.03519697815551,32.94437929936279
83.28027127154868,82.15281406085627,50.5018453862006,32.89851745462667
83.88352331461749,81.3962203616209,50.46531193166241,33.35605616859576
84.61844174841954,80.40299142472281,51.05476904942513,33.47906077338713
84.80778877736103,81.35174252517251,50.910575787144964,33.62786685152519
84.56009566998459,84.4564372973094,50.44867266378597,32.30082536785933
83.94821371381704,85.24831098938989,49.54772744678759,31.494348241171338
83.02205114270936,87.41207202070837,47.45198134762417,30.746101548178544
83.84557997023897,88.83480235500262,47.45044676385398,30.746396933514596
84.09400750250417,89.23003881904896,47.45041223855966,30.746406645688353
83.72293146680367,90.18823908750402,47.450411738282504,30.746406779783495
84.19777775789007,90.07803805789177,47.45040389522258,30.74640972749865
84.99008491969475,90.32468868821101,47.45040229877842,30.746410245891923
85.73424039080014,90.31303477885058,47.45040133600643,30.746410674101767
86.05749576227545,90.70822128681633,47.450398809913715,30.746411937192487
86.52948820890157,90.9233803809027,47.450398365571246,30.746412193986995
86.25074584628851,91.58951755654502,47.45039822560875,30.74641227965304
86.56642890636999,92.18704637545949,47.45039806032174,30.746412391572324
87.37785965622625,92.41756503602033,47.45039723069893,30.74641300427708
87.65695065097574,92.56382806100095,47.450397003895254,30.74641316963072
88.22664458537983,92.81480060629875,47.45039650424298,30.746413574640588
88.39936928120927,93.14652502429648,47.45039629199502,30.746413728036448
88.05330851925854,93.39427395836934,47.450396131345265,30.746413831663894
88.05558327008958,94.08376262404329,47.45039601007501,30.746413918261847
88.12022200100857,94.6245722919714,47.45039594145888,30.746413964310214
88.08212601102733,94.278641784038,47.450395415763694,30.74641430436526
88.87434879293855,92.92072798279109,47.45039520926396,30.7464144418017
89.39853942941204,91.67747039563781,47.45039383438825,30.746415286197973
89.2949614194001,90.27323055731135,47.45038598407753,30.746419468466154
89.16919360000247,89.72815771047584,47.450360309005184,30.746434833005075
88.17650732909966,88.60044141153037,47.45033873059443,30.74644793817447
89.00824735226976,88.25492600730087,47.44863737268503,30.748074259023603
86.78246243909909,79.3993166405164,47.66860119240406,30.33600960636206
87.45121635531285,84.67962035209334,48.49547462561678,30.74337589231464
87.93166527862206,83.78289632176359,48.82726908265592,30.672890747369607
87.8300751380351,83.9495686380246,48.95451302403424,30.70280298654786
85.90089698263584,84.32609352292708,48.90499451221618,30.11802471363486
86.78458247287168,84.05110061931666,49.307918770239375,30.553626510421573
87.20813623991644,84.7128004405359,49.56738779807765,31.027702563593117
85.52880245865947,84.0663479111397,49.429078269756005,31.0737508137231
86.73875867078772,85.32735279340434,49.87744458733608,30.696157619857264
85.06281541560855,85.60887645801434,49.11000593671418,30.357756888737953
83.65982799586783,92.31438799160075,45.60157390439996,31.4403384815993
84.87500006603177,114.86716385017422,43.06664766296544,32.598328939745336
86.34311825354045,116.12656232579145,43.06664766947885,32.59832890928723
87.4120898854239,117.5484674971583,43.06664767353421,32.598328886454055
88.47647005326687,118.89156149534196,43.06664767567787,32.59832887264595
89.24655771126744,119.91138028481416,43.06664767839468,32.59832885931433
89.96731400030781,121.32306243230983,43.06664768500023,32.598328822135514
90.92622863510576,122.76146736351184,43.06664769053556,32.598328795165436
91.98736678394485,123.71726147822258,43.06664769900972,32.598328757730044
92.53324346312841,125.02305906692816,43.0666477042519,32.598328734127485
93.14011697305608,126.65719897224568,43.066647708932685,32.59832871437071
93.75329653639955,128.44500036221123,43.0666477111978,32.59832870429132
94.34876833503964,130.32088013050694,43.06664771266485,32.59832869681366
94.81000033957996,132.08508309172583,43.06664771668389,32.598328679145766
94.9708345174066,134.1555858523708,43.06664771768762,32.5983286739081
94.91792183458858,136.42274174111665,43.06664771873396,32.598328667809184
94.77506934928543,138.60764107236915,43.066647718980484,32.59832866558253
93.9894905622838,142.40064868467772,43.06664771833011,32.598328665422166
93.29150759567872,146.12557444116223,43.06664771774054,32.598328665362104
92.83724134594684,149.38748702545405,43.06664771693728,32.59832866538808
92.48629757226888,152.64359888571184,43.06664771632335,32.598328665423004
92.03438522913646,155.63993391530994,43.06664771558412,32.5983286654309
91.57102453224704,158.64878496664076,43.0666477153009,32.59832866543041
91.98868032804823,160.26270064858187,43.06664771532375,32.59832866522617
91.23337956788262,163.6437092736248,43.06664771511663,32.59832866520135
90.56348004471158,167.22424850016387,43.066647714942306,32.59832866518718
90.06921797533866,170.73420629055704,43.06664771476068,32.598328665150376
89.37453341033428,174.51637801679075,43.06664771463486,32.59832866513652
88.92400177869459,178.32466086897173,43.06664771449793,32.59832866512029
88.33265760102134,181.94524273429315,43.06664771439859,32.598328665098805
87.84805500080235,184.78176579035562,43.066647714164425,32.598328665034366
88.05547968615693,186.67711827361066,43.066647714173264,32.59832866411575
87.39218286781525,190.59180781448052,43.066647713390175,32.59832866410211
86.54859636350223,194.4101865013757,43.06664771309746,32.59832866412154
85.93212149699883,198.57595607837206,43.066647712370134,32.59832866418158
85.14371882091152,202.87205955589423,43.066647711380085,32.598328664093316
84.39366148273467,206.50999376439904,43.06664770839723,32.598328662916195
83.74616186195578,209.45642611748858,43.06664770812608,32.598328660869186
83.32176448282085,212.13224361134283,43.06664770807609,32.59832865240871
83.5945543767653,214.27989839600366,43.066647711256216,32.598328626696706
83.92857638954739,215.97781503610594,43.066647716358396,32.59832860035261
85.29489127640753,217.24999404883502,43.06664771863909,32.598328589954875
87.4178213237409,219.12762893742922,43.06664772376483,32.59832857862037
88.81004956914092,220.53503264562406,43.06664772443515,32.59832857723921
89.87125698258922,221.79067434491662,43.066647724885335,32.59832857632866
88.56673470686944,223.66277291000142,43.06664772447552,32.59832857636229
87.16603401862415,223.7008357118092,43.06664772424188,32.59832857638161
85.65027025909777,223.7008357117975,43.06664772406855,32.59832857640497
84.12674382914165,223.7008357117724,43.0666477237208,32.59832857645518
82.45281151579695,223.70083571175041,43.066647722572036,32.59832857649919
82.5163544559954,223.7008357118285,43.06664772162022,32.59832857634301
82.32664878626238,223.70083571184156,43.06664772132644,32.59832857631685
82.19498933825014,223.70083571186603,43.066647721057286,32.59832857626796
81.91679199027303,223.70083571188488,43.06664772077584,32.59832857623024
81.5612864345527,223.7008357118998,43.066647720480205,32.59832857620043
81.46776858738514,223.70083571192112,43.066647720096974,32.598328576157776
81.55923696652329,223.70083571197443,43.066647719623646,32.598328576051124
81.07225879341651,223.70083571198353,43.06664771932535,32.598328576032955
81.01089617677552,223.70083571199197,43.06664771917169,32.59832857601604
81.70253530208606,223.70083571214127,43.06664771924489,32.59832857571745
82.65260359697533,223.70083571266704,43.06664771947031,32.59832857466592
82.76801230122754,223.7008357128387,43.06664771833549,32.598328574322565
82.25084604440373,223.70083571284283,43.06664771817393,32.59832857431436
81.89241702982719,223.70083571284596,43.066647717961466,32.598328574308084
81.25925399498671,223.7008357128484,43.06664771781058,32.59832857430322
80.76734863364916,223.70083571285258,43.066647717657744,32.59832857429484
80.24288778159948,223.70083571285784,43.06664771746483,32.598328574284295
79.67440651520452,223.7008357128625,43.0666477172576,32.59832857427499
79.2169699536954,223.70083571286528,43.06664771710691,32.598328574269445
78.76328616023105,223.70083571286736,43.06664771694608,32.59832857426528
78.30403693208476,223.7008357128714,43.06664771676053,32.598328574257195
77.69778265254689,223.70083571287364,43.066647716609275,32.59832857425275
77.08381600884948,223.70083571287685,43.06664771638357,32.59832857424629
76.55808939256399,223.70083571288515,43.066647716189344,32.5983285742297
75.86412914323434,223.70083571288802,43.06664771600068,32.59832857422393
75.46593488988864,223.70083571289183,43.06664771580273,32.59832857421636
74.94684787338922,223.70083571289618,43.06664771563661,32.598328574207656
74.52753468109029,223.70083571289916,43.06664771549937,32.59832857420169
74.00518246254978,223.70083571290226,43.06664771532452,32.59832857419548
73.44400377838365,223.70083571290556,43.06664771518754,32.59832857418886
73.02985205031838,223.70083571291053,43.066647715011605,32.598328574178964
72.60058455453404,223.7008357129152,43.06664771483912,32.59832857416962
71.99749552005262,223.70083571291755,43.06664771468726,32.59832857416489
71.38615767954172,223.7008357129178,43.06664771459485,32.5983285741644
70.88328485494478,223.70083571291946,43.06664771445099,32.59832857416106
70.43039410127068,223.70083571292187,43.06664771430711,32.59832857415624
69.97753312010765,223.7008357129244,43.06664771418124,32.59832857415119
69.68638502384435,223.7008357129273,43.06664771406182,32.5983285741454
69.57423779696772,223.7008357129315,43.066647713955746,32.59832857413698
70.66023347107149,223.70083571301768,43.06664771401481,32.59832857396465
70.74879721181507,223.70083571306418,43.06664771303454,32.59832857387166
70.20942023796935,223.70083571309118,43.0666477125143,32.598328573817646
69.9835405986325,223.70083571309502,43.06664771241376,32.59832857380996
71.25269550486578,223.70083571319907,43.06664771249295,32.59832857360183
71.52146417344136,223.7008357132573,43.06664771169131,32.5983285734854
71.68332751577555,223.70083571331497,43.066647710878,32.598328573370054
71.12867881873088,223.7008357133237,43.066647710214816,32.59832857335258
70.56671675073386,223.70083571332736,43.066647710047036,32.5983285733453
70.15867372389515,223.70083571333015,43.06664770987621,32.59832857333972
69.58749862555443,223.70083571333183,43.066647709719255,32.59832857333634
68.95330621849357,223.700835713334,43.06664770957861,32.59832857333202
68.48512892980682,223.70083571333643,43.066647709410745,32.598328573327144
67.89005046156079,223.7008357133397,43.06664770925729,32.598328573320615
67.40328299080171,223.700835713341,43.06664770910218,32.59832857331799
66.92072825709391,223.70083571334212,43.06664770901138,32.59832857331575
66.4398485033153,223.70083571334334,43.066647708912484,32.59832857331331
65.84824790649523,223.7008357133457,43.06664770874311,32.598328573308606
65.50679423509881,223.70083571334715,43.0666477086252,32.5983285733057
65.1561415106519,223.70083571335024,43.066647708510054,32.59832857329951
64.72381725023149,223.7008357133512,43.06664770840439,32.598328573297586
64.36669384554924,223.70083571335334,43.06664770828632,32.59832857329333
64.02785517898599,223.7008357133616,43.06664770805787,32.59832857327675
63.47118361927731,223.70083571337273,43.06664770785395,32.598328573254534
62.819461188151024,223.7008357133735,43.0666477077408,32.59832857325302
62.38990401376168,223.7008357133751,43.066647707631084,32.598328573249766
61.90898939128303,223.70083571337597,43.06664770749791,32.59832857324808
61.46123444202594,223.70083571337895,43.066647707349524,32.59832857324211
61.05128916274569,223.70083571337986,43.06664770719039,32.5983285732403
60.54882278220799,223.7008357133818,43.066647707073464,32.59832857323643
60.10649188541986,223.70083571338418,43.066647706940934,32.59832857323164
59.492560646833624,223.7008357133867,43.06664770681085,32.598328573226574
58.98990931311825,223.7008357133923,43.06664770662379,32.59832857321536
58.40882440614768,223.70083571339472,43.06664770645513,32.598328573210566
58.02630948241265,223.7008357133974,43.06664770630327,32.59832857320519
57.47500293675135,223.70083571339862,43.066647706157056,32.59832857320275
56.88823222351269,223.70083571340078,43.06664770597576,32.598328573198444
56.38159596166246,223.70083571340362,43.0666477057962,32.598328573192745
55.81692182270892,223.70083571340737,43.06664770565763,32.59832857318528
55.42894240475906,223.70083571341192,43.0666477054787,32.59832857317615
55.136173240999504,223.70083571342138,43.06664770530388,32.59832857315721
55.682191781832366,223.70083571358646,43.0666477053566,32.59832857282711
56.735020093735315,223.70083571372507,43.066647705391034,32.59832857254986
55.94097056634837,223.70083571094966,43.0666476381175,32.59832857810067
55.28031811619465,223.70083571018006,43.06664762108943,32.59832857963991
54.18472637761393,222.33464168331204,43.06664753120376,32.59832861381412
53.64584339694568,223.70083573013164,43.06664743171108,32.59832853973669
53.203358332747,223.7008357301333,43.066647431572214,32.59832853973343
52.73107184022848,223.7008357301359,43.06664743143699,32.59832853972817
52.261890868933925,223.70083573013986,43.066647431258005,32.598328539720306
51.733400623657495,223.70083573014116,43.066647431126356,32.598328539717656
51.32382778400394,223.70083573014213,43.06664743095959,32.59832853971575
50.74508504152215,223.70083573014497,43.06664743084626,32.59832853971005
50.23399798161566,223.70083573014722,43.0666474307099,32.598328539705555
49.616345923096134,223.70083573014716,43.066647430546205,32.598328539705676
49.11074570915976,223.70083573014745,43.06664743040991,32.59832853970512
48.51809559375035,223.70083573014895,43.06664743024881,32.59832853970209
47.85552893198687,223.70083573014952,43.06664743010634,32.59832853970095
47.35403476281221,223.70083573015,43.066647429985196,32.59832853969996
46.790807288201165,223.70083573015293,43.06664742982832,32.59832853969414
46.25190029680791,223.7008357301543,43.06664742965127,32.59832853969139
45.821877133335974,223.70083573015583,43.06664742948104,32.598328539688346
45.20373595908851,223.7008357301556,43.06664742934315,32.59832853968878
44.69790722094885,223.70083573015853,43.0666474291973,32.598328539682946
44.237125438182595,223.70083573016035,43.06664742899876,32.59832853967928
43.58600108007835,223.70083573016194,43.06664742885288,32.59832853967611
42.85713116515318,223.7008357301605,43.06664742868613,32.59832853967904
42.336329323020124,223.70083573016186,43.06664742852689,32.5983285396763
41.796160918509806,223.70083573016274,43.0666474283892,32.59832853967455
41.19358490118654,223.70083573016288,43.06664742827621,32.59832853967424
40.595533174437804,223.70083573016308,43.06664742813751,32.598328539673844
39.99519030476578,223.70083573016322,43.066647427964355,32.598328539673574
39.37356416614613,223.7008357301639,43.06664742782938,32.59832853967221
38.772370797782145,223.7008357301638,43.06664742768754,32.59832853967242
38.18389646458058,223.70083573016342,43.066647427518106,32.598328539673155
37.57993797714204,223.70083573016151,43.06664742737382,32.59832853967697
36.96374992788802,223.70083573016103,43.066647427249045,32.598328539677944
36.484423441366445,223.7008357301579,43.06664742711715,32.59832853968418
35.87221400214939,223.70083573015586,43.06664742699596,32.598328539688296
35.21864990671489,223.7008357301538,43.066647426870695,32.59832853969239
34.74651478021346,223.70083573015,43.0666474266921,32.59832853969999
34.107796175257846,223.70083573014742,43.06664742652031,32.59832853970516
33.4456246922943,223.70083573014372,43.066647426367695,32.598328539712554
32.84559617749636,223.70083573014475,43.066647426239456,32.598328539710515
32.352249993051586,223.70083573014284,43.066647426144776,32.5983285397143
31.865082783742853,223.7008357301404,43.0666474259886,32.59832853971919
31.210251672366468,223.70083573013812,43.066647425879125,32.59832853972376
30.664180619871043,223.70083573013787,43.066647425767435,32.598328539724285
29.97583995601597,223.70083573013795,43.066647425657756,32.59832853972408
29.47771005181652,223.7008357301377,43.066647425516315,32.598328539724605
29.02985031759865,223.70083573013687,43.066647425358454,32.59832853972627
28.501224590995083,223.70083573013423,43.06664742516593,32.59832853973156
28.082350267705525,223.7008357301328,43.0666474250089,32.59832853973438
27.428369833825318,223.70083573013068,43.06664742488754,32.598328539738645
27.014257236180143,223.7008357301315,43.066647424770025,32.59832853973702
26.60001127315319,223.7008357301319,43.066647424630695,32.5983285397362
26.03273986180122,223.70083573012954,43.06664742449681,32.59832853974093
25.417541368865468,223.7008357301287,43.06664742436062,32.598328539742596
24.907022579655468,223.7008357301264,43.06664742419785,32.59832853974715
24.37796990495949,223.7008357301251,43.0666474240491,32.59832853974976
23.784101649412502,223.70083573012408,43.066647423912606,32.598328539751854
23.305753960550437,223.7008357301239,43.066647423810046,32.59832853975218
22.69606657266187,223.7008357301213,43.066647423700644,32.59832853975738
22.128255381656274,223.70083573012,43.066647423547835,32.59832853976004
21.54840429081757,223.70083573011783,43.066647423409144,32.59832853976431
21.040933027475916,223.70083573011738,43.06664742327513,32.59832853976522
20.467196717529358,223.70083573011615,43.06664742315787,32.59832853976767
19.853566899636245,223.70083573011584,43.0666474230188,32.59832853976832
19.279617801132378,223.70083573011652,43.06664742285246,32.598328539766946
18.632991507530154,223.70083573011613,43.06664742273849,32.59832853976773
18.025904968330167,223.7008357301159,43.06664742260148,32.59832853976819
17.454666092989704,223.70083573011678,43.066647422504204,32.59832853976642
16.832323089326316,223.7008357301167,43.066647422331286,32.5983285397666
16.263030246054527,223.70083573011428,43.06664742219121,32.59832853977146
15.623139277327422,223.70083573011388,43.06664742204624,32.59832853977226
15.145599052600225,223.70083573011377,43.066647421919484,32.59832853977246
14.44161336160779,223.7008357301128,43.06664742176324,32.598328539774414
13.953243270948157,223.70083573011124,43.06664742163643,32.59832853977754
13.429679528442431,223.70083573011232,43.066647421372615,32.598328539775395
12.896211699295954,223.70083573011124,43.066647421210675,32.59832853977752
12.310442224855219,223.70083573011084,43.06664742107939,32.59832853977832
11.912178353270544,223.70083573010893,43.0666474209092,32.598328539782145
11.394936756164505,223.70083573010854,43.06664742077008,32.59832853978293
10.802861110327633,223.70083573010749,43.066647420596595,32.59832853978501
10.2261965434,223.7008357301064,43.066647420464435,32.59832853978717
9.568641201750744,223.70083573010936,43.066647420321786,32.59832853978128
9.019347802957604,223.70083573011084,43.06664742019383,32.598328539778315
8.42298688115444,223.7008357301116,43.06664742008068,32.5983285397768
7.926305608237264,223.70083573010962,43.06664741994793,32.59832853978075
7.130993501768188,223.70083573011198,43.06664741966739,32.598328539776034
6.47642626017738,223.70083573011047,43.066647419511604,32.59832853977906
5.963277833348631,223.70083573013994,43.06664741914994,32.59832853972011
5.774725349528474,223.70083573015123,43.066647418957686,32.59832853969754
5.157479854350289,223.70083573017013,43.06664741867532,32.59832853965975
4.674409779017964,223.70083573019946,43.06664741831611,32.59832853960109
3.931585999531894,223.70083573021282,43.066647418122294,32.59832853957436
2.9545431458045144,223.7008357302229,43.06664741791256,32.59832853955421
2.582527043774718,223.70083573022134,43.066647417821,32.59832853955732
2.246021451982628,223.70083573022245,43.06664741766647,32.59832853955508
1.9975018526520678,223.700835730227,43.06664741745217,32.59832853954598
1.3972762254031217,223.7008357302248,43.06664741710539,32.598328539550394
1.1845338672858574,223.70083573024849,43.06664741644768,32.59832853950304
0.897834631919924,223.7008357302455,43.066647416300945,32.59832853950901
0.6626674416116032,223.70083573023877,43.06664741605249,32.59832853952249
0.11323826347927834,223.7008357302309,43.06664741584131,32.598328539538194
-0.2737390812042193,223.70083573022714,43.06664741570559,32.59832853954573
-0.7085538322946157,223.70083573022455,43.066647415589934,32.59832853955088
-1.2277393156800578,223.7008357302194,43.0666474154495,32.59832853956121
-1.678425114747796,223.7008357302168,43.066647415341265,32.598328539566424
-2.1707145684379086,223.700835730213,43.066647415231714,32.59832853957402
-2.6561935656240436,223.70083573021066,43.066647415142924,32.5983285395787
-3.0279293172094803,223.70083573020827,43.066647415056046,32.598328539583434
-3.367226134926266,223.70083573020415,43.066647414930536,32.59832853959169
-3.738732021196121,223.700835730201,43.06664741483765,32.598328539598
-4.076641421609455,223.7008357301976,43.06664741473811,32.59832853960476
-4.412666927825228,223.700835730195,43.06664741465363,32.598328539609994
-4.685194026437291,223.7008357301916,43.066647414566354,32.59832853961678
-5.119500737351565,223.70083573018945,43.06664741447794,32.5983285396211
-5.282878335224229,223.70083573018525,43.066647414367175,32.5983285396295
-5.577106292898371,223.7008357301823,43.06664741426441,32.598328539635446
-6.022929366243652,223.70083573017942,43.06664741418068,32.59832853964116
-6.505055393536956,223.70083573017655,43.06664741407597,32.59832853964689
-7.055667425906012,223.70083573017354,43.06664741398712,32.59832853965294
-7.625360275974536,223.70083573017075,43.06664741389834,32.59832853965851
-7.864036809032989,223.70083573016743,43.066647413809264,32.59832853966517
-8.281719546102824,223.70083573016356,43.066647413724844,32.598328539672885
-8.549085031479176,223.70083573015825,43.06664741361802,32.5983285396835
-8.81626422253337,223.70083573015376,43.06664741350137,32.59832853969247
-9.197300146441385,223.70083573014995,43.06664741340175,32.59832853970012
-9.436875904963358,223.70083573014563,43.06664741329291,32.598328539708774
-9.734038169497257,223.7008357301413,43.06664741318972,32.59832853971741
-10.158660675355943,223.70083573013773,43.066647413100604,32.59832853972457
-10.635844941156353,223.7008357301332,43.066647412997476,32.598328539733565
-11.10628687856628,223.7008357301309,43.06664741292414,32.598328539738176
-11.50901156180635,223.7008357301295,43.06664741283476,32.598328539740976
-11.83754223098288,223.70083573012755,43.06664741276314,32.59832853974491
-12.19819929705536,223.70083573012542,43.06664741269451,32.59832853974917
-12.61373307806545,223.700835730123,43.06664741261142,32.598328539753965
-13.005397821441932,223.70083573011888,43.066647412517455,32.59832853976226
-13.4630283364782,223.70083573011334,43.06664741239285,32.598328539773334
-13.798116231809463,223.70083573010635,43.06664741226863,32.59832853978732
-14.142591054049866,223.70083573009845,43.066647412183855,32.598328539803134
-14.39526006058447,223.70083573009563,43.06664741208091,32.59832853980875
-15.002102936020929,223.70083573009222,43.06664741199253,32.59832853981555
-15.680268550593777,223.70083573009106,43.06664741192832,32.59832853981786
-16.30231758420758,223.70083573008952,43.066647411872296,32.59832853982095
-16.84891023697105,223.7008357300867,43.06664741180384,32.598328539826575
-17.3687021380456,223.7008357300822,43.06664741172973,32.59832853983564
-17.802941823541804,223.7008357300765,43.06664741165128,32.59832853984702
-18.353234136615633,223.70083573007247,43.066647411601124,32.59832853985504
-18.95243665027649,223.70083573006866,43.06664741153331,32.5983285398627
-19.780630374402474,223.70083573006553,43.06664741147443,32.59832853986895
-20.472581291609355,223.7008357300613,43.066647411400275,32.598328539877386
-21.212703848257952,223.700835730056,43.06664741132467,32.59832853988796
-21.53332370562005,223.70083573005027,43.0666474112401,32.598328539899434
-21.53332370557848,223.7008357300471,43.06664741115696,32.59832853990581
-21.533323705538752,223.70083573004337,43.066647411077504,32.59832853991325
-21.53332370549158,223.70083573003865,43.06664741098316,32.5983285399227
-21.533323705448097,223.70083573003555,43.066647410896195,32.59832853992888
-21.533323705402328,223.700835730032,43.066647410804656,32.598328539936034
-21.533323705361692,223.70083573002853,43.066647410723384,32.59832853994292
-21.53332370532503,223.70083573002537,43.06664741065006,32.598328539949264
-21.533323705291924,223.70083573002228,43.06664741058385,32.59832853995547
-21.533323705261004,223.7008357300196,43.06664741052201,32.598328539960804
-21.533323705226053,223.70083573001656,43.066647410452106,32.59832853996688
-21.533323705188288,223.7008357300117,43.066647410376575,32.59832853997659
-21.53332370513969,223.70083573000647,43.06664741027938,32.598328539987065
-21.533323705075805,223.70083572999613,43.06664741015161,32.59832854000773
-21.533323705013256,223.70083572999238,43.06664741002651,32.59832854001527
-21.533323704961468,223.70083572998564,43.066647409922936,32.59832854002871
-21.53332370490282,223.70083572998027,43.06664740980564,32.598328540039475
-21.53332370482693,223.7008357299771,43.06664740965386,32.598328540045806
-21.53332370473836,223.7008357299747,43.06664740947672,32.598328540050616
-21.533323704678416,223.70083572996725,43.06664740935683,32.59832854006549
-21.53332370461803,223.7008357299625,43.06664740923606,32.59832854007501
-21.533323704564268,223.70083572995776,43.066647409128535,32.59832854008449
-21.533323704497416,223.70083572994983,43.06664740899483,32.598328540100354
-21.533323704444495,223.70083572994747,43.06664740888899,32.59832854010507
-21.533323704384845,223.70083572994423,43.06664740876969,32.59832854011156
-21.53332370432365,223.70083572993798,43.0666474086473,32.59832854012406
-21.53332370428097,223.70083572993573,43.06664740856194,32.598328540128534
-21.533323704233826,223.70083572993005,43.06664740846765,32.598328540139924
-21.533323704177043,223.7008357299236,43.066647408354086,32.5983285401528
-21.533323704116775,223.70083572991888,43.06664740823355,32.598328540162235
-21.53332370405028,223.70083572991436,43.06664740810056,32.59832854017127
-21.533323703999613,223.7008357299093,43.06664740799923,32.598328540181384
-21.53332370396109,223.70083572990603,43.06664740792218,32.598328540187914
-21.533323703922918,223.7008357299031,43.066647407845835,32.59832854019379
-21.53332370388432,223.70083572989955,43.06664740776864,32.59832854020087
-21.53332370384811,223.70083572989677,43.06664740769622,32.59832854020645
-21.533323703815633,223.7008357298939,43.066647407631265,32.598328540212194
-21.53332370377834,223.70083572988983,43.06664740755668,32.598328540220336
-21.533323703755755,223.7008357298875,43.06664740751151,32.59832854022498
-21.533323703714604,223.70083572988526,43.06664740742921,32.598328540229474
-21.533323703670145,223.70083572988273,43.06664740734029,32.598328540234554
-21.533323703597823,223.70083572987582,43.066647407195646,32.598328540248346
-21.53332370354894,223.70083572986545,43.06664740709788,32.59832854026909
-21.533323703491273,223.70083572986053,43.06664740698255,32.59832854027894
-21.533323703431247,223.70083572985408,43.066647406862494,32.598328540291845
-21.41075406784583,223.70083572984606,43.06664740671255,32.59832854030786
-21.533323703311215,223.70083572983964,43.06664740662243,32.59832854032069
-21.533323703229293,223.7008357298311,43.066647406458586,32.598328540337796
-21.533323703174837,223.70083572982332,43.066647406349674,32.59832854035333
-21.53332370310796,223.70083572981258,43.06664740621592,32.59832854037482
-21.533323703051433,223.70083572980553,43.06664740610287,32.598328540388934
-21.533323703000566,223.70083572980244,43.06664740600113,32.598328540395116
-21.53332370295048,223.70083572979917,43.06664740590096,32.59832854040165
-21.533323702893334,223.70083572979587,43.06664740578667,32.59832854040823
-21.533323702831424,223.7008357297905,43.06664740566285,32.59832854041901
-21.533323702763372,223.7008357297842,43.066647405526744,32.59832854043163
-21.533323702707616,223.70083572977893,43.06664740541523,32.598328540442154
-21.533323702664667,223.70083572977586,43.066647405329334,32.59832854044827
-21.533323702613867,223.7008357297726,43.066647405227734,32.598328540454794
-21.533323702544642,223.70083572976793,43.066647405089284,32.59832854046415
-21.533323702481532,223.70083572976426,43.066647404963064,32.5983285404715
-21.533323702417288,223.70083572976205,43.066647404834576,32.59832854047589
-21.533323702345363,223.70083572974838,43.06664740469073,32.59832854050326
-21.533323702273517,223.70083572974528,43.066647404547034,32.59832854050943
-21.53332370222862,223.70083572974477,43.06664740445724,32.598328540510465
-21.533323702184106,223.70083572974204,43.06664740436821,32.598328540515936
-21.533323702134204,223.70083572973857,43.06664740426841,32.59832854052288
-21.53332370208597,223.70083572973394,43.06664740417194,32.59832854053211
-21.533323702046953,223.7008357297306,43.06664740409391,32.59832854053877
-21.533323702002818,223.70083572972695,43.066647404005636,32.5983285405461
-21.533323701967717,223.7008357297242,43.066647403935434,32.59832854055164
-21.533323701931664,223.700835729721,43.06664740386333,32.59832854055797
-21.53332370189536,223.70083572971816,43.06664740379072,32.59832854056367
-21.533323701862354,223.70083572971618,43.06664740372471,32.598328540567664
-21.533323701825438,223.70083572971302,43.066647403650876,32.59832854057397
-21.53332370178186,223.7008357297092,43.06664740356372,32.5983285405816
-21.533323701736464,223.70083572970344,43.06664740347293,32.5983285405931
-21.533323701700866,223.7008357296977,43.06664740340173,32.59832854060462
-21.53332370165946,223.70083572969585,43.06664740331892,32.5983285406083
-21.5333237016245,223.70083572969259,43.066647403249,32.5983285406148
-21.53332370158656,223.7008357296893,43.06664740317312,32.5983285406214
-21.533323701555314,223.70083572968642,43.06664740311063,32.59832854062714
-21.53332370152244,223.7008357296839,43.06664740304488,32.598328540632245
-21.533323701488847,223.70083572968142,43.066647402977694,32.59832854063717
-21.53332370145687,223.70083572967837,43.06664740291374,32.59832854064322
-21.53332370142923,223.70083572967576,43.06664740285846,32.59832854064846
-21.369521956806196,223.70083572966843,43.06664740277293,32.598328540663175
-20.94987846520475,223.70083572964722,43.06664740258319,32.59832854070552
-20.43537850249163,223.70083572955983,43.06664740181668,32.598328540880324
-19.978868465110597,223.7008357295388,43.06664740142214,32.59832854092241
-20.6925211950712,223.70083572953612,43.06664740136715,32.598328540927774
-21.208416144481674,223.7008357295339,43.06664740131572,32.5983285409322
-21.53332370062849,223.70083572953007,43.06664740125698,32.59832854093985
-21.53332370060066,223.7008357295257,43.06664740120132,32.59832854094863
-21.53332370057102,223.70083572952416,43.06664740114204,32.59832854095168
-21.53332370054745,223.7008357295222,43.0666474010949,32.598328540955585
-21.533323700512977,223.700835729519,43.06664740102595,32.59832854096198
-21.533323700478938,223.700835729516,43.066647400957876,32.598328540967984
-21.533323700451703,223.70083572951083,43.066647400903406,32.59832854097836
-21.533323700414584,223.70083572950307,43.06664740082917,32.598328540993855
-21.533323700319105,223.70083572949335,43.06664740063821,32.5983285410133
-21.46246043078748,223.70083572946217,43.066647400113894,32.598328541075674
-20.860867591627212,223.70083572940146,43.06664739932174,32.59832854119708
-20.904200875722047,223.70083572930275,43.06664739839768,32.59832854139452
-20.802745514966663,223.7008357292854,43.06664739818894,32.59832854142922
-20.165294342986527,223.70083572926418,43.06664739797867,32.59832854147161
-18.827779465116144,223.70083572914305,43.066647396876576,32.598328541713876
-19.497521870492864,223.70083572913867,43.06664739680085,32.59832854172267
-20.328259461259044,223.70083572913586,43.06664739675362,32.5983285417283
-21.06737589151614,223.70083572913302,43.06664739670263,32.59832854173398
-21.533323698317783,223.70083572913043,43.06664739663557,32.598328541739114
-21.53332369828831,223.70083572912765,43.06664739657662,32.598328541744685
-21.533323698254733,223.70083572912566,43.06664739650947,32.59832854174867
-21.533323698226287,223.70083572912353,43.066647396452574,32.59832854175294
-21.53332369819818,223.70083572912108,43.06664739639636,32.59832854175784
-21.53332369814498,223.70083572911625,43.06664739628996,32.59832854176747
-21.533323698101032,223.70083572911304,43.066647396202065,32.598328541773924
-21.13817318556364,223.70083572909618,43.06664739604107,32.59832854180766
-20.924033664296665,223.700835729072,43.066647395751076,32.59832854185601
-20.131776414675134,223.70083572902638,43.066647395218645,32.598328541947254
-20.428420863753328,223.70083572902573,43.066647394907015,32.59832854194856
-21.116723023028136,223.70083572902212,43.06664739483786,32.59832854195576
-21.5333236973885,223.7008357290188,43.066647394777,32.598328541962424
-21.533323697359165,223.70083572901632,43.06664739471833,32.59832854196737
-21.533323697325848,223.7008357290125,43.066647394651696,32.59832854197499
-21.533323697290665,223.700835729008,43.06664739458133,32.598328541984024
-21.533323697260847,223.7008357290054,43.066647394521695,32.598328541989204
-21.533323697229747,223.70083572900293,43.066647394459494,32.59832854199413
-21.533323697198504,223.7008357290008,43.06664739439701,32.598328541998406
-21.53332369716413,223.70083572899776,43.06664739432826,32.598328542004495
-21.533323697129404,223.70083572899495,43.06664739425881,32.5983285420101
-21.5333236970952,223.7008357289909,43.0666473941904,32.59832854201816
-21.533323697038476,223.70083572898506,43.06664739407695,32.59832854202991
-21.533323696994053,223.7008357289796,43.066647393988106,32.59832854204078
-21.53332369692658,223.70083572897101,43.06664739385316,32.598328542058
-21.53332369688972,223.70083572896485,43.06664739377944,32.59832854207033
-21.53332369682553,223.70083572895368,43.06664739365106,32.59832854209266
-21.53332369676283,223.70083572894993,43.06664739352566,32.59832854210014
-21.533323696715254,223.7008357289471,43.06664739343051,32.598328542105776
-21.5333236966264,223.70083572892935,43.0666473932528,32.59832854214131
-21.53332369657338,223.70083572891778,43.06664739314676,32.59832854216445
-21.533323696522675,223.7008357289168,43.06664739304535,32.5983285421664
-21.533323696464194,223.70083572891411,43.06664739292839,32.59832854217178
-21.533323696424784,223.70083572891116,43.06664739284957,32.598328542177704
-21.533323696384024,223.70083572890564,43.06664739276805,32.5983285421887
-21.533323696343565,223.7008357289015,43.06664739268713,32.59832854219699
-21.533323696305224,223.70083572889772,43.06664739261045,32.598328542204584
-21.533323696262876,223.70083572889388,43.06664739252575,32.59832854221224
-21.53332369622461,223.70083572889047,43.06664739244922,32.59832854221905
-21.533323696185338,223.7008357288865,43.066647392370676,32.598328542227016
-21.533323696146027,223.70083572888342,43.066647392292055,32.59832854223318
-21.53332369609241,223.70083572887862,43.06664739218482,32.59832854224278
-21.53332369604999,223.70083572887515,43.06664739209998,32.59832854224969
-21.53332369601269,223.70083572887202,43.06664739202538,32.59832854225594
-21.53332369596687,223.70083572886753,43.06664739193374,32.59832854226493
-21.533323695924302,223.70083572886398,43.066647391848605,32.59832854227207
-21.533323695890022,223.70083572886148,43.066647391780045,32.598328542277045
-21.53332369585596,223.70083572885886,43.06664739171192,32.598328542282296
-21.533323695795808,223.70083572885042,43.066647391591616,32.59832854229916
-21.533323695751534,223.70083572884522,43.06664739150307,32.59832854230954
-21.533323695719183,223.70083572884138,43.066647391438366,32.59832854231723
-21.533323695673847,223.70083572883684,43.06664739134769,32.59832854232633
-21.533323695626915,223.70083572883243,43.06664739125383,32.598328542335125
-21.53332369558037,223.70083572882825,43.06664739116074,32.59832854234351
-21.533323695538456,223.70083572882425,43.06664739107691,32.5983285423515
-21.53332369550561,223.70083572882126,43.06664739101122,32.59832854235747
-21.53332369546744,223.70083572881745,43.06664739093488,32.59832854236509
-21.533323695426354,223.700835728813,43.06664739085271,32.598328542374006
-21.533323695387725,223.70083572880853,43.06664739077545,32.59832854238295
-21.53332369534762,223.70083572880455,43.06664739069524,32.59832854239089
-21.533323695309747,223.7008357288004,43.066647390619494,32.5983285423992
-21.53332369527287,223.70083572879668,43.06664739054574,32.59832854240665
-21.533323695227413,223.70083572879219,43.066647390454825,32.59832854241565
-21.533323695188763,223.7008357287886,43.066647390377526,32.5983285424228
-21.533323695152173,223.70083572878434,43.06664739030435,32.59832854243132
-21.533323695113616,223.7008357287807,43.06664739022723,32.59832854243857
-21.533323695068574,223.70083572877604,43.06664739013715,32.598328542447895
-21.533323695023913,223.70083572877115,43.06664739004783,32.598328542457686
-21.533323694974012,223.70083572876607,43.066647389948024,32.59832854246785
-21.533323694930875,223.70083572876155,43.06664738986175,32.59832854247693
-21.533323694884174,223.700835728757,43.06664738976835,32.59832854248602
-21.533323694842622,223.70083572875234,43.066647389685244,32.598328542495324
-21.53332369480316,223.70083572874805,43.06664738960632,32.5983285425039
-21.533323694754746,223.7008357287434,43.06664738950949,32.5983285425132
-21.533323694702403,223.70083572873932,43.06664738940481,32.59832854252139
-21.533323694666965,223.70083572873517,43.06664738933393,32.598328542529636
-21.533323694630504,223.70083572873122,43.06664738926101,32.598328542537544
-21.533323694591488,223.70083572872818,43.066647389182975,32.59832854254366
-21.533323694545118,223.70083572872406,43.066647389090235,32.59832854255186
-21.53332369450533,223.70083572872042,43.06664738901066,32.59832854255918
-21.533323694465512,223.70083572871698,43.066647388931024,32.598328542566065
-21.533323694423824,223.7008357287122,43.06664738884765,32.59832854257556
-21.533323694384023,223.70083572870908,43.06664738876805,32.598328542581825
-21.53332369434573,223.70083572870513,43.06664738869146,32.59832854258975
-21.533323694306187,223.70083572870072,43.066647388612374,32.59832854259856
-21.53332369426954,223.70083572869657,43.06664738853908,32.59832854260688
-21.533323694215298,223.7008357286909,43.066647388430596,32.5983285426182
-21.533323694181206,223.70083572868745,43.06664738836241,32.59832854262512
-21.533323694130285,223.7008357286817,43.06664738826057,32.598328542636565
-21.533323694091237,223.7008357286785,43.066647388182474,32.59832854264302
-21.533323694048484,223.70083572867424,43.06664738809697,32.59832854265155
-21.533323694007837,223.70083572866997,43.066647388015674,32.598328542660056
-21.533323693972328,223.70083572866648,43.066647387944656,32.59832854266705
-21.533323693932836,223.70083572866292,43.06664738786567,32.59832854267413
-21.533323693893017,223.70083572865897,43.066647387786034,32.598328542682076
-21.533323693856833,223.70083572865553,43.066647387713665,32.59832854268896
-21.533323693816225,223.70083572865147,43.06664738763245,32.59832854269704
-21.533323693782254,223.70083572864888,43.06664738756451,32.59832854270224
-21.533323693744485,223.7008357286457,43.06664738748897,32.598328542708586
-21.533323693707526,223.70083572864186,43.06664738741505,32.59832854271625
-21.53332369365872,223.70083572863706,43.06664738731744,32.59832854272586
-21.533323693619064,223.70083572863345,43.06664738723813,32.59832854273309
-21.53332369358006,223.70083572862967,43.06664738716012,32.59832854274066
-21.533323693541202,223.7008357286266,43.066647387082405,32.598328542746806
-21.53332369350557,223.7008357286233,43.06664738701114,32.598328542753414
