143.5,125.5,30,54
142.27280974892608,127.28677020981513,30.543465902252365,51.081686287828234
142.33257481349432,127.79884930401329,30.728137674074876,48.728511652364645
141.41679431885194,132.26854729617617,31.003873906737333,46.7018396861358
141.98336884210477,130.1568810874313,31.203056636850654,45.62580467579966
142.1931870097583,133.2745956849377,31.18822503791936,45.097858295575634
142.00494290546217,130.83228132823547,31.005468017744242,45.322107599190055
141.73803667691539,133.4658501356363,31.358270422276085,45.39556236872681
142.6231738992511,131.67766891177808,31.666295023167397,45.612126623465336
143.2511486953862,131.38871004860985,31.652586455868157,46.59802252687241
142.2340949786361,131.1828794673231,31.494009715784387,46.306890031666235
143.34637356484978,130.4013474262485,31.489924402335312,46.810307745788705
141.82848166694635,131.9919989840494,31.37948870618357,46.46556487951549
141.6426873354388,130.88513976337572,31.280335501179522,46.43857449289041
144.4417283358996,130.74003274447642,30.556197305952548,45.4731448052938
142.57376639420923,129.57421556237884,30.43428303549418,45.9527066921483
141.5430840823262,127.92917116442841,31.112517228084982,46.86811401527084
145.21628790083636,127.40795975845106,29.893242483673294,46.40385359682545
143.85222146410743,132.55394529589788,29.935929571608696,46.29584439021794
143.699698941477,131.26197644164088,30.204277985408144,47.237698573074276
143.3564859796502,135.82390496293146,30.187445811890036,47.48738145511468
147.2526503819848,128.97942815960536,29.703798018420752,47.307792390563286
146.4635512729451,134.73632775374261,31.35606232410371,46.07502004249878
146.21232683356018,134.1106333533026,32.31848385268627,44.297757367472386
147.6732963699546,132.5068932246745,31.221108759999925,45.586776540362735
148.0596581772697,131.7702238539902,30.627439837757336,45.99704808393171
148.76677468544608,137.6927463455149,29.91536437841522,46.56916599608493
145.78148735559273,135.45478760485395,29.58320561679626,47.90218801727805
150.03222370729134,130.71613249967305,29.26801602497132,47.97055695871891
145.6609644343393,147.6473589567499,31.095205114546037,45.24649363196754
146.6149137261122,141.15871909619295,30.938602812814803,45.37673794506147
152.12063993015752,135.37100878559983,30.154657995971736,46.00292741848158
148.33802727592052,147.61173399938193,31.02051673492667,44.98511720393008
150.0082228920382,141.13074771067585,31.136981753454304,44.67868291336127
146.7813597348083,146.5916529390813,31.92711715986357,43.914138119697306
148.35607725903523,143.9512947966084,31.707011506703875,44.10104575367271
144.4101241466058,142.56179713790394,31.409174689570527,44.411462732458595
139.7879856169986,149.38876221404453,32.06021768659009,44.06996582297522
144.51346434739958,140.71262868273578,31.767705584064498,44.42174269699412
135.5836831533731,152.25851417637892,33.00272955048659,43.78104630992756
140.16500400687892,139.76135230091472,31.822371912536248,44.802303730899915
138.56063792457547,140.87661753044125,32.24930523757405,44.10461280851372
130.01540572200346,150.0477545476904,30.752464573748345,44.65739454488942
132.9264142752516,143.06824928205504,30.638743766232793,44.62836510576222
131.6728113771831,135.68744738860028,30.613446195899435,44.65587427292076
131.04556638190897,133.38220803968238,31.110854856625174,46.18498452440646
130.24963425413037,137.09610603274243,31.198320885444392,45.92804501411643
131.46992726036103,136.01323508355375,31.2041874906283,45.91957111888415
136.68781980828714,133.348143456537,31.19452887487867,45.903919640861986
137.14946121894934,138.4917015898127,31.42317948517959,45.4571687841617
163.8811860797581,91.37643228844385,28.337567898327727,49.43389268963374
163.69848108322756,90.8927379276696,28.32752492589081,49.334838921558216
152.7698359561547,127.33460971194432,30.735996973249414,49.2715604408994
148.5447240135276,143.7496865861414,32.12332269947656,45.960689987183
148.0067182689936,140.6006000668659,32.12126366718988,45.95463662726598
144.20233016087602,140.901677251575,32.08940057831027,45.94782918549058
142.5200104838594,137.90878704781395,32.300164342972785,45.88931714306152
164.69925345141382,95.2755230003911,28.260289552883496,51.12840993517284
142.0721538200109,135.37917112618402,30.736012100601414,52.932634069329204
139.71072706037324,149.82475211202956,32.37674782393255,50.60084595322894
138.07444498258482,142.8014764795413,32.171912391878145,50.44697111652087
140.47106759783264,147.96242438159314,31.688951299108332,50.42488572196313
139.14543409372433,145.0206396753178,32.89172971422348,51.16735758889003
142.25849635547098,145.16886106175554,32.91617882583151,51.16636663591126
145.79207624162075,143.9324822436447,31.96019172961835,52.55072152402498
144.5546209744035,144.73452086037744,32.32311658061174,51.991426213853586
143.0926157732705,142.11369555873895,33.04481069869803,52.54271007213545
141.35609126907204,140.53041229618935,33.13443041823082,51.8941704437465
142.3248941066143,142.11812300959335,32.41918249308523,52.16190144461183
142.14078951287365,145.00434519582373,32.41822542556926,52.16284927262104
141.0162000386349,148.43887541672456,32.41823764698076,52.16283265787625
141.8877428656503,149.90148371447665,32.418241311225444,52.16282629987514
143.13150997469828,153.00546724108764,32.4182475766042,52.16281651441435
143.97900871692568,156.3917867875989,32.41826135027469,52.1627966688284
143.59635704770596,160.575100212485,32.41832229092893,52.16271740358987
142.6956854332119,163.6750481387648,32.418380729878,52.16265065259276
141.83314284919715,165.50048519922788,32.418439051975525,52.16257079932105
140.47732181524776,167.1316412657984,32.41857046161012,52.16235077967487
140.40440858348373,168.4840388477465,32.418914206193634,52.16175540673327
139.15821177150542,170.30332127809925,32.41894390040169,52.16170148848685
137.0539154691724,172.83020214458637,32.4189536269549,52.161674534870556
136.7885185145738,176.90221588442478,32.41895583626583,52.16166999678308
137.4025722614776,181.9247567883221,32.418956271687996,52.16166932759928
137.02000152057326,186.20435853325617,32.41896276328134,52.16165754152751
136.39934772358149,185.6955348748692,32.4189762116808,52.161631961916264
137.4513058778825,186.11429613334522,32.419068100863164,52.16149992738989
137.63868497909925,190.279337754183,32.41959462981776,52.160563070907266
136.7541679338179,193.53237880426906,32.41964642915885,52.16044668042141
135.69791823488532,194.96984474721825,32.419690220563446,52.16031547659089
133.8396331305163,197.27000958899822,32.41969410506752,52.16030517855948
131.25677440754308,199.02501881178253,32.41969585658644,52.16030007489455
129.14654654684267,198.64520589894312,32.419698315658145,52.16029384958233
126.64243855666113,198.28751439196142,32.41970125280832,52.16028653895313
127.33267408747226,199.6510339061013,32.41970821566881,52.16027683425123
128.21608494506734,200.9118906885673,32.419727435232076,52.16025101536722
129.35227579458558,202.1379807890037,32.41974659221363,52.16022545087748
130.0917539776147,203.02705672930216,32.41976611822238,52.16019933322
130.9781804220241,203.77001040442542,32.41978984969622,52.16016735109176
131.81119496997013,204.47036123050518,32.4198091613588,52.16014171097148
132.65747684581163,205.36181933177073,32.41983028192155,52.160114040125215
111.36402566166758,140.9506772568377,32.87544221441865,51.98116222807721
116.56972252180412,137.83577126103103,32.745649446294,51.71475220049502
118.93357786757616,138.31997192201482,32.75511946458879,51.693450087359224
121.14385917559923,140.2188508311216,32.7572400875258,51.68943659478344
124.07046617648213,141.30627177395118,32.758978897954854,51.68626896068072
163.83868728330282,90.40881630575237,28.704516054430666,57.740861598738505
164.84256196668161,85.96576111882433,28.356040550511818,57.753606570372874
161.15596110987417,87.64929424789347,28.116120754574702,57.77959789699719
152.10546041083578,123.73758980541713,32.08463676294201,54.12123340548501
147.70066942635813,137.2130816500386,32.309844304101865,53.68456627507996
147.84152445743018,135.15835035072098,32.309299245734344,53.68345891979677
147.89330954027636,132.30491825108288,32.30867027272855,53.682073550133715
147.57662568425334,128.55736543561665,32.30858586733149,53.681926094976106
147.23980362145747,126.00252872062735,32.30842159706068,53.68198372218981
146.1354566541851,125.53393447240097,32.30853265349257,53.68178791125808
144.1219720943007,128.34794445302214,32.30875073184903,53.68144539065909
133.893307340398,126.70377815544104,32.12962851846302,53.84116642118502
162.33144973099633,89.55367640260964,31.09494987740311,53.645146477140806
163.34717943511401,90.87044501951965,31.05135007591057,53.686425613331146
130.7431944289897,126.64977498361048,32.16632539821778,54.59363177401667
134.86695750589337,133.18698174403767,31.99987968111701,54.450376318958206
164.69673765311973,85.09506939653613,28.50434373969162,59.11964412919565
135.11163762866545,122.61561747293942,31.041914394068954,59.64474060334221
137.26031242504115,127.1776606157482,32.46234872923503,55.539994356024216
135.6005630191072,128.12265293614877,33.13664585805853,53.320244455003476
134.32453106803644,127.77670259229862,33.29595282126571,52.454720716625
161.70072274314066,90.08897300317156,31.86790266197525,52.43043013901972
133.54516731291568,117.92286739501745,33.369782717981835,52.22356359653891
129.91755457093777,125.456919089694,33.28355321918006,52.184083788118414
129.64214122372718,116.97425452021656,32.690353872570384,51.497883614939504
130.72416293152418,122.05281145442439,32.431046141371226,49.808603265505795
131.23057706062525,119.62878147775308,32.02645210987269,48.178633014075444
161.74201248254545,93.20662170856372,30.824053983317448,47.73274182857722
130.19079001152005,115.42143982048896,32.464428460280345,47.721383345205254
125.53196975360396,122.92215788493881,32.37370468015308,47.70650326946716
125.4908390151557,119.9151109528149,32.217325669855526,47.54488597877723
124.93776871792534,115.98859207161298,31.799786769458464,47.555009636719404
124.9721204067692,120.73271129294525,31.66287342326346,47.68236987264374
125.1709137329196,120.27042761896237,31.560191479824976,47.708900621450255
125.29577368558692,119.91246559807257,30.77403072518613,47.89918804986086
124.64050751203726,125.07659840219813,30.502312477192667,48.08960873616541
125.86460008819188,118.01156439004663,30.289186109368295,48.25988939169401
127.2853562750863,122.82371566627793,30.266021904906236,48.2678233199443
128.27586507810724,121.33247585785006,30.206379215894703,48.33088937021067
129.1568106796728,126.70881103029045,30.181082212897877,48.352735130981756
129.79109683832598,124.58717901260447,30.106020308761344,48.43210832773068
129.12919204293334,124.1590876009243,30.061075035807615,48.47971587853089
128.71072481067057,125.08009656504372,30.055911979504888,48.48384012310546
127.84350108047472,127.19152383868563,30.055408539818774,48.48326083293224
126.97534834349355,131.214314922653,30.05574661609131,48.482856124714296
126.0317397208355,134.0288769247289,30.055825971545353,48.48277426915256
125.96154882665041,136.06258166022414,30.055864734588802,48.482724722478515
125.76466862615378,137.89149972535338,30.05591133348285,48.48265588805743
124.70536873495212,137.87473360604812,30.05587021622795,48.48252213434835
123.75658460917205,140.69569537133532,30.055898971366265,48.482459565688
122.65129057230273,141.8663532047155,30.05592171650689,48.48241911407658
122.04022438383431,142.23096739409945,30.055944775664177,48.48238233658508
122.74441112852499,142.98948739050002,30.05596049698383,48.48235625121654
123.30579840626184,144.1143507354371,30.055982953839216,48.482318425096594
124.10343725474989,144.60647605548198,30.055990434093957,48.48230438302169
125.5354712633635,145.0505274066422,30.055997600735136,48.48229223160074
126.11302222283061,145.74348531161658,30.05600174945841,48.48228395243661
127.07552727137751,146.02534968203764,30.05600757872569,48.482270848324696
127.72803510495561,148.7168818114763,30.056020946184052,48.482245587097495
128.75288343540115,150.57935201954362,30.056031698012678,48.48222401327854
162.9037535100447,96.7352860115509,29.528369917866186,50.39569782613897
162.21735179001388,104.51653227802575,29.558721427881753,50.324883531104334
160.83187681914185,105.06803928644338,29.56374310119323,50.31153647689265
159.73344081390204,106.54263973775878,29.565655948007056,50.306721579663474
158.82207234250154,106.95338664368623,29.56497308146661,50.302634660585056
158.212309105458,107.793421992383,29.56377688023025,50.300091867701994
157.53160537315512,108.25050506730175,29.561851954050802,50.2982384639125
156.71345196909064,110.16011795030794,29.560929081164698,50.296209782327004
155.24931366240722,111.15620242652537,29.564575767850062,50.28715888714311
154.708427205464,110.73279181948857,29.564320292759394,50.28579289304105
153.8419435436124,110.96939181601753,29.561993751258775,50.28861553091307
153.36380076280037,110.82857213729599,29.56069922331374,50.29016756635945
145.85105837121222,130.7450737426508,30.376643639363593,48.190902301206506
143.53773750154744,133.19265528550144,30.377131909607467,48.19009737361677
143.40362290810182,135.005232167538,30.37726309978693,48.18992072136005
143.67682350062904,138.00142239687392,30.378885079004792,48.18841026162011
143.63857789826636,139.86852349895503,30.379424729849028,48.18765322499937
143.8053814309322,148.49682156254607,30.378726950539548,48.1928006433495
148.54035999893566,144.72497316303853,30.24508687691056,48.30016569340223
146.71685699194717,146.43198692229367,30.24726647868656,48.297296259761296
142.991604419793,150.11341928153408,30.21996743903497,48.231704223470466
143.65954959039965,148.39623911757747,30.207591320920386,48.2436244993512
144.5919931287839,145.7270997655547,30.20166034270839,48.247991784481925
145.47735428350484,145.08406474330977,30.196318296595106,48.24981466901391
146.12360081736003,144.6842124918766,30.186429923251183,48.26078849093772
146.7603857891486,143.99599844229706,30.184269610449523,48.26177515809759
147.71320303069373,145.0731206654294,30.18368576269704,48.262017844859024
149.36301308733786,146.51104838499703,30.184590837854845,48.2601515109484
150.87157100604168,146.88949342983048,30.18486715895552,48.259676311570786
151.66433984538395,147.3191026070593,30.184958943466754,48.25953392061028
151.96482791674774,147.1865025368186,30.18488279511253,48.25960270675971
151.85562193603707,147.0227837955104,30.184475942971474,48.260019693246115
152.25530151903803,148.62458609269683,30.18440350010645,48.260092753139645
152.13205071073622,150.50071698685252,30.184395937237152,48.26009975602702
153.19868380564918,153.14928622839594,30.184396673222974,48.26009805654
154.18319700019435,156.47495048197513,30.184397445730816,48.260096682560366
155.16124966526954,159.7071142618848,30.18439806307498,48.26009550442431
156.2860760877467,163.16783469286446,30.18439903434383,48.260093813302454
157.27292144559004,166.57173372672116,30.18440013975544,48.26009174702337
158.41967776661264,169.92140067226998,30.184401749419262,48.2600886626579
159.51620247833787,173.39382609001888,30.18440342574596,48.260084934093676
160.50677276671374,177.18300356593986,30.184405608317395,48.26008004939042
161.25060936054518,180.84780241690862,30.18441047164933,48.26006933017996
161.04249028930866,184.3926324930461,30.18440667028622,48.26006362355318
160.52829932961504,187.69764735717052,30.184402950482767,48.260060254862445
160.35322621353052,192.79465932340548,30.184415793417234,48.26003465918447
160.3067632787155,197.1418136827032,30.18442253689432,48.26002087009348
159.4812518197437,199.57418502972646,30.184428146602702,48.26000805733355
158.35901173081925,201.43684792120558,30.18443272134802,48.259997129950875
157.10712981256268,202.80068938857966,30.18443931947306,48.25998057322399
156.01298216611298,203.71906908977175,30.184446877387114,48.259961187777044
155.24138507572061,204.60120033907296,30.18445320149767,48.25994503374097
154.3070240053038,205.63237475982433,30.184456837425643,48.25993525969734
153.6020070051208,206.551787968978,30.18445975754558,48.25992751070914
153.24521518626796,208.12522460694703,30.18446242925552,48.25992055633478
153.19656578492913,209.91022189553368,30.18446351132205,48.25991780617259
153.38632112508066,211.6048688100834,30.184464604605292,48.25991502512311
153.66611065305742,213.55059538088165,30.18446545749957,48.25991276548464
154.0501775962224,215.71667036540555,30.18446592671468,48.25991134837773
154.39388823944938,215.87004487093623,30.18446631975744,48.259910258127576
154.9006648408857,215.8700451287981,30.18446649785103,48.25990974240379
155.38336036676546,215.87004537105994,30.18446666475377,48.2599092578801
155.90107633117674,215.87004561924329,30.184466836227212,48.25990876151342
156.45849113631505,215.87004585886407,30.184467004621848,48.25990828227187
156.93387657612556,215.8700460723595,30.184467158764736,48.25990785528105
157.44806359952557,215.87004627340434,30.184467307063596,48.25990745319131
157.95109954902645,215.87004646467,30.184467452434372,48.259907070660034
158.49003824755798,215.87004663007545,30.184467576886227,48.259906739849114
159.01863154377736,215.87004680405312,30.18446770720288,48.25990639189374
159.5857682467752,215.87004697249205,30.184467830259962,48.25990605501591
160.18367513109163,215.87004714316944,30.18446795589895,48.25990571366112
160.82421287264566,215.87004729917106,30.18446806960027,48.25990540165788
161.4193536289453,215.87004746098594,30.1844681865634,48.259905078028105
161.9840432594709,215.870047643209,30.1844683171824,48.25990471358197
162.62605120519487,215.87004780723328,30.18446843887991,48.25990438553343
163.39905191611726,215.87004797618945,30.18446857057055,48.25990404762108
164.09075249572192,215.8700481293991,30.184468686042354,48.25990374120184
164.8339898725146,215.87004828547938,30.184468804092447,48.259903429041245
165.619426209132,215.87004842608135,30.1844689145185,48.2599031478373
166.5371406206079,215.87004858315555,30.184469044737526,48.25990283368887
167.4438074841288,215.8700487557034,30.18446918667609,48.25990248859318
168.58155492589194,215.87004895054466,30.184469355487444,48.25990209891069
169.73534961842546,215.87004911679438,30.18446950136523,48.25990176641124
171.16707562651274,215.87004930383773,30.184469681311878,48.25990139232454
172.89738654427782,215.87004953538687,30.184469918001586,48.25990092922624
174.40627809627753,215.87004982960735,30.184470217398758,48.259900340785265
174.83933537336412,215.87005018406643,30.184470518038225,48.25989963186717
175.6413794267977,215.87005007814787,30.18446976392373,48.25989984370425
176.1746476151126,215.87005041598783,30.184470052256724,48.25989916802432
177.041699732215,215.8700504110348,30.184469855336783,48.2598991779304
177.7547734669907,215.8700504374931,30.184469727513555,48.25989912501384
177.51007192090964,215.87005076959267,30.18447016788891,48.25989846081466
177.30980300181488,215.87005099740742,30.18447045562902,48.25989800518518
177.35452899124112,215.87005124507118,30.184470780722577,48.25989750985764
177.9114931139212,215.87005147281576,30.184471091804628,48.259897054368466
178.47757329044177,215.87005179179948,30.184471521577557,48.25989641640105
178.7396407471509,215.8700522999859,30.184472197758907,48.2598954000282
179.2225102154165,215.87005300295974,30.184473107457254,48.25989399408052
179.7964927994105,215.8700534144269,30.184473609101264,48.25989317114621
180.52201728504818,215.87005389760301,30.184474204094776,48.259892204793985
181.17101099023753,215.8700544258765,30.184474850852585,48.259891148247
182.0011557688013,215.87005494680167,30.184475534966523,48.25989010639665
182.71634643219826,215.8700556315125,30.18447645991208,48.259888736974986
183.53694733038031,215.87005636502633,30.18447747097446,48.259887269947335
184.173034070114,215.87005710963496,30.18447846908432,48.259885780730116
184.77310280612838,215.87005756907118,30.18447908909656,48.25988486185766
185.66556362810678,215.8700575458015,30.184478733630048,48.25988490839697
186.50813507326063,215.87005751324165,30.184478479621465,48.25988497351671
187.34758834460342,215.87005745025755,30.184478139252157,48.25988509948489
188.04476512125294,215.87005737522398,30.184477856483877,48.25988524955204
188.89008775196257,215.87005726526047,30.184477455332253,48.25988546947903
189.7434432981279,215.87005713117856,30.18447694001271,48.259885737642875
190.48506311261966,215.87005703058753,30.184476604127628,48.25988593882494
190.91028424866863,215.87005693280588,30.184476264707904,48.25988613438825
190.9096864829544,215.8700568029913,30.18447577305953,48.25988639401742
190.94868809049578,215.87005665121677,30.18447520454227,48.25988669756643
190.89544388898778,215.8700564753251,30.1844745825019,48.25988704934982
191.20412385105016,215.87005633286523,30.184474058172647,48.25988733426953
191.1426469465289,215.87005615266327,30.184473275106427,48.25988769467344
191.01945043309806,215.87005594587572,30.184472517087507,48.25988810824855
191.04197391055672,215.8700556648673,30.18447155266703,48.2598886702654
191.09079481748938,215.87005534543675,30.184470603352818,48.25988930912647
191.27295451249495,215.87005516674375,30.184470060997892,48.259889666512485
191.49943854217204,215.87005504761842,30.184469734788482,48.25988990476317
191.2847688947866,215.87005520671264,30.184469948510415,48.25988958657473
191.0795784612332,215.87005539892147,30.184470213734258,48.25988920215704
191.01169286843353,215.8700555964705,30.184470512197127,48.25988880705899
191.01741744652858,215.87005586648849,30.184470947263694,48.259888267023044
190.9427768257839,215.87005617406084,30.18447140223877,48.25988765187831
191.36273574806663,215.8700561675575,30.184471217432883,48.25988766488504
192.15119859270388,215.87005611775143,30.184470925077594,48.25988776449712
193.04960264421481,215.87005651929354,30.18447142248145,48.25988696141292
193.93358144816145,215.8700568132139,30.184471740384733,48.25988637357221
195.39975053805725,215.87005708217748,30.184472036774164,48.259885835645015
196.2919218839543,215.87005785325286,30.184472945253166,48.25988429349428
196.74616912758322,215.87005868223852,30.184474003382615,48.25988263552298
196.98008080419052,215.87005850506668,30.184473380709203,48.259882989866625
196.62592462900022,215.87005907064344,30.18447399450608,48.25988185871314
196.3769833866458,215.8700594864559,30.184474440860065,48.259881027088255
196.4083740562079,215.87005984078183,30.184474823089452,48.25988031843632
196.69523463942795,215.87006020626322,30.184475244307222,48.259879587473556
197.03863539243642,215.8700606114678,30.184475767899972,48.259878777064365
197.01106748444346,215.8700611687666,30.18447641575071,48.259877662466806
197.0510570804549,215.8700621132677,30.184477544956327,48.25987577346462
197.00754993003284,215.87006323456643,30.184478884293654,48.25987353086717
197.11819874621318,215.87006403901484,30.184479812433093,48.25987192197033
196.96382459251987,215.87006505040625,30.184480977266418,48.2598698991875
196.43996370938223,215.87006633035267,30.184482430469455,48.25986733929466
196.5302362305298,215.8700676475474,30.184484044425297,48.25986470490524
196.76178927161766,215.87006916832047,30.18448593558675,48.25986166335908
196.96714909051633,215.87007112381167,30.18448849389156,48.25985775237668
196.75739641452347,215.87007325735073,30.18449143856487,48.259853485298535
196.77085452074633,215.8700744209081,30.18449311397073,48.2598511581838
197.13443949158764,215.87007557245795,30.184494593339142,48.259848855084115
197.54415159297017,215.8700767525795,30.18449603306449,48.259846494841
198.11781384743406,215.8700780392797,30.18449763593021,48.259843921440606
198.50434455685954,215.87007917836257,30.184498923072915,48.25984164327484
198.6405913364191,215.87008041438617,30.18450024629895,48.25983917122765
198.93855513918402,215.87008187168857,30.18450184618678,48.25983625662286
198.8150858964385,215.87008182159764,30.184501104692846,48.259836356804726
198.9089485247121,215.87008169866593,30.184499931807675,48.25983660266816
199.03180647539693,215.8700816244948,30.18449872469955,48.259836751010425
198.95228350382317,215.87008150829072,30.184497675187504,48.259836983418545
198.87276053224923,215.87008139208672,30.18449662567581,48.259837215826586
198.61679370852843,215.87008167756295,30.18449688679158,48.25983664487408
198.18768752894957,215.87008196195904,30.18449713256888,48.259836076081896
197.86746784072258,215.87008227205953,30.184497415909924,48.25983545588093
197.5269195111264,215.87008247980697,30.18449758090442,48.25983504038606
197.41196851039902,215.87008278258722,30.184497821542603,48.25983443482554
197.50087461609408,215.87008314164615,30.18449811194062,48.25983371670769
197.48931245336286,215.87008359258775,30.1844985230272,48.25983281482452
197.54913042214957,215.8700839899925,30.18449890503143,48.259832020014976
197.68983017600928,215.87008464407367,30.18449957121452,48.25983071185265
197.67473647601818,215.87008527987837,30.18450020816346,48.25982944024327
197.73214627312754,215.87008578772034,30.184500684509477,48.25982842455932
197.70938118728944,215.8700866017079,30.184501431041515,48.2598267965842
197.5651569575162,215.87008711041923,30.184501854870952,48.259825779161545
197.23050142751913,215.87008762486883,30.184502285497256,48.25982475026232
196.72978560248356,215.87008797138049,30.18450258962876,48.25982405723902
196.4501298693209,215.87008797507707,30.184502308403125,48.25982404984585
196.2259065260327,215.87008834769253,30.18450263176884,48.259823304614926
196.37993994637446,215.8700887003443,30.184502934048755,48.25982259931142
196.56167621790058,215.87008889999467,30.184503091115534,48.25982220001066
196.723144815908,215.87008914506143,30.184503294249645,48.25982170987714
196.7338561751087,215.87008933233693,30.184503451893296,48.25982133532612
196.7593192766454,215.8700894665052,30.184503569074693,48.25982106698959
196.99949606126873,215.87008963637447,30.184503712863684,48.25982072725107
197.15492180833144,215.87008985520887,30.184503911891596,48.259820289582265
197.22906025858154,215.87009004354124,30.184504085489984,48.259819912917514
197.22700287035119,215.87009021734235,30.184504239700516,48.259819565315304
197.18891721019722,215.87009040250126,30.18450440771478,48.25981919499748
197.1176289389353,215.87009058586435,30.18450456867445,48.25981882827132
197.07818693900927,215.87009078634068,30.184504749244493,48.259818427318635
197.0840630002322,215.8700909776499,30.184504922106466,48.259818044700204
196.8775726438646,215.87009115865723,30.184505078353585,48.25981768268553
196.86644918942267,215.87009140875622,30.1845052911825,48.25981718248754
196.91137768170768,215.87009168760687,30.184505534712773,48.259816624786225
196.88555823999687,215.87009192772925,30.184505744143433,48.25981614454149
196.93119360105544,215.87009220178138,30.184505982893693,48.25981559643727
197.05469999791697,215.87009241853355,30.18450617690355,48.25981516293289
197.11445497730128,215.87009265561466,30.18450638448197,48.25981468877068
197.19018938843047,215.87009289180702,30.184506599160308,48.25981421638599
197.2821275450383,215.87009317229595,30.18450684508295,48.25981365540812
197.45884248549342,215.87009340507402,30.184507056507456,48.25981318985199
197.51323752608414,215.87009359823412,30.18450722395849,48.259812803531744
197.3170557877109,215.87009381331222,30.18450742064701,48.25981237337554
196.97466609477297,215.87009404150527,30.184507639347622,48.25981191698947
196.59300968763094,215.87009430441168,30.18450787543035,48.25981139117665
196.30344760114366,215.8700946496461,30.184508193767805,48.25981070070781
196.5211529820668,215.87009511681748,30.18450861694765,48.25980976636505
196.9549428641494,215.87009579351104,30.184509266600834,48.259808412977925
197.2019795094747,215.870096593308,30.184510171573592,48.259806813383996
197.71008652825776,215.87009741881,30.184511219990775,48.259805162380026
198.06418318853247,215.87009802290808,30.184512095665564,48.25980395418386
198.20976910549825,215.8700991652109,30.1845133920078,48.25980166957822
198.20396609947733,215.87010093156664,30.184515295202033,48.25979813686671
197.30326409949186,215.8701024097849,30.184516845565117,48.25979518043021
197.15580207181992,215.87010559310005,30.184520039187916,48.25978881379988
197.47701697020025,215.8701105329191,30.18452525667517,48.259778934161744
198.36311148932936,215.87011732873148,30.18453263050344,48.25976534253706
199.2336993842197,215.87012256411109,30.18453809510964,48.25975487177784
199.71499528204743,215.8701274177851,30.184543133160112,48.2597451644298
200.02300365104023,215.87013120565555,30.184546776625147,48.25973758868889
200.4592934451307,215.87013417393155,30.1845497432614,48.259731652136914
201.23950552807054,215.87013612717573,30.184551812580697,48.25972774564855
202.03781881046964,215.87013844494675,30.184554271334438,48.25972311010651
202.77724030271423,215.8701399893146,30.18455592948442,48.25972002137082
204.01917842071197,215.8701410402029,30.184557113914355,48.25971791959422
205.0939643172042,215.870141062216,30.184556739692102,48.259717875568036
205.5658114425022,215.8701411120909,30.184556365362578,48.259717775818196
205.5527518903425,215.87014117450397,30.184556019574778,48.25971765099207
205.21949812376323,215.87014192540536,30.18455696427427,48.259716149189266
205.2731681431224,215.8701436894703,30.184559302860993,48.259712621059435
204.39936575193968,215.87014909961428,30.184565556364422,48.25970180077143
203.87858092882664,215.8701709503462,30.18458861941486,48.25965809930761
204.30813013271194,215.87018911203208,30.184607779183494,48.25962177593582
204.88015081780173,215.87019531469508,30.184614384544016,48.25960937060986
205.64063365249103,215.87019992261457,30.184619059708886,48.25960015477086
205.93314799283755,215.8702024138839,30.18461539150899,48.25959517223222
206.43242872255283,215.8702092780284,30.184604943163922,48.2595814439432
206.85196142281137,215.87021601071032,30.18459329268503,48.259567978579376
207.27380512693352,215.8702222053073,30.18458090179756,48.25955558938541
191.01454870823576,201.92461445843074,31.150788517635466,46.25185293128307
189.36936197582895,203.93477716456934,31.485257975491084,45.67378277756604
188.21772123506688,204.98604043244796,31.542277383498423,45.56594642163361
188.10381832167332,205.6970353335138,31.582410923059797,45.493065911532234
188.12805759712103,205.95150644439934,31.601593806576396,45.45899195753579
187.92038200083562,206.2045702826251,31.615625525165314,45.43315669074269
187.38862188587098,206.3581037388651,31.62459677628907,45.41695633204606
185.85699174771335,205.4527065467139,31.63069691352045,45.400598821779134
183.6242770684516,203.92495120790701,31.630975915751282,45.39986751025712
180.8996237056385,202.10481726721105,31.631076765980726,45.39957333415395
179.51697089270425,201.20665627229297,31.63113170901838,45.39938307785819
178.60272563019373,201.0594539280357,31.6311429440309,45.39933959928707
177.47996585364518,202.10090651086628,31.6311502500424,45.39930372493151
176.77840688150582,203.68489391058526,31.63115530598498,45.399280270937275
175.89864200770572,203.6413625400291,31.63115987372222,45.39925930727997
174.98549498702286,203.2923579030246,31.631164380519103,45.39924252023092
173.88567542185675,203.63341198745755,31.63116800517508,45.39922761403743
173.05520852958844,203.28471995500786,31.631176282166198,45.39919537339481
172.30318075621696,203.4375974951071,31.63118753455191,45.3991567183768
171.40642176750904,203.32271076306876,31.631205088536326,45.39909298836835
170.5605101973306,203.16182698327057,31.631222866191845,45.39903212303415
169.83677895520293,203.26452636652198,31.631237931280552,45.39898149057218
169.61862703814032,202.78372345288625,31.631250219776266,45.39894308557053
169.26337942899775,202.33352979758027,31.631260277710627,45.39891032648795
168.93903374241626,201.8556669913516,31.631266970411733,45.39888815576127
168.71227438639065,201.3177781399408,31.631275010608928,45.39886377079906
168.4818775369068,200.9040049086097,31.631283499444002,45.39883764930903
168.51438777190378,200.6574249436617,31.63128707754005,45.39882716881032
168.44464404549285,200.4415973564897,31.63129183847785,45.39881352515739
168.35416804387543,200.4482948728106,31.631296195214023,45.39880136787608
168.2191658950464,200.64312106229434,31.631301257003635,45.39878729361902
167.87699410070263,200.84004779205748,31.631310031142664,45.398763358609834
167.95340752167996,201.210018734328,31.631325129710195,45.39872677182496
168.02450748336693,201.43052819264784,31.631343617305067,45.3986849815452
168.24977125020482,201.0929579321815,31.63140994258655,45.398556196771914
167.85985693124252,200.41834033381647,31.631544142530533,45.39826963732975
168.55884731877202,199.3364088500192,31.633666936502248,45.39522219499691
168.49727066914772,198.55985134674287,31.634665523073842,45.39234173722461
168.64639116679183,198.53012835383163,31.635448334834468,45.389458751124714
168.3408205952286,199.37752171235513,31.635995503370616,45.387532160573045
167.7825862681287,200.1187158223021,31.639778238762382,45.37666674875409
168.4356662854311,202.86611554512774,31.640276591341753,45.37560070916969
167.93711350358387,204.4289206634492,31.643019681548346,45.368350991936
167.82791325011343,206.3797420129777,31.643729005399045,45.366478314317575
168.62110237637685,207.33706038910378,31.643843768161478,45.36619934347562
170.03543036181165,207.45430013919494,31.64400754903144,45.36583410277472
171.42691627784723,205.60939320104478,31.64430202288373,45.36502541094458
171.247965642611,203.74383317304347,31.644963897976123,45.36325629153216
171.20435770503485,202.24912110095983,31.646158200777005,45.359977951568546
172.14565325424502,201.78624634514782,31.647215855522862,45.35672833723512
173.45656472317097,200.32046017704158,31.64813700107551,45.35417739578341
173.87321557581214,199.97445111721302,31.64870475303804,45.352476009176755
174.24499917840183,199.84163051194415,31.649944671996554,45.34880310943542
182.773018583683,197.434812125624,31.61439078575059,45.113612710750026
179.48449356055517,199.7892244485584,31.620061647283386,45.05493931762784
176.65381850219643,201.59781036404755,31.622018453453954,45.0424322892008
175.3270998072597,202.5902282367905,31.623867880223123,45.03456328241576
173.9911341220375,202.857119206152,31.62524342066575,45.029812978023536
173.82751968107334,202.92579782805876,31.627726707138876,45.022293560104316
173.43657820610576,202.71573215752136,31.62852839782341,45.019878663472014
173.02229014254536,201.79212104970063,31.62924339470666,45.01804237024047
172.8723442716733,202.18828714840308,31.63000225290201,45.0161112143433
172.1093418797157,202.41178774495367,31.631175503385162,45.013212844976415
171.76329892179336,202.78608524612616,31.632065156393395,45.01110313554297
171.41726099923244,203.16037730834972,31.632954573445193,45.008993694380564
