176.5,75.5,47,102
175.88913932224983,88.04500591930503,50.38076156813156,92.1656644309212
171.68200973529602,89.43727206746115,50.67957083664367,87.48010707776996
172.13954720675292,97.29646503017561,49.70642407552717,83.97643901733127
172.48687306453502,102.60971119368307,49.52163835918478,82.50112123560443
169.8623772056705,138.05967873599715,54.27060259917255,78.19666802353485
161.35892644510974,101.5819068677929,58.25665298504015,74.36074600066604
164.31597220360877,111.50631765014076,55.83133862868666,74.22972839104844
163.67898875318195,148.63239252448201,59.01501104921646,69.73858022927998
157.76090209936504,95.14104792623276,53.60141323868625,74.57233601513397
158.72350242729405,101.71276113780068,52.75039151692548,74.56001120027449
158.82845045461977,111.11891868277792,52.53479073059362,74.20652980477801
157.01535893635346,148.4302751487578,55.60559789308369,70.15448795436123
156.09451246779497,182.51837060592004,56.15254741150718,69.26529960351334
155.59916084446579,211.9618534962259,56.90471450890214,68.0762930075482
155.1839945321883,212.3199679546422,57.330676199685946,67.36006409071555
154.7825013686759,212.65394470187465,57.69997510801154,66.69211059625067
154.39416194674845,212.97302383537556,58.0295897309611,66.0539523292489
154.0500610390643,213.28016438775717,58.319806564792565,65.43967122448564
153.7116502144782,213.58282387608068,58.572690356813744,64.83435224783864
153.41101080859585,213.84403646960757,58.77005677333956,64.31192706078485
153.12669349723964,214.0927962988168,58.93901301675471,63.81440740236637
152.87446666851886,214.31451726985176,59.05775369297222,63.370965460296446
152.6560131256607,214.51781127851268,59.13363818709762,62.96437744297465
133.05860748950255,120.79331358641471,50.34778997455066,70.17471010744401
133.52555699926418,119.93311393026765,50.344511029299575,70.17711306086667
132.49530926590788,152.02383169653336,50.8177781978249,69.23901325221217
131.36679341302818,186.09074360597035,51.8273426241501,67.68920432591636
132.07087416825516,192.45998671405346,51.827344065165576,67.68919772400794
131.13695897466746,213.24543434616913,53.03976744083202,65.50913130766173
130.62464971435082,213.66358553689864,53.58525923984475,64.67282892620271
130.11751180318353,214.08098896205743,54.11426968799565,63.838022075885135
129.6476590179393,214.47032824600828,54.57603088439964,63.05934350798345
129.22462613381725,214.809957523629,54.943176133291786,62.38008495274195
128.85188719509594,215.12876824469285,55.2642999045466,61.74246351061429
128.50408721649325,215.42168090906964,55.52833860033651,61.15663818186072
128.2045151453559,215.6787894098351,55.72261092120768,60.64242118032978
127.91947200264077,215.91048164051367,55.8724077497936,60.179036718972654
127.6419318595566,216.1196221706561,55.99154738287623,59.76075565868781
127.40503788255128,216.29863382306843,56.06071370597983,59.40273235386315
127.15950133375298,216.47424856741463,56.10969587502188,59.05150286517075
126.91984586621915,216.62943941454085,56.14222395290991,58.74112117091827
126.68477401282823,216.75536868751968,56.15839597571271,58.48926262496063
126.4625713771766,216.87219013224947,56.153011663332954,58.25561973550107
126.24511154676193,216.97182848344147,56.139390487589644,58.05634303311704
126.0127436347879,217.0730453855966,56.120568103787406,57.85390922880682
125.76838299426686,217.1702681264256,56.08969888781257,57.65946374714879
125.55178080951833,217.2574837003424,56.04668393105191,57.48503259931524
125.3604739507237,217.3531648136646,55.99199607250364,57.293670372670846
125.17030523220814,217.44946269408922,55.940425468296,57.10107461182155
125.0238634638053,217.5452728804672,55.872900341351965,56.90945423906559
124.89640105788945,217.635564393112,55.79269115359757,56.72887121377604
124.7742712094421,217.7227934944462,55.708379739528425,56.55441301110763
124.66617908017476,217.80645707261266,55.61902719147972,56.387085854774675
124.53822422759004,217.89009302641105,55.5311151922615,56.21981394717791
124.42652733554345,217.96966633108397,55.4347146195317,56.06066733783206
124.3154141247323,218.04581776752977,55.34104959647092,55.90836446494046
124.18005804887989,218.12470594575151,55.252449452262056,55.75058810849699
124.0196389428043,218.1966849130631,55.16515326356864,55.60663017387381
123.85853398242622,218.25419898813033,55.084092224470695,55.491602023739375
123.69101832174633,218.31027003429125,55.00083999389908,55.37945993141751
123.53010221130441,218.3660402921861,54.91391750840018,55.26791941562776
123.34900609785102,218.42245845098742,54.83035550528453,55.15508309802514
123.16528493885062,218.48234784932507,54.73913152847217,55.03530430134987
122.99307559697155,218.5418466208867,54.640988287772764,54.91630675822662
122.81926262764075,218.6003887918153,54.53894540176165,54.79922241636941
122.6658551335835,218.66873165707182,54.42054338724592,54.66253668585635
122.51439982653736,218.73776606921834,54.298365983159265,54.52446786156333
122.36368014128924,218.80697048960448,54.16981333352536,54.38605902079104
122.2291577350069,218.87604986549997,54.026691699642676,54.247900269000084
122.08290163863019,218.94380887480375,53.8899272174102,54.11238225039251
121.94103211220586,219.01103557398622,53.756325037959044,53.97792885202757
121.81082386574796,219.0793448447188,53.61703945873129,53.84131031056239
121.68836051004959,219.15231269480515,53.472643680627975,53.695374610389706
121.53977303948393,219.22330975148202,53.33515502799022,53.55338049703595
121.3794353772633,219.29098599796012,53.20505317938919,53.41802800407977
121.21847921226075,219.35787650965818,53.09101439569342,53.28424698068361
121.07554122146095,219.42342304558017,52.97585071731606,53.153153908839656
120.90569081000574,219.4865384966042,52.86836626228766,53.026923006791606
120.76389592657765,219.55530010547145,52.748935796227954,52.88939978905711
120.62640964234913,219.62721635140483,52.63489391198915,52.74556729719035
120.46113223131766,219.69274401494067,52.51731061626185,52.614511970118635
120.29495530697943,219.76221304711285,52.39079971646037,52.47557390577428
120.14037130990624,219.83615364510123,52.266971109740446,52.32769270979754
119.99851973780426,219.9160264108094,52.13074615025902,52.16794717838121
119.86965896082722,219.9944328625118,51.986570989048914,52.01113427497642
119.75240116273652,220.07049485354497,51.84170060724685,51.85901029291003
119.65454597508949,220.1514065071095,51.68830201833613,51.69718698578102
119.57264381850176,220.2306514843968,51.52704474203213,51.538697031206425
119.47823549154462,220.30482454351915,51.37409933005895,51.39035091296173
119.38656976158234,220.3849783647847,51.218832359826834,51.23004327043062
119.29614448442862,220.4656300092156,51.07140762102243,51.06873998156879
119.19580406801451,220.5375724623334,50.92023761638158,50.92485507533321
119.1122736684463,220.61551068090654,50.76383947572726,50.76897863818691
119.02382155020312,220.6918811563534,50.60211378100215,50.61623768729324
118.90568733993548,220.7676523666247,50.46099211488659,50.46469526675059
118.78490138437989,220.84416582375263,50.31124421465361,50.311668352494706
118.68221250696843,220.91991522166828,50.161397687927085,50.160169556663426
118.55638772145218,220.99351666490622,50.01237383972243,50.012966670187524
118.4343526296214,221.0631012286874,49.86267380548851,49.873797542625184
118.31224742917685,221.13549033387392,49.71368327244435,49.72901933225218
118.16488767992439,221.2034793109505,49.57472673673716,49.593041378099
118.01014740553266,221.2702816631932,49.443824924108554,49.45943667361357
117.85283128463396,221.33220722094333,49.32021422381114,49.33558555811332
117.70228443103116,221.39752423417295,49.20169638759977,49.20495153165408
117.54227137539326,221.46159487909267,49.08481917117212,49.07681024181468
117.37337023999304,221.52550900766062,48.954517764938174,48.94898198467878
117.20710977380789,221.59436890525006,48.81989066154378,48.811262189499885
117.06307696956992,221.67169247048798,48.67403999928682,48.656615059024055
116.92287029437324,221.74465275921682,48.52514410075593,48.510694481566375
116.77953148627057,221.81853675747817,48.38756217354238,48.362926485043666
116.65946778545973,221.89615230963878,48.246840660779235,48.20769538072244
116.54468343424767,221.9762161424011,48.10100443904906,48.04756771519776
116.40481280557465,222.0464199479112,47.96043519911117,47.9071601041776
116.25497254554062,222.1146353993873,47.83153340850265,47.77072920122537
116.09355098000819,222.1758153714337,47.71167567668299,47.64836925713255
115.9249561259094,222.23187836615799,47.59511757594731,47.53624326768402
115.74966922024521,222.28686314928987,47.48375220141792,47.42627370142028
115.60321537286207,222.34316171951642,47.365235140134104,47.313676560967146
115.48881527208067,222.39980346812936,47.22906459804073,47.20039306374125
115.37949070886592,222.47251427327467,47.095918468332414,47.05497145345067
115.2562983995646,222.53900998728932,46.963160176692945,46.921980025421334
115.15990174703427,222.61157243313966,46.82576636966065,46.77685513372068
115.07815458421085,222.68916161579696,46.67931198272013,46.62167676840606
114.98085568351122,222.75895884852574,46.538650018732795,46.48208230294851
114.88767566076068,222.82760322403988,46.40146147905741,46.344793551920255
114.79304382834152,222.9067079802983,46.25220181559145,46.1865840394034
114.70532538373749,222.98495818309434,46.10641863467582,46.030083633811316
114.61924306824626,223.05676709172425,45.95866212975587,45.88646581655147
114.54968183580547,223.1356642476931,45.800473527056276,45.72867150461381
114.45369648001977,223.20638224764747,45.666988841260206,45.58723550470505
114.34062291119453,223.26541717197742,45.53438563558794,45.469165656045156
114.21569446912679,223.32357032679775,45.41836173235083,45.352859346404514
114.09248161884722,223.38186044282924,45.2967832598696,45.23627911434152
113.97228187448748,223.43652790752486,45.17982885268642,45.12694418495025
113.82830912210892,223.48585926974894,45.07561468685218,45.02828146050209
113.68519348578792,223.53893435431206,44.96985491044292,44.9221312913759
113.56172142565018,223.59246348725895,44.85973570745904,44.81507302548208
113.44823301677933,223.64572231856266,44.75002296359529,44.7085553628747
113.35780283785213,223.69661084957158,44.6449570092415,44.606778300856845
113.26692991078195,223.750783340781,44.53581157367086,44.49843331843801
113.17146302089769,223.80683338179452,44.420373575189636,44.386333236410984
113.09499617613238,223.86392434164998,44.30434511986856,44.27215131670004
113.0253361687175,223.9234047751828,44.192881482631165,44.15319044963437
112.93566014143352,223.97794782679048,44.094896731140224,44.04410434641903
112.84857044825469,224.03166912816576,43.992202290517284,43.93666174366847
112.75231136034631,224.08167008259068,43.89113588114422,43.83665983481863
112.66936774907583,224.13332879142132,43.784655149431046,43.733342417157345
112.56946065842288,224.18216482634074,43.692158973643146,43.63567034731853
112.43790749167125,224.23122786468133,43.594109439569785,43.53754427063731
112.32070610030554,224.28376802627426,43.49145627094433,43.432463947451495
112.20260054539133,224.33576263477315,43.38890706440081,43.32847473045372
112.12329101160348,224.3935717041141,43.25866363536206,43.2128565917718
112.04000687790986,224.45017855686092,43.141415237338315,43.099642886278154
111.94406805715803,224.51655547863626,43.007007218575104,42.96688904272745
111.83604410546116,224.5782422379895,42.88208490378726,42.84351552402099
111.74628045517346,224.63969429893422,42.75277237658667,42.720611402131546
111.66389151625398,224.70457956303224,42.62375466879332,42.59084087393553
111.5720296555564,224.77008124916088,42.49141507551217,42.45983750167822
111.4731265669156,224.8390457388256,42.35502671181632,42.321908522348814
111.38730301173703,224.91226229545958,42.21515479541715,42.17547540908081
111.27177143058658,224.97719513828594,42.08778956888406,42.04560972342811
111.15856386829249,225.04386505289193,41.96638482872234,41.91226989421615
111.063935972985,225.11528403663957,41.838544713794924,41.76943192672087
110.97760389785661,225.1822221519953,41.706804098684216,41.63555569600942
110.87991463654558,225.24595515773817,41.57338814193618,41.50808968452366
110.79844466082228,225.31088065751504,41.43918001470272,41.378238684969915
110.7410779843911,225.3823353861791,41.294275713737406,41.235329227641785
110.68539888795756,225.4551251299866,41.141988376857476,41.0897497400268
110.61469610561946,225.52355906788307,40.99273958028568,40.95288186423387
110.54948672447304,225.5914668924084,40.85154101941832,40.8170662151832
110.49526820367727,225.66256021463198,40.70630558042668,40.67487957073605
110.42905871634531,225.73259746814188,40.560201378182114,40.53480506371623
110.36453245315445,225.80582095503573,40.41594193194571,40.38835808992855
110.30716938554856,225.88443670836645,40.25781329196715,40.23112658326709
110.24318113303502,225.96303088632334,40.106124416277915,40.073938227353295
110.16858171386934,226.03861575633042,39.95901077344432,39.922768487339155
110.1131761243953,226.11974478821492,39.8038500235575,39.76051042357018
110.05413594860882,226.19654670365847,39.656695129902666,39.60690659268308
109.96459619132594,226.26651666456672,39.51918603405774,39.466966670866526
109.87694558220934,226.33837537999912,39.38181377297229,39.32324924000174
109.80245867709276,226.41374455243283,39.241848762843375,39.17251089513431
109.71866540114493,226.48343243273754,39.10382409175663,39.03313513452492
109.63959392905224,226.55508632689452,38.96156427543632,38.88982734621095
109.57373492193751,226.6311741118985,38.81604377166613,38.737651776202995
109.50182369748592,226.7103872237238,38.67528151950806,38.57922555255239
109.42046231179566,226.78244262768027,38.5308933852413,38.435114744639435
109.3387120831697,226.85338770258508,38.388624428783615,38.29322459482984
109.27213748021657,226.93142293013824,38.24220022394043,38.13715413972355
109.18850723334194,227.0012156498838,38.10389869834155,37.997568700232435
109.10581874030728,227.06727005346426,37.96488668447189,37.8654598930715
109.0278201667583,227.13321721667091,37.837339410373865,37.7335655666582
108.95829959340031,227.20078445081978,37.70202684429267,37.59843109836042
108.87645955703978,227.26594035135855,37.56660943862399,37.468119297282875
108.79051603407838,227.33229317160342,37.4320149443437,37.335413656793136
108.71338358473754,227.4024682346106,37.30132851379412,37.19506353077878
108.6353257352932,227.47037278542723,37.17768832231341,37.059254429145554
108.55440969015305,227.53538230778844,37.049435067087025,36.9292353844231
108.47623051116045,227.59892887577232,36.91440533064702,36.80214224845537
108.41146853162489,227.66802096041872,36.77288804544972,36.663958079162555
108.33236119601561,227.73220653974195,36.6340400514442,36.53558692051611
108.25019956085936,227.7925971817321,36.50318046781956,36.414805636535775
108.18142859133263,227.85331164198763,36.37535382605485,36.29337671602475
108.10711852072961,227.91564726118904,36.24119799894767,36.16870547762194
108.01897992856777,227.969436183285,36.116584171317996,36.06112763342999
107.92692007488085,228.02225731572796,36.00179388671222,35.955485368544075
107.84789179062199,228.08669867197187,35.882653660481665,35.82660265605624
107.77224590759731,228.15080922712377,35.762144252844024,35.698381545752426
107.69867474059816,228.21305037572617,35.631835935911894,35.57389924854765
107.62737681621738,228.27979222261678,35.49651198558405,35.44041555476642
107.572850908927,228.34535696526476,35.37247229678309,35.3092860694705
107.51717531868711,228.41314257379145,35.243128209347134,35.17371485241709
107.44847645887695,228.47790559090225,35.11628280305192,35.0441888181955
107.37231066152256,228.54367024104567,34.98807378244051,34.912659517908665
107.31557537712024,228.61133763905133,34.860219464565475,34.77732472189733
107.2546845924258,228.68312439992044,34.729516175918306,34.63375120015913
107.18763181345402,228.74969730333146,34.58971881099316,34.50060539333711
107.12883093466291,228.8164822513191,34.445628908886405,34.36703549736183
107.07835319038551,228.882645746063,34.30889357615122,34.23470850787402
107.01965155289898,228.94581761644847,34.17501657315681,34.108364767103055
106.94656557047328,228.99910197766536,34.05245309942293,34.00179604466929
106.87271449680009,229.04843606804036,33.93961803964271,33.90312786391928
106.8075079188408,229.10196140295534,33.83199153808772,33.796077194089335
106.74640181788538,229.15739196922118,33.72369503998538,33.68521606155764
106.68583801092294,229.21074385822624,33.60803567745364,33.57851228354754
