118.5,57.5,82,98
119.34870117143691,65.7575605022663,80.44700862495301,91.95308063273546
121.65682538206842,68.59247577954085,90.3884002793736,76.80892585180698
118.35554786379957,72.36346939889368,93.61591478475285,67.58426861588603
115.71652315929475,73.67700431426181,94.89276685565825,61.90543978055688
122.03879932148797,75.72444729492982,93.21403198274885,57.810786475445276
127.00077925282837,77.4551029546522,90.60899750077485,55.43054712884749
133.64802787381424,79.20033685176541,89.08136503541442,54.22180950963937
121.56276131821467,90.19435836967838,82.06120333765361,58.055459894223596
133.66982703956634,74.61807966022819,81.44785428935944,56.13796421253803
125.19841635282384,97.03683573221385,78.17029678711202,57.6289242060179
122.0376516873805,122.52883220985846,76.23943525648747,59.567912512935685
133.42369254962318,73.81498650493012,77.18662423817887,54.728865031190814
131.47784985301928,105.14379630873144,76.94551095966426,53.12578033569756
125.04087283156449,114.49238814979759,77.02398808912172,52.64418999157795
124.45650893057953,113.25065053078401,77.0244357664273,52.63780064182128
124.73401940130805,113.4502824431888,77.02661460114291,52.6172367157315
124.32644479836921,113.33358583262344,77.0268446333031,52.60591800134203
123.41626124229691,112.65303858746293,77.02756860560852,52.59620067163287
122.28255933801867,111.07185051414464,77.02801775374935,52.58567566470497
121.0470257012187,110.39417234010585,77.02992709316042,52.560373267016864
132.25314527501507,71.1101589579399,76.52315211793099,51.4752323067394
122.46758937120644,97.82946347365913,70.77978028297011,54.816774642488426
120.59984699853403,122.74947744441066,69.61144022210155,56.05814852593656
131.32374741436388,70.42295088054327,70.9568675398559,52.68095873374946
122.51909020720346,88.57171866166985,64.50181465986523,56.86946137950413
121.73342847207002,105.73978526302261,65.3815181974806,54.40865051871752
122.01130174979808,107.31534271469016,65.42519856720682,54.22950951140904
122.50073043980532,108.18512620777003,65.46524241609707,54.06264231048188
123.07544955885994,109.2825488572011,65.50694697545791,53.9090896790086
122.4752394718368,108.96682261207376,65.54700025668957,53.74693946426148
121.57569441585687,108.35957095302524,65.60820453586284,53.554221107439375
121.49701269582117,109.16687023017107,65.68434983759713,53.30451479748671
121.29312236883666,109.97384127287255,65.7200026009793,53.17608866419406
120.41277171635693,110.71612528577447,65.73950822722782,53.114220089836735
119.14203015736672,111.06262683005913,65.75542405204112,53.0596899755678
118.34539348921237,111.16708159230379,65.77791425007469,52.98980062582024
117.7386407302418,111.9084691993267,65.80319259134956,52.9157113343971
117.20919201630679,111.46394586858727,65.84274258994407,52.81505422142372
117.10266302051073,112.59450331730933,65.89225211199273,52.673084240514044
117.20000189022502,113.86225262718808,65.92299663570958,52.591175775404366
117.10275949137699,113.20414534106921,65.95842848028161,52.501959077042756
116.8946291545461,114.60965436794605,65.98922812155278,52.42044942325245
116.45962959897372,114.38012383938471,66.01819943642907,52.35229786059362
115.32294353029548,113.54991441769704,66.03367395835285,52.318932109433156
114.84875989549434,113.51596737711029,66.07220064415384,52.23261134649903
113.54962847530525,113.12847757950642,66.10841981769241,52.147013417998416
112.5057763159763,113.24997639115301,66.11935955276267,52.11350125105271
111.10133676867525,112.24717438673976,66.12985708036341,52.08499209116278
109.55108078473887,111.56483875538822,66.13606281769115,52.064779115622756
108.73763591263551,110.66543353595404,66.14579879812679,52.039122491540994
107.85716295341227,108.8898414222929,66.16816520493083,51.97245999149203
108.85185687208667,109.07987371876536,66.19852152537315,51.87308672421164
109.37720018520848,109.63669694034724,66.2217838785073,51.780972458973
109.78839425506806,109.8689504329397,66.23974326724577,51.69999290169982
110.65453209482092,109.80861700913216,66.24817772701466,51.65543294708502
110.94399140064182,108.87632010148239,66.25721763006325,51.60635145415703
110.38408746289008,108.23369153472652,66.27715088989747,51.51171576158844
110.76900079497497,108.29995817137625,66.30581808787981,51.36579928789687
111.27104547493862,107.64429716590527,66.3167572046676,51.311078088809225
111.39267646308807,106.79894741353351,66.33815424569313,51.17694741910663
112.95685990609886,107.38961960707616,66.36130403562066,51.07392174711687
115.75763886095882,108.28909218265068,66.39656024333237,50.936802729695835
119.2001518632402,108.0083210869059,66.41168167681893,50.875778400017644
122.76985405623053,106.90061915555575,66.44055455447963,50.77778318625616
131.91285990852762,70.2320781101917,67.48216430984638,49.38045213001161
127.99756869735567,98.22873222877581,67.48360702271762,49.33638934572423
129.14593209055926,106.8116319084347,67.6109021956153,48.94510323103534
130.009882165622,105.18578788218053,67.61519325051448,48.93039547627745
139.68739779686553,64.65502478083737,68.6473041694239,46.80513884204972
134.10682244832293,90.29024092612745,64.17875515947784,50.75359769526838
134.09659944335522,105.98497182566808,64.90892005245084,49.2376863112262
135.26790959908865,105.69162438428533,64.92184120865062,49.19598378884413
135.52885583757399,106.7370735732357,64.93544627787593,49.14162472712074
135.83594798958143,108.2324491311164,64.9408316926988,49.1056808928535
135.15586095247363,109.26006575602636,64.94657342247774,49.05297845625075
134.0207874223334,110.37915056732622,64.94561137860171,49.040351140551046
133.55515533680466,110.90155546981936,64.97044226537653,49.00101733348959
133.92426261751135,111.07685590752902,64.97882547083935,48.9889807049632
134.9297645192106,111.72720657219926,64.98070390010686,48.986359581540064
137.9609227315188,113.07693655005522,64.98191601324075,48.98484045224414
141.10738645569484,115.40990993280394,64.98218428937597,48.98450066230215
146.9990129536754,118.35187687803027,64.98241956703545,48.984253791197624
152.21401502338801,120.64114645582225,64.98248725835968,48.9841839120419
159.49539566036762,122.00705620513341,64.98253306753038,48.9841404124888
140.6054396147275,74.74163205328239,66.29655236706259,46.500607307499415
144.36679070394746,83.7732186645801,66.35610173738975,45.99590385724287
141.35675601405734,76.98627559760169,66.3688511899544,45.889936551868644
138.94272944754348,79.2391975677707,66.37504830110102,45.80167035506088
136.97254579728056,80.27701606405952,66.38510749806545,45.782426032160956
137.01356571456506,81.11641941028812,66.38897529411886,45.772844674824945
130.7706145455608,105.51437417399632,63.85548466490328,47.58203387177378
131.14310954033834,113.3756024624023,63.925032438943724,47.311444398538484
130.9290500189742,111.15894347461327,63.935628186984744,47.283602191163666
130.17362907356494,110.20481810455212,63.946129496863016,47.24599349906549
130.37888960995994,110.0168995837022,63.95753107798651,47.20590962754588
129.99762786840395,109.40073790209136,63.96624767204133,47.16763815548617
128.93754544484278,109.24269939184083,63.970013230986176,47.14254265964128
128.88407319071774,108.84716738361064,63.97523352438442,47.11422156476969
138.6558730803862,75.81511116393129,64.47263411125846,45.79008174582763
131.9912550277603,102.09347380685132,63.91981111922017,45.61299894655983
130.9485454409974,110.61457643753147,64.00016795105589,44.97577911305597
130.3363454276656,109.2530992133076,64.00383147411846,44.92536711024027
129.861882442242,108.90120905952533,64.01258077918274,44.85157514359677
129.9951019361554,107.85763154826103,64.01574215294154,44.80936233775621
131.017939219911,108.32187483161493,64.0206814655878,44.70592833042416
132.52591260284146,108.00558038906479,64.02432841539459,44.661061909471286
135.8294404044459,113.70578380195727,64.1626751483063,44.36930529120589
135.32215013480862,112.61233770316389,64.17658024774633,44.30325778771231
134.8385525999381,111.10719676131603,64.17681822520214,44.26286451767574
134.18654474371385,110.25797366849856,64.1711468000469,44.15354545787304
133.94690889655473,109.91183829956464,64.16960236849542,44.07886761499903
134.01559712368413,109.93656024184867,64.1719460114208,43.9571568909863
134.15839042443332,109.97298523480102,64.17004202448729,43.8956736971048
134.01546281399914,109.9548414194644,64.17354336733445,43.82673706112973
133.80680188140337,110.07574779280583,64.1708982666122,43.748644758291675
134.33666946659864,110.36114256745734,64.17851431825994,43.67026896822021
133.71833881663878,109.89475512677909,64.1809435501178,43.61347990762115
133.77227191104652,109.71598384663332,64.18932001592398,43.55846426993753
133.0664347972059,109.80792426021455,64.19043673513661,43.50256497141486
132.94887271864974,109.83126033765713,64.1946529305227,43.41873934899374
132.87914901397554,109.73181119739255,64.192844409805,43.36358808995686
132.40450239337386,110.92070992909538,64.19080961183903,43.32305278017668
132.33847207916398,110.53052533147599,64.19025178317983,43.290902246278065
132.2579717656055,110.50924738142612,64.19063699591577,43.269876359327995
131.1288195715197,111.20020078035105,64.18833080364307,43.255078025719186
130.411361182608,112.14658420504377,64.19745095346806,43.237640790019356
132.49252886061527,112.14163925046117,64.20070063849971,43.2323681604475
134.00011870676607,113.60898163033764,64.20140677612363,43.23128549534483
134.70567891567012,116.90959666620125,64.2010591587611,43.2314853628876
135.8525856143097,123.38384785014088,64.20086897048158,43.23157994935404
136.53624196170202,130.4447228500234,64.20073721918602,43.23164944574383
135.7780093434895,138.10866493777098,64.20053890428053,43.23172146989465
135.9414336589196,145.03506700476694,64.20032322014994,43.231834053432024
137.94413949256185,148.70542166692402,64.19849259992357,43.23255110164594
139.9241247466411,152.96364754425372,64.19678095902887,43.23320158850266
141.42925245124397,157.93308472603516,64.1962384843171,43.23340364858477
142.6418139267414,163.9494912756399,64.19577907702345,43.23359149542024
142.00604382724015,171.8812313573096,64.19513240068264,43.23384939207841
142.6522120807473,179.0985542196803,64.19510243606487,43.233862671548394
142.4914069155644,185.50615203243206,64.19488738133695,43.23396226546629
142.33600989231311,192.1575683632838,64.19471082341981,43.23403850116272
142.73662516478333,196.83916319243258,64.1949856057041,43.23363895059219
141.5882179679683,200.72922072091464,64.1966819058436,43.23131968525407
142.5269913773165,203.76244941085673,64.20702566446349,43.21849408790161
143.86175496296417,206.37181322843423,64.22945763585308,43.19111786647338
146.34293457814456,207.60667511295767,64.24638412250279,43.173289811232685
147.4237372499312,208.57059342196322,64.273609631438,43.14455385449938
150.32270558131296,209.33512380701026,64.30070567970358,43.11816349170051
152.94081382088285,210.00451743716474,64.31650145337142,43.102925144393566
156.0250720129544,210.82161854719973,64.32910117335427,43.09085296067763
157.96379655553184,211.83006684188354,64.38323310855465,43.04028165436056
161.77393389460894,212.7293070037369,64.44799079810673,42.98121304234668
164.90293345033547,213.19006015829544,64.48923847467861,42.94515322208683
170.66863658967767,213.35502352556392,64.50264535212212,42.93268031898415
178.6694928792341,213.84292801543225,64.50607307757467,42.9287262644031
184.87978931098763,213.26274998757862,64.50638151259055,42.92789705552295
189.24325138484016,212.08237731833924,64.50665215095728,42.9265310639694
193.08582304260958,210.23529049893042,64.5067252622678,42.925037674359885
196.58374195703732,208.68260668231292,64.50670986306929,42.923399949852566
198.47580458274044,206.9636736440052,64.50615704704211,42.91864050385447
198.60946831208256,206.04921032647988,64.50669336861796,42.90602763676127
199.86628234612175,204.90094729110172,64.50654787118775,42.889683205045685
199.76132166325385,205.32321949871235,64.5139058914913,42.874139143637606
198.88548064842072,204.6660269620903,64.51365458489961,42.85177490161984
199.18013917682862,204.39213987773292,64.51414134297184,42.831737163996884
199.83796716874713,205.39367867029722,64.53002332109463,42.803952023097374
199.74440901930666,205.41040967563168,64.52847707608271,42.78925430152444
199.25554094338952,205.73136428761984,64.53780172269464,42.772792291197874
199.14146037951792,204.89032515969043,64.53720588623115,42.75626262545638
199.4233123470753,204.61421611850594,64.5350988811434,42.73740395707007
200.86140938021208,205.52000633706686,64.53566315189074,42.72278733086891
201.08066525274268,206.7112221131959,64.55063373667498,42.69698062030092
201.473719911093,207.69553599363488,64.56989695615668,42.66281457226017
202.18654066118097,209.36053924510375,64.58036058808378,42.644452861879174
202.30206198422897,211.0761411392046,64.58426538499617,42.63768969600722
202.11335355421951,213.63886435161783,64.58619327831167,42.63477754623569
202.99413905304493,217.18990962495482,64.5862989497816,42.63448028874628
204.3980467641248,218.68278199089528,64.58632196756328,42.63443601820943
206.96709401480038,218.6827995653464,64.5863385807141,42.63440086930721
211.00744944209788,218.68282013856646,64.58636865476899,42.63435972286712
212.35890161295984,218.68281487586145,64.58634159614137,42.63437024827707
213.99744924003045,218.68280844802024,64.5863089964954,42.63438310395953
216.56610683852088,218.68282176979045,64.58631384117103,42.63435646041909
217.9850242980253,218.68280718181043,64.58625224522126,42.63438563637912
219.4534323834428,218.68279285908392,64.58619077790804,42.63441428183214
220.58249949339475,218.68277616873297,64.5861213048608,42.63444766253407
221.36909759492835,218.68276032884773,64.58605392125924,42.63447934230451
221.81116080984367,218.68274936898018,64.58600486159536,42.63450126203965
222.03134826631094,218.68273157742442,64.5859282377214,42.63453684515119
222.46869497063346,218.68271627763525,64.58586152518617,42.63456744472952
222.62425829982124,218.68267814462342,64.58571059722976,42.634643710753174
222.65145350929077,218.6826543088736,64.5856091765369,42.6346913822528
222.66102961489105,218.68263050926203,64.58551145268395,42.63473898147596
222.68463480399134,218.68260729895798,64.58541584161756,42.63478540208406
222.75589922030343,218.6825847126765,64.58532449683402,42.63483057464705
222.76352424699638,218.682564120312,64.58524033867174,42.63487175937599
222.98307001100133,218.68254172797623,64.58514920858244,42.63491654404756
223.12348174168991,218.6825177797519,64.5850512859359,42.6349644404962
223.23104153348405,218.68249629576798,64.58496256622874,42.63500740846403
223.3314294529915,218.68247240893825,64.5848626170635,42.63505518212347
223.58696754682643,218.68244300090706,64.5847461142424,42.635113998185865
223.98289074273595,218.68241509712564,64.58463948425276,42.6351698057487
224.3179700797573,218.68239202412883,64.58454740528762,42.63521595174234
224.5470886748373,218.6823691989497,64.58445961846124,42.635261602100655
224.9835828962991,218.6823323523376,64.58431473909427,42.635335295324786
225.59922438348343,218.6823147055432,64.58424187729733,42.63537058891356
226.432173812134,218.6822958309004,64.58415610841324,42.635408338199255
227.17304454256907,218.68228458724468,64.58410207411018,42.635430825510625
227.59343158507238,218.68227170760017,64.58404113245231,42.63545658479965
228.26363334449627,218.6822526605627,64.58395450527475,42.6354946788746
229.19708730317646,218.68223688638693,64.58387932106864,42.63552622722616
229.78219305492064,218.68222467262038,64.58382286595067,42.635550654759236
230.33958894190954,218.68221479184686,64.58377456311848,42.6355704163063
231.46922638933628,218.68220400762905,64.58372169890464,42.63559198474191
233.0385105841283,218.68219921641224,64.58369667670652,42.635601567175534
234.17637726945838,218.68219327698006,64.58366649780349,42.63561344603988
235.63363412268757,218.6821901461925,64.58364921315912,42.635619707615
237.0940274052007,218.68218713354813,64.58363377011158,42.63562573290377
239.03407979860276,218.68218481125623,64.58361778945985,42.635630377487544
240.6313347784103,218.68218328120508,64.58360756090863,42.63563343758983
242.31618923362552,218.6821826478172,64.583602420162,42.635634704365614
243.97482197043206,218.68218206103472,64.58359768873639,42.63563587793054
245.4270291708736,218.68218167290223,64.58359436535271,42.63563665419554
247.04102371552682,218.68218132230544,64.58359137338206,42.635637355389115
248.5751789567285,218.68218096074844,64.58358829072849,42.63563807850311
250.13352154870483,218.6821806870593,64.58358611306247,42.63563862588145
251.760273992088,218.68218052307338,64.58358478731598,42.6356389538532
253.2768426619147,218.68218039397655,64.58358357704188,42.63563921204689
254.6688407125552,218.6821802148222,64.58358191202493,42.6356395703556
255.98795226716965,218.68218008289324,64.5835805435187,42.635639834213514
257.39242772208775,218.6821798794781,64.5835786273654,42.635640241043774
258.8130430138663,218.6821797609248,64.58357748258996,42.635640478150364
260.08703795962975,218.68217958627423,64.58357600582744,42.63564082745153
261.03133269853885,218.68217938397186,64.58357436046016,42.635641232056265
262.030346896831,218.6821790802221,64.58357209645946,42.63564183955576
262.9623079975821,218.6821788790499,64.58357058358635,42.63564224190019
263.7465335873365,218.68217857922156,64.58356842446338,42.6356428415569
264.4076556701398,218.68217820572553,64.58356580358031,42.63564358854894
265.10755673686015,218.6821777881618,64.58356277864483,42.63564442367641
265.59941641783706,218.6821773755197,64.5835597853662,42.63564524896063
266.0845445014818,218.6821768648749,64.58355625117154,42.63564627025023
266.3253234170591,218.68217648399195,64.58355367328417,42.63564703201611
266.5694697467866,218.6821760708089,64.58355090650274,42.635647858382214
266.8548203733336,218.68217560073293,64.58354779546045,42.63564879853414
267.0552319194601,218.68217521386143,64.58354534591722,42.63564957227714
267.36176384980024,218.68217495840074,64.58354374777191,42.63565008319854
267.41147146935907,218.68217460285874,64.58354150125096,42.63565079428251
267.521619119174,218.68217416868546,64.58353890393835,42.63565166262907
267.74282587060577,218.6821737710404,64.58353643637412,42.63565245791922
267.77536250048223,218.68217333576348,64.58353387279624,42.63565332847304
267.72903962210717,218.6821729038139,64.58353133944864,42.63565419237221
267.70723312551115,218.68217250416998,64.58352903988296,42.63565499166004
267.9194973701679,218.68217207742208,64.5835266161574,42.63565584515582
268.0886142647207,218.68217163460253,64.58352406279437,42.63565673079495
268.16887762073736,218.68217117660032,64.58352161473904,42.635657646799366
268.2983622456684,218.68217063960842,64.58351860218359,42.635658720783184
268.4429412268533,218.68217006270498,64.58351537800165,42.63565987459004
268.6574282081616,218.68216942337574,64.58351187150828,42.63566115324853
268.75244305402913,218.68216885958665,64.58350876106066,42.63566228082669
268.64960177029747,218.68216812966028,64.58350496792639,42.635663740679426
268.67622765219966,218.6821674593534,64.58350130410477,42.63566508129321
268.569371162928,218.6821668499633,64.58349801410857,42.63566630007343
268.5132527601499,218.68216636558543,64.58349544395436,42.63566726882911
268.47702991317163,218.68216579059754,64.58349220627647,42.63566841880494
268.3594552422445,218.68216515816397,64.58348881182451,42.635669683672035
268.32852654750195,218.68216462153129,64.58348588953324,42.63567075693741
268.20651964575484,218.68216388938947,64.58348183869452,42.635672221221085
268.18771677037836,218.68216327689098,64.58347843695162,42.63567344621804
268.22335667796506,218.68216262115882,64.5834749214337,42.63567475768234
268.25019617823034,218.68216197893315,64.58347143089233,42.635676042133724
268.3467733163622,218.6821614542406,64.58346858392417,42.635677091518815
268.3636075296628,218.68216086390302,64.58346540830983,42.63567827219398
268.47461622949015,218.6821602425422,64.5834619292007,42.63567951491556
268.59037973835234,218.68215973460173,64.58345903621783,42.635680530796535
268.746697119589,218.6821592345461,64.58345614902107,42.63568153090779
268.63441971482666,218.68215847638604,64.58345205377874,42.63568304722792
268.6624035906721,218.68215797034634,64.58344905884486,42.63568405930735
268.7108575069441,218.68215750477833,64.58344639817216,42.63568499044336
269.6606321954641,218.68215508914525,64.58344066412982,42.6356898217095
270.7530314802249,218.68215128676218,64.58343175220102,42.63569742647564
271.86315006629826,218.68214344581924,64.5834134769201,42.63571310836156
272.8676645941467,218.68212818087983,64.58337876211985,42.635743638240335
273.63821169180926,218.6821062762049,64.58332987490778,42.63578744759021
273.62774765471255,218.6820713782734,64.58324963267376,42.6358572434532
273.6690912108497,218.68203018623234,64.58315935887374,42.63593962753533
272.326362316324,218.68202539041567,64.5831341691044,42.63594921916867
273.14090564902335,218.682014517764,64.58311003708427,42.63597096447198
272.2543596663513,218.68197908796188,64.58301114644841,42.63604182407626
272.46552587297396,218.68197773861255,64.5830021687481,42.63604452277494
272.54905783596666,218.68197748874118,64.58300030180753,42.636045022517656
272.3156541718266,218.68196663370438,64.58297084977785,42.63606673259124
273.371716302416,218.6819184412805,64.58286016701399,42.63616311743903
273.7499622218722,218.68188178589585,64.58277600622894,42.63623642820829
273.61786187072335,218.68185543977054,64.58271513497351,42.63628912045892
273.9968944165252,218.68182181169456,64.58263867509518,42.636356376610856
274.1234335655804,218.68179275890526,64.58257056055754,42.63641448218948
274.60468754000976,218.68174018370672,64.58244796812501,42.63651963258658
274.68381491265325,218.68165312294818,64.58224611433089,42.63669375410363
274.18959688720906,218.68152888144868,64.58195000608151,42.636942237102616
273.40804055839465,218.68134707106222,64.58151898638043,42.637305857875546
272.57959560742205,218.6812091801616,64.58119174335941,42.637581639676796
271.5922648589891,218.6811258870745,64.58096920702224,42.637748225851
270.8024786051854,218.6810632477719,64.58080142875622,42.6378735044562
270.10172052322184,218.6809790605587,64.58057704168847,42.638041878882596
269.7131995450716,218.68092690848016,64.58043975680863,42.63814618303969
269.4460586038477,218.6808743952212,64.58030246029364,42.63825120955761
269.3112259088693,218.6808378399509,64.58020658592622,42.638324320098214
269.25720324776114,218.68080839907114,64.58012877704623,42.63838320185771
269.2637436670353,218.68078560673663,64.58007047677236,42.63842878652673
269.1413531473886,218.68076237199165,64.58001131135005,42.63847525601672
269.23995922408494,218.68074295982868,64.57996217356141,42.638514080342624
269.1563397090836,218.68071504778027,64.5798899524005,42.638569904439464
269.27519308610465,218.68069470445155,64.57983810785007,42.63861059109687
269.4947456481425,218.6806756474795,64.57978920144481,42.638648705041035
269.7178099232172,218.68065742612052,64.5797430346896,42.638685147758984
269.85202695389626,218.68063896919617,64.5796952479077,42.638722061607645
269.95957554103103,218.68061386683658,64.5796296080715,42.63877226632683
270.18156497653473,218.68057565655067,64.57952870227601,42.638848686898626
270.1124529351089,218.68052448626142,64.5793937898093,42.63895102747716
270.2420885643366,218.68047545938742,64.57926487058344,42.639049081225146
270.57102044033593,218.6804189786943,64.57911792928806,42.639162042611424
270.6765768915802,218.68036322773102,64.57897292516826,42.639273544537936
270.8417187796862,218.68030062626192,64.5788078349171,42.639398747476164
271.5091821583976,218.6802322535391,64.578650445666,42.639535492921844
272.0818216838828,218.6801500105231,64.57845863682196,42.639699978953814
272.4630514764306,218.68003394804094,64.57819058576875,42.63993210391811
272.655658641748,218.67991507423454,64.57791416735975,42.64016985153089
272.82131254277647,218.67975986520221,64.57755713210463,42.64048026959557
272.4932614813817,218.6796010880982,64.57719211517326,42.64079782380361
271.21389512706526,218.67948581566264,64.57688976101619,42.64102836867468
270.56108316610266,218.67938752090595,64.5766573358573,42.64122495818808
270.48494641506414,218.6792133226929,64.5762453000001,42.64157335461419
270.4535244022458,218.6791039775703,64.57598807123311,42.641792044859436
270.7904619828904,218.67894131150035,64.57561273256057,42.64211737699929
271.39416468960616,218.67867532310578,64.5750084952002,42.64264935378845
271.90615805710354,218.67842413999645,64.57444066355626,42.643151720007076
271.49832880269867,218.6782683175858,64.57407761074343,42.64346336482838
271.4615389626045,218.67812653173883,64.57374376886706,42.64374693652234
271.4310847529363,218.67796941699396,64.57337203451175,42.64406116601211
271.53756289730035,218.67783626365946,64.57305697004874,42.64432747268108
271.1402324549987,218.67774728082955,64.57281284776649,42.644505438340886
270.942777773347,218.67767839054576,64.57262349504921,42.644643218908485
270.4906435990118,218.67762982512636,64.57249441568396,42.64474034974725
270.6115271443431,218.6776024086115,64.57242268437064,42.644795182777
270.53417053943554,218.67759941260707,64.5724048142497,42.64480117478586
271.1938908048734,218.6775940682112,64.57237770691228,42.64481186357759
270.85353443717565,218.6775901462696,64.57235002625767,42.644819707460755
270.6166129206074,218.67757344263168,64.57230910272352,42.64485311473664
271.36338384588623,218.6775640405007,64.57228584309293,42.644871918998604
270.5737195911407,218.67756035328745,64.5722692455055,42.64487929342512
270.52248021952335,218.67755837227102,64.57226010427823,42.64488325545796
271.17928475512144,218.67755018640935,64.57224060598853,42.64489962718132
272.23643638022287,218.67753892610088,64.57221614912066,42.64492214779825
273.0955557733155,218.67753376341875,64.57220463020077,42.6449324731625
273.76653677679184,218.67752940827535,64.57219494716165,42.64494118344932
274.41660880709316,218.67752555988426,64.57218637983748,42.64494888023146
274.9678687601607,218.67752257505788,64.57217966778661,42.64495484988422
275.54500308757343,218.6775146983946,64.57216211159388,42.644970603210844
276.05569182572566,218.67750195368654,64.57213406537372,42.64499609262693
276.3518212755487,218.67749033446958,64.57210894277385,42.64501933106084
275.78981908009104,218.67747518971376,64.5720705842842,42.645049620572486
275.3186414183297,218.67747421347974,64.57206497021149,42.64505157304049
275.01096691208784,218.67738821378586,64.57186006719456,42.645223572428264
274.87146050539036,218.67736474905965,64.57180688418113,42.64527050188069
274.6377176681587,218.67734911692278,64.57177083155933,42.645301766154425
274.4148109692989,218.67733352470438,64.5717357941154,42.64533295059122
274.24451635770293,218.67732258565346,64.57171114549455,42.645354828693094
274.0227672795627,218.67731140721665,64.57168565637404,42.645377185566716
273.1523247375183,218.67730846986177,64.57167713809154,42.64538306027648
273.37547669766815,218.67730285752432,64.57166385981498,42.645394284951365
273.5423174834382,218.67729758740427,64.57165153351792,42.64540482519149
273.7371133339801,218.67729320090567,64.57164115510403,42.64541359818869
273.8627696322462,218.6772878090302,64.57162841666518,42.64542438193965
273.96540352454986,218.67728255665986,64.57161588716104,42.64543488668029
274.039300796812,218.67727820859767,64.57160547142188,42.64544358280466
272.96860306141207,218.67727302380172,64.57159082984073,42.64545395239655
272.8590300442292,218.67726634658388,64.5715750408145,42.64546730683225
272.7831380583159,218.6772582566188,64.57155596617625,42.645483486762366
271.68296913440406,218.67725297976278,64.57154090681908,42.64549404047443
271.9681237527327,218.67724383095253,64.57151961304818,42.6455123380949
272.05940607686597,218.6772353976587,64.5715000008591,42.645529204682596
272.15906135882994,218.6772286496464,64.57148434676606,42.6455427007072
272.18280886537445,218.67722123898523,64.57146730916475,42.64555752202954
272.224688268529,218.67721356117352,64.57144956424514,42.64557287765294
272.2094989291295,218.67720561516464,64.57143117806027,42.64558876967074
272.2021141626541,218.67719896584128,64.57141567642911,42.64560206831743
272.1586233330145,218.67719095229393,64.57139698803442,42.645618095412175
272.0817445906503,218.67718218331686,64.57137638168966,42.645635633366304
271.02924984691583,218.67717616140717,64.57135941278352,42.645647677185636
270.25589306575137,218.67716845429123,64.5713376883998,42.645663091417504
269.58923404838873,218.6771583649294,64.57130923703349,42.64568327014122
268.76478974480693,218.67714704530263,64.57127635448144,42.64570590939473
268.2013644960348,218.67713465922265,64.57124084185574,42.64573068155473
267.4067728898042,218.6771191983147,64.57119637792545,42.64576160337058
266.7492655711454,218.67710826806953,64.57116553928324,42.64578346386096
266.0193598207924,218.67709426597585,64.57112577503563,42.64581146804829
265.23523417208185,218.6770804086761,64.5710867196353,42.64583918264781
264.46672892153146,218.67706233374986,64.57103707917271,42.64587533250026
263.96383103359506,218.67704194749206,64.57098134785859,42.64591610501589
263.5386938629496,218.6770189854674,64.57091842222754,42.645962029065174
263.1993268693506,218.67699138342812,64.57084234940126,42.64601723314377
262.7724728492392,218.67696381126976,64.57076529202506,42.646072377460484
262.37497083825497,218.6769411444842,64.57070182484632,42.64611771103162
262.12715480434804,218.67692142265665,64.57064897091867,42.64615715468672
262.1099058373363,218.6769064620084,64.5706088370648,42.64618707598321
262.01456531163603,218.67688538953524,64.57055101677173,42.646229220929484
261.8718824037977,218.67685636540315,64.57047301983972,42.646287269193685
261.94418239693783,218.67683861453486,64.57042481735958,42.646322770930276
261.8534766947818,218.67681648492533,64.57036463544416,42.64636703014932
261.7584865779357,218.67679908673796,64.57031775140733,42.646401826524105
261.7127425606356,218.6767814530848,64.57027034443006,42.6464370938304
261.9309298875646,218.6767691446997,64.5702372444984,42.64646171060061
261.81695265890136,218.67675109205885,64.57018819993289,42.64649781588229
261.8780018279358,218.67673382696964,64.5701412573399,42.64653234606072
261.8436897314086,218.67671624444284,64.57009397057315,42.6465675111143
261.7705873328147,218.6767045217951,64.57006185634475,42.64659095640977
261.62558797568,218.676683126307,64.57000410355792,42.64663374738595
261.9097862625319,218.67666536548126,64.56995742771558,42.64666926903747
262.0369536540005,218.6766519423699,64.56992127215489,42.646696115260205
261.9828967543426,218.67663749987324,64.5698822423601,42.646725000253525
262.0415409278761,218.67662161976605,64.56983960667932,42.64675676046788
262.09747622554954,218.6766035132408,64.56979097571559,42.646792973518416
262.0801329699957,218.67658057134696,64.56972885436241,42.64683885730608
262.0574400675892,218.67655649596736,64.5696635694356,42.64688700806528
261.90363296350375,218.67652749950983,64.56958513062628,42.64694500098034
261.9635113593984,218.67650903115847,64.56953502169779,42.646981937683044
261.98480925205155,218.676489657201,64.56948174240085,42.64702068559802
261.9055688570733,218.6764616932108,64.56940650315673,42.64707661357843
261.8180215118749,218.67643587434273,64.5693362555806,42.64712825131456
261.79175504157826,218.67640278804964,64.56924537661406,42.64719442390073
261.6902249910641,218.67638174790304,64.56918804743222,42.64723650419395
261.8458166125342,218.67635805687974,64.56912349665176,42.64728388624052
261.74143268766835,218.67633212847366,64.56905280904802,42.64733574305267
261.7263846242397,218.67630743395378,64.56898533300186,42.647385132092445
261.70110145099596,218.67628160733085,64.56891517564388,42.64743678533832
261.88175842804014,218.67625936346337,64.56885493015643,42.64748127307326
261.84666799835594,218.6762354251041,64.56878986046247,42.64752914979183
261.8091093731732,218.67621193667782,64.56872546269273,42.64757612664434
261.9438686988588,218.6761919913599,64.56867187036353,42.647616017280214
261.94149288546134,218.6761616795521,64.56859069714636,42.64767664089578
261.9662878012204,218.6761337270496,64.56851503636436,42.647732545900794
262.11567289424534,218.67610716884352,64.5684437524446,42.64778566231299
262.3181661910737,218.6760801373479,64.5683715081054,42.64783972530419
262.37290809991987,218.67605547083753,64.56830495010627,42.64788905832495
262.4508881616864,218.67603286127593,64.56824353169803,42.64793427744813
262.6270765534261,218.6760123866303,64.56818873060244,42.64797522673938
262.76881988253473,218.6759883426792,64.56812430405928,42.648023314641584
262.6545575745538,218.675966303804,64.5680651520111,42.64806739239204
262.8067563620017,218.67594846556653,64.56801691016314,42.64810306886693
262.601203492149,218.67592217237154,64.5679459683499,42.64815565525693
262.7951895761023,218.6758982861122,64.56788079883924,42.64820342777563
262.56057129480985,218.67588153335174,64.56783550917886,42.64823693329654
262.702301742094,218.6758636844101,64.5677871307277,42.64827263117982
262.9201282362321,218.67584614205697,64.56773943000334,42.64830771588607
262.6607620474854,218.6758244496,64.56768025113848,42.648351100800014
262.8955823337602,218.67579871587367,64.56761129881464,42.64840256825269
262.74259193298195,218.67577498603578,64.56754659794697,42.64845002792844
262.5615280668511,218.67575050411432,64.5674800305108,42.64849899177134
262.5889522998931,218.6757272706226,64.56741715877087,42.648545458754825
262.7275857876094,218.6757021287317,64.56734977950481,42.64859574253659
262.6072194533264,218.67567615730792,64.56727880400982,42.648647685384134
262.5198841005347,218.67564462321144,64.56719398102408,42.64871075357714
262.65162515132886,218.6756206781114,64.56712980884659,42.64875864377724
262.65233239161506,218.6755994062087,64.56707261346367,42.648801187582606
262.7224198884415,218.67557846380356,64.56701580151626,42.64884307239289
262.60943027974264,218.67555753935227,64.56695887263082,42.64888492129546
262.82160143023896,218.6755329029157,64.56689235732273,42.648934194168596
262.59865321675727,218.67551015339149,64.56683064677401,42.64897969321702
262.61050547344314,218.67548234086883,64.56675596641503,42.649035318262335
262.71594646862036,218.67545608294876,64.56668593377759,42.649087834102474
262.8198366523559,218.67542624369068,64.56660642978699,42.64914751261863
262.6491169726734,218.6753989954734,64.56653155937745,42.649202009053234
262.81987407357985,218.67537419428325,64.56646542618336,42.649251611433485
262.54255184153067,218.6753512717802,64.56640319758611,42.64929745643961
262.54129699308146,218.67532755912805,64.5663400683747,42.64934488174393
262.5192915379894,218.67530011923972,64.5662667648848,42.649399761520534
262.6813820427274,218.67527972280078,64.56621179038386,42.64944055439843
262.82340195629877,218.6752576465904,64.56615322687867,42.6494847068192
262.64382794911495,218.67523172940798,64.56608204778772,42.649536541184034
262.65742300649543,218.67520879351105,64.56602084180993,42.64958241297789
262.88796761195056,218.67518815390173,64.56596569042429,42.64962369219653
262.7906850855973,218.67516698028675,64.56590815199284,42.64966603942651
262.6657439517206,218.6751399827448,64.56583630042171,42.649720034510366
262.90318644570067,218.67511621210747,64.56577290979924,42.649767575785056
262.81018078081996,218.67509279759594,64.56570937171601,42.6498144048081
262.8057939658415,218.67506213254288,64.56562666043021,42.64987573491426
262.8247561376995,218.67504028849814,64.56556747115934,42.64991942300372
262.8370944560147,218.67500790611237,64.56548058358203,42.64998418777526
262.75919341886294,218.67497544035984,64.56539286365515,42.650049119280325
262.69941131745804,218.6749473126867,64.56531664161731,42.650105374626605
262.7610462676789,218.67491155237153,64.56522123717056,42.65017689525695
262.7355092148911,218.6748788057084,64.56513197481914,42.650242388583216
262.7102622398604,218.67484746049064,64.56504796769744,42.65030507901875
262.6349116920113,218.67481955571225,64.56497456958208,42.65036088857549
262.709285429277,218.6747857526337,64.56488562397479,42.6504284947326
262.69124392072956,218.67475149050682,64.56479636656944,42.650497018986385
262.6436203470746,218.6747139547453,64.56469770382368,42.65057209050941
262.8658404718898,218.67467944855494,64.56460498479665,42.65064110289011
262.7013147542401,218.67464006577399,64.56450100479948,42.650719868452015
262.7111567661235,218.67460519134306,64.56440799027703,42.650789617313876
262.61451695730676,218.67456533754273,64.56430255820972,42.650869324914545
262.80352281176397,218.67452261780446,64.56418817147328,42.65095476439109
262.83370908190994,218.67447978561063,64.56407187393336,42.65104042877873
262.97031073709314,218.67443756850798,64.56395701876716,42.651124862984055
262.9315978250805,218.67440677874833,64.563872403933,42.65118644250336
262.799261480439,218.67436229356582,64.56375139919668,42.65127541286837
262.70624094564863,218.6743236346019,64.5636457177312,42.65135273079619
262.835149026248,218.6742903378895,64.56355664307654,42.651419324221
262.82883584249834,218.67424831612735,64.56344209493463,42.65150336774531
262.8881565604715,218.67421516995208,64.56334984944995,42.651569660095866
262.83939867180686,218.67417336021273,64.56323520049156,42.65165327957451
262.63732882770313,218.67412077611263,64.5630914843488,42.65175844777476
262.62695638152024,218.67407985434025,64.56298232455836,42.651840291319516
262.7106706617943,218.67402464516624,64.56283317139216,42.651950709667545
262.85180443125677,218.6739844573252,64.56272207010277,42.65203108534962
262.5965032914473,218.67394213557594,64.56260421594024,42.65211572884813
262.4344399692871,218.67386275991538,64.56238431790226,42.65227448016922
262.7247305501405,218.67382976454257,64.56229088431432,42.65234047091482
262.99904714513167,218.67379049559923,64.56218082236471,42.65241900880155
263.38044452892524,218.67375042241366,64.56207010199967,42.65249915517266
263.7244554072638,218.6737164597402,64.56197404169546,42.65256708051958
264.0332002241686,218.67369066105007,64.5619024586519,42.652618677899845
264.3310841927383,218.67363643053272,64.56175521328882,42.652727138934566
264.31781120113305,218.67358365665248,64.56161444428422,42.65283268669506
263.8938913105766,218.67351564344509,64.56143760571494,42.652968713109814
262.12329397161494,218.67339895042034,64.5611271852953,42.65320209915932
259.8674681492553,218.67325303435598,64.56071628042358,42.65349393128805
258.65788023696734,218.67308292878266,64.56026420010747,42.65383414243467
260.01268951276114,218.67300485353948,64.55987988619073,42.65399029292105
260.83286282503514,218.67293979410078,64.55954242645298,42.654120411798445
261.4457776540431,218.67288360982633,64.55926604259164,42.654232780347314
261.84906298485475,218.67283769297487,64.55904281072075,42.65432461405027
261.4793893655007,218.6727801764377,64.55876364180556,42.65443964712458
261.603708116371,218.67272832254278,64.55851466888878,42.65454335491444
261.6254736560985,218.6726725116668,64.55825364836372,42.654654976666414
261.19498659714014,218.67262878875894,64.55804865289235,42.6547424224821
260.4810068400066,218.6725930324779,64.55788242806182,42.654813935044224
260.1631015883312,218.6725665313577,64.55776394295596,42.65486693728461
259.781459372536,218.6725265104113,64.55759697712729,42.6549469791774
259.73476962681787,218.67248033981863,64.5573973327284,42.65503932036271
260.233831005984,218.6724336490783,64.55719878303725,42.65513270184342
260.9092393837809,218.6723655631754,64.55690645294997,42.65526887364923
261.68349052739615,218.6722840968249,64.55653837344504,42.65543180635018
262.92342787482914,218.6721976881995,64.5561382231042,42.655604623601015
263.3803058766951,218.67210774486753,64.55571116500899,42.65578451026494
264.3205865651565,218.6720355428166,64.55533801478612,42.65592891436682
265.3080503920353,218.67197139931645,64.5550018546351,42.656057201367105
266.14454976759,218.67191510871734,64.55470958832034,42.6561697825653
266.8285286113728,218.67172230322578,64.55420535667959,42.65655539354846
267.4901104659058,218.67162936663854,64.55396280449685,42.656741266722904
267.2404827646079,218.67156263872914,64.55380418035543,42.656874722541716
267.8073940955785,218.6714433300629,64.5535201221969,42.657113339874165
268.7056583203723,218.67139068444828,64.55340485582153,42.657218631103426
269.1749679005997,218.67136340697974,64.55333503513803,42.65727318604055
269.51767911451697,218.67135773061463,64.55329926501838,42.657284538770746
268.9742261858846,218.67135284356715,64.55326697950662,42.65729431286571
267.4894268431332,218.67134769169905,64.55323041682527,42.65730461660187
266.09210893704426,218.6713440326404,64.55320160764992,42.65731193471917
264.9106365833483,218.67134269553145,64.553189552728,42.65731460893708
264.0605567102605,218.671342008322,64.55318366951668,42.65731598335602
263.27034706565416,218.67134119260012,64.55317721944107,42.65731761479977
263.24414394903516,218.6713405628333,64.55317210505146,42.657318874333406
263.78785663566447,218.6713400763367,64.55316791061053,42.65731984732661
264.3470882212865,218.67133962923987,64.553164202486,42.65732074152024
264.66442174709056,218.67133921393452,64.55316073272607,42.65732157213096
264.9210847824349,218.6713387227993,64.55315659816787,42.65732255440136
265.03000746867093,218.67133811889775,64.55315188233396,42.657323762204506
265.14608988625304,218.67133755450342,64.55314722797684,42.65732489099313
265.1249416081665,218.67133724782178,64.553144424113,42.65732550435642
265.214861792156,218.67133687527914,64.55314120849596,42.6573262494417
265.245445192444,218.67133657464436,64.55313842568667,42.65732685071128
265.51692400136125,218.67133629084464,64.5531360275978,42.65732741831071
265.7438540678287,218.67133605059436,64.55313388278206,42.657327898811275
265.9861595696441,218.67133568477405,64.55313102271924,42.657328630451886
266.4296516333309,218.6713351153219,64.55312677329442,42.65732976935618
267.1519646874388,218.67133463738475,64.55312330091999,42.657330725230494
267.64698672154606,218.6713340886582,64.55311923695892,42.65733182268358
268.10910022489566,218.67133335416455,64.55311392472913,42.657333291670916
268.51051758395795,218.67133283199075,64.55311002191978,42.657334336018465
269.541947136259,218.6713280157458,64.55309853160595,42.65734396850844
270.4533043203629,218.67132167462026,64.55308347179356,42.6573566507595
271.25016134367553,218.67131780808722,64.55307436405694,42.657364383825545
270.6783844585507,218.671317075155,64.55307010894649,42.65736584969002
269.4393248601426,218.67131638659777,64.55306540248804,42.65736722680448
268.0414576679514,218.67131448136385,64.55305417567966,42.657371037272306
266.6742913411357,218.67131314960312,64.55304616158652,42.65737370079378
265.86239497099064,218.67131080826616,64.5530307563536,42.657378383467695
265.1938569714352,218.67130683196072,64.55300112363612,42.65738633607857
264.80286794183615,218.6713017864902,64.55295593177752,42.657396427019584
264.5941897356911,218.67129536460033,64.5529089739257,42.657409270799356
264.70698700973975,218.67128941542848,64.55286102426285,42.65742116914308
265.06167653491144,218.67128629144642,64.55283548048453,42.65742741710716
265.14437188051744,218.67128292020104,64.55280969546433,42.65743415959793
265.1053465688744,218.67127287987674,64.5527424489561,42.65745424024653
264.89587897021215,218.67126191002205,64.55266539776444,42.657476179955914
264.8297836585381,218.67125441289633,64.55261088282514,42.65749117420733
264.6043852925005,218.67124530407165,64.55254297204175,42.65750939185673
264.8384233523442,218.67123420608675,64.55246228735388,42.65753158782652
264.74072318161524,218.67121969950676,64.55237162780183,42.65756060098646
264.6728258706117,218.67120464862447,64.55228118997539,42.65759070275105
264.85603234791864,218.6711889102766,64.55219170643076,42.657622179446754
264.77852296278934,218.67117636101466,64.55212147086151,42.65764727797066
264.74160397896765,218.67116746541916,64.55207066726899,42.657665069161695
264.6921184670011,218.67115808102707,64.5520156668605,42.65768383794586
264.9737926342074,218.6711463588896,64.55193718603972,42.65770728222084
264.86352328958924,218.67113755422662,64.55187456991058,42.65772489154674
264.95867778908377,218.6711319251464,64.55183480271778,42.657736149707205
265.12875583810154,218.67112725563865,64.55179979509435,42.65774548872272
265.31253113447843,218.67112528381753,64.55178565773338,42.65774943236496
265.51408756616337,218.67112356031052,64.55177310611961,42.65775287937894
265.58414875870307,218.67112229324158,64.55176408967061,42.65775541351687
265.82700720061814,218.6711207152472,64.55175299874442,42.65775856950558
265.4417785568976,218.67111901877547,64.55174151472782,42.65776196244909
265.3836241410652,218.6711149967411,64.55171027542974,42.65777000651781
265.4261980096278,218.67110470027353,64.55164746836685,42.657790599452966
265.73296069770356,218.67110149757173,64.55162638279609,42.657797004856555
265.4325968488571,218.67109983642098,64.5516123364475,42.65780032715807
265.46641492729896,218.6710975503731,64.55159503390774,42.65780489925379
265.71793174519314,218.6710951722978,64.55157757195889,42.65780965540437
265.6950719821034,218.67109318039252,64.5515616309131,42.65781363921496
265.7872616843413,218.67109135128234,64.5515479906976,42.65781729743534
265.8175691071278,218.6710869387676,64.5515200744459,42.65782612246482
265.8304540965724,218.6710832582002,64.5514962753012,42.657833483599546
265.69576612173216,218.67108041247343,64.55147749942051,42.65783917505315
265.8472815940909,218.67107899723862,64.55146664456784,42.65784200552274
265.65820272778467,218.67107606682947,64.55144539325354,42.65784786634106
265.78939510168505,218.67107366937648,64.55142780458091,42.65785266124703
265.64383506972484,218.67106935201087,64.55139828206221,42.657861295978265
266.0330816183806,218.67106462330943,64.55136830997962,42.65787075338111
265.9350971377435,218.67105828311662,64.55133027283398,42.657883433766735
265.79998695094326,218.67105035344474,64.55128730238502,42.657899293110496
265.8394843700761,218.67104459156516,64.55125302438154,42.65791081686967
265.7492100046486,218.67103904627984,64.55121726493739,42.657921907440304
265.59402242531996,218.67103554745273,64.55119423238104,42.65792890509454
265.7504601407713,218.6710338152092,64.55118092949776,42.6579323695816
265.53543087204605,218.6710320825377,64.55116772560558,42.65793583492459
265.63073291758946,218.67103025404504,64.55115477610032,42.65793949190994
266.13800423078294,218.6710264326054,64.55113172197139,42.65794713478919
266.15970659483145,218.67102583319473,64.5511275608993,42.65794833361053
266.6655514459446,218.67102559976925,64.5511257334671,42.657948800461476
267.9529476219058,218.67102345312702,64.55112075985572,42.657953093745945
269.075860093894,218.67101793652583,64.55110870879321,42.65796412694835
269.28152913605425,218.6709767919683,64.55101117236815,42.65804641606343
270.42097886417645,218.67096662506268,64.5509822987043,42.65806674987464
271.35413526773374,218.6709589840187,64.55095970326727,42.65808203196258
270.49944912544476,218.67093971753928,64.55090665768316,42.658120564921425
269.94930960766976,218.67092291000907,64.55086010882151,42.65815417998186
269.39955702001623,218.6709055043605,64.55081217591325,42.65818899127904
268.81088286582036,218.67088701545097,64.55076049136221,42.65822596909806
268.3473712991105,218.67086626761596,64.55070293392123,42.65826746476808
267.88301641376177,218.6708397341678,64.55063000312637,42.658320531664415
267.49022272630833,218.6708100106368,64.55054679955347,42.658379978726394
267.39620529804984,218.67076789009366,64.55043271050047,42.65846421981269
267.52234393045484,218.67072536027712,64.5503166505054,42.65854927944576
267.49598700507084,218.670686409073,64.55021076124618,42.658627181854015
267.8909322531087,218.67065760248542,64.55013241278775,42.65868479502916
268.03413685025805,218.67063582419894,64.55007221703573,42.65872835160213
268.314529494365,218.67060701543943,64.54999259059548,42.65878596912111
268.3768485681457,218.67057784879373,64.5499117444361,42.65884430241256
268.43200366168304,218.67055649805863,64.54985294680537,42.65888700388274
268.525869603465,218.67052397690307,64.54976330972609,42.65895204619386
268.446644882649,218.67048715468428,64.5496619673663,42.65902569063143
268.37707530657093,218.67045022794093,64.54955937941502,42.659099544118114
268.18094171678456,218.6704156308277,64.54946405379013,42.65916873834461
267.96342698696463,218.6703781210188,64.54936089071126,42.65924375796237
267.6503015589716,218.6703331185048,64.54923744240268,42.65933376299038
267.54542070307264,218.670279420908,64.54909332119469,42.659441158184
267.46120707997204,218.6702355681042,64.548975261667,42.6595288637916
267.2822559446122,218.67018192379922,64.54883249082553,42.659636152401575
267.2217427952148,218.67013725139915,64.54871251302714,42.659725497201705
267.0160011896759,218.6700939427755,64.54859757814329,42.65981211444898
266.96301974721416,218.6700432863789,64.54846149825633,42.659913427242195
266.9113830058764,218.66999823095227,64.54834083019789,42.66000353809548
266.73199361234197,218.66993716620956,64.54817827085986,42.66012566758088
266.5644547231843,218.66989312693204,64.54806137206064,42.6602137461359
266.5152253876428,218.66985418453297,64.54795748216812,42.660291630934054
266.3930529189092,218.66981151003193,64.54784435519844,42.66037697993616
266.33497259198106,218.6697629756908,64.54771458876084,42.66047404861844
266.31528877721604,218.66971709466537,64.54759388780748,42.66056581066927
266.2042132968003,218.6696760723298,64.54748434367794,42.66064785534039
266.12932154597536,218.66963604610982,64.54737780993692,42.66072790778039
266.0184859968622,218.66958989710687,64.54725659768698,42.660820205786244
266.1270474194742,218.66955201576633,64.54715530717148,42.660895968467315
265.9860410561197,218.6695107991732,64.54704500464851,42.6609784016536
265.87883196496267,218.6694706989761,64.5469385453295,42.661058602047795
265.9681624455416,218.6694320180877,64.54683517382166,42.66113596382461
266.13036395272934,218.66940176624698,64.54675447251662,42.66119646750606
266.090902276839,218.66935996011122,64.54664313075808,42.66128007977755
266.1449550525793,218.66932914430296,64.54656064162586,42.661341711394066
266.30327775910536,218.669287789135,64.54645174452487,42.66142442172997
266.4434928983603,218.6692573501002,64.54637066101853,42.66148529979959
266.37931652435697,218.6692230050458,64.54627982517916,42.66155398990839
266.38585445481135,218.66919606429022,64.54620853174443,42.66160787141957
266.51942166612565,218.6691651887467,64.54612488202125,42.66166962250661
266.46730841556456,218.66912776329787,64.54602523928256,42.66174447340428
266.3528597771909,218.66909193687556,64.54592941312178,42.66181612624888
266.4526879802494,218.66906909654776,64.54586760899358,42.66186180690448
266.5617737155287,218.6690440217888,64.54580005388794,42.6619119564224
266.66435935774405,218.66901423437784,64.5457199329733,42.661971531244305
266.7608766253546,218.66898448412388,64.54564042974306,42.66203103175226
266.62557610230596,218.66896664182622,64.54559180428592,42.66206671634755
266.6973299619556,218.66893904855002,64.54551795387167,42.66212190289997
266.6905643562284,218.66890387058186,64.54542441897367,42.66219225883631
266.83225627464856,218.66886816436784,64.5453278092871,42.662263671264306
266.714428115647,218.6688475740675,64.54527174807296,42.662304851864995
266.88792984305024,218.66882776245504,64.54521766198187,42.662344475089924
266.78267344360444,218.66880481597155,64.54515569984042,42.66239036805687
266.60169647341945,218.66878752924367,64.54510851916618,42.66242494151266
266.5454537794279,218.66875967049506,64.54503453645283,42.66248065900986
266.47536856085424,218.6687230868544,64.54493724384088,42.66255382629116
266.46002710504064,218.6686993540907,64.54487383334289,42.66260129181859
266.4165461692874,218.66867307198825,64.54480343888817,42.66265385602349
266.41384100519844,218.66865289419258,64.54474938413084,42.66269421161487
266.47759376929713,218.6686205183006,64.54466319356372,42.66275896339882
266.65804734291055,218.66859675436945,64.54459991340039,42.66280649126108
266.8204300797186,218.66857199249776,64.54453327539552,42.66285601500449
266.8182306550568,218.66854391387187,64.54445828762668,42.66291217225628
266.7860020429933,218.66852805097156,64.54441512027039,42.662943898056895
266.7580793781769,218.66850875417686,64.54436308364772,42.662982491646275
266.76417968429575,218.6684880153446,64.54430734432869,42.6630239693108
266.630504699659,218.66847096167015,64.54426113178029,42.663058076659695
266.514842437968,218.6684371121765,64.54417074103117,42.66312577564702
266.48644606738213,218.66840589783837,64.54408777275862,42.663188204323255
266.3833859692261,218.66837556204274,64.54400649023184,42.663248875914505
266.3118378954063,218.6683468089465,64.54392922638283,42.663306382106995
266.16674512956484,218.6683194080191,64.54385605244975,42.663361183961804
266.2438986937387,218.66830000017848,64.54380379272867,42.66339999964304
266.2429285975794,218.66827195878005,64.5437296155763,42.66345608243988
266.1604473326456,218.6682362956834,64.54363539526551,42.66352740863316
266.0769063026186,218.66821115664436,64.54356876092348,42.66357768671125
265.93942106373345,218.66818174372705,64.54348999929677,42.66363651254589
265.8553384041616,218.6681448367756,64.54339155525115,42.663710326448765
265.70042037244576,218.66810984232112,64.54329833720966,42.66378031535777
265.85991975865767,218.66806483225318,64.54317854327667,42.66387033549363
265.6629765756908,218.66801688073207,64.54305123614338,42.66396623853586
266.0292254934845,218.66797229741923,64.54293277744416,42.66405540516153
266.0955912027383,218.66794703264785,64.54286457910376,42.66410593470433
265.9871259491691,218.66791611447957,64.54278287456165,42.664167771040866
265.99122666834467,218.66787607553601,64.5426768589702,42.66424784892794
266.04152602913774,218.66784316106435,64.54258997140953,42.66431367787131
266.13808485140447,218.66781148702003,64.54250609660275,42.664377025959915
266.26610039490356,218.66777882029496,64.54241899339785,42.6644423594101
266.3322856773716,218.66774428403252,64.54232713906546,42.66451143193495
266.44301401312384,218.667715057075,64.54224927081424,42.66456988585002
266.4784472758709,218.6676781217098,64.54215209257055,42.664643756580375
266.42104493838264,218.66762095147712,64.54200167756078,42.664758097045755
266.4095631921603,218.66756937745438,64.54186505092129,42.66486124509123
266.34195799188205,218.6675156532542,64.54172319756393,42.66496869349158
266.3064585779201,218.66747402929528,64.54161217180281,42.665051941409466
266.22032099227,218.66742004635597,64.54146898716137,42.665159907288064
266.2675281110648,218.66738321886598,64.54137058391522,42.66523356226806
266.10269235508684,218.66733207717638,64.54123541042338,42.66533584564724
266.07906835095855,218.66727375255513,64.54107997134992,42.66545249488971
265.9973836342825,218.66722026018564,64.54093933545101,42.665559479628705
265.9249423999709,218.66717913556434,64.54082867768186,42.6656417288713
265.8496054560955,218.66713598871274,64.54071382610907,42.665728022574484
265.82534089418783,218.66708036335623,64.54056762143126,42.66583927328755
265.78074575851383,218.66701653767774,64.54039799838435,42.665966924644536
265.7518635387317,218.66695781529222,64.5402421161265,42.666084369415586
265.9587007419958,218.6669024399721,64.54009633079504,42.666195120055804
266.251408208165,218.66684174341256,64.53993475634383,42.66631651317487
266.4637900929129,218.66678213503945,64.53977865119471,42.66643572992112
266.50050472206897,218.66672520678884,64.53962698554166,42.66654958642234
266.4911286046119,218.66667567210274,64.53949596793936,42.66664865579453
266.4483751034809,218.66662778394675,64.5393684853143,42.6667444321065
266.1269543053385,218.66658363018982,64.53925054647723,42.66683273962035
265.9984062629844,218.6665509981535,64.53916319860622,42.66689800369301
265.6107404968859,218.6665167086286,64.53907168087657,42.666966582742845
265.5847586061451,218.66646041390908,64.53892128113756,42.667079172181836
265.6137154899766,218.66637705783762,64.53869955323256,42.66724588432474
265.75290861432933,218.66630191443295,64.53849843369282,42.66739617113408
265.49867584652117,218.6662416321417,64.53834108455872,42.66751673571663
265.5864067317805,218.66616507802928,64.53813815913091,42.66766984394147
265.61470343992306,218.66610009144068,64.53796555336642,42.66779981711866
265.75785180169186,218.66601538636218,64.53774084559124,42.66796922727562
265.63831340179763,218.6659892781427,64.53767081672818,42.66802144371463
265.8655985147534,218.66589968771797,64.53743470083822,42.66820062456404
265.88066690395544,218.66582068781295,64.53722550584551,42.66835862437409
265.89269012717665,218.6657744110151,64.53710229255452,42.66845117796981
265.94688137964073,218.66570476023307,64.53691840055477,42.66859047953388
265.96376508473156,218.66564824674109,64.53676889664558,42.668703506517836
265.88090766641625,218.6655967722784,64.53663222966556,42.66880645544317
265.68088692358106,218.6655347235342,64.53646789453704,42.6689305529316
265.90608052560844,218.66547066873503,64.5362985931427,42.66905866252995
265.87101310566885,218.66542365964722,64.53617228242327,42.66915268070559
265.61113577696887,218.6653797145904,64.53605588374344,42.669240570819206
265.83015273505595,218.66532714347025,64.53591386810864,42.6693457130595
265.45600441981776,218.66528254473252,64.53579586292678,42.66943491053499
265.5190869667726,218.66520850181823,64.53560011935507,42.66958299636353
265.58720173267386,218.66513033910778,64.53539153107505,42.669739321784434
265.6337943550774,218.66506544727878,64.53521779216982,42.66986910544243
265.676552140809,218.66499826300145,64.53503714009955,42.67000347399713
265.66614174261775,218.66493294505943,64.53486082200257,42.670134109881104
265.52842316054455,218.6648789555081,64.53471722233215,42.6702420889838
265.36508033103723,218.6648161498051,64.53454811593156,42.67036770038984
265.0490095395303,218.6647631383704,64.53440619016781,42.670473723259164
264.9944802980573,218.66470384535648,64.53424519653325,42.670592309287045
264.8736388023592,218.66465738361526,64.53411966916205,42.670685232769486
264.7816283274525,218.66461043852374,64.53399580913329,42.67077912295253
264.8292331868287,218.6645648865554,64.5338741252492,42.67087022688917
264.8190018978647,218.66450400450196,64.53371151236774,42.67099199099608
265.03994157776503,218.66446937399428,64.53361757751487,42.67106125201145
265.10321985551434,218.6644176406342,64.53348055133505,42.671164718731546
264.9899402199093,218.66436134914844,64.53332871326464,42.67127730170315
264.97323954106963,218.66431527280164,64.5332040713084,42.67136945439671
264.75408272254833,218.66424597897458,64.5330198371905,42.67150804205087
264.63216932127625,218.6642086462096,64.53291817746779,42.67158270758082
264.5488697443243,218.66412212901164,64.53268713439505,42.67175574197672
264.33967602185794,218.66404880974056,64.53249017295188,42.671902380518844
264.0638101345631,218.66397513487698,64.53229151999031,42.672049730246044
263.7879443360832,218.66390146055082,64.53209286821271,42.67219707889836
