276.5,161.5,73,74
280.13982220775245,163.10295793120667,69.81180770622973,72.73762947907835
283.6527906023036,164.88385702917208,68.08707798270977,69.9202419171884
286.8536009789664,167.15162285882835,68.05186700797904,67.14468533359756
289.74414071510705,166.9298653161789,67.70929795363602,65.38111862415772
292.77784271343234,168.0112184363486,66.9914790132904,64.37755607011289
296.12945475516966,169.07177051246435,65.75524969223633,63.446822119945885
300.1207443003568,173.8793689688451,65.83575615789226,60.26719783139091
303.22290283605145,179.55257390812244,65.89180552632241,57.26200690120048
304.1931780042132,184.4314994106458,64.87253533564405,54.708771012273125
313.2693132447528,182.93704717248443,64.72852939619072,53.64828803360936
315.69350926233676,181.43015601510885,63.89361897799681,53.197232558824965
317.42414675099093,178.23036742295648,63.417213719240095,53.09487759896468
308.8623899535322,174.53571660902048,62.19988983551984,53.0877329988093
302.76779746717125,163.18275648761275,61.75635576832477,53.40195058964724
304.0287608379818,159.61444016872542,60.52838912115555,54.29603190067021
311.02733752637727,159.41646250654372,59.37839608372012,54.117165872074914
311.05873031583525,159.4344851618976,58.595351672826254,53.833869691496936
311.28988666788683,159.19787609583787,58.04026065109278,53.70700834678307
307.85766454238194,162.64552551154844,52.21754441015922,58.4287186782648
310.3035479799507,170.33365906665728,52.286369804919254,56.98639913121851
311.5544809570605,170.70476138960265,51.932059201956974,55.601871885439884
307.23418798004934,167.0464608734708,49.89345833499528,56.70062509360688
311.67031185764284,176.01207240999227,50.44131365292843,53.53653954802977
312.1954649291005,176.6749897313178,50.33350369054747,53.272173745024126
311.71137786413277,177.29191030806797,50.282328603068045,52.99283320712056
310.44679226371085,178.92711926438938,50.207654446016996,52.62847718221883
309.98574136551207,180.72459088044786,50.11412337460144,52.22677292371944
309.4744323988524,182.27397781401743,50.04797640199121,51.97428797602914
309.40974996578245,184.13331206790204,49.977535173961556,51.75361556010254
309.1523940039564,185.65582041531215,49.88058095467316,51.377792133104606
309.2232647581209,187.16176963112906,49.77810231480815,51.04494343177168
308.4143629982356,188.82634997843277,49.71565852775497,50.80247650089719
308.69522708074214,189.2110620281121,49.62961637644048,50.57515104293408
308.3394289893972,190.20639232740817,49.46074156799567,50.14171400276784
308.1834404541672,190.7068401524132,49.43096148995136,50.04195248609669
308.2134529321396,191.74801153829856,49.39703617302007,49.868317333039414
307.66041041196917,190.83526581065243,49.38507969801058,49.80447422889101
306.6123149027212,190.75805010746126,49.37350075038107,49.764164386188924
305.4190896940089,191.8356336883603,49.36609011243155,49.718406318247645
303.9723652558555,192.28059233903411,49.3473115965416,49.65817142666336
302.6164624614923,199.74117923547539,49.34899483839002,49.468704253043505
302.2748445013624,199.8255025107369,49.33352472780416,49.42944585607349
303.0001439844507,199.62410292168406,49.299957765030236,49.369396609267675
302.40583889712514,200.16855231504434,49.2900330933755,49.33857849576488
301.6100903500521,200.50162011077128,49.27556779185359,49.301374367075724
301.93872799184425,200.30002530197606,49.25918596758936,49.26108838060887
302.29282909017945,200.15535457274572,49.24343816859731,49.223998385841526
303.0349735683186,200.07261404473888,49.23023249574337,49.18390676221633
302.83876989538635,200.22724468705403,49.22006315665608,49.15177918081788
302.30448816037966,200.63651502147127,49.20535440796532,49.113731532994706
302.07044785790384,201.03845312843416,49.176554153780316,49.05333582262806
301.69159171134913,200.82615050055463,49.128753362954924,48.967567426405765
301.9068661773037,201.3050897303848,49.10908681463086,48.93342482375536
301.65240838219495,201.07168226828946,49.08638464419009,48.89600966591091
301.1929848033304,201.27633646922487,49.069263581685234,48.860283031122336
300.52325671271706,201.45269768823678,49.02503882323755,48.79921225926291
300.57281247245794,202.67836027933785,48.999119304144926,48.7291169545327
300.72630987590424,203.36356378116008,48.96706051762657,48.66481878324755
301.1785920974291,209.5506327563687,48.96314574136308,48.57265371796211
302.12882198729983,208.76485033446806,48.93302130212143,48.4910042263218
302.31713564420795,209.53716531533507,48.910357750826925,48.378647414078166
302.87649845286046,209.8954686995857,48.873025256194936,48.24635874698302
304.0718019746497,209.17958168300072,48.83688202830556,48.1306217985932
305.43078711937784,207.8569843628162,48.818884845233534,48.05495214300275
304.269817560462,240.42114331993517,49.54826784410017,46.31359711938986
305.2165047771026,243.86331039149385,49.54826761545456,46.31359563313282
306.63462131832796,245.78672237893986,49.54826671836753,46.31359129744675
307.09386318757623,248.09935355231025,49.54826516428114,46.31358882695721
308.15017374614064,250.11464927559564,49.54826487768816,46.31358791459661
309.5036282649203,253.42670276870766,49.54826454297928,46.31358638186378
310.30232110263773,257.7101881337143,49.548261293806306,46.31356931090802
311.1576291212213,262.40933843988364,49.548260772348016,46.31356600844496
311.3844251982612,266.3534918216938,49.54826059085768,46.31356109418979
312.0161550754639,270.7867924303564,49.54825968445182,46.313558959811395
313.38846720013356,274.4775309909973,49.54825933457248,46.31355871764952
315.7741750205819,276.2110269058445,49.54825892728789,46.31355783567848
317.6514864340727,277.937972560421,49.54825879813641,46.31355708858298
319.7527570358492,278.54197759210376,49.5482584690647,46.31355567218252
320.37610696029674,279.5419076311293,49.54825771494194,46.31355313903044
321.0357935414372,282.3497699551147,49.54825744504069,46.3135521009839
321.54136674032924,284.9966045394836,49.54825735424822,46.313551679194305
322.2573349202428,288.11461972718297,49.54825725845926,46.31355092873457
322.9917837313772,290.03921861949937,49.54825709808154,46.31354957812283
323.19018673106206,292.6991707574596,49.548257159979684,46.313548675920494
323.9541159130727,296.36587201926034,49.54825705325213,46.31354783231171
324.2890419592221,298.3940239182939,49.54825691970499,46.31354753537379
325.00028744833565,300.0727635650871,49.54825665745838,46.3135470988278
324.30950411822937,326.1063259040003,49.506160059118436,46.05871261265177
324.261920782961,351.08906867102877,49.321005787253235,45.797946622051924
324.6068808448661,376.3241789621029,49.08474188983961,45.668336544053986
325.48440876904874,402.4559043079347,48.88192760527138,45.452226245456764
325.7358981213301,428.8306250119962,48.61064215362981,45.543238938896394
325.77305639607044,455.3367125419492,47.53248277349106,45.31596072957616
326.075388730582,457.76190155782115,47.20961283131656,44.47619688435769
326.2310040630801,457.89367135435964,47.008116813296425,44.21265729128073
326.4043951708993,458.03439670535187,46.78874469656826,43.93120658929628
326.5214667350818,458.15154888806205,46.59522661514203,43.69690222387594
326.69426007225496,458.3131422889268,46.35045674943663,43.37371542214636
326.86391878886053,458.42935139691025,46.13533230658812,43.141297206179466
327.0583266993924,458.5729598872654,45.895430599165195,42.85408022546916
327.18036142937353,458.6956711807288,45.67505219922447,42.6086576385424
327.3480391826479,458.8302605955808,45.448851945251555,42.33947880883843
327.46358318182206,458.9479344645322,45.22988806250437,42.104131070935594
327.6050373254361,459.1292328144513,44.905845291164006,41.74153437109732
327.67571413088484,459.2355254905565,44.71112372651911,41.52894901888699
327.8455757775971,459.36798500576384,44.461606705994626,41.26402998847231
327.9999685840383,459.47218718867794,44.245666763991174,41.05562562264418
328.1648780275907,459.64408372730867,43.914674170277515,40.7118325453827
328.2776367288385,459.74777601010663,43.703447401393355,40.50444797978677
328.4415010795666,459.92031757440765,43.365563579072585,40.15936485118474
328.5439022763374,460.02806894301074,43.15186141857919,39.94386211397851
328.73408839510364,460.1542038972484,42.90404809308548,39.69159220550314
328.88555288410515,460.2646359810502,42.66564603808328,39.470728037899555
329.0768893280667,460.3853638302674,42.427687297012646,39.22927233946513
329.2361688096753,460.48059702596805,42.22266535477682,39.03880594806393
329.4161994566384,460.61126754924805,41.96293784835145,38.777464901503855
329.55376380336514,460.7205215398991,41.72080051204564,38.55895692020175
329.72204673131864,460.8312034206524,41.50572058234959,38.33759315869524
329.8155627912506,460.92013072241605,41.30208175908501,38.15973855516789
329.9683086177053,461.02591692420464,41.07264945505688,37.948166151590705
330.1246179595837,461.136969437586,40.85605561237022,37.72606112482804
330.2608207842294,461.2364658128219,40.64273753011021,37.5270683743562
330.43556687369926,461.3536410867723,40.40543118700883,37.292717826455316
330.59115809029925,461.45322072151924,40.178981830202474,37.09355855696153
330.7930446181724,461.58290788669484,39.915007788189996,36.83418422661029
330.9218330841339,461.6821030837618,39.68548621121987,36.635793832476494
331.10995702541425,461.8094264884955,39.42548766645156,36.381147023008985
331.22968759452885,461.89985917071783,39.21665970024268,36.20028165856439
331.3919685557627,462.0256929040501,38.97436415319747,35.94861419189972
331.5298933945405,462.1284582135342,38.7331674761754,35.74308357293159
331.67651961406267,462.21876388087213,38.53332199749924,35.562472238255715
331.8403692703122,462.34944060379314,38.27184949521711,35.301118792413774
332.00952949487515,462.453391999175,38.045410622569634,35.09321600165009
332.14361017373193,462.57784022244033,37.79807998924448,34.84431955511931
332.2776362100864,462.6757164306344,37.553417611747676,34.64856713873121
332.41993771028626,462.78353400401375,37.33064190215121,34.43293199197248
332.50279390338653,462.89155167646567,37.093043073349065,34.21689664706871
332.6316452110863,463.01532527559834,36.857275220546505,33.9693494488033
332.68348459243805,463.1039803846267,36.6592152744572,33.79203923074655
332.8176368641377,463.22680098505947,36.41546230147348,33.54639802988106
332.89398163565255,463.31236030529567,36.207495232065064,33.37527938940872
332.9812403814106,463.39114654451015,36.026837706834534,33.217706910979686
333.1118682442366,463.50602120953545,35.78700162181303,32.987957580929134
333.197954069484,463.59378172196983,35.580045911346595,32.81243655606034
333.3199250113938,463.7018280376786,35.3650350529426,32.596343924642795
333.3539742733767,463.7875204754795,35.158353807624316,32.42495904904102
333.4208644174775,463.86388170437164,34.98023053590859,32.272236591256714
333.5320147606084,463.9763357350939,34.76164432635895,32.04732852981209
333.5850371650495,464.06421770536963,34.56432930166722,31.871564589260746
333.68543329747166,464.1655661358474,34.35973117105654,31.668867728305095
333.79160585663857,464.2741249458525,34.1385106035347,31.451750108294924
333.88733047546924,464.3539766565551,33.950726297621365,31.292046686889705
334.0434588199164,464.4658903486965,33.71406977087554,31.068219302606924
334.1167796617784,464.5437955393014,33.53757131033283,30.91240892139715
334.2233534246641,464.6370483125861,33.34739367867272,30.725903374827805
334.3405715862239,464.7424261874025,33.139863309437196,30.515147625195006
334.3995679266686,464.82773948360006,32.93009638841157,30.344521032799875
334.5287902421923,464.9411596228263,32.691490114708465,30.117680754347358
334.56956574902273,465.01067333999777,32.52667966008916,29.97865332000451
334.6768741942733,465.1200332743782,32.2972867520712,29.75993345124355
334.7759777966389,465.23573214502386,32.05947074096823,29.528535709952283
334.8087975567577,465.31791316942287,31.871117841168726,29.36417366115428
334.8828401583296,465.42417188604173,31.651043451916873,29.151656227916508
334.9183502299669,465.5002276709969,31.475852449782167,28.999544658006226
335.0259253477673,465.6146109639295,31.245523214317785,28.770778072140995
335.07926473129965,465.70112834837187,31.045002171812477,28.597743303256234
335.1315154839938,465.7811718351891,30.861974556967184,28.437656329621714
335.18346744524814,465.87487900413265,30.667550721917593,28.25024199173466
335.2088452868867,465.955474076786,30.481944357812324,28.08905184642802
335.2685112664738,466.0354612923895,30.291539745702185,27.92907741522094
335.3459508255815,466.14293959112564,30.06641400552036,27.71412081774876
335.35311202209135,466.2099349789144,29.914017601890162,27.58013004217117
335.4166941526458,466.3165597112097,29.693262962019972,27.3668805775806
335.4869636568477,466.4267239130341,29.460737021755666,27.146552173931862
335.46623838506713,466.49006076745115,29.309640586723955,27.01987846509765
335.5600180077142,466.61195357875187,29.056357624217164,26.77609284249625
335.54306329162637,466.68158922985987,28.90457797961153,26.6368215402803
335.57302409060446,466.7758803518013,28.70400208597247,26.448239296397407
335.6892024678908,466.8810723425141,28.45537862593137,26.23785531497188
335.68929811788547,466.95344827080277,28.293729742633943,26.09310345839448
335.7429384131308,467.04866478315074,28.086871971102042,25.902670433698535
335.7550008077475,467.11841392830564,27.929372356748623,25.76317214338877
335.7780604470819,467.18584692727524,27.75281846067971,25.62830614544958
335.7871113217949,467.2692702800959,27.586587128848524,25.461459439808205
335.75731413537045,467.33409869231525,27.445212446402444,25.331802615369444
335.768679531909,467.39970733005276,27.293894347779595,25.200585339894438
335.8227354506485,467.4948576298856,27.086326021214358,25.01028474022883
335.88332231168334,467.59342934888446,26.89414095703646,24.813141302231045
335.87609959546137,467.661333279834,26.747868678627768,24.677333440331914
335.9379886999125,467.7510186697027,26.550063013382324,24.49796266059451
335.9418291134959,467.8212452539153,26.385872324865513,24.357509492169306
335.9610404259811,467.88757795337887,26.221089760320012,24.22484409324222
336.0100510950649,467.9869451159472,26.01426303394009,24.026109768105616
336.0121261777136,468.050930446902,25.853927241659093,23.89813910619608
336.02759498451275,468.1162216115599,25.708055608316407,23.767556776880106
336.0675754966019,468.21078079378754,25.521627508492156,23.57843841242498
336.181417917849,468.30917551286984,25.304883488770624,23.381648974260333
336.2094940716345,468.3700189929107,25.169338740582546,23.259962014178694
336.2595140637202,468.4719976452207,24.968462516656068,23.05600470955862
336.3204845309731,468.5400604141623,24.800655167245658,22.919879171675333
336.35141007648394,468.6088815039105,24.641388390570256,22.782236992179065
336.4344493100152,468.686412709055,24.47285358280165,22.627174581890017
336.5203634536721,468.778684835241,24.285309884555108,22.44263032951804
336.54125456783584,468.84098656727707,24.143610929876772,22.318026865445894
336.6417620763472,468.9324761235479,23.942809059194705,22.135047752904278
336.7433032437143,469.02231853667763,23.7603247430024,21.955362926644696
336.79962337098686,469.0940939027572,23.598255462956345,21.811812194485597
336.906756475467,469.17897544275723,23.40386276876752,21.64204911448548
336.9733128453068,469.24330787544216,23.26166598040699,21.51338424911567
337.00984090509075,469.299551579843,23.135054275395063,21.400896840313994
337.08710170455146,469.38636784193613,22.967292633399733,21.227264316127787
337.1692424822025,469.475116903877,22.77065506175983,21.04976619224605
337.2055503596142,469.53392757624863,22.63255787515417,20.932144847502755
337.2684556570258,469.6116071559474,22.464064528317707,20.776785688105136
337.3528548216856,469.6973110021662,22.281601348964337,20.605377995667542
337.3697159577105,469.757188902691,22.147063832895427,20.485622194618045
337.37588491193446,469.8188543072759,22.007828097656812,20.36229138544815
337.4497362011971,469.89648689555463,21.846427019481784,20.20702620889075
337.4420592406822,469.95099740722986,21.730702831366326,20.09800518554032
337.48259545464464,470.0133600264249,21.593661016148598,19.973279947150196
337.5438179625794,470.0863837684761,21.43331856619356,19.827232463047856
337.63128442960794,470.1767678784453,21.247387903691756,19.646464243109413
337.6499233763507,470.23309989791795,21.12152042388867,19.533800204164052
337.66527763493735,470.2884984078922,20.99936974640712,19.42300318421567
337.7285734742192,470.3610970776769,20.832765086100675,19.277805844646142
337.7926427206316,470.43533490084013,20.662134330256926,19.129330198319714
337.81803614333205,470.4909401830344,20.53918917801884,19.018119633931175
337.8643055975305,470.56608673427155,20.374750535184475,18.86782653145686
337.910367606485,470.6394051562177,20.211065210560534,18.721189687564593
337.9069317793075,470.68660387584026,20.107485166612282,18.62679224831951
337.9188546427718,470.7357064979695,20.00181066666195,18.52858700406105
337.9655099459781,470.8133231363008,19.85009469445444,18.373353727398374
338.00249108517136,470.8770721523394,19.70953817301834,18.24585569532124
338.0377302205546,470.9284777413263,19.596361027182304,18.143044517347466
338.0580582921699,470.97503854790654,19.486438125092512,18.049922904186953
338.09472205884344,471.0405153327205,19.346653409576444,17.918969334559023
338.1268647383681,471.10855388619296,19.20490159989551,17.78289222761406
338.1288950284795,471.1584162741108,19.09771392009912,17.68316745177847
338.14342761068906,471.20490924221735,18.993789605925926,17.590181515565334
338.1699214805462,471.2682658937253,18.851941637553978,17.4634682125494
338.2053636076764,471.33355354092606,18.716669912809714,17.33289291814783
338.2182861411676,471.3786969031494,18.6160002742179,17.2426061937013
338.2244342152548,471.4214689692955,18.515161105854638,17.157062061409
338.22693666618665,471.46431317707857,18.41897785384035,17.071373645842815
338.2792321955906,471.53282666522705,18.27906162174383,16.934346669545896
338.35900522928085,471.61030664152275,18.120485061396394,16.779386716954534
338.37962457215417,471.6572929745665,18.013349842220162,16.685414050867042
338.3706249138908,471.70122494870606,17.917938127083417,16.597550102587903
338.42063229904534,471.76154937283843,17.79596148523978,16.47690125432308
338.4812913604085,471.81972973232615,17.676403766721243,16.360540535347674
338.4876442922338,471.85554308475804,17.59259877077118,16.288913830483896
338.51426928238936,471.8925589997673,17.498104183041292,16.214882000465373
338.51302024402025,471.93237687922675,17.409161500180296,16.135246241546472
338.57159604053277,471.99501996226604,17.29221056689039,16.009960075467873
338.6136340875941,472.0557244479092,17.17122881526771,15.888551104181648
338.6314138867274,472.0976448663142,17.07561346937287,15.804710267371593
338.6421081827354,472.13057252039664,16.99570814773378,15.73885495920675
338.65227695268965,472.16680294400885,16.90825194075921,15.666394111982255
338.7049791870045,472.22907449729274,16.788059599807603,15.54185100541446
338.7816185451737,472.2896491838591,16.660239530407345,15.420701632281709
338.7776232704231,472.32572008059776,16.577160925467346,15.348559838804444
338.78383667917296,472.3632782259469,16.496341637488527,15.273443548106265
338.77649401366364,472.39797359346215,16.421495226470782,15.204052813075728
338.834442301561,472.4550130129433,16.308674132534122,15.089973974113422
338.8869311791319,472.51474333900563,16.187967123280764,14.970513321988738
338.9489963595512,472.58187865251796,16.05912234889618,14.836242694964042
338.97279527086937,472.61692085649486,15.981098519495651,14.766158287010295
338.9960485086919,472.6541039028513,15.895552867893148,14.691792194297344
339.0415536844229,472.70728738461816,15.784354503339353,14.585425230763724
339.09365237129117,472.76279125602537,15.67033456447203,14.474417487949216
339.15577921391355,472.82216611202705,15.545311806665742,14.355667775945847
339.16973953662614,472.8546807977264,15.47163461259746,14.290638404547211
339.1951308086939,472.8893755051091,15.388467002310373,14.221248989781826
339.2692620157816,472.9457791688933,15.261100743522068,14.10844166221339
339.30725424574615,472.9951187937865,15.155450912189846,14.009762412426992
339.35784932365704,473.04994666936824,15.038409942308663,13.9001066612635
339.37327749427715,473.0839901626206,14.96079591418527,13.832019674758845
339.39405487648315,473.11955074482364,14.883130264331976,13.760898510352737
339.4257027540216,473.1532313324506,14.800009333850502,13.693537335098776
339.4703252335444,473.20107418131704,14.695291715895108,13.597851637365945
339.49159651521006,473.24813865858164,14.598290288530526,13.503722682836713
339.50710673037577,473.27680788222057,14.52885652356119,13.446384235558812
339.5365228018676,473.31290480343364,14.447256259364893,13.374190393132764
339.5508602086412,473.35072311449323,14.363762197200922,13.298553771013527
339.94418771368964,473.35072312016393,14.363762195896891,13.298553759672085
339.94588078860716,473.3822721518374,14.294472963571978,13.23545569632515
339.9849304968439,473.43189812237705,14.193375476754102,13.136203755245909
340.0432233266793,473.47928354200985,14.094599925223394,13.04143291598026
340.05631629032075,473.50986235924927,14.021241298816884,12.980275281501482
340.06503284848134,473.5381894086206,13.955020625907112,12.923621182758772
340.07471056679606,473.57137291871123,13.88437924812389,12.857254162577552
340.0883443637089,473.6036758975371,13.813438541309612,12.792648204925856
340.1377130643605,473.6521558080932,13.720629749061027,12.695688383813657
340.18784123110777,473.7006260175475,13.619917522572402,12.598747964904977
340.2472548509244,473.7508747837835,13.513508681572821,12.498250432433013
340.268759696554,473.7829298114484,13.44001991492642,12.43414037710317
340.304095241958,473.81984364394475,13.353795328271794,12.360312712110455
340.3241777443271,473.8492216010549,13.291206413556507,12.301556797890136
340.38921833709594,473.89916079869624,13.191425504372754,12.201678402607481
340.4442929198662,473.94744751415953,13.089322764711273,12.105104971680891
340.50690814128706,473.9912549653303,12.999236907985672,12.017490069339381
340.51739589200287,474.02077496115186,12.933623450828806,11.958450077696275
340.540444117764,474.0492076775167,12.868624054905558,11.901584644966663
340.57407834225967,474.08221432482395,12.79422857795568,11.835571350352087
340.6528913475838,474.13452873857653,12.676423227212998,11.730942522846915
340.7237960007483,474.1831164561556,12.57086743278975,11.63376708768886
340.78010675447666,474.22828461555923,12.477702850203636,11.543430768881537
340.80858074789467,474.25851428419577,12.406575299286482,11.482971431608501
340.83208280457893,474.28643370734596,12.339998741657887,11.427132585308057
340.8553373900116,474.3160018092549,12.27000198240185,11.36799638149026
340.93862207993465,474.36330350846885,12.164304397375522,11.2733929830623
341.00749940386396,474.4146989339417,12.060707830333211,11.170602132116676
341.073208467667,474.4546097853666,11.975000884784968,11.090780429266808
341.09293602425544,474.48287883205273,11.912066388169306,11.034242335894488
341.1135020479772,474.512105604941,11.845852693165734,10.97578879011801
341.13915706734406,474.5416504349396,11.776923543788104,10.916699130120811
341.16305659857284,474.570526545392,11.709969770635414,10.858946909216021
341.2328200397522,474.6115528935466,11.625095877187341,10.776894212906754
341.29552760111477,474.65698581993166,11.534008991638208,10.686028360136648
341.3727657296786,474.7030528721419,11.437151952293766,10.593894255716252
341.3947539344074,474.72653389200093,11.382098285962952,10.54693221599816
341.40321369140116,474.75167893203076,11.327181269141715,10.496642135938536
341.41531576051705,474.7765704982896,11.272672987704723,10.446859003420803
341.4418145376862,474.8035043087375,11.209854495256065,10.392991382524984
341.50676871663933,474.84541985003347,11.121629818658969,10.30916029993304
341.5704413223726,474.886225420695,11.044358633181128,10.227549158609992
341.6382144677636,474.9279905780185,10.9521585388121,10.144018843962904
341.6599362439152,474.9552090795798,10.88851120985134,10.089581840840431
341.6819873367637,474.98048830601795,10.832189359513553,10.039023387964157
341.7040792138372,475.0,10.772685537141287,10
341.728407305936,475.0,10.701572142596637,10
341.7472212544589,475.0,10.645564859036373,10
341.80661397252135,475.0,10.565886291119044,10
341.8422410579374,475.0,10.504761781586184,10
341.89021986673794,475.0,10.444609516017264,10
341.93643147358557,475.0,10.388121406215316,10
341.9776748772184,475.0,10.330088000515136,10
342.0135163135538,475.0,10.280723487308794,10
342.0670375540016,475.0,10.23113193420714,10
342.1053279371806,475.0,10.190312557730563,10
342.14127282341343,475.0,10.146714409304327,10
342.14041382941343,475.0,10.118583985625031,10
342.12897660383607,475.0,10.095232359997999,10
342.3171425365647,475.0,10.095232360328254,10
342.31064726504513,475.0,10.073820886817135,10
342.2996911167677,475.0,10.052501751977204,10
342.29471557968316,475.0,10.031822988260762,10
342.2849047542007,475.0,10.011087388505372,10
342.273986750115,475.0,10,10
342.2542189963351,475.0,10,10
342.4771312032362,475.0,10.000000000689534,10
342.67807616311296,475.0,10.000000001170601,10
342.652861290444,475.0,10,10
342.6339551571946,475.0,10,10
342.84623885752376,475.0,10.000000000750788,10
342.8314180288653,475.0,10,10
342.81911228859826,475.0,10,10
342.7983764194141,475.0,10,10
342.7799303967695,475.0,10,10
342.75775418506964,475.0,10,10
343.0162600060703,475.0,10.000000000454767,10
343.23972166359334,475.0,10.000000000933685,10
343.4148739648714,475.0,10.000000001954282,10
343.63038337912786,475.0,10.00000000278703,10
343.81443708295666,475.0,10.000000003414627,10
343.7892115440409,475.0,10,10
343.992883624996,475.0,10.000000000553923,10
344.23334613656255,475.0,10.000000000976584,10
344.4875113385451,475.0,10.000000001769893,10
344.7696256649633,475.0,10.000000002841302,10
345.032362998243,475.0,10.000000003830968,10
345.3299437467861,475.0,10.00000000433773,10
345.6299316584722,475.0,10.000000005321661,10
345.9278124268176,475.0,10.000000006182736,10
346.24796193712984,475.0,10.000000007755979,10
346.5432881986889,475.0,10.000000010062816,10
346.84495955426877,475.0,10.000000010828554,10
347.13298839020297,475.0,10.000000011460818,10
347.4185469706758,475.0,10.000000013219623,10
347.714207404628,475.0,10.000000017622044,10
348.03541799630153,475.0,10.000000020245286,10
348.3047636062532,475.0,10.0000000230097,10
348.5908153236349,475.0,10.000000029007763,10
348.8755513580297,475.0,10.000000034726801,10
349.1525687401862,475.0,10.000000039948864,10
349.4164832622709,475.0,10.000000046797208,10
349.67757005050606,475.0,10.000000053834484,10
349.9462818234408,475.0,10.000000059047599,10
350.22728952896637,475.0,10.00000006223447,10
350.48040893725334,475.0,10.000000063829079,10
350.73364901465357,475.0,10.00000006640404,10
350.9796965402459,475.0,10.000000068415297,10
351.2602659432188,475.0,10.000000071196702,10
351.4937588386609,475.0,10.000000072234204,10
351.7101791162746,475.0,10.000000072913073,10
351.9199971807192,475.0,10.000000074356917,10
352.09601179626225,475.0,10.00000007744171,10
352.29854915394554,475.0,10.000000077689336,10
352.4651105333103,475.0,10.000000079017353,10
352.63358772543256,475.0,10.000000079815027,10
352.8201829562726,475.0,10.000000080724176,10
353.0010569458927,475.0,10.000000081601831,10
353.15133484346666,475.0,10.00000008188504,10
353.30259869162023,475.0,10.000000081472136,10
353.4585520842652,475.0,10.000000080954996,10
353.63703463188904,475.0,10.00000008051212,10
353.8030403027085,475.0,10.000000080921868,10
353.98605138745114,475.0,10.00000008102656,10
354.09943367493895,475.0,10.000000080697893,10
354.22894699814793,475.0,10.000000080894015,10
354.3825951954515,475.0,10.000000081588764,10
354.52742586902633,475.0,10.000000082305057,10
354.66338437664496,475.0,10.000000082381886,10
354.80850940830754,475.0,10.00000008199927,10
354.9602571111056,475.0,10.000000083507658,10
355.11429716450965,475.0,10.000000083673184,10
355.2619326688238,475.0,10.000000084251614,10
355.38169421015516,475.0,10.000000084560536,10
355.51013630339713,475.0,10.000000085536449,10
355.6317744145337,475.0,10.00000008680366,10
355.7768596592841,475.0,10.000000088044581,10
355.90240745572663,475.0,10.00000008813519,10
356.06699820186157,475.0,10.000000088193879,10
356.2021845461985,475.0,10.000000088290301,10
356.3443485529991,475.0,10.000000088347608,10
356.4970285325347,475.0,10.000000088878734,10
356.6670967814611,475.0,10.000000089238863,10
356.80587539357344,475.0,10.000000089049367,10
356.93455183775905,475.0,10.000000089262352,10
357.08142356796134,475.0,10.000000090228188,10
357.2927549500687,475.0,10.000000090801167,10
357.4637715534528,475.0,10.000000091449564,10
357.65616458796717,475.0,10.000000091814002,10
357.85496738664864,475.0,10.00000009242383,10
358.04581987929333,475.0,10.000000093229914,10
358.25326199892635,475.0,10.000000093399052,10
358.4503377533352,475.0,10.000000093389527,10
358.64863418095075,475.0,10.000000093611924,10
358.87062411056877,475.0,10.000000093727925,10
359.04258540265477,475.0,10.000000094804976,10
359.3001440460639,475.0,10.000000095622509,10
359.52501152400083,475.0,10.000000095774709,10
359.77129602354523,475.0,10.000000096214803,10
360.05668589362415,475.0,10.000000096867268,10
360.35544574142403,475.0,10.000000097026364,10
360.62028035391074,475.0,10.000000097268881,10
360.9118067011358,475.0,10.000000097616285,10
361.22797858528537,475.0,10.000000098390595,10
361.49436142836174,475.0,10.000000098749846,10
361.75888803370594,475.0,10.000000099273645,10
362.04073899723284,475.0,10.000000099881726,10
362.3061709075579,475.0,10.000000100738154,10
362.5302342438109,475.0,10.00000010193045,10
362.80788284132393,475.0,10.000000102815832,10
363.03196954289933,475.0,10.000000103405046,10
363.28575434775775,475.0,10.00000010476071,10
363.52521106052166,475.0,10.000000105632084,10
363.7761948643106,475.0,10.000000106982906,10
363.96736379794044,475.0,10.000000107936913,10
364.23145612355654,475.0,10.00000010903318,10
364.4858586115586,475.0,10.000000109969209,10
364.7124084593797,475.0,10.000000112155373,10
364.9011831335966,475.0,10.000000113983186,10
365.09128901838636,475.0,10.000000114938153,10
365.2970295728746,475.0,10.000000118203467,10
365.4150716538283,475.0,10.000000119484973,10
365.66176448910016,475.0,10.000000121510567,10
365.8670250184275,475.0,10.000000123084181,10
366.059207573522,475.0,10.000000124484723,10
366.1946817180194,475.0,10.00000012631473,10
366.4821969701269,475.0,10.000000127756916,10
366.71028864141357,475.0,10.00000012930935,10
366.941469025381,475.0,10.000000130884676,10
367.16343481449206,475.0,10.000000132252474,10
367.3579010771203,475.0,10.000000133107601,10
367.5496460743897,475.0,10.000000134763614,10
367.7501197247237,475.0,10.000000136675572,10
367.9286793552421,475.0,10.000000137857176,10
368.1146380085096,475.0,10.00000013869911,10
368.2931695799438,475.0,10.000000140276084,10
368.48731575073316,475.0,10.000000141121712,10
368.734529515837,475.0,10.00000014287171,10
368.9425523780565,475.0,10.000000143778223,10
369.17474982598515,475.0,10.000000145143547,10
369.39937192615355,475.0,10.000000145990045,10
369.58206066831804,475.0,10.000000147413216,10
369.7475465121814,475.0,10.000000147718653,10
369.9142581551637,475.0,10.000000148430436,10
370.0811985012563,475.0,10.000000148965551,10
370.28095938504043,475.0,10.00000014949045,10
370.47838106949723,475.0,10.00000015029927,10
370.70099358420094,475.0,10.000000151075636,10
370.81588451689606,475.0,10.000000151758956,10
370.9474536935314,475.0,10.000000152313014,10
371.09705399048966,475.0,10.00000015282157,10
371.2670082902022,475.0,10.000000153249948,10
371.4374126047508,475.0,10.000000154142374,10
371.6045745609089,475.0,10.00000015468522,10
371.75593662221974,475.0,10.000000155064678,10
372.031890331719,475.0,10.000000156224418,10
372.18440258380343,475.0,10.00000015671719,10
372.39795194388444,475.0,10.000000157820965,10
372.6024049201216,475.0,10.000000158515526,10
372.79925499623494,475.0,10.000000158924452,10
372.98812535140803,475.0,10.000000159551938,10
373.2114609747539,475.0,10.000000160342596,10
373.3878334728445,475.0,10.000000160709066,10
373.60569570621396,475.0,10.000000161009195,10
373.7716287935558,475.0,10.000000161261857,10
373.96192262682035,475.0,10.000000161959555,10
374.1449864466328,475.0,10.000000162343518,10
374.3422258752781,475.0,10.000000162570242,10
374.53402427891206,475.0,10.000000163020538,10
374.7449289664212,475.0,10.000000163288428,10
374.94915081100476,475.0,10.000000163467567,10
375.1292426538005,475.0,10.000000163894125,10
375.3027366647105,475.0,10.000000164401555,10
375.51126847630314,475.0,10.000000164883016,10
375.7072885577567,475.0,10.00000016525443,10
375.9372629615876,475.0,10.00000016554752,10
376.1040563525189,475.0,10.000000165901849,10
376.3004880189812,475.0,10.00000016620258,10
376.51195775847384,475.0,10.000000166568213,10
376.6943124319374,475.0,10.000000167127606,10
376.9001391163938,475.0,10.000000167879962,10
377.09899962722824,475.0,10.000000168578541,10
377.3088799936998,475.0,10.000000169478321,10
377.5398910114978,475.0,10.000000170196355,10
377.78328025995563,475.0,10.000000170976566,10
378.00277974338934,475.0,10.000000171518357,10
378.2116755304065,475.0,10.000000172677291,10
378.41198295880696,475.0,10.000000173550163,10
378.5775742727857,475.0,10.000000174462658,10
378.79235385791674,475.0,10.000000175400356,10
379.0039342085864,475.0,10.000000176051248,10
379.2053871786081,475.0,10.000000177017286,10
379.3735281261373,475.0,10.000000177596517,10
379.5611594199936,475.0,10.000000178146351,10
379.7726586033673,475.0,10.000000180139102,10
379.9656260774849,475.0,10.000000180825078,10
380.15204417805614,475.0,10.00000018206555,10
380.36879858437067,475.0,10.000000182817793,10
380.5813464228116,475.0,10.000000183311736,10
380.71494619552743,475.0,10.000000183978756,10
380.9278006550843,475.0,10.00000018462851,10
381.1294423036904,475.0,10.000000185431983,10
381.3629045625485,475.0,10.00000018606253,10
381.5888097124657,475.0,10.000000186578331,10
381.78131210655323,475.0,10.000000187040403,10
382.0295442619178,475.0,10.000000188387876,10
382.22233122333995,475.0,10.000000189131354,10
382.44338985985115,475.0,10.000000189916493,10
382.6896351394091,475.0,10.000000190616955,10
382.92344024389354,475.0,10.000000191828345,10
383.12914320411494,475.0,10.000000192367946,10
383.35789167444335,475.0,10.000000192800666,10
383.565196673354,475.0,10.000000193443952,10
383.85972867367144,475.0,10.000000194846114,10
384.0728846433378,475.0,10.000000195468306,10
384.27725995439994,475.0,10.00000019680855,10
384.5107193372396,475.0,10.000000197627685,10
384.72593740393984,475.0,10.00000019856569,10
384.94364439637644,475.0,10.000000200136954,10
385.19214995829185,475.0,10.000000201393833,10
385.41884589770945,475.0,10.000000202355627,10
385.6306981201804,475.0,10.000000202775848,10
385.8550883733558,475.0,10.000000203274295,10
386.05109280857033,475.0,10.00000020368535,10
386.240890611563,475.0,10.00000020521918,10
386.456726704077,475.0,10.000000205850496,10
386.7022171503926,475.0,10.000000206592906,10
386.92644574082976,475.0,10.000000207172159,10
387.149187031265,475.0,10.000000208155585,10
387.35008351769864,475.0,10.000000208568224,10
387.58391162980723,475.0,10.000000209317191,10
387.8167848454786,475.0,10.000000210517213,10
388.02909024174755,475.0,10.00000021156982,10
388.2456131436342,475.0,10.00000021229706,10
388.4631608581189,475.0,10.000000212748185,10
388.6444432738207,475.0,10.00000021331678,10
388.8310267329378,475.0,10.000000213837083,10
389.05019414384697,475.0,10.000000214673479,10
389.27512176256727,475.0,10.000000215432097,10
389.494465767261,475.0,10.000000216022077,10
389.7022961959906,475.0,10.00000021671718,10
389.90178319623067,475.0,10.000000217644569,10
390.15577625989226,475.0,10.00000021865162,10
390.3399537476501,475.0,10.000000219313195,10
390.59908830794416,475.0,10.00000022037197,10
390.7550055796136,475.0,10.000000220976437,10
390.9756469837235,475.0,10.000000221537338,10
391.1916122244478,475.0,10.000000222476245,10
391.3871343537282,475.0,10.00000022298684,10
391.54850527127144,475.0,10.000000224209787,10
391.73437530743115,475.0,10.00000022485601,10
391.9167081954574,475.0,10.000000225294684,10
392.0927617342035,475.0,10.000000225639349,10
392.2253759290808,475.0,10.000000226578404,10
392.45559429451447,475.0,10.000000227288032,10
392.6497078469299,475.0,10.000000227597809,10
392.82269836199373,475.0,10.000000229126538,10
392.98398301693857,475.0,10.000000229901957,10
393.18761556500783,475.0,10.000000230666258,10
393.36520901948353,475.0,10.000000231152104,10
393.59905347820444,475.0,10.000000231823941,10
393.83037964070616,475.0,10.000000232450759,10
393.95916453544373,475.0,10.000000232861979,10
394.21721825519046,475.0,10.000000233363387,10
394.3883643644221,475.0,10.000000234300494,10
394.5504255487721,475.0,10.000000234889871,10
394.82360892359037,475.0,10.000000236447312,10
395.05493988421017,475.0,10.000000237185798,10
395.2187564999807,475.0,10.000000237522954,10
395.405952918403,475.0,10.000000237964358,10
395.585502552241,475.0,10.000000239201672,10
395.7920719999379,475.0,10.000000240034757,10
395.9970393791381,475.0,10.00000024077436,10
396.2102118593013,475.0,10.000000241375968,10
396.43082805058316,475.0,10.00000024206334,10
396.6497781431232,475.0,10.000000242568271,10
396.83669579052554,475.0,10.000000243202413,10
397.0334495602209,475.0,10.000000244037718,10
397.25096055802334,475.0,10.000000244930902,10
397.4664512714519,475.0,10.000000245504927,10
397.6498877840934,475.0,10.000000246116121,10
397.87204815285673,475.0,10.000000246904962,10
398.1018518637175,475.0,10.000000247535201,10
398.3234156348254,475.0,10.000000248053606,10
398.49075901259505,475.0,10.0000002486484,10
398.65906764292,475.0,10.00000024916978,10
398.90196524266287,475.0,10.000000249555168,10
399.1409707484781,475.0,10.000000250001996,10
399.3493417765932,475.0,10.000000250380028,10
399.55768167597995,475.0,10.000000251163163,10
399.7362196850575,475.0,10.00000025205676,10
399.9214638276732,475.0,10.000000252843762,10
400.18655900143347,475.0,10.000000253948455,10
400.3902698254154,475.0,10.000000254486945,10
400.6016581298221,475.0,10.000000255332688,10
400.8372738150983,475.0,10.000000255944705,10
401.0542617525177,475.0,10.000000256483519,10
401.2170973950034,475.0,10.000000256902945,10
401.4198869099951,475.0,10.000000257433252,10
401.6292223707593,475.0,10.000000258422649,10
401.76487977029427,475.0,10.000000259138382,10
401.98973210851204,475.0,10.000000259569362,10
402.14918977695464,475.0,10.000000260008264,10
402.3343323383899,475.0,10.00000026072442,10
402.51185852900255,475.0,10.00000026125307,10
402.72160132773377,475.0,10.000000262593174,10
402.93244204443766,475.0,10.000000263101477,10
403.1401497175347,475.0,10.000000263529856,10
403.3609830484799,475.0,10.00000026433243,10
403.525297959011,475.0,10.000000264809135,10
403.6993258636349,475.0,10.000000265297654,10
403.9065697082826,475.0,10.000000265735862,10
404.1248243631919,475.0,10.000000267116322,10
404.39395432466625,475.0,10.000000267625797,10
404.64987506220115,475.0,10.00000026851961,10
404.87673473577405,475.0,10.000000269089153,10
405.1168181617604,475.0,10.000000269590647,10
405.2928145541912,475.0,10.000000270659678,10
405.4592341942135,475.0,10.00000027098199,10
405.71371351267624,475.0,10.000000271770876,10
405.91112853650804,475.0,10.000000272191517,10
406.12806755341035,475.0,10.000000272740229,10
406.28170043215556,475.0,10.00000027376421,10
406.53319543540215,475.0,10.000000274671548,10
406.7587160159798,475.0,10.000000275530176,10
406.9442049102914,475.0,10.000000276070653,10
407.1231347902579,475.0,10.000000276660442,10
407.3243182430889,475.0,10.000000277402876,10
407.5483600472574,475.0,10.000000278408445,10
407.71661135263776,475.0,10.000000279284855,10
407.92645370651655,475.0,10.00000027964577,10
408.11481275813986,475.0,10.000000280284784,10
408.29754186799977,475.0,10.000000280808447,10
408.50461004283926,475.0,10.000000281284272,10
408.7025793597399,475.0,10.00000028235547,10
408.92784735080113,475.0,10.000000283080176,10
409.19882302968233,475.0,10.000000283636119,10
409.3553077227049,475.0,10.000000284168685,10
409.5811614931311,475.0,10.000000285258796,10
409.8103321728098,475.0,10.000000285993538,10
409.9990078888361,475.0,10.00000028697966,10
410.24391835219575,475.0,10.00000028764192,10
410.45441106711576,475.0,10.000000288280969,10
410.65986696609616,475.0,10.000000288797258,10
410.87046594131544,475.0,10.000000289198734,10
411.09840287941114,475.0,10.000000289817374,10
411.30500376873727,475.0,10.000000290292258,10
411.49849884806804,475.0,10.000000291380694,10
411.66025703202547,475.0,10.00000029233178,10
411.8350975864539,475.0,10.000000292664968,10
412.0280596068052,475.0,10.000000293233645,10
412.24997789101343,475.0,10.000000294603208,10
412.44366725194294,475.0,10.000000295173423,10
412.6416046803695,475.0,10.000000296222847,10
412.7998775720702,475.0,10.000000297294864,10
413.01772612580777,475.0,10.0000002983269,10
413.28954598504987,475.0,10.000000299328862,10
413.49158714869486,475.0,10.000000300120117,10
413.71565666893446,475.0,10.000000301303132,10
413.9145745640657,475.0,10.00000030215159,10
414.139756858645,475.0,10.000000302684205,10
414.33444945516817,475.0,10.000000303224224,10
414.55368284849004,475.0,10.000000303918695,10
414.77415692748036,475.0,10.000000304440631,10
414.9536986787379,475.0,10.000000305410255,10
415.1449736045112,475.0,10.000000305996418,10
415.34099189772957,475.0,10.00000030655965,10
415.52005857040524,475.0,10.00000030705064,10
415.77111384050056,475.0,10.000000307726866,10
415.981665876745,475.0,10.000000308762477,10
416.2086596607778,475.0,10.00000030931366,10
416.3916814741156,475.0,10.00000030990022,10
416.58959208032513,475.0,10.000000311203436,10
416.80519087188117,475.0,10.000000311766753,10
416.95480374559105,475.0,10.000000311932203,10
417.1707489591377,475.0,10.000000312905193,10
417.39074311612006,475.0,10.00000031404591,10
417.6073130014901,475.0,10.000000314528844,10
417.8056521802592,475.0,10.0000003153071,10
418.0629690374084,475.0,10.000000316161463,10
418.299817197686,475.0,10.000000316855267,10
418.482131340042,475.0,10.00000031731292,10
418.6991867795927,475.0,10.000000318109569,10
418.8727072102896,475.0,10.0000003185608,10
419.07923873431724,475.0,10.000000319821837,10
419.28125957291115,475.0,10.00000032034751,10
419.45699577637794,475.0,10.000000320993319,10
419.6619783549508,475.0,10.000000321356376,10
419.86191900629916,475.0,10.000000321970136,10
420.0605910024643,475.0,10.00000032282671,10
420.2343854357373,475.0,10.000000323229813,10
420.42145653526046,475.0,10.00000032393825,10
420.6120488981561,475.0,10.00000032510051,10
420.818008441344,475.0,10.000000325896236,10
421.0232121971851,475.0,10.000000327594098,10
421.2795560980837,475.0,10.000000328111716,10
421.51499754367626,475.0,10.000000329535156,10
421.69561429475766,475.0,10.0000003299988,10
421.9284712235549,475.0,10.000000331008804,10
422.13976517391154,475.0,10.000000331649263,10
422.27901104147907,475.0,10.00000033197262,10
422.47746464620343,475.0,10.000000332873888,10
422.6268401142871,475.0,10.000000333691595,10
422.8609517657269,475.0,10.000000334368499,10
423.04897504955574,475.0,10.000000334866021,10
423.20573310414443,475.0,10.000000335870523,10
423.3708154690234,475.0,10.000000336661355,10
423.5649383939834,475.0,10.000000337542845,10
423.725964424345,475.0,10.000000338377406,10
423.94523450447707,475.0,10.000000338769237,10
424.15090828816136,475.0,10.000000339435843,10
424.3376289123275,475.0,10.000000340235701,10
424.52342180522095,475.0,10.000000340791363,10
424.75056328914724,475.0,10.000000342175188,10
424.9242998163803,475.0,10.000000342833298,10
425.1495916044744,475.0,10.00000034380123,10
425.30163375472085,475.0,10.000000344303231,10
425.46786960371196,475.0,10.0000003448435,10
425.65954420842627,475.0,10.000000345438872,10
425.8402963512519,475.0,10.000000346315282,10
426.07403139064667,475.0,10.000000347186097,10
426.2980378345623,475.0,10.000000347786324,10
426.50337613350473,475.0,10.000000348450419,10
426.7038303233557,475.0,10.00000034949533,10
426.9490220610992,475.0,10.000000350027262,10
427.1305619242027,475.0,10.000000350516233,10
427.3341556844119,475.0,10.000000351555487,10
427.5360355878163,475.0,10.000000352094931,10
427.77550478783644,475.0,10.000000352800008,10
427.9627326923238,475.0,10.000000353418514,10
428.10409060549745,475.0,10.000000354297873,10
428.2480954269736,475.0,10.00000035490027,10
428.4963828808948,475.0,10.000000355552734,10
428.7079066966501,475.0,10.000000356021134,10
428.92395639729125,475.0,10.000000356689688,10
429.1143756089069,475.0,10.00000035742568,10
429.25034335506905,475.0,10.00000035785542,10
429.4761693648712,475.0,10.000000358467071,10
429.6371373700136,475.0,10.00000035949681,10
429.7781159442701,475.0,10.000000360489326,10
429.95597349203484,475.0,10.00000036095676,10
430.16407582190135,475.0,10.000000362354584,10
430.3845511227849,475.0,10.00000036288056,10
430.6069403734872,475.0,10.000000363463418,10
430.8116650724809,475.0,10.00000036399365,10
430.9940449585502,475.0,10.000000364870996,10
431.1987823235389,475.0,10.000000365385134,10
431.40964037035906,475.0,10.000000365761947,10
431.57474954263125,475.0,10.00000036614441,10
431.7216753641973,475.0,10.00000036681292,10
431.93686994683003,475.0,10.000000367425864,10
432.17456820354005,475.0,10.000000367944684,10
432.41306718903843,475.0,10.000000368482674,10
432.63377655736696,475.0,10.000000368998666,10
432.86201414122183,475.0,10.000000369755549,10
433.03882185728116,475.0,10.000000370614496,10
433.2336010594049,475.0,10.000000371051076,10
433.46677238801897,475.0,10.000000371627447,10
433.68284664583575,475.0,10.000000372172035,10
433.893003190598,475.0,10.00000037273352,10
434.0976984151059,475.0,10.000000373241667,10
434.38465052235955,475.0,10.000000375023873,10
434.58719100916755,475.0,10.000000375509922,10
434.7809864810433,475.0,10.000000376525405,10
435.00215125861325,475.0,10.000000377135434,10
435.23757176856316,475.0,10.000000377581259,10
435.45450530163237,475.0,10.000000378541449,10
435.6966078792476,475.0,10.00000037987567,10
435.921805641152,475.0,10.000000380568698,10
436.12796475566734,475.0,10.000000381213372,10
436.36754897779446,475.0,10.000000381830972,10
436.59626839080886,475.0,10.000000382363122,10
436.8214574056589,475.0,10.000000383201613,10
437.0282788618464,475.0,10.000000383929763,10
437.25256185643565,475.0,10.000000384484009,10
437.47299905486454,475.0,10.000000385380895,10
437.6890519444557,475.0,10.00000038584638,10
437.88725181238806,475.0,10.000000386386123,10
438.10862785855016,475.0,10.000000387138591,10
438.27809103089874,475.0,10.000000387551404,10
438.506619038438,475.0,10.00000038820284,10
438.6903585958613,475.0,10.000000389080697,10
438.927130462104,475.0,10.000000389953716,10
439.1118026235054,475.0,10.0000003910244,10
439.2898537970419,475.0,10.0000003913253,10
439.4945705236106,475.0,10.000000392463125,10
439.7089582827811,475.0,10.000000393254727,10
439.9245765347718,475.0,10.000000394781798,10
440.15089341848767,475.0,10.000000395670115,10
440.31331239466294,475.0,10.000000396171815,10
440.50331875438616,475.0,10.00000039754867,10
440.78923678107,475.0,10.000000398506124,10
440.9854799627625,475.0,10.00000039877043,10
441.1236178693301,475.0,10.000000399214832,10
441.38645238784187,475.0,10.000000400486957,10
441.55683175808167,475.0,10.00000040090937,10
441.7968726709681,475.0,10.000000401584897,10
441.97882507268247,475.0,10.000000402147561,10
442.1438266285815,475.0,10.00000040290404,10
442.32757675100373,475.0,10.00000040363065,10
442.5096326560645,475.0,10.000000404431765,10
442.71149344134864,475.0,10.000000404832116,10
442.9177619304755,475.0,10.00000040530008,10
443.11517446563323,475.0,10.000000406080947,10
443.3182943095162,475.0,10.000000406711536,10
443.47820945827743,475.0,10.000000407612765,10
443.66182919551403,475.0,10.000000408389878,10
443.80949612637335,475.0,10.00000040897584,10
443.97293674087706,475.0,10.000000409845919,10
444.1645809322165,475.0,10.000000410650976,10
444.38137479689,475.0,10.00000041123485,10
444.5586972887072,475.0,10.000000411607285,10
444.7362076540346,475.0,10.000000412640066,10
444.9277027445515,475.0,10.000000413052376,10
445.11802910695883,475.0,10.000000413934185,10
445.3077285627241,475.0,10.000000414595085,10
445.50769137214957,475.0,10.000000415107927,10
445.63958324828445,475.0,10.00000041575636,10
445.81721550550094,475.0,10.00000041600808,10
446.01461869774477,475.0,10.000000416560695,10
446.20340897414553,475.0,10.0000004170524,10
446.39667028429835,475.0,10.000000417663184,10
446.61065848384493,475.0,10.000000418230089,10
446.7748676558021,475.0,10.000000418575016,10
446.96755980110254,475.0,10.000000419384621,10
447.17603713397955,475.0,10.000000420006723,10
447.3675063260861,475.0,10.000000420803449,10
447.575568512556,475.0,10.000000421537921,10
447.74033385548177,475.0,10.000000421826487,10
447.922179386034,475.0,10.000000422457212,10
448.12777753140693,475.0,10.000000423157985,10
448.33466283884087,475.0,10.000000424344606,10
448.5862767831662,475.0,10.000000425231734,10
448.8385958505352,475.0,10.000000425926935,10
449.08440597129936,475.0,10.000000426994307,10
449.3013348551132,475.0,10.000000428140618,10
449.4901716529123,475.0,10.000000428686244,10
449.69249392697134,475.0,10.000000429461153,10
449.9213904698873,475.0,10.000000430396478,10
450.1226936684238,475.0,10.000000431190639,10
450.3123128067572,475.0,10.000000432197558,10
450.528510028848,475.0,10.000000432958345,10
450.73950243931444,475.0,10.000000433583528,10
450.9927140566084,475.0,10.000000433935151,10
451.2096374720362,475.0,10.000000434401253,10
451.4368902977901,475.0,10.000000435082725,10
451.6439328576221,475.0,10.000000435381528,10
451.8391299775373,475.0,10.000000436168742,10
452.0620816873926,475.0,10.000000436906465,10
452.2738490922394,475.0,10.00000043775591,10
452.4811223664038,475.0,10.000000438747449,10
452.65899195402164,475.0,10.00000043978499,10
452.87313426142146,475.0,10.00000044026365,10
453.0382017401238,475.0,10.00000044088782,10
453.2035212569107,475.0,10.000000441823612,10
453.41960324850544,475.0,10.00000044221763,10
453.63472630552735,475.0,10.000000442904536,10
453.8638809509624,475.0,10.000000444827705,10
454.0843190733572,475.0,10.000000445536747,10
454.29395425627814,475.0,10.000000446125215,10
454.5207244632235,475.0,10.000000446806268,10
454.7318645590005,475.0,10.000000447627459,10
454.8978753406774,475.0,10.000000448518879,10
455.09278437643314,475.0,10.000000449326373,10
455.28853976853674,475.0,10.000000449745201,10
455.5228340338176,475.0,10.00000045020083,10
455.7427017695912,475.0,10.000000450855978,10
455.9358907194975,475.0,10.000000451882219,10
456.1419753430339,475.0,10.000000452675048,10
456.34875179770825,475.0,10.000000453415803,10
456.5608287741776,475.0,10.000000454267843,10
456.82343485820445,475.0,10.000000454907614,10
457.02517893743936,475.0,10.000000455617515,10
457.2350862451666,475.0,10.000000456604722,10
457.4533610320072,475.0,10.000000457060336,10
457.6717106227317,475.0,10.00000045740636,10
457.92336581350975,475.0,10.00000045821647,10
458.1546072628909,475.0,10.000000458881544,10
458.3326566034509,475.0,10.000000459449943,10
458.5347635260632,475.0,10.000000459955109,10
458.7165925313194,475.0,10.000000460402408,10
458.8925569312802,475.0,10.00000046082523,10
459.07512586860906,475.0,10.000000461247582,10
459.2352253298258,475.0,10.000000462163444,10
459.44278631570637,475.0,10.000000462963223,10
459.64196176265193,475.0,10.00000046352325,10
459.83522082265773,475.0,10.000000464277369,10
460.0452467139337,475.0,10.000000465048734,10
460.2047856679238,475.0,10.00000046606137,10
460.41245649031646,475.0,10.000000466755207,10
460.5867790504324,475.0,10.000000467382359,10
460.75734945350735,475.0,10.000000467907494,10
460.9355224137984,475.0,10.000000469080222,10
461.11036418987004,475.0,10.000000469917435,10
461.3090371697166,475.0,10.00000047036446,10
461.50667404199993,475.0,10.000000470857776,10
461.6880383842934,475.0,10.000000471411424,10
461.86406098807777,475.0,10.00000047205849,10
462.03398314576833,475.0,10.000000472921489,10
462.23132674838956,475.0,10.000000473232049,10
462.4606631587246,475.0,10.000000474083716,10
462.61457762502533,475.0,10.000000474482786,10
462.83774243643745,475.0,10.000000475119405,10
463.0410456988224,475.0,10.000000475532168,10
463.2442816525657,475.0,10.000000476138059,10
463.4305826303795,475.0,10.00000047663959,10
463.6473581814408,475.0,10.000000477393632,10
463.845702217934,475.0,10.000000478280782,10
464.04795217666054,475.0,10.00000047905006,10
464.256325424811,475.0,10.000000479903452,10
464.4764853424252,475.0,10.000000480814741,10
464.7041496935286,475.0,10.000000481534519,10
464.9050346017229,475.0,10.000000482021408,10
465.1591675875064,475.0,10.000000482591854,10
465.34853945604857,475.0,10.000000483443456,10
465.61644051863857,475.0,10.000000484194231,10
465.8530520783902,475.0,10.000000484665128,10
466.1029557270605,475.0,10.000000485508012,10
466.28379922910625,475.0,10.000000485982696,10
466.51008046940467,475.0,10.000000486550745,10
466.6604216520448,475.0,10.000000487164831,10
466.86080805651255,475.0,10.000000488211695,10
467.0590488280687,475.0,10.000000488878769,10
467.25491189549047,475.0,10.000000490242794,10
467.49769942022226,475.0,10.0000004908948,10
467.726489151851,475.0,10.000000491357557,10
467.9826047370431,475.0,10.000000492104459,10
468.16485990038865,475.0,10.000000492991058,10
468.3590781183963,475.0,10.000000493628868,10
468.6216829804739,475.0,10.000000494376726,10
468.8410244668737,475.0,10.000000494961975,10
469.08863066948237,475.0,10.000000495664716,10
469.30701718512034,475.0,10.000000496338714,10
469.5667321755621,475.0,10.000000497163782,10
469.760627738739,475.0,10.000000497776428,10
470.0374047078282,475.0,10.000000498463658,10
470.23648651583926,475.0,10.000000499098865,10
470.4365054429576,475.0,10.000000499772126,10
470.5902998353728,475.0,10.000000500828499,10
470.7847171179523,475.0,10.000000501547367,10
470.99268298334596,475.0,10.000000502222532,10
471.1920617268739,475.0,10.0000005027022,10
471.3774908973448,475.0,10.000000503215833,10
471.55303617231607,475.0,10.000000503695937,10
471.80064441609915,475.0,10.000000504967971,10
472.0044966967963,475.0,10.000000505522369,10
472.232968824833,475.0,10.000000506469965,10
472.4493375592651,475.0,10.000000507278948,10
472.6647380908383,475.0,10.000000507908538,10
472.89462892893556,475.0,10.000000508244819,10
473.08114528825695,475.0,10.000000508498989,10
473.2597202822671,475.0,10.000000508891475,10
473.46282592529684,475.0,10.000000509615258,10
473.64965896404783,475.0,10.000000509965513,10
473.8367167270122,475.0,10.000000510712947,10
474.0492133204296,475.0,10.000000511067288,10
474.2934906184256,475.0,10.000000511976149,10
474.5247074959436,475.0,10.000000512338003,10
474.7710073880857,475.0,10.000000513381694,10
475.0123320509699,475.0,10.000000513937668,10
475.27216735338953,475.0,10.000000514757966,10
475.5138685982649,475.0,10.00000051562316,10
475.68206894187944,475.0,10.000000516088527,10
475.9348191894274,475.0,10.000000516426423,10
476.14457842432216,475.0,10.000000517401093,10
476.3583180725053,475.0,10.000000517957439,10
476.6106875952027,475.0,10.00000051865946,10
476.80025049663084,475.0,10.000000519512275,10
476.97965398002515,475.0,10.000000520458864,10
477.16374723083106,475.0,10.000000522495831,10
477.36969239427543,475.0,10.000000523537567,10
477.5910238114236,475.0,10.00000052436237,10
477.8130934470317,475.0,10.000000525120713,10
478.0092351217513,475.0,10.000000525910815,10
478.23185693479104,475.0,10.000000526664259,10
478.47357378134933,475.0,10.000000527195086,10
478.6853439280294,475.0,10.000000528005309,10
478.88430934268297,475.0,10.000000529415283,10
479.08621755817387,475.0,10.000000530194223,10
479.28940778032415,475.0,10.000000530658813,10
479.4970333329253,475.0,10.000000531480278,10
479.7247513730239,475.0,10.000000531977365,10
479.93646099139625,475.0,10.000000532369405,10
480.144706983697,475.0,10.000000533088999,10
480.3607843111454,475.0,10.000000533648688,10
480.5644858963677,475.0,10.000000534266551,10
480.78558521311254,475.0,10.00000053492457,10
481.0069932372518,475.0,10.000000535506572,10
481.21835574789577,475.0,10.000000536057723,10
481.41268797457127,475.0,10.000000536928496,10
481.62535539476454,475.0,10.000000537554925,10
481.85110065517716,475.0,10.000000538160656,10
482.13664907348976,475.0,10.000000539056003,10
482.34239319051744,475.0,10.00000053999743,10
482.55461858243535,475.0,10.000000541083272,10
482.7627396432381,475.0,10.000000542127914,10
482.95261830046053,475.0,10.00000054260347,10
483.16610133569355,475.0,10.00000054326629,10
483.4052540051869,475.0,10.000000544092853,10
483.6032769367883,475.0,10.000000544518414,10
483.78779174220426,475.0,10.00000054503564,10
484.0041758547595,475.0,10.000000545594965,10
484.2041819966571,475.0,10.000000546317047,10
484.39616211974595,475.0,10.000000547179177,10
484.6235399662514,475.0,10.000000547842282,10
484.84842696406673,475.0,10.00000054928012,10
485.07142085900364,475.0,10.000000550229323,10
485.2988080187909,475.0,10.000000550780364,10
485.5629630486955,475.0,10.000000551472192,10
485.7794070788469,475.0,10.000000551977646,10
485.97144802844605,475.0,10.00000055289912,10
486.1907780110876,475.0,10.000000553607924,10
486.4096286082972,475.0,10.000000554667176,10
486.65101543870827,475.0,10.00000055545853,10
486.8739525754185,475.0,10.000000555815008,10
487.09149498495844,475.0,10.000000556528855,10
487.310745723219,475.0,10.000000557249388,10
487.5247662135493,475.0,10.000000557881389,10
487.7348611121116,475.0,10.000000558635122,10
487.9631876260958,475.0,10.00000055939319,10
488.20693867467276,475.0,10.000000560322823,10
488.3784802608352,475.0,10.000000561034543,10
488.59007293477765,475.0,10.000000561660345,10
488.7966692048308,475.0,10.000000561961292,10
489.0042805567352,475.0,10.000000562563008,10
489.2100527326841,475.0,10.000000563434996,10
489.4260773098011,475.0,10.0000005644364,10
489.63212094044354,475.0,10.000000564828296,10
489.8695888102791,475.0,10.000000565389632,10
490.090193810692,475.0,10.00000056627085,10
490.3048602662936,475.0,10.000000567035997,10
490.5197032259051,475.0,10.000000568289833,10
490.74918070572556,475.0,10.00000056875669,10
490.9684557775898,475.0,10.000000569462275,10
491.188288436001,475.0,10.00000057017519,10
491.39685589103067,475.0,10.000000570937749,10
491.61729595064355,475.0,10.000000571512617,10
491.83017870753764,475.0,10.000000572098246,10
492.01640695264825,475.0,10.0000005728705,10
492.2510174947752,475.0,10.000000573926535,10
492.4985676837485,475.0,10.000000574970196,10
492.68483902293616,475.0,10.000000575904641,10
492.902246860155,475.0,10.000000576487215,10
493.075832497993,475.0,10.000000577618945,10
493.3105432356668,475.0,10.000000578397122,10
493.53866622928814,475.0,10.000000579761812,10
493.7838978719933,475.0,10.00000058098979,10
493.9912975827194,475.0,10.000000581563235,10
494.2361560256212,475.0,10.00000058323368,10
494.4731233351005,475.0,10.000000584893913,10
494.675128452588,475.0,10.00000058618223,10
494.9127961618152,475.0,10.000000586905754,10
495.1657624164417,475.0,10.000000587551977,10
495.3829507594532,475.0,10.000000588340384,10
495.60983341029186,475.0,10.000000589559615,10
495.817684462251,475.0,10.000000590209792,10
496.0116605959923,475.0,10.000000590850815,10
496.29453392787246,475.0,10.000000592091443,10
496.5237908853234,475.0,10.000000592728322,10
496.7652188426771,475.0,10.000000594044156,10
496.96207119851465,475.0,10.000000594759985,10
497.16395516989746,475.0,10.000000595376571,10
497.37498639756114,475.0,10.000000596657065,10
497.6209425795309,475.0,10.00000059767733,10
497.874017969706,475.0,10.000000599435285,10
498.09736061152336,475.0,10.000000600176774,10
498.3391162603549,475.0,10.000000601408631,10
498.53426699233273,475.0,10.000000603441084,10
498.77069897760805,475.0,10.000000605077455,10
499.00593016837263,475.0,10.000000605388067,10
499.2620576441206,475.0,10.00000060727652,10
499.4748278524274,475.0,10.000000608095766,10
499.71029650790797,475.0,10.00000060878397,10
499.952174957244,475.0,10.000000609945523,10
500.15795595431763,475.0,10.000000611542944,10
500.3637820571257,475.0,10.000000613301403,10
500.58548841660854,475.0,10.000000615492795,10
500.8231028835808,475.0,10.000000617028354,10
501.01665762704505,475.0,10.000000618348759,10
501.2735310850524,475.0,10.000000619581748,10
501.5103577121362,475.0,10.000000622307287,10
501.7553656439142,475.0,10.000000623123611,10
502.0251063138156,475.0,10.00000062515956,10
502.2743596011027,475.0,10.000000626408381,10
502.50687095643565,475.0,10.000000628688298,10
502.7496801914612,475.0,10.000000630736453,10
503.00988981023556,475.0,10.00000063318568,10
503.25988516029355,475.0,10.000000634745108,10
503.49833059095135,475.0,10.000000635417573,10
503.70951987470386,475.0,10.000000637753997,10
503.9373735143748,475.0,10.000000640239879,10
504.19470613637594,475.0,10.000000642247517,10
504.4288084588948,475.0,10.000000644512387,10
504.65427396412156,475.0,10.000000646689426,10
504.84962206233723,475.0,10.000000648006246,10
504.8323214005868,475.0,10,10
505.03683474146516,475.0,10.000000000620217,10
505.2164828425403,475.0,10.000000001129525,10
505.3946928177932,475.0,10.000000001347257,10
505.5645141247617,475.0,10.000000001536616,10
505.7785186857849,475.0,10.000000002100217,10
505.9389133542245,475.0,10.000000002379219,10
506.15590543433996,475.0,10.000000002571563,10
506.3657396820155,475.0,10.000000002875609,10
506.6146121109524,475.0,10.000000003266639,10
506.8343970560367,475.0,10.000000003597197,10
507.0383466265894,475.0,10.000000003803503,10
507.30234617805604,475.0,10.000000003939446,10
507.54633144353056,475.0,10.000000003977242,10
507.78939453581995,475.0,10.000000003861885,10
508.05489573702204,475.0,10.000000003763358,10
508.314040341363,475.0,10.000000003493582,10
508.53817974874227,475.0,10.000000003289335,10
508.7849400576868,475.0,10.000000002885235,10
509.0194263992558,475.0,10.000000002700201,10
509.2256093561106,475.0,10.000000002381656,10
509.43289926053944,475.0,10.00000000223602,10
509.6378549874835,475.0,10.000000002071843,10
509.84437010605836,475.0,10.000000001881466,10
510.02933725147983,475.0,10.000000001686063,10
510.261592203759,475.0,10.000000001512399,10
510.4838078413355,475.0,10.000000001488756,10
510.71241729896605,475.0,10.000000001451669,10
510.9304885063927,475.0,10.000000001406608,10
511.1441909615788,475.0,10.000000001360437,10
511.4137499873167,475.0,10.000000001413632,10
511.6707185749105,475.0,10.000000001499858,10
511.913863236048,475.0,10.00000000160112,10
512.1738627495198,475.0,10.00000000190974,10
512.442197406322,475.0,10.000000002213001,10
512.6866113333572,475.0,10.000000002537549,10
512.9509819534615,475.0,10.000000002830353,10
513.1496282603356,475.0,10.000000003065296,10
513.4304221654237,475.0,10.000000003405288,10
513.6839807115477,475.0,10.000000003766774,10
513.95714674196,475.0,10.000000004233081,10
514.2278505342496,475.0,10.00000000479786,10
514.5166488660915,475.0,10.000000005542791,10
514.7915656041183,475.0,10.000000006032387,10
515.0676223108553,475.0,10.000000006369188,10
515.3803820377565,475.0,10.000000007046093,10
515.6980618597141,475.0,10.00000000802069,10
515.9984217939648,475.0,10.000000008656187,10
516.3084872716415,475.0,10.000000009475462,10
516.6231965472844,475.0,10.000000010111773,10
516.9093653903531,475.0,10.000000010989972,10
517.2013109070191,475.0,10.000000011784191,10
517.5068730749917,475.0,10.000000012558257,10
517.8234843049739,475.0,10.000000013340614,10
518.1451320082213,475.0,10.000000014141227,10
518.4398136165045,475.0,10.000000014928613,10
518.7358457169041,475.0,10.000000015961064,10
519.0191712991117,475.0,10.000000017031477,10
519.3000849793037,475.0,10.000000018231079,10
519.5730675759539,475.0,10.000000019632884,10
519.8249469100663,475.0,10.000000020307754,10
520.114566474628,475.0,10.000000021204325,10
520.3789998580102,475.0,10.000000022323386,10
520.6534779056061,475.0,10.00000002330378,10
520.9355734865673,475.0,10.000000023967607,10
521.218644675921,475.0,10.000000025497735,10
521.4947619110487,475.0,10.000000026086619,10
521.7393355782558,475.0,10.00000002696332,10
522.0208272744089,475.0,10.00000002832623,10
522.2907788261552,475.0,10.000000029138791,10
522.5609570545043,475.0,10.000000029674151,10
522.8330497240057,475.0,10.000000031075816,10
523.0834450813402,475.0,10.000000031624593,10
523.369710305272,475.0,10.000000032197756,10
523.6150696661612,475.0,10.000000032762696,10
523.8659229360859,475.0,10.000000033497875,10
524.1265234430718,475.0,10.000000034044552,10
524.3824205773428,475.0,10.000000034587714,10
524.6524850502318,475.0,10.000000035113942,10
524.9152044427959,475.0,10.000000035538825,10
525.1645806501582,475.0,10.000000035994388,10
525.4204144246246,475.0,10.00000003667165,10
525.660177505413,475.0,10.00000003724239,10
525.9295024038261,475.0,10.000000037855845,10
526.2224164661937,475.0,10.000000038597333,10
526.4951256866069,475.0,10.000000039066569,10
526.7632624260137,475.0,10.000000039714667,10
527.0323763538363,475.0,10.000000040228848,10
527.2928959772835,475.0,10.000000040847327,10
527.5523463530502,475.0,10.000000041381423,10
527.79451778936,475.0,10.000000041858035,10
528.0645580328719,475.0,10.000000042562625,10
528.2906294947255,475.0,10.000000042925675,10
528.5172907593948,475.0,10.000000043379831,10
528.7738582969619,475.0,10.000000043814982,10
529.0015982566806,475.0,10.000000044287836,10
529.2759075634124,475.0,10.000000045498005,10
529.5349789132376,475.0,10.000000046042773,10
529.7871159480884,475.0,10.000000046604109,10
530.0274505927858,475.0,10.000000047036506,10
530.291769982532,475.0,10.000000047661368,10
530.5092877753893,475.0,10.000000048303809,10
530.7644906348236,475.0,10.000000048715538,10
531.0076178762312,475.0,10.000000049361716,10
531.2410453407678,475.0,10.00000005021245,10
531.5005901302122,475.0,10.00000005090569,10
531.7472279213302,475.0,10.000000051460226,10
531.9717638184736,475.0,10.0000000519216,10
532.2198002027292,475.0,10.000000052575535,10
532.4844210131796,475.0,10.000000053169147,10
532.7202612738854,475.0,10.000000053722406,10
532.9558099337498,475.0,10.000000054311867,10
533.1723879998381,475.0,10.000000054833425,10
533.4102157178864,475.0,10.0000000552524,10
533.6297990054888,475.0,10.00000005571798,10
533.8720360962403,475.0,10.000000056343838,10
534.1360614860226,475.0,10.000000057075631,10
534.3979578575704,475.0,10.000000057662868,10
534.6049156744461,475.0,10.000000058066735,10
534.830719854091,475.0,10.000000058590702,10
535.0688213510051,475.0,10.000000059347478,10
535.307582760879,475.0,10.000000059834171,10
535.5192887582106,475.0,10.000000060343448,10
535.7593009565438,475.0,10.000000061050097,10
535.9753121526587,475.0,10.00000006157006,10
536.2173871337068,475.0,10.00000006213761,10
536.4758785898508,475.0,10.000000062866874,10
536.6899613520617,475.0,10.000000063642924,10
536.9362606633191,475.0,10.000000064165453,10
537.1593765989737,475.0,10.00000006469968,10
537.3990613591093,475.0,10.000000065569601,10
537.6468469568548,475.0,10.000000066157726,10
537.8539733505656,475.0,10.0000000665646,10
538.088034829929,475.0,10.000000066974662,10
538.3064344735859,475.0,10.000000067457078,10
538.5234465956194,475.0,10.000000067937046,10
538.7518634406315,475.0,10.000000068317656,10
538.9720857496476,475.0,10.000000068749031,10
539.1895620876379,475.0,10.00000006906463,10
539.4342600157868,475.0,10.000000069624003,10
539.6746881801496,475.0,10.000000070101187,10
539.9289283052784,475.0,10.000000070678853,10
540.1680248720571,475.0,10.00000007119087,10
540.446893189237,475.0,10.000000072039247,10
540.6837617194336,475.0,10.000000072669765,10
540.9400528104411,475.0,10.000000073539034,10
541.1851973262998,475.0,10.000000074280994,10
541.4465774320222,475.0,10.00000007525745,10
541.6924019771702,475.0,10.000000076205218,10
541.9716653836717,475.0,10.00000007718601,10
542.2115084686114,475.0,10.00000007812317,10
542.4320736232786,475.0,10.000000079085725,10
542.6451542823621,475.0,10.000000079936278,10
542.8306971039224,475.0,10.00000008058399,10
543.0722798993115,475.0,10.000000081760877,10
543.2667437032544,475.0,10.00000008260353,10
543.460731787598,475.0,10.000000083502604,10
543.6368280478206,475.0,10.000000084152525,10
543.8073941592073,475.0,10.000000084985182,10
543.9971384376868,475.0,10.000000085603542,10
544.1661265310357,475.0,10.000000086373008,10
544.2675613427498,475.0,10.000000086844516,10
544.3512805066918,475.0,10.000000087226685,10
544.471556816052,475.0,10.000000087605645,10
544.572799596665,475.0,10.000000087750555,10
544.6591669503773,475.0,10.00000008791994,10
544.7215848969527,475.0,10.000000088280933,10
544.8402784421515,475.0,10.000000088804695,10
544.9297359837084,475.0,10.000000089099329,10
545.0373985346613,475.0,10.000000089403546,10
545.0689937276256,475.0,10.000000089174106,10
545.1326065686006,475.0,10.000000089363558,10
545.2107067357167,475.0,10.00000008956105,10
545.2932529250605,475.0,10.000000089728214,10
545.3628214174017,475.0,10.000000089990127,10
545.414526580317,475.0,10.0000000901041,10
545.480107246124,475.0,10.000000090620551,10
545.562815664244,475.0,10.000000091119059,10
545.6230865882771,475.0,10.000000091295039,10
545.7077276274015,475.0,10.000000091789474,10
545.7797085357483,475.0,10.000000092121905,10
545.8478049125359,475.0,10.000000092457748,10
545.9013607364158,475.0,10.00000009242308,10
545.9866742725998,475.0,10.000000092508564,10
546.0002275743554,475.0,10.000000092604672,10
546.068549830318,475.0,10.000000093094403,10
546.133580688132,475.0,10.000000093307744,10
546.2044311571696,475.0,10.000000093576675,10
546.2980037139079,475.0,10.000000094045166,10
546.3637896507015,475.0,10.00000009448042,10
546.4376899850361,475.0,10.000000094885287,10
546.50693433232,475.0,10.000000095342697,10
546.5844342955704,475.0,10.000000095528355,10
546.6170530230114,475.0,10.00000009571643,10
546.7149655279379,475.0,10.000000096401543,10
546.7946599328941,475.0,10.000000096885241,10
546.8866754598414,475.0,10.000000097368279,10
546.9063177476654,475.0,10.000000097450679,10
546.9246759967889,475.0,10.000000097638463,10
547.0216264826794,475.0,10.000000098462047,10
547.1292727613977,475.0,10.000000099099436,10
547.2492870709596,475.0,10.000000099742113,10
547.3504982683302,475.0,10.000000100349396,10
547.4942417679993,475.0,10.000000101238127,10
547.5854838650276,475.0,10.000000101817665,10
547.7089749880379,475.0,10.000000102434567,10
547.8188300658819,475.0,10.00000010306794,10
547.9259140790458,475.0,10.000000103783666,10
548.0076831128761,475.0,10.000000104656067,10
548.1655269855103,475.0,10.000000105197065,10
548.3448003372109,475.0,10.000000105849608,10
548.4773479242344,475.0,10.000000106115403,10
548.6345383810772,475.0,10.000000106402766,10
548.8262106463419,475.0,10.00000010693252,10
548.9638438653485,475.0,10.000000107641881,10
549.163911653149,475.0,10.000000108766073,10
549.3474623831055,475.0,10.000000109548173,10
549.5340712783795,475.0,10.00000011031897,10
549.7410018559303,475.0,10.000000110727267,10
549.9400253110756,475.0,10.000000111199675,10
550.1268514952642,475.0,10.000000111606449,10
550.4054926893762,475.0,10.00000011159274,10
550.6585547885019,475.0,10.000000111777982,10
550.9108331753532,475.0,10.000000113168506,10
551.1531437886313,475.0,10.000000113399992,10
551.4595308256369,475.0,10.000000113466244,10
551.7572855305106,475.0,10.000000113623368,10
552.1115597138709,475.0,10.000000113926163,10
552.4435068018619,475.0,10.00000011442739,10
552.7938765231333,475.0,10.000000115186516,10
553.1215133011648,475.0,10.00000011583301,10
553.4426904548357,475.0,10.000000118050036,10
553.7246203944351,475.0,10.00000011882183,10
554.0270705443378,475.0,10.000000119519246,10
554.3249490176179,475.0,10.000000120953207,10
554.6019242317625,475.0,10.000000121626764,10
554.8825837876086,475.0,10.000000122712265,10
555.1519718073134,475.0,10.000000123379724,10
555.4275096255349,475.0,10.000000124277438,10
555.6979762205472,475.0,10.000000126029168,10
555.9872113042317,475.0,10.000000129158058,10
556.2649335129901,475.0,10.00000013102533,10
556.5383042549979,475.0,10.000000132605322,10
556.7913906422922,475.0,10.000000134238922,10
557.0425671180778,475.0,10.000000135624816,10
557.2920166384203,475.0,10.00000013754621,10
557.5610459563663,475.0,10.000000140226886,10
557.801240082412,475.0,10.00000014206259,10
558.0624708480324,475.0,10.000000144368423,10
558.3066442547301,475.0,10.000000146082064,10
558.5825341873802,475.0,10.000000147000476,10
558.8192182855605,475.0,10.000000148319597,10
559.06922186139,475.0,10.000000149217845,10
559.3170725618106,475.0,10.000000150802306,10
559.5526736736746,475.0,10.000000151567615,10
559.7935151959346,475.0,10.00000015267317,10
560.0374337331523,475.0,10.00000015442486,10
560.2929673978995,475.0,10.000000155767886,10
560.5404928951257,475.0,10.000000157857366,10
560.8060638327376,475.0,10.000000159808044,10
561.0767579689519,475.0,10.000000160618358,10
561.334856928374,475.0,10.000000161619699,10
561.5823527274313,475.0,10.000000164018717,10
561.8346048583143,475.0,10.000000165653866,10
562.1301224508705,475.0,10.00000016778565,10
562.3664551499828,475.0,10.000000168874084,10
562.6483981128252,475.0,10.000000170389427,10
562.9081863273701,475.0,10.00000017162055,10
563.1791234121363,475.0,10.000000172391646,10
563.4371892907965,475.0,10.000000173761107,10
563.6726276073753,475.0,10.000000174724308,10
563.9188311636287,475.0,10.000000175531028,10
564.1377417528299,475.0,10.000000176757165,10
564.3904787080262,475.0,10.000000178126767,10
564.6537214883507,475.0,10.000000179802388,10
564.8930648179024,475.0,10.000000181227028,10
565.1492235865628,475.0,10.000000182167707,10
565.4198623800094,475.0,10.000000182688334,10
565.6797884302787,475.0,10.000000183952627,10
565.927139331203,475.0,10.00000018483446,10
566.1651646531914,475.0,10.000000185970851,10
566.3961412491786,475.0,10.000000186945561,10
566.6584455249761,475.0,10.0000001878066,10
566.9287740159892,475.0,10.000000189632612,10
567.1458044662867,475.0,10.00000019044116,10
567.3475709271335,475.0,10.000000191015582,10
567.5726312702943,475.0,10.000000192178561,10
567.8053677379795,475.0,10.000000193438378,10
568.0621397490579,475.0,10.000000194318643,10
568.2905360896578,475.0,10.000000195527845,10
568.5281294120654,475.0,10.00000019669749,10
568.7550497630459,475.0,10.000000197508498,10
568.98758941617,475.0,10.000000198816764,10
569.2377822963865,475.0,10.000000199644619,10
569.458853077176,475.0,10.0000002007659,10
569.696983154111,475.0,10.0000002023354,10
569.9426989206058,475.0,10.000000203635844,10
570.1671681647712,475.0,10.000000204265524,10
570.4021100789348,475.0,10.000000205293397,10
570.6693769778893,475.0,10.000000206078901,10
570.8945173848948,475.0,10.000000207431004,10
571.1152434870733,475.0,10.000000208255122,10
571.3636166077922,475.0,10.000000208863543,10
571.5783727981045,475.0,10.000000209792793,10
571.817630371536,475.0,10.000000211092525,10
572.0344402547138,475.0,10.000000212164329,10
572.2974374938939,475.0,10.000000213460444,10
572.5206398265411,475.0,10.000000213874504,10
572.7656342572953,475.0,10.000000215834296,10
572.9853866129038,475.0,10.000000217437522,10
573.2108338798499,475.0,10.000000218133042,10
573.4686465580425,475.0,10.000000219375739,10
573.6916851863257,475.0,10.000000220204054,10
573.9209386569596,475.0,10.000000220731541,10
574.1507326965532,475.0,10.000000222189179,10
574.3619825096657,475.0,10.000000222838946,10
574.5988465246573,475.0,10.000000223775613,10
574.8340197195415,475.0,10.000000225208383,10
575.050865037828,475.0,10.000000225985504,10
575.2838985901609,475.0,10.000000226851334,10
575.5070263719497,475.0,10.000000227963541,10
575.765759017991,475.0,10.000000229288492,10
575.9860097875285,475.0,10.000000231112526,10
576.1904566092969,475.0,10.000000232385334,10
576.4550742003277,475.0,10.000000234516554,10
576.6895299790398,475.0,10.000000235482124,10
576.9120313608496,475.0,10.000000236325786,10
577.1413562523923,475.0,10.000000237567049,10
577.37183181069,475.0,10.00000024063298,10
577.5682868418734,475.0,10.000000241532991,10
577.7669170401125,475.0,10.000000242727417,10
578.0000897690026,475.0,10.000000244169916,10
578.2221086063694,475.0,10.00000024529401,10
578.4270575676705,475.0,10.000000246161152,10
578.6309753830438,475.0,10.000000247977164,10
578.858758689764,475.0,10.000000249402984,10
579.0558138053832,475.0,10.000000250756369,10
579.251625285001,475.0,10.000000252088292,10
579.4376831798321,475.0,10.000000253269983,10
579.6416045569314,475.0,10.000000254389144,10
579.821098192292,475.0,10.000000255453678,10
580.0508019609061,475.0,10.000000256400895,10
580.2289323932479,475.0,10.000000257644219,10
580.4259868982433,475.0,10.000000258349738,10
580.625211235465,475.0,10.000000259777044,10
580.8190937452238,475.0,10.000000260391685,10
581.0285604851242,475.0,10.000000261568845,10
581.1826817493309,475.0,10.000000262786203,10
581.3813438212311,475.0,10.000000263825973,10
581.6003366650766,475.0,10.000000264582892,10
581.7980113263409,475.0,10.000000265803907,10
581.9789514919407,475.0,10.000000266835812,10
582.1759667472128,475.0,10.000000267670977,10
582.387048624053,475.0,10.000000268691956,10
582.6027430956307,475.0,10.000000269924243,10
582.7811410335249,475.0,10.000000271353905,10
582.9516349486128,475.0,10.000000272532315,10
583.1640000089686,475.0,10.000000273910084,10
583.3500691094886,475.0,10.000000275060607,10
583.5429120097313,475.0,10.000000276081181,10
583.6829807342546,475.0,10.000000276537616,10
583.8307867373994,475.0,10.000000277627464,10
584.0120669179173,475.0,10.00000027821535,10
584.1788348724554,475.0,10.000000278791896,10
584.3541797264173,475.0,10.000000280054476,10
584.5220990043479,475.0,10.00000028048326,10
584.7343849249171,475.0,10.00000028129988,10
584.9554678653308,475.0,10.000000281867925,10
585.1516084521011,475.0,10.00000028298711,10
585.3974582251964,475.0,10.000000283371973,10
585.659186273153,475.0,10.000000284108058,10
585.8793478448757,475.0,10.000000284859825,10
586.1038995366375,475.0,10.000000286546344,10
586.3380774983503,475.0,10.000000287011748,10
586.5782927102777,475.0,10.000000287370527,10
586.8076398643863,475.0,10.000000288149433,10
587.0785152583537,475.0,10.000000288903223,10
587.3526831535486,475.0,10.000000289147621,10
587.6244900490534,475.0,10.000000289603882,10
587.8942874930972,475.0,10.000000290203483,10
588.1213908305256,475.0,10.000000290637615,10
588.3349869953331,475.0,10.000000291383072,10
588.5611844610286,475.0,10.000000292500644,10
588.8199901231826,475.0,10.000000292979687,10
589.1066228096049,475.0,10.000000293841868,10
589.3846636952353,475.0,10.000000294431702,10
589.6746452984554,475.0,10.000000295236319,10
589.9092073523916,475.0,10.000000295916905,10
590.2077314335522,475.0,10.000000297009569,10
590.4979365832065,475.0,10.000000299386361,10
590.7694921553693,475.0,10.000000300557168,10
591.0191384458744,475.0,10.000000301820435,10
591.2628043193902,475.0,10.000000302797503,10
591.4960290527875,475.0,10.000000305330751,10
591.7287697963505,475.0,10.000000308101622,10
591.9566735939244,475.0,10.000000309398999,10
592.2019297187621,475.0,10.000000311577367,10
592.391282558228,475.0,10.00000031301603,10
592.5954543791529,475.0,10.000000314116248,10
592.8142061514166,475.0,10.000000316065405,10
593.0500308549263,475.0,10.000000317386393,10
593.2562188315123,475.0,10.000000320987976,10
593.4517446549743,475.0,10.000000324111285,10
593.6536668025581,475.0,10.000000325876025,10
593.8223590032751,475.0,10.000000327193831,10
593.9937868182449,475.0,10.000000329559544,10
594.1708917228561,475.0,10.000000330832322,10
594.3253986590023,475.0,10.000000331878613,10
594.4923255628224,475.0,10.000000335264012,10
594.6499632914326,475.0,10.000000338525297,10
594.8178109087419,475.0,10.000000340828194,10
594.8506855627711,475.0,10,10
595.0406780937133,475.0,10.000000002383793,10
595.2146600569052,475.0,10.000000005176219,10
595.2922976393838,475.0,10.000000006253657,10
595.4242565549397,475.0,10.00000000870875,10
595.5801311490827,475.0,10.000000010514565,10
595.708944846857,475.0,10.000000012741847,10
595.8778817242983,475.0,10.000000014744785,10
596.0440702018223,475.0,10.000000016636367,10
596.1605634260751,475.0,10.000000018326041,10
596.2865918440831,475.0,10.000000019392038,10
596.4226581012723,475.0,10.000000020920869,10
596.5602882799719,475.0,10.0000000225705,10
596.7201929975896,475.0,10.000000024133245,10
596.8596901277725,475.0,10.000000025985843,10
597.0437978923255,475.0,10.000000027990646,10
597.2334764712739,475.0,10.000000029231547,10
597.3431075174191,475.0,10.000000030246843,10
597.4829056364416,475.0,10.000000031530192,10
597.673829862876,475.0,10.000000033136711,10
597.8365588421785,475.0,10.000000034898985,10
597.9874894994084,475.0,10.000000036404707,10
598.168346084305,475.0,10.000000037616967,10
598.3402549987209,475.0,10.000000038870857,10
598.4938349188244,475.0,10.000000039724561,10
598.6747736389008,475.0,10.00000004097804,10
598.840088237631,475.0,10.0000000432607,10
599.0143780595481,475.0,10.000000044583317,10
599.1792689443436,475.0,10.000000045698659,10
599.2804306692767,475.0,10.000000047470559,10
599.4711123495943,475.0,10.000000048909397,10
599.6024389352834,475.0,10.000000049547298,10
599.764530458187,475.0,10.000000050558006,10
599.9220245704993,475.0,10.000000051631737,10
600.0594404106548,475.0,10.00000005376442,10
600.214881500786,475.0,10.00000005443129,10
600.3614847117783,475.0,10.000000055967606,10
600.4990714240159,475.0,10.000000057166742,10
600.6448652490117,475.0,10.000000057951288,10
600.782599944974,475.0,10.000000058564549,10
600.9576806164073,475.0,10.000000059511013,10
601.1310411124557,475.0,10.000000060932852,10
601.312891456047,475.0,10.000000061635651,10
601.4754360040693,475.0,10.00000006261426,10
601.6847758156871,475.0,10.0000000641744,10
601.8352700480389,475.0,10.00000006501833,10
601.9938340933825,475.0,10.0000000663817,10
602.1938151714112,475.0,10.000000067335424,10
602.3856546128469,475.0,10.000000067778158,10
602.5464414946832,475.0,10.000000068191202,10
602.7431803929833,475.0,10.000000069099281,10
602.8957439346003,475.0,10.000000070120361,10
603.0542002597393,475.0,10.000000070904402,10
603.2138013218661,475.0,10.000000071723345,10
603.3838187426986,475.0,10.000000072549465,10
603.5840715582107,475.0,10.000000073687508,10
603.7191767505404,475.0,10.000000074350554,10
603.9510479972479,475.0,10.000000075518653,10
604.171589548351,475.0,10.000000076730982,10
604.3427760994097,475.0,10.000000077516972,10
604.4724488049069,475.0,10.00000007877677,10
604.6465957398894,475.0,10.000000079499207,10
604.8403593531918,475.0,10.000000080296,10
605.0102397428886,475.0,10.00000008123689,10
605.190405197,475.0,10.000000082504723,10
605.3855790412591,475.0,10.000000083376886,10
605.5946282951429,475.0,10.00000008492092,10
605.7749662001233,475.0,10.00000008672768,10
605.890245628117,475.0,10.000000088062071,10
606.0586717239316,475.0,10.000000089311493,10
606.2074350371759,475.0,10.000000090602105,10
606.2949852967761,475.0,10.000000091654869,10
606.4753464329739,475.0,10.000000092847264,10
606.6169688714737,475.0,10.00000009390151,10
606.7846271998002,475.0,10.000000095268321,10
606.9264236092337,475.0,10.00000009656895,10
607.1127614224464,475.0,10.000000097613475,10
607.270357801407,475.0,10.000000098729402,10
607.4290261996955,475.0,10.000000099866575,10
607.578352433766,475.0,10.00000010183756,10
607.7259245034559,475.0,10.000000103178051,10
607.9063355436159,475.0,10.000000104423805,10
608.1061717965155,475.0,10.000000106864515,10
608.2705971539419,475.0,10.000000108364025,10
608.4232977859876,475.0,10.000000109893682,10
608.6145415084223,475.0,10.000000111094014,10
608.7411819172664,475.0,10.000000111868292,10
608.859669341859,475.0,10.00000011298021,10
608.9989343120217,475.0,10.000000114690518,10
609.1573190070169,475.0,10.000000115998276,10
609.3212828009291,475.0,10.000000117590364,10
609.5233194342527,475.0,10.000000119118308,10
609.6801836145941,475.0,10.000000120757381,10
609.8390013224689,475.0,10.000000121992366,10
610.035040238625,475.0,10.000000123094264,10
610.2389106389869,475.0,10.000000123943122,10
610.3767682540441,475.0,10.000000125724151,10
610.4963091683886,475.0,10.000000126821453,10
610.6482982253614,475.0,10.000000128196179,10
610.8067166416963,475.0,10.000000129480236,10
610.9897162817216,475.0,10.000000130836012,10
611.1131760898359,475.0,10.000000131664413,10
611.2302597580724,475.0,10.000000132608983,10
611.3907617738317,475.0,10.000000134178823,10
611.5972588905421,475.0,10.000000136512243,10
611.7650400043891,475.0,10.000000137974768,10
611.9128661684755,475.0,10.000000139723657,10
612.0234183521135,475.0,10.000000141015034,10
612.1795894945145,475.0,10.000000142322866,10
612.3448133304273,475.0,10.000000144294987,10
612.4264847619654,475.0,10.000000144540117,10
612.5199599619018,475.0,10.000000145138916,10
612.6360700329835,475.0,10.000000146055351,10
612.7432391017318,475.0,10.000000147258401,10
612.8848414385536,475.0,10.000000148335431,10
613.0268472240734,475.0,10.000000149895254,10
613.0814496863975,475.0,10.00000015084374,10
613.1984854994996,475.0,10.000000151898867,10
613.3100988397741,475.0,10.000000152701451,10
613.4950198206081,475.0,10.000000154086154,10
613.6901646966722,475.0,10.000000155633472,10
613.784725773892,475.0,10.000000156502644,10
613.9279319822723,475.0,10.000000157630646,10
614.1054567272762,475.0,10.000000158551607,10
614.2766149511117,475.0,10.000000159569058,10
614.4041566563856,475.0,10.000000160953316,10
614.6079600012898,475.0,10.000000162266867,10
614.7355050294094,475.0,10.000000163877425,10
614.9050067508267,475.0,10.00000016476086,10
615.0378981817969,475.0,10.000000165722268,10
615.211547328088,475.0,10.000000167445803,10
615.3798609948499,475.0,10.000000168278335,10
615.4944729925433,475.0,10.000000169292429,10
615.6178925972341,475.0,10.00000017030174,10
615.8632747268769,475.0,10.000000171308391,10
616.0541267724417,475.0,10.000000172204414,10
616.1795682339668,475.0,10.000000172757144,10
616.3858291826755,475.0,10.000000174086486,10
616.6030583252264,475.0,10.000000174554742,10
616.8158904326666,475.0,10.000000175954238,10
617.0456337339407,475.0,10.000000177142855,10
617.2590110453721,475.0,10.000000177931819,10
617.4345717130652,475.0,10.000000178766989,10
617.6496061975632,475.0,10.000000179497588,10
617.8461636146711,475.0,10.000000180305662,10
618.0449890034417,475.0,10.000000181058066,10
618.2294124942856,475.0,10.00000018208792,10
618.4234396795446,475.0,10.000000182450135,10
618.6222911454,475.0,10.000000183096903,10
618.7612944665402,475.0,10.00000018387352,10
618.937312972666,475.0,10.00000018419913,10
619.078595501046,475.0,10.000000184716633,10
619.2252530721327,475.0,10.000000184936448,10
619.4138205314784,475.0,10.000000185411398,10
619.5673453473859,475.0,10.000000185668915,10
619.6724076531666,475.0,10.000000185962065,10
619.7990417889451,475.0,10.000000186089732,10
619.9546816160703,475.0,10.000000186342305,10
620.0999211925962,475.0,10.000000186685119,10
620.1990252616765,475.0,10.000000186871135,10
620.3172033833295,475.0,10.000000187056418,10
620.3693684108855,475.0,10.000000187360051,10
620.3946536362372,475.0,10.000000187379742,10
620.4759577168494,475.0,10.000000187723947,10
620.6191884380203,475.0,10.000000188091176,10
620.7506271699917,475.0,10.000000188442662,10
620.8506970726876,475.0,10.000000188725645,10
620.9870796224543,475.0,10.000000189194452,10
621.100188607465,475.0,10.000000189425037,10
621.185680734039,475.0,10.000000189564469,10
621.2621021437193,475.0,10.00000018989454,10
621.3452500047085,475.0,10.000000190043007,10
621.493224063575,475.0,10.000000190281593,10
621.5595587431881,475.0,10.000000190500879,10
621.68858023845,475.0,10.000000191138543,10
621.7410556535284,475.0,10.00000019132198,10
621.8874337979482,475.0,10.000000191726063,10
621.9826774976015,475.0,10.000000192116792,10
622.0655233194939,475.0,10.000000192285322,10
622.2300382778743,475.0,10.000000193241378,10
622.3898957147919,475.0,10.000000193435447,10
622.5279126685743,475.0,10.000000193999332,10
622.6550787457447,475.0,10.000000194647876,10
622.7625318757521,475.0,10.000000195004231,10
622.9227122952365,475.0,10.000000195402526,10
623.0479293899327,475.0,10.000000196044716,10
623.2101605816147,475.0,10.000000196666436,10
623.3660455475322,475.0,10.000000197339935,10
623.558676106284,475.0,10.000000198248188,10
623.7571316632174,475.0,10.000000198835753,10
623.9336822448556,475.0,10.000000199661908,10
623.9460328247587,475.0,10,10
624.1596357099426,475.0,10.000000000840188,10
624.1630187479968,475.0,10,10
624.1700300283919,475.0,10,10
624.1858080484162,475.0,10,10
624.1865553374009,475.0,10,10
624.1948968807774,475.0,10,10
624.3903641138131,475.0,10.000000001244077,10
624.3952560948746,475.0,10,10
624.4057505366,475.0,10,10
624.4170584429594,475.0,10,10
624.56005435131,475.0,10.000000001011554,10
624.7690087446657,475.0,10.000000002027381,10
624.7789044382589,475.0,10,10
624.7875925584303,475.0,10,10
624.7940196257623,475.0,10,10
624.8063270908387,475.0,10,10
624.8239680577608,475.0,10,10
624.9627828644418,475.0,10.000000000514243,10
624.971385983059,475.0,10,10
625.1217147679704,475.0,10.000000000539329,10
625.1257064680176,475.0,10,10
625.1292084553352,475.0,10,10
625.1295211121978,475.0,10,10
625.1373064362051,475.0,10,10
625.2967312325535,475.0,10.000000000704256,10
625.3100953151079,475.0,10,10
625.3114018301785,475.0,10,10
625.3160864521124,475.0,10,10
625.3222496664457,475.0,10,10
625.3318058900841,475.0,10,10
625.3368099617146,475.0,10,10
625.3393123402566,475.0,10,10
625.3393471299714,475.0,10,10
625.5384142602749,475.0,10.00000000076285,10
625.5418242658998,475.0,10,10
625.5381801128897,475.0,10,10
625.5420202040623,475.0,10,10
625.5460048732857,475.0,10,10
625.5470381675332,475.0,10,10
625.5553793262734,475.0,10,10
625.5589433024215,475.0,10,10
625.5685852217066,475.0,10,10
625.5664249239999,475.0,10,10
625.5619155616077,475.0,10,10
625.556165812588,475.0,10,10
625.5576888537544,475.0,10,10
625.5595796759517,475.0,10,10
625.5575890840773,475.0,10,10
625.5655324842592,475.0,10,10
625.5710331203227,475.0,10,10
625.5806156789695,475.0,10,10
625.5777804189638,475.0,10,10
625.5832282462434,475.0,10,10
625.5905869765484,475.0,10,10
625.5858137923569,475.0,10,10
625.5907807805852,475.0,10,10
625.586064992407,475.0,10,10
625.7611014520368,475.0,10.000000001063,10
625.7607060437949,475.0,10,10
625.7609544684456,475.0,10,10
625.7615967624515,475.0,10,10
625.9436378706586,475.0,10.000000000802467,10
625.9424436222689,475.0,10,10
625.9456703395044,475.0,10,10
625.9481815192776,475.0,10,10
625.9524207678551,475.0,10,10
625.9582456126736,475.0,10,10
625.970335175276,475.0,10,10
626.1640305265047,475.0,10.000000000505427,10
626.1627650464579,475.0,10,10
626.3691628476588,475.0,10.000000000873527,10
626.5644662426583,475.0,10.000000001655549,10
626.7449446661554,475.0,10.000000002329083,10
626.7451181715951,475.0,10,10
626.7517693495975,475.0,10,10
626.7477625311949,475.0,10,10
626.9375478171954,475.0,10.00000000156722,10
626.9311767161489,475.0,10,10
626.9318806360607,475.0,10,10
627.1104600256948,475.0,10.00000000082962,10
627.1153186619413,475.0,10,10
627.1198137783576,475.0,10,10
627.1225522162058,475.0,10,10
627.3198527539942,475.0,10.00000000126454,10
627.3224419743419,475.0,10,10
627.3310097806752,475.0,10,10
627.3278337790762,475.0,10,10
627.3315980394036,475.0,10,10
627.3330220271964,475.0,10,10
627.3324805385564,475.0,10,10
627.3441608053763,475.0,10,10
627.3363426624928,475.0,10,10
627.3386232614648,475.0,10,10
627.5188487676746,475.0,10.000000000430228,10
627.5184803235534,475.0,10,10
627.755470312445,475.0,10.000000001970227,10
627.9777370901332,475.0,10.000000003293446,10
627.9770522734689,475.0,10,10
627.9788275659157,475.0,10,10
627.9849740718564,475.0,10,10
627.9889444424844,475.0,10,10
627.9902513517372,475.0,10,10
627.9920565652501,475.0,10,10
628.1536955995086,475.0,10.00000000097905,10
628.1564216067854,475.0,10,10
628.1625798590321,475.0,10,10
628.3695682070698,475.0,10.000000003038423,10
628.6010004791486,475.0,10.000000006848637,10
628.6020649808997,475.0,10,10
628.6084472772272,475.0,10,10
628.6029069607685,475.0,10,10
628.6083769777397,475.0,10,10
628.6174219965542,475.0,10,10
628.8305684878117,475.0,10.000000003162835,10
628.8311103629021,475.0,10,10
628.8249209723508,475.0,10,10
629.0477092602639,475.0,10.00000000255257,10
629.2702321726322,475.0,10.00000000663512,10
629.2748975176437,475.0,10,10
629.2812631595953,475.0,10,10
629.2871089954933,475.0,10,10
629.2873128746796,475.0,10,10
629.2941018381316,475.0,10,10
629.2979832865458,475.0,10,10
629.3016592945132,475.0,10,10
629.3076632815573,475.0,10,10
629.3085181247952,475.0,10,10
629.5334573654095,475.0,10.000000002782182,10
629.533210447109,475.0,10,10
629.5381092387761,475.0,10,10
629.7501819826483,475.0,10.000000002186546,10
629.7570733884859,475.0,10,10
629.7646342614244,475.0,10,10
629.7651653341527,475.0,10,10
629.7718699779871,475.0,10,10
629.7752502654257,475.0,10,10
629.7854116466406,475.0,10,10
629.7902723914522,475.0,10,10
629.7928978619675,475.0,10,10
629.7994545605543,475.0,10,10
630.0127149859482,475.0,10.000000003447076,10
630.0080183386381,475.0,10,10
630.0052281527824,475.0,10,10
630.003290181914,475.0,10,10
630.0026787852912,475.0,10,10
629.9883619237735,475.0,10,10
629.995083613605,475.0,10,10
629.9999114240563,475.0,10,10
630.0021121183454,475.0,10,10
629.9898012865378,475.0,10,10
629.9978174826174,475.0,10,10
630.2194409317259,475.0,10.000000002818345,10
630.2160244666084,475.0,10,10
630.203196707931,475.0,10,10
630.1976085610731,475.0,10,10
630.1979592491625,475.0,10,10
630.1950686208656,475.0,10,10
630.1931033227811,475.0,10,10
630.1847882336224,475.0,10,10
630.1831307864268,475.0,10,10
630.1766083954353,475.0,10,10
630.1642448051352,475.0,10,10
630.1543727606986,475.0,10,10
630.1535055553177,475.0,10,10
630.1481284056426,475.0,10,10
630.2098414864341,475.0,10.0000000001234,10
630.2105204945183,475.0,10,10
630.2021396679556,475.0,10,10
630.2002085807253,475.0,10,10
630.1853367301155,475.0,10,10
630.1830431245253,475.0,10,10
630.1773628768497,475.0,10,10
630.1724390479721,475.0,10,10
630.1732782626277,475.0,10,10
630.1709803391932,475.0,10,10
630.1696075268774,475.0,10,10
630.1665265863048,475.0,10,10
630.162891957465,475.0,10,10
630.1591043872977,475.0,10,10
630.1556312260436,475.0,10,10
630.1458410551058,475.0,10,10
630.1333773876759,475.0,10,10
630.1295615763156,475.0,10,10
630.114686509849,475.0,10,10
630.1053489365368,475.0,10,10
630.0957758922814,475.0,10,10
630.0842496894984,475.0,10,10
630.0776620020843,475.0,10,10
630.0699071681811,475.0,10,10
630.06590360056,475.0,10,10
630.0655703151351,475.0,10,10
630.0659351049617,475.0,10,10
630.0595463787831,475.0,10,10
630.052974420476,475.0,10,10
630.0430887340262,475.0,10,10
630.0416539953949,475.0,10,10
630.0367703442389,475.0,10,10
630.0307260951886,475.0,10,10
630.021735129405,475.0,10,10
630.0177112836318,475.0,10,10
630.0081938672738,475.0,10,10
630.0004943795429,475.0,10,10
630.0028929207401,475.0,10,10
629.9983221734801,475.0,10,10
630.0052568376923,475.0,10,10
630.0016471960043,475.0,10,10
629.9977142156495,475.0,10,10
629.998358211822,475.0,10,10
630.211732005935,475.0,10.000000002077519,10
630.2120642692535,475.0,10,10
630.2066944067119,475.0,10,10
630.2041779549545,475.0,10,10
630.1932078933096,475.0,10,10
630.1933806560482,475.0,10,10
630.1889154606979,475.0,10,10
630.1791328893523,475.0,10,10
630.1679294801797,475.0,10,10
630.1634058690179,475.0,10,10
630.1565048488337,475.0,10,10
630.1536837249078,475.0,10,10
630.1449448048152,475.0,10,10
630.1422701425399,475.0,10,10
630.1386219876367,475.0,10,10
630.1395895352834,475.0,10,10
630.1379287307864,475.0,10,10
630.1296215355178,475.0,10,10
630.1223447094453,475.0,10,10
630.1230655377512,475.0,10,10
630.1150676272591,475.0,10,10
630.1097864210387,475.0,10,10
630.109157499719,475.0,10,10
630.1055597475279,475.0,10,10
630.098271381903,475.0,10,10
630.0988653382883,475.0,10,10
630.1006882173606,475.0,10,10
630.0990214398262,475.0,10,10
630.0987228064696,475.0,10,10
630.0961287748432,475.0,10,10
630.0904296911685,475.0,10,10
630.097158539611,475.0,10,10
630.1155633344679,475.0,10,10
630.1434405087857,475.0,10,10
630.167558557856,475.0,10,10
630.1934143095641,475.0,10,10
630.2239054977326,475.0,10,10
630.2566658310025,475.0,10,10
630.2857320229887,475.0,10,10
630.3170592072784,475.0,10,10
630.3434246606557,475.0,10,10
630.3748747646241,475.0,10,10
630.4042210015832,475.0,10,10
630.4365424807547,475.0,10,10
630.4677096358864,475.0,10,10
630.5035924776821,475.0,10,10
