225.5,135.5,61,71
224.09977588321124,134.90738759367832,57.80790358254603,70.81523261608345
224.61176430199714,133.44626414678032,55.82520588210879,69.51202041106356
225.34811730283104,138.3689719661773,51.99527470076872,72.94095779961333
222.29313191421053,129.10889316887113,52.23439634547189,69.07639936029008
220.88539404137177,130.34318238254698,52.47719733986772,67.30364829785998
219.5258881307324,130.02710129535203,52.52866384254291,65.69679870772353
217.64764024727933,122.40038757294494,51.56284858955163,63.67088731586779
217.2218534784874,120.63755780014283,51.57991150272678,61.929006406607506
216.15610365873323,114.16472566472622,50.751807594185124,60.28124492670829
225.63879222146048,113.944805473831,45.58774005430193,62.04095041603506
223.45436471479275,143.67651061456232,47.64672863926219,58.65237305083219
220.80781426437548,172.61444068722375,47.888492297970245,57.005978390128476
218.31134803094864,201.5400226999685,47.503485063743625,55.15503180238312
218.1932515524775,231.05545374407018,48.41021596929424,53.069981939521526
218.62721652072463,258.9772390598208,48.28856449759414,51.60967394229762
217.44234965317594,286.1500308523622,47.16615340961724,50.062327204138654
216.74334238548502,311.9472109014897,46.41332456311734,47.61579425432114
217.48087299952283,328.8627592362411,46.46583549004051,46.27448152751778
218.25778239587908,329.416366644651,46.26203174154036,45.167266710697945
219.1224350343908,329.86129614444604,45.871540365464455,44.277407711107955
220.0635616927872,330.28001141252696,45.379130274150775,43.43997717494612
221.0032821404754,330.61459529588996,44.81480840686581,42.77080940822008
221.95794063739157,330.94504340507433,44.20943158999729,42.1099131898514
222.9284757485327,331.29307260603315,43.60968951178853,41.41385478793369
223.88834674679745,331.6096153840175,42.99266877723715,40.78076923196498
224.8299619880124,331.88002176730816,42.35215639535504,40.239956465383685
225.71213779412855,332.14743178942234,41.777074445026116,39.70513642115533
226.6047336747961,332.42060720695656,41.19965446179772,39.15878558608688
227.49908882738671,332.70488478729385,40.6490339564975,38.590230425412315
228.40877005926322,332.97552958705984,40.07291816728211,38.048940825880294
229.299707006651,333.23170970437826,39.50799647721082,37.53658059124345
230.18004132526926,333.4936913160451,38.9599837418832,37.01261736790974
231.02834270548553,333.7487808334845,38.42494080162584,36.50243833303107
231.89196140813246,333.9747007909783,37.85698608065813,36.05059841804336
232.72768039761152,334.2140630380454,37.31772938851185,35.57187392390918
233.5046916650876,334.43940158613793,36.81442230003189,35.12119682772416
234.2987302727314,334.6770863540061,36.303733728962726,34.645827291987764
235.08283650966393,334.9066391323164,35.80720597322967,34.18672173536724
235.87280873543145,335.164700770187,35.33158002125975,33.67059845962599
236.6637125494431,335.4236066273611,34.84972890568763,33.15278674527782
237.448409944868,335.67281938751097,34.36018097381614,32.654361224978075
238.21740479267538,335.90596124970074,33.86771575616001,32.188077500598546
238.946663839929,336.1286837875163,33.39777002073791,31.74263242496737
239.6720742610442,336.353876659776,32.93142806940328,31.292246680447974
240.38552845734716,336.57816024812143,32.478688096635295,30.843679503757176
241.0986194237943,336.8092617439783,32.02808387580006,30.381476512043402
241.81281000233744,337.04154895233626,31.56893468187144,29.916902095327487
242.5278004131917,337.27888381965545,31.107452209352658,29.442232360689058
243.22771982541764,337.4647557039802,30.626541233239884,29.070488592039673
243.90332380554716,337.65922135088823,30.17608617501177,28.6815572982235
244.55492551299454,337.8507323962601,29.74623653943296,28.298535207479734
245.21039564737026,338.0971028699303,29.345232162309795,27.805794260139358
245.87071086734156,338.32124835252625,28.925313974030395,27.357503294947527
246.5271590387812,338.53005725891234,28.493491582872288,26.939885482175377
247.17690870273847,338.7351782348077,28.064881620630864,26.52964353038462
247.80353189926916,338.88811629484127,27.625239701637156,26.223767410317414
248.50169767498926,339.0581076535805,27.015878407956066,25.883784692838923
249.05496993264313,339.16407230178123,26.450371154134356,25.671855396437554
249.5270589933566,339.28497610886745,25.961713662590228,25.4300477822651
249.97407345615625,339.4148376902102,25.52273365571498,25.17032461957956
250.41939143796182,339.563816116565,25.131643266292063,24.872367766870006
250.83404059012017,339.7170647968147,24.7673527141555,24.56587040637058
251.23088145273093,339.88263084602977,24.441290527241172,24.234738307940418
251.63002904028684,340.0477852374486,24.11968329010429,23.90442952510283
252.06940207398816,340.218983342406,23.793030847770325,23.562033315188025
252.5237736676987,340.425469224901,23.483950143087704,23.149061550198002
253.00083155517058,340.6155820656904,23.152897932444482,22.768835868619288
253.47679563066106,340.8116625360196,22.812768365924725,22.376674927960817
253.9511973719906,341.02831953847544,22.482433704314445,21.94336092304909
254.44141328358748,341.25065806599565,22.142303585527365,21.49868386800869
254.94249036661967,341.430200891053,21.755585377371602,21.13959821789401
255.4342789606364,341.60904368144077,21.38082505144453,20.781912637118484
255.91524738914148,341.80917377958656,21.03217045771327,20.38165244082688
256.396093970711,341.99449114756106,20.67272596324495,20.011017704877865
256.87629442794207,342.15407550677673,20.298307848312806,19.691848986446473
257.3473623759545,342.3125873739394,19.93890015939926,19.37482525212127
257.81520009744435,342.4920603280145,19.598927781814957,19.01587934397107
258.27881488111433,342.6595056546489,19.251440407697018,18.680988690702122
258.7423638784384,342.8330510946559,18.907403810124507,18.33389781068818
259.071890280778,342.9742063433467,18.73250043166712,18.051587313306655
259.4691688776431,343.10595509293535,18.394141751444835,17.78808981412935
259.8655512113226,343.2362410829763,18.069022401401874,17.527517834047444
260.1519623637138,343.3663638434279,17.906504344952545,17.267272313144154
260.5278277403816,343.49319795294997,17.583997129061956,17.013604094100046
260.87265889224784,343.60926204466847,17.281493129782298,16.781475910663026
261.1958825463428,343.7079406510308,16.988403315469903,16.58411869793834
261.5062228104163,343.8129136108437,16.71751505917532,16.374172778312666
261.8102468635633,343.919493765359,16.45560617526489,16.161012469282042
262.12887985521706,344.0240355482924,16.192905703899157,15.951928903415281
262.4421456114145,344.1368793126364,15.94330353425105,15.726241374727243
262.7538109180651,344.25384380708397,15.698987174566241,15.492312385832053
263.07237004958745,344.370903125495,15.456605976359977,15.258193749010092
263.36508451816286,344.49628074951664,15.236456117692727,15.007438500966675
263.6035008921801,344.637722934328,15.13725670286439,14.724554131343986
263.9249938764198,344.7516142615284,14.877067528560994,14.496771476943218
264.27887766152367,344.89997676913435,14.632244167929024,14.200046461731255
264.62123806555724,345.02620069687873,14.375473295059749,13.947598606242487
264.9732780300787,345.1777891202436,14.134755970396462,13.644421759512802
265.32077813212584,345.296040825308,13.86998900642974,13.407918349383946
265.6654245020616,345.44420823323844,13.632194000151081,13.111583533523099
266.00177792725015,345.5523660344253,13.36705649858613,12.895267931149384
266.24785877000465,345.6392076549933,13.223655090109984,12.721584690013398
266.54896113797275,345.69880730407004,12.946390856817402,12.602385391859958
266.7962810708927,345.78274844383554,12.714147535195627,12.434503112328956
267.044086925569,345.8636111557624,12.494361624354458,12.272777688475198
267.2814008508928,345.9455260805701,12.29291354322285,12.108947838859756
267.5095653570187,346.0392057540709,12.105767779252623,11.921588491858198
267.7529822863188,346.1212051688406,11.91431439378925,11.757589662318733
267.9977625827938,346.2160630393242,11.738367930859296,11.567873921351596
268.2580444233642,346.33145166793935,11.570806768134084,11.33709666412126
268.5280869626218,346.42790058173836,11.384477700151269,11.144198836523246
268.7259946926857,346.5391465720427,11.30709293198096,10.921706855914644
268.9347861022607,346.6352040388146,11.196517157384626,10.729591922370734
269.1627822299466,346.7042741082552,11.050967081454335,10.59145178348955
269.3846060485938,346.79790782461436,10.92176863525334,10.404184350771331
269.60522652217645,346.87970095035763,10.781020332398056,10.240598099284778
269.8826710500339,346.9448996461639,10.545054958657545,10.110200707672188
270.1445993603485,347.0,10.348695492502651,10
270.3926269438409,347.0,10.175406957359378,10
270.6162897161454,347.0,10.046038754421485,10
270.79339748620987,347.0,10,10
270.94593104720116,347.0,10,10
271.09916454553604,347.0,10,10
271.2531779408455,347.0,10,10
271.4067606776953,347.0,10,10
271.55904929339886,347.0,10,10
271.6941465884447,347.0,10,10
271.83076083660126,347.0,10,10
271.96959260106087,347.0,10,10
272.11154544353485,347.0,10,10
272.25435522198677,347.0,10,10
272.4030815511942,347.0,10,10
272.55578587949276,347.0,10,10
272.70673447847366,347.0,10,10
272.86415630578995,347.0,10,10
273.0173105895519,347.0,10,10
273.1676374822855,347.0,10,10
273.31679105758667,347.0,10,10
273.46500165760517,347.0,10,10
273.61372354626656,347.0,10,10
273.7603845745325,347.0,10,10
273.91162171959877,347.0,10,10
274.06240171194077,347.0,10,10
274.21097642183304,347.0,10,10
274.3599297106266,347.0,10,10
274.51144245266914,347.0,10,10
274.66184379160404,347.0,10,10
274.8158677518368,347.0,10,10
274.9692320972681,347.0,10,10
275.12226763367653,347.0,10,10
275.2737935632467,347.0,10,10
275.4162480533123,347.0,10,10
275.5573869496584,347.0,10,10
275.69851760566235,347.0,10,10
275.84099094569683,347.0,10,10
275.99019803106785,347.0,10,10
276.1365925818682,347.0,10,10
276.27781957387924,347.0,10,10
276.42451080679893,347.0,10,10
276.57340347766876,347.0,10,10
276.7204048335552,347.0,10,10
276.8750609457493,347.0,10,10
277.0227526575327,347.0,10,10
277.1682662963867,347.0,10,10
277.31304463744164,347.0,10,10
277.4551636427641,347.0,10,10
277.6031286716461,347.0,10,10
277.75382617115974,347.0,10,10
277.90663424134254,347.0,10,10
278.0589466392994,347.0,10,10
278.21080803871155,347.0,10,10
278.36300994455814,347.0,10,10
278.51626597344875,347.0,10,10
278.66662377119064,347.0,10,10
278.81458577513695,347.0,10,10
278.9592562317848,347.0,10,10
279.1078884601593,347.0,10,10
279.25290074944496,347.0,10,10
279.39660158753395,347.0,10,10
279.5431880503893,347.0,10,10
279.69434137642384,347.0,10,10
279.84512780606747,347.0,10,10
279.9970492273569,347.0,10,10
280.15055127441883,347.0,10,10
280.30441941320896,347.0,10,10
280.45862752199173,347.0,10,10
280.6118711531162,347.0,10,10
280.7642319202423,347.0,10,10
280.91409623622894,347.0,10,10
281.060239136219,347.0,10,10
281.2036747187376,347.0,10,10
281.34549513459206,347.0,10,10
281.48694598674774,347.0,10,10
281.6264515966177,347.0,10,10
281.7655733078718,347.0,10,10
281.9050669670105,347.0,10,10
282.0480061471462,347.0,10,10
282.19681383669376,347.0,10,10
282.3474864810705,347.0,10,10
282.50064893066883,347.0,10,10
282.65521325170994,347.0,10,10
282.80879111588,347.0,10,10
282.9638860076666,347.0,10,10
283.11910842359066,347.0,10,10
283.2734374701977,347.0,10,10
283.4262240380049,347.0,10,10
283.58066791296005,347.0,10,10
283.72534915804863,347.0,10,10
283.8647220134735,347.0,10,10
283.9947835057974,347.0,10,10
284.13442209362984,347.0,10,10
284.28595247864723,347.0,10,10
284.4317239969969,347.0,10,10
284.5638540685177,347.0,10,10
284.67579475045204,347.0,10,10
284.8005154132843,347.0,10,10
284.9313010573387,347.0,10,10
285.07459330558777,347.0,10,10
285.2100913375616,347.0,10,10
285.34018635749817,347.0,10,10
285.4875836968422,347.0,10,10
285.63907411694527,347.0,10,10
285.7867642790079,347.0,10,10
285.9390881806612,347.0,10,10
286.09717942774296,347.0,10,10
286.25548355281353,347.0,10,10
286.41707937419415,347.0,10,10
286.57547484338284,347.0,10,10
286.73418921232224,347.0,10,10
286.89174865186214,347.0,10,10
287.0498994886875,347.0,10,10
287.2075996398926,347.0,10,10
287.36542700231075,347.0,10,10
287.52408519387245,347.0,10,10
287.68233585357666,347.0,10,10
287.8407682329416,347.0,10,10
287.9994838833809,347.0,10,10
288.15685921907425,347.0,10,10
288.3153596371412,347.0,10,10
288.47340662777424,347.0,10,10
288.63326857984066,347.0,10,10
288.7934667021036,347.0,10,10
288.9541352391243,347.0,10,10
289.11565440893173,347.0,10,10
289.2782309502363,347.0,10,10
289.44423002004623,347.0,10,10
289.6104842722416,347.0,10,10
289.7719640135765,347.0,10,10
289.93257650732994,347.0,10,10
290.0862016379833,347.0,10,10
290.2259977608919,347.0,10,10
290.297709017992,347.0,10,10
290.39673908799887,347.0,10,10
290.5102396979928,347.0,10,10
290.63576098531485,347.0,10,10
290.7501850128174,347.0,10,10
290.8609158322215,347.0,10,10
290.9871670976281,347.0,10,10
291.08097556233406,347.0,10,10
291.2141270041466,347.0,10,10
291.33818417042494,347.0,10,10
291.4927003607154,347.0,10,10
291.646306194365,347.0,10,10
291.80133026093245,347.0,10,10
291.9532479569316,347.0,10,10
292.1028745993972,347.0,10,10
292.2543152347207,347.0,10,10
292.4115989431739,347.0,10,10
292.56173522025347,347.0,10,10
292.7100272551179,347.0,10,10
292.8554146364331,347.0,10,10
292.99565436691046,347.0,10,10
293.1384972408414,347.0,10,10
293.28087098151445,347.0,10,10
293.4232659563422,347.0,10,10
293.5431259870529,347.0,10,10
293.6642379909754,347.0,10,10
293.8094923198223,347.0,10,10
293.95463371276855,347.0,10,10
294.11865666508675,347.0,10,10
294.2813186198473,347.0,10,10
294.4380776286125,347.0,10,10
294.59600891172886,347.0,10,10
294.75443036854267,347.0,10,10
294.91140703856945,347.0,10,10
295.06937339901924,347.0,10,10
295.2306223064661,347.0,10,10
295.38701432943344,347.0,10,10
295.53505489230156,347.0,10,10
295.6815318316221,347.0,10,10
295.8302270025015,347.0,10,10
295.97849345207214,347.0,10,10
296.1245370209217,347.0,10,10
296.2683946490288,347.0,10,10
296.41548170149326,347.0,10,10
296.56124870479107,347.0,10,10
296.7043434679508,347.0,10,10
296.8386499285698,347.0,10,10
296.96396212279797,347.0,10,10
297.07136633992195,347.0,10,10
297.1746224835515,347.0,10,10
297.2794369086623,347.0,10,10
297.3814534768462,347.0,10,10
297.49816090613604,347.0,10,10
297.61881356686354,347.0,10,10
297.75299329310656,347.0,10,10
297.89899376779795,347.0,10,10
298.0533480271697,347.0,10,10
298.20473056286573,347.0,10,10
298.36210352927446,347.0,10,10
298.5148446634412,347.0,10,10
298.66995876282454,347.0,10,10
298.8216594681144,347.0,10,10
298.9713281169534,347.0,10,10
299.1211330667138,347.0,10,10
299.2719058468938,347.0,10,10
299.42952781170607,347.0,10,10
299.58688469976187,347.0,10,10
299.741080917418,347.0,10,10
299.88978735357523,347.0,10,10
300.03495328873396,347.0,10,10
300.172992490232,347.0,10,10
300.31107222288847,347.0,10,10
300.45477663725615,347.0,10,10
300.5977468267083,347.0,10,10
300.7403220757842,347.0,10,10
300.88239546865225,347.0,10,10
301.0261866822839,347.0,10,10
301.1701947674155,347.0,10,10
301.3153771236539,347.0,10,10
301.4614198580384,347.0,10,10
301.6081754639745,347.0,10,10
301.75480396300554,347.0,10,10
301.8984353467822,347.0,10,10
302.0446867272258,347.0,10,10
302.1806874796748,347.0,10,10
302.31294859200716,347.0,10,10
302.44628547877073,347.0,10,10
302.57880767434835,347.0,10,10
302.70919259637594,347.0,10,10
302.84805444628,347.0,10,10
302.98306357115507,347.0,10,10
303.12406186014414,347.0,10,10
303.26383047550917,347.0,10,10
303.40211670845747,347.0,10,10
303.52366177737713,347.0,10,10
303.6442653387785,347.0,10,10
303.76712592691183,347.0,10,10
303.8835338577628,347.0,10,10
303.993584536016,347.0,10,10
304.10159416496754,347.0,10,10
304.20824301987886,347.0,10,10
304.31594099104404,347.0,10,10
304.42359052598476,347.0,10,10
304.5329598337412,347.0,10,10
304.6419758424163,347.0,10,10
304.76254948973656,347.0,10,10
304.8789061680436,347.0,10,10
305.00056067854166,347.0,10,10
305.12534035742283,347.0,10,10
305.2621445655823,347.0,10,10
305.4012819826603,347.0,10,10
305.5426774471998,347.0,10,10
305.68112958967686,347.0,10,10
