162.5,188.5,34,84
159.49567033928665,188.16553970630707,32.74724193251069,80.08706195243713
161.46233071789362,190.0193765811124,31.832624159152925,76.62308723191447
161.13079146558167,192.50846772580317,31.98235026967284,73.92052373411315
160.80474251756328,190.9261581835825,30.967045421416405,74.52127453432905
161.90239843492606,189.61000073179576,29.43674171438024,74.01385803073696
161.67308472632834,187.914325596892,28.686940271864927,73.55077714820075
161.31425548554193,188.34651220556222,28.52373258350824,73.03315940566614
161.23675496974616,188.15050047985366,28.21930044692699,72.72798321442502
161.38339960480567,188.0647540978768,27.711500959498956,73.71247373676727
161.2387889519581,188.07254184431306,26.78848955626313,74.52694972561851
161.61919267658337,189.59579662009133,25.92088478438171,74.14210799785347
162.30420705123885,189.56106485381576,24.747619595246658,72.1676188269287
162.84786262105925,189.2686008780424,23.90450436391386,71.27317582682285
162.83265305512526,191.39467347380076,23.85348009659095,71.37254688210179
164.98489544244464,187.7800217043521,23.58852941390166,69.79464998917541
163.8883714162524,192.72607873233142,23.297620652473874,71.70442249174951
166.14577255899772,193.44990856482065,24.03731446454793,71.5179589632456
162.8632803463529,195.38799466021942,25.403223667822182,71.26356239958434
164.63897262381346,196.39145675266371,26.11367897953923,70.22708003293306
163.76215572041932,196.53532265681858,25.25848781798952,69.96662169702182
164.2635279464336,197.0631982455207,24.391954880433918,69.70208510492184
165.164238703629,198.40917216607912,24.08724807723239,69.53667802003059
166.008002631947,198.78091815485791,23.280805854827967,67.74737713114945
166.97692444044287,198.7043744470223,22.747383328915916,66.14711893810943
169.94738520340545,198.90482485402038,22.835814467938313,65.73079694778404
173.19226551571884,201.64345951388782,23.50475383263033,65.49489973650859
167.3754351014912,196.21991026812566,24.948291103041193,61.08621610065258
172.164034345308,199.69514270716763,24.796695528310394,61.112714742618635
172.15701539689988,200.45928129022005,23.396503078446973,62.15066763518389
173.2661517707957,198.17813680958398,22.539661452481543,61.40379064186618
172.27839640694802,199.33608812876656,23.633245941640034,59.13301314524084
170.74650280732664,199.89181579351586,24.567585680708277,56.86611331291176
169.6340914940027,201.07817769180375,24.772790272993348,55.78125479744102
169.77922350717773,202.77121301646122,24.807344500160387,55.56732117014448
170.9207483334772,202.6376775614065,23.637689584805102,56.59836561436116
170.90684382840823,200.78141199793163,23.093236248198522,56.82738219396289
170.2123100215704,198.93868867395392,23.279753093021966,54.85002280783016
169.60572988437647,200.7938503005572,23.353157045502762,54.60864458102127
165.1803475336448,201.54149897022415,24.324914884325743,52.62874118428194
165.71922381774206,204.8284069178002,25.069027517127616,51.76567634580094
167.87164777990427,204.17405483406432,24.953432923033898,51.77241968735264
165.32488694357278,205.51185184402203,25.667055093896327,51.09741646867621
163.6799452944459,205.82551416646442,26.15659225605698,49.9442827741851
161.9729911341239,206.78880853525783,26.133887493815237,48.70178822719583
164.70324989822458,207.71457106881914,25.629578194678775,47.80056075414363
161.95801095832695,210.4565670784384,26.106659334514376,46.107481363078904
159.94703767021375,211.10568875257144,26.041220733128437,44.963426424260575
159.01291343627057,211.56696772243296,26.034388734744372,43.42481478409042
158.8151968253096,209.1947985445942,25.462445009263316,42.659495756802855
157.9452806429452,212.67598726074593,25.464139532767515,42.441348594885156
156.33661631147666,210.48418743415755,25.4150552223006,42.12220328727699
156.14455490503005,211.2348645278302,24.610634715491685,42.7861430318927
155.07022240247554,212.1891438872819,24.51001497633805,41.95742831094468
154.38218170291088,210.24277166616682,23.19500579166608,42.666280264695224
153.9102669009096,210.81515452733154,22.491371597145687,43.3112119510419
156.16651777665595,213.39644372134396,22.48548023917718,43.17347725579662
152.20576241520882,212.2272340476657,21.29363723282335,44.126595490024485
151.74982283794185,208.47062461987105,20.95145337714157,44.39862820364601
151.0535441251312,208.7498587452675,20.949356290357436,44.40181005022329
150.54803875932564,209.22955446132883,20.9466996769216,44.405679447549296
150.33179815240553,208.63805053406216,20.94654543443817,44.405953289478894
149.99942203400192,207.62643768147947,20.946046952651802,44.407125037658766
150.07847151880907,207.71464395884996,20.94455562580733,44.411509985316265
149.95524296457089,222.14028602423704,21.169482130293716,44.56664217534291
149.08622734296267,238.0617477349973,23.447517746106907,41.49749385453037
141.0989052656751,258.269066362958,22.36587413517905,40.773156586402045
137.48863039265277,273.7756777660369,21.95656443374451,39.235315631440486
133.92369153210356,292.60755906068243,25.476358813244403,34.40897827408296
131.80064501175337,309.1546203514643,27.251472878648762,32.43529712928678
130.37386580971994,327.24581728127146,28.35036614637834,29.836685465717405
128.87704072638857,342.1960706837458,28.322588443244364,28.52047965564178
128.87201213888125,346.20063875815566,28.294180673449315,27.59872248368871
128.36608493219003,345.9542111196464,28.2941755506608,27.59872635437141
127.70824408010469,345.80430342259564,28.29417269787042,27.598728388497054
127.08342531473585,345.68061511130327,28.294170121453256,27.59873029766099
126.57691566138966,345.5154523125604,28.294166886145803,27.598732675847362
126.33075520672244,345.1961114018418,28.294162280925267,27.598736065773615
126.2887571256053,346.3659607924053,28.23749130267569,27.268078415189446
125.47365260797984,345.9911080260069,28.237480878392912,27.2680860243259
124.86782878351613,345.8807006906113,28.237425346053563,27.26811807242209
124.82714762066546,346.40823286399456,28.207247793803756,27.183534272010878
124.55876697412256,346.3834200417189,28.206939289373686,27.18373988763725
124.25041384696563,346.4031438504057,28.206589054696753,27.18397238241702
123.62078555456597,346.40781928172123,28.20601838329339,27.184361436557552
123.55702341115563,346.45753710321577,28.178788955314204,27.084925793568477
123.51633235937842,346.51078262108575,28.13251981446666,26.978434757828502
123.47234846400782,346.5655948475342,28.081501613729895,26.868810304931625
122.76001820896776,346.1270271911552,28.08149190438864,26.86881820870831
121.93657536070687,346.02860103084885,28.081487318279496,26.868821674898374
121.89414339792033,346.6076244755246,28.047043435274556,26.784751048950888
121.4246277995515,346.4384055416308,28.04704183896718,26.784752223785233
120.83571848118743,346.5487398952459,28.04703872028608,26.78475458915742
120.02592292312575,346.60762136512454,28.04703502401625,26.784757269750912
119.31927623041669,346.6076203408558,28.047032186747597,26.784759318288362
118.59611505091002,346.6076192813706,28.047029243636935,26.784761437258833
117.69824903373161,346.60761797425795,28.047023534616038,26.784764051484125
116.81241251498847,346.60761415769775,28.04700727633361,26.78477168460451
116.0096932988338,346.60760744190316,28.04697934282873,26.784785116193643
115.31393112470062,346.60757693847046,28.046861478227367,26.784846123059133
114.42471265362192,346.6074780730737,28.046496621564245,26.785043853852642
114.38730940169057,346.64628568326725,27.989405884549797,26.707428633465543
114.34698656251737,346.67752289560497,27.935497012844518,26.644954208790075
114.28755504740143,346.7032505663218,27.889662202266585,26.593498867356384
114.25988264680285,346.7275587768357,27.83851993791008,26.544882446328685
114.28857752342981,346.76633963206626,27.765531301735116,26.46732073586748
114.35438513348788,346.8152194895499,27.678054177891916,26.36956102090014
114.39108814460917,346.8443386968593,27.61531043567243,26.31132260628136
113.68737721134309,346.8443789475979,27.615254446522215,26.31124210480427
113.67569706332516,346.86227108428596,27.56181575963982,26.27545783142809
113.12512473789018,346.8623108942957,27.561769605074595,26.275378211408597
112.35003029184573,346.8623674038474,27.561699026223856,26.27526519230531
111.60762172035447,346.8624132052765,27.56163739074873,26.27517358944706
110.8985223354427,346.8624551082043,27.56158452692816,26.275089783591426
110.1372841523862,346.8624898376312,27.561524853688766,26.275020324737675
109.20931859479303,346.862542342414,27.561443505305437,26.274915315172017
109.18694064505637,346.88156660015966,27.50483756381542,26.236866799680733
108.41344812394162,346.881614453372,27.50475925536743,26.23677109325605
107.50371661464197,346.88146373416066,27.504174180170928,26.23707253167863
106.7102570599983,346.88137006218307,27.503803836905497,26.237259875633917
105.7881324234149,346.8813031730589,27.503536594340485,26.237393653882215
105.20019061787534,346.8813259372133,27.503505441015307,26.237348125573345
104.88578605007778,346.88136825939483,27.503481997951354,26.237263481210316
104.43162274868598,346.881402399414,27.50345217258858,26.237195201172018
104.40467876630521,346.90783798214136,27.455766446578078,26.18432403571732
104.3849056976745,346.942084399365,27.390144420063095,26.115831201269966
104.41006624279916,346.9822594733651,27.316264344371866,26.035481053269823
104.42839571450247,347.02259403481423,27.245986667678395,25.95481193037149
104.43236982701788,347.0571238859606,27.18217969275129,25.885752228078825
104.43147195240351,347.08994433946737,27.12199078373875,25.820111321065287
104.40179797613041,347.1164495549347,27.06179335104343,25.767100890130557
104.35930268718738,347.1420303830285,27.00499356871716,25.715939233942997
104.32091152055163,347.1703955323344,26.945420248583485,25.659208935331165
104.28095827977003,347.1953513264981,26.894488872423434,25.609297347003746
104.26768166193784,347.2288122660794,26.833486595301913,25.54237546784119
104.2488584924029,347.2577287172062,26.778691323379828,25.48454256558758
104.24237640880175,347.2874772862669,26.72185445058839,25.42504542746622
104.2280988873926,347.31445770964297,26.670296179314512,25.371084580714058
103.59660365704951,347.3142921739298,26.66970178778207,25.371415652140417
103.55348365207973,347.33803593847585,26.613780994642028,25.323928123048272
103.49986998513556,347.359530761797,26.566080046627093,25.280938476406096
103.45538297234796,347.3851509585417,26.512318218411043,25.229698082916546
103.41954054419162,347.41474385465756,26.447488530236733,25.17051229068485
103.3855630101863,347.44334550834856,26.3932158773311,25.11330898330283
103.40298212987146,347.47798880125083,26.327832326912148,25.044022397498306
103.42272656484258,347.5102448064728,26.2678525703264,24.97951038705433
103.4366968938275,347.54101601693066,26.207112936650432,24.91796796613865
103.46348867257512,347.5760167132869,26.1388925338273,24.847966573426252
103.43790428993746,347.60500737150807,26.07876620997697,24.789985256983876
103.4173004672736,347.6350558943461,26.02035606114861,24.729888211307763
103.39309472880903,347.6641533205993,25.96360935807936,24.671693358801384
102.65249942998155,347.66410283139913,25.963416989692785,24.67179433720173
102.62342001377225,347.69333002843007,25.90482545512558,24.613339943139888
102.63233299942854,347.7277970407694,25.836293689567995,24.544405918461145
102.63822533772796,347.76614741820265,25.770892422171237,24.467705163594655
102.63981971492937,347.7968146851292,25.712366428711583,24.40637062974157
102.63699835834319,347.82536232396535,25.656626319191556,24.349275352069245
102.07631593190261,347.82533826620426,25.656529899833036,24.349323467591493
101.60553589072897,347.8253312532938,25.656502593664847,24.34933749341238
101.20173780400596,347.8253274364161,25.656485692331348,24.349345127167794
100.63926687045901,347.8253243125338,25.656472739746,24.3493513749324
100.00305964502144,347.8253229761716,25.656468930046795,24.34935404765682
99.45307233249217,347.82532162398724,25.656465227354172,24.349356752025564
98.95424422672993,347.82532081031786,25.656463007348673,24.3493583793643
98.26425774674136,347.8253202470448,25.65646148288212,24.34935950591044
97.61108866689347,347.8253197494585,25.65646014024334,24.34936050108296
97.02921243335011,347.82531932034755,25.65645897859927,24.349361359304904
96.5064741911943,347.82531903123254,25.656458191830865,24.3493619375349
95.90161434583743,347.82531877786425,25.656457509390915,24.34936244427146
95.33081809026454,347.7427031701682,25.656456683477682,24.349363057637575
94.7712824155813,347.8253177037618,25.65645464188347,24.349364592476388
94.04277028988129,347.8253172301876,25.656453365329376,24.349365539624863
93.30791766026397,347.8253157023278,25.656449347411,24.349368595344398
92.60397300252981,347.77133339877355,25.656435110823978,24.34937975087901
92.57982344117093,347.8669041177946,25.581958880050408,24.26619176441076
92.32101400920855,347.70195415050324,25.581832189527994,24.266285520185356
92.26983478795347,347.9061271693469,25.51619893424993,24.18774566130618
91.53073022810236,347.90612306236335,25.51618759115308,24.18775387527334
91.05205569484339,347.9061214762278,25.5161833637753,24.187757047544476
90.63487558565811,347.90612074116467,25.516181373302615,24.187758517670705
90.24198382979593,347.9061202972211,25.516180163652482,24.18775940555778
89.7664975040411,347.90612000145006,25.516179364024595,24.187759997099892
89.35586888184827,347.90611965844766,25.516178421116255,24.18776068310463
88.8691281395088,347.9061193167524,25.51617747581396,24.187761366495273
88.3696696271589,347.90611872720194,25.516175788374618,24.187762545596083
87.95337857527699,347.906117980162,25.516173630244218,24.187764039676043
87.5560173153573,347.74112739715855,25.51617126843458,24.18776572636998
86.95395060690491,347.6018197803792,25.51616712163392,24.187768733681004
86.3402139438532,347.80328932096427,25.516162062765723,24.18777228017914
85.75737884980715,347.90611263337337,25.516158518100234,24.187774733253228
85.21657645566603,347.90611213527217,25.516157037499745,24.18777572945563
84.55710737491856,347.9061112066863,25.51615432108025,24.187777586627355
83.79004447430805,347.9061103817129,25.51615193321437,24.187779236574272
83.05340880317601,347.9061097920909,25.51615023661428,24.187780415818196
82.374161973803,347.9061094878947,25.516149375172937,24.187781024210654
81.72876800663362,347.9061092709691,25.516148778208297,24.18778145806179
81.14991950585474,347.90610911172445,25.516148340572315,24.187781776551127
80.54706777245096,347.8241622292692,25.516147952819047,24.187782050431856
79.91999134746995,347.7544551716586,25.516146716668082,24.187782942982484
79.37679573275713,347.7250978220173,25.51614578186338,24.187783632443725
78.80939657396124,347.71343156352594,25.516144857435492,24.187784306109798
78.20640828868596,347.5262647766118,25.5161437496871,24.18778512413403
77.74842462846647,347.3635551167679,25.51614253279546,24.18778603113656
77.20893549729495,347.1934335898153,25.516141422160292,24.187786877991414
76.58746419040003,346.8371720220049,25.516140033798663,24.18778798373544
76.59974974906486,347.97485994279174,25.45856412219919,24.0502801144165
75.95037383616595,347.3773699256097,25.45856149433795,24.050282150047117
75.92410699363971,348.0282549477806,25.403227677714337,23.943490104438705
75.42746203576938,347.2155850592313,25.40322168548076,23.9434950226431
75.38066578661929,348.0754046876591,25.347487561294813,23.849190624681754
74.88022767168141,347.4311369081901,25.347485337915874,23.849192376818905
74.8459230349182,348.1176120771824,25.300306203818526,23.76477584563516
74.23220544539532,347.57667227605236,25.300304005888275,23.76477750104169
74.2203196823157,348.1765117082863,25.231635373918778,23.646976583427385
73.62776065033535,347.90689411188623,25.231634524228987,23.646977197618032
73.10503195743368,347.6542948291124,25.231632281927137,23.646978834187774
72.5987773204628,347.52079671058556,25.231630421721277,23.646980207492938
72.56991802332399,348.21072893561484,25.183842253136685,23.578542128770273
71.96513030214149,348.09361575605834,25.18384144637905,23.578542708111534
71.9362876651511,348.2464440299764,25.1337346185594,23.507111940047288
71.43727680049332,348.2464438118834,25.133734029988602,23.507112376233174
70.81529194461008,348.2464435225013,25.13373322841128,23.507112954997467
70.09408152558872,348.24212600414575,25.133732391725598,23.507113539931815
69.4227964176805,348.1729592011466,25.133730633741365,23.507114778986693
68.77344124482615,348.02577453979484,25.133728845088825,23.507116073049453
68.1702748263382,348.09423080617825,25.133727091152856,23.507117316680382
67.53747715968038,348.07305937660965,25.13372579627941,23.5071182580643
66.98486344818679,348.0275210099526,25.13372431835717,23.507119340030886
66.49719396774466,348.08352733684126,25.13372255525002,23.507120614845718
65.93349811367918,348.0289961093833,25.13372030242824,23.507122238393624
65.1960907558216,347.88351329554393,25.133716669258796,23.507124842171343
64.42776110199986,347.5585441445664,25.133713398319507,23.50712718335681
63.600668464338995,347.1007361315392,25.13371051751332,23.507129319717002
63.63547468268288,348.3062585883014,25.058751084115848,23.387482823397242
63.45394769768912,347.7654212597927,25.05874884143973,23.38748457353902
63.430642462883974,348.35459797134325,24.976073498672083,23.290804057313512
62.76073630554541,347.9453277517486,24.976070911997287,23.290806009545285
62.03443933497293,347.672209570164,24.976069261597125,23.29080722857617
62.04080668532686,348.4140063432095,24.879152201611074,23.17198731358097
61.514493998750524,348.40840491972517,24.87915120338008,23.171988087824992
60.93432337590737,348.24268223689796,24.879149398109657,23.17198942843971
60.283684898841116,348.15337982682667,24.879147284249,23.17199100177426
59.63752498328898,348.0347059454853,24.87914543337694,23.171992353705587
59.011326529187215,348.01456565325054,24.879143731465426,23.171993590725556
58.40249720285813,347.9072425930228,24.87914148019295,23.171995234409838
57.64762146940994,347.90621260262736,24.879138527762535,23.171997332941945
57.084256756724216,347.9634775021267,24.879133934808173,23.172000705000993
56.35858309407813,348.4139986531507,24.879129855910286,23.172002693698552
55.59698110063816,348.3736232733156,24.8791259398819,23.172005446667338
55.553100366471035,348.4417138255854,24.81383331986204,23.116572348829163
54.82684336335711,348.4417102912222,24.8138188493748,23.11657941755557
54.07780634385702,348.4417074601774,24.81380738956517,23.116585079645276
53.37083482474303,348.4417043589838,24.813795335363043,23.116591282032395
52.75897320595983,348.4417011430284,24.813782644393967,23.11659771394316
52.17107420287233,348.44169741809264,24.813767571688658,23.1166051638147
51.549195903135754,348.44169528140975,24.813759293842484,23.11660943718045
50.798186988543264,348.44169416530275,24.813754737430227,23.116611669394523
50.0134056400102,348.44169244036937,24.813747846788846,23.116615119261287
49.391092963670225,348.44168926291565,24.813735590940652,23.116621474168685
48.90875878469335,348.4416842538245,24.81371618424979,23.116631492350923
48.212783134543145,348.4416826631463,24.813709963111584,23.116634673707377
47.54097116340006,348.31504164454924,24.813707644640317,23.116636399078672
47.026006759049594,348.3695930475146,24.81370586175799,23.116637742191447
46.301250261035044,348.09321082264654,24.8137033958654,23.116639623930556
45.6622598136249,348.1395455335189,24.813695856847804,23.11664522496673
45.62829612646855,348.4669893910744,24.754644759285313,23.066021217851265
45.2363638164159,348.3742617511006,24.754523287776834,23.06610322132663
45.30623836149972,348.53059187149177,24.566963289202228,22.93881625701642
45.34206564130254,348.56939429305044,24.445471881665448,22.861211413899174
45.384505177101964,348.6228449557885,24.33478771113063,22.754310088423047
45.44638517751748,348.6811036601058,24.18968060107123,22.63779267978834
45.40787984812717,348.7061258777963,24.11525545250454,22.58774824440743
45.35321372967933,348.7360394424849,24.054587911129506,22.527921115030146
44.68341544874809,348.73603638923987,24.054579618408233,22.52792722152031
44.0299326540795,348.7360355190703,24.05457723403631,22.52792896185943
43.382307220661524,348.722123538444,24.05457661218667,22.527929407875604
42.822539284637486,348.6570713629576,24.0545753691377,22.52793033465694
42.345705547214735,348.7360344528141,24.054574309227494,22.527931094371695
41.822714466105936,348.63101132562196,24.054573991395948,22.527931325625673
41.301228128353365,348.6085004847134,24.05457314852951,22.527931920511616
40.62811840257474,348.6566560372486,24.05457234518868,22.527932481512583
40.042192491046315,348.41539787826287,24.054571102754817,22.52793340479639
39.51786838849475,348.0976106556117,24.054568923908672,22.52793499939455
39.508660230804516,348.78522827414866,23.979956045708988,22.429543451702624
39.46012521214118,348.81841297700464,23.924248858256526,22.363174045990718
38.59984551419195,348.4767134961574,23.924247822674587,22.36317482052475
37.95119274447748,348.3522209929979,23.924247420521798,22.363175102560547
37.326199741940044,348.23924245787936,23.924246896246384,22.363175464604698
37.333891663803314,348.86556650313355,23.86487564423947,22.268866993732907
36.75280170324943,348.7286706326628,23.864874903192092,22.268867510910063
36.1991271991337,348.43808999860994,23.864874158043737,22.26886805485264
35.64471635225038,348.1039540902059,23.864872910030286,22.26886898571639
35.616517202549986,348.895113674362,23.81618433893957,22.209772651276037
34.89041311793682,348.5028316727225,23.816183273928218,22.209773470770475
34.311683138094004,348.1227680632119,23.816180279092677,22.209775887202284
33.69145275077706,347.93742694919683,23.816178154518497,22.209777514827685
33.21616108975752,347.9135644510175,23.81617593244823,22.20977915082666
32.712004360135026,347.706303105673,23.816174424537756,22.209780266541646
32.74401161952947,348.94010745116384,23.74741059740862,22.119785097672278
32.1627753363865,348.624266862002,23.747410081152136,22.11978548938637
31.611728703841102,348.4527805499079,23.747407623090776,22.11978735489794
30.896661537552504,348.18955805819184,23.747405155855656,22.119789274117313
30.306234726258488,347.5465949813555,23.74740195452249,22.119791946802525
30.333807245112304,348.97647311114014,23.69206627717931,22.04705377771976
29.620382020252155,348.9764727618199,23.69206533510731,22.047054476360195
28.98126031383921,348.97647244562717,23.69206449095993,22.047055108745685
28.469671938406663,348.97647212603914,23.692063618076247,22.047055747921718
27.833552342108124,348.9764718571602,23.69206288719615,22.04705628567955
27.296016121542912,348.9764715205735,23.69206196692979,22.047056958852938
26.72904585398841,348.9764713367803,23.692061447694616,22.047057326439372
26.106737627712462,348.9764711441384,23.692060914925467,22.04705771172323
25.487420212860656,348.97647101855233,23.6920605622484,22.047057962895312
24.869594833402704,348.84928372138984,23.692059947301082,22.04705841075881
24.15251539607329,348.9416466075083,23.69205751653236,22.047060188074884
23.539552724307782,348.9764690653935,23.692055268739526,22.047061869213024
22.905429080663858,348.97646886581396,23.692054713238672,22.047062268372056
22.18903850497022,348.9764685497716,23.692053810678505,22.047062900456783
21.79031110119289,348.97646693518647,23.692048002598245,22.047066129627037
20.997180387884587,348.9764655289098,23.692042434738532,22.047068942180378
20.42048008533142,348.9764652635457,23.692041665027972,22.047069472908564
19.8865158451025,348.9764651192456,23.692041235230377,22.047069761508904
19.40490506711197,348.97646493519187,23.692040704781846,22.047070129616234
18.919613564615126,348.97646472457035,23.69204009208831,22.047070550859274
18.195694084194606,348.9764645320752,23.692039554409448,22.047070935849508
17.500093963656653,348.9764643836229,23.692039133826118,22.047071232754256
16.74804027615324,348.97646379659705,23.692037483831413,22.04707240680594
16.258522977232843,348.9764631390726,23.692035750495446,22.047073721854716
15.589569721057098,348.97646281293055,23.692034829337114,22.047074374138948
15.1285963406077,348.785836380457,23.69203423019715,22.047074801256013
14.66633466876783,348.9340202211628,23.69203255137018,22.047076016805608
14.16298085236489,348.9764615992881,23.692031442988007,22.04707680142383
13.633468231282222,348.9764614532834,23.6920310398973,22.04707709343328
13.050549231624021,348.97646128464413,23.692030559217976,22.04707743071173
12.429052331714646,348.9764611444716,23.692030169774338,22.047077711056808
11.779947199915028,348.9764609746935,23.692029693284155,22.047078050612978
11.184933422632149,348.97646083267057,23.6920292956557,22.04707833465883
10.631896778132502,348.97646071612314,23.692028966719814,22.04707856775371
9.966128039160035,348.9764605854946,23.6920286019142,22.047078829010818
9.40929922068289,348.97646042852034,23.69202816830422,22.047079142959323
8.758433117577193,348.824883098103,23.692027834384998,22.047079394862255
8.163194547445851,348.6530194238306,23.692026768966834,22.047080197834838
7.5721130761381765,348.5724447623512,23.692025996219634,22.04708077895224
7.053157339048244,348.4901010785813,23.692025340043664,22.047081258035757
6.664924010840451,348.56139745284344,23.692024553946737,22.04708183369592
6.1697615473514755,348.42070609105025,23.692023791608893,22.047082383982467
5.7466056454762455,348.37453353879846,23.692023132075814,22.047082854251148
5.353986448066948,348.28766295406194,23.692022307228882,22.04708345794738
4.960779040459457,348.1687408373754,23.692021485904405,22.04708405862228
4.601518265523531,348.09460867138625,23.692020785123944,22.047084563634375
4.24748800622929,348.03388173437395,23.692019966241418,22.047085152441646
3.8847220430914966,347.973328124098,23.69201894354621,22.04708588995144
3.9058214293493343,349.0105372830521,23.633540902020705,21.978925433895803
3.5963213116961725,348.665992234339,23.63354046403296,21.978925756236546
3.0864567720529568,348.29767371730236,23.633538140922237,21.97892746297071
2.7096322583042003,348.0777605508447,23.633536383927257,21.97892882730959
2.357724428038205,347.93833194174266,23.633534796114827,21.97893003626868
1.9301817309702525,347.9429666117924,23.633531777489043,21.978932300178258
1.9513675703543107,349.04683241194425,23.572116217274804,21.90633517611153
1.5053113281788981,349.0092252737455,23.5721157908781,21.906335468853914
0.9594813952121726,349.046832170403,23.572115514866667,21.906335659194074
0.4046502846280191,349.04683201635515,23.572115084019288,21.906335967289646
-0.254130729540643,349.04683190608966,23.57211477066655,21.906336187820706
-0.9395306240970989,349.04683178481713,23.572114422259624,21.90633643036575
-1.7052518040437405,349.0398428509292,23.572113663103835,21.906336996834625
-2.4711679593829583,349.0468312195175,23.572112921147077,21.906337560965003
-3.1452619023954984,349.04683087332216,23.572112049275734,21.9063382533557
-3.863291985017973,349.04683044012125,23.572110951436272,21.906339119757458
-4.565338603459036,348.97910822241766,23.572109730692056,21.906340091243134
-5.0543193839819125,348.6902081934262,23.572108082585586,21.906341425051515
-5.570912896438411,348.4059053893013,23.57210616840404,21.906342981234516
-5.893354391983207,348.21114171204493,23.572099983601756,21.906348230291858
-6.218872198635859,348.051083147965,23.57209307590715,21.90635402412785
-6.582524070233989,347.9310310439403,23.57208717488115,21.90635893620343
-6.926671179774161,347.80266426151377,23.572082214884347,21.906363226068397
-7.249977431296559,347.7261494078321,23.572080047175664,21.906365100923562
-7.492668187237252,347.6528202320607,23.572077005386166,21.906367743914966
-7.714664116754252,347.33479434064435,23.57207410390686,21.906370256117835
-8.285921423167991,347.97719360064696,23.572072342146328,21.906371669546136
-8.691530140883483,348.1872564859047,23.572071694672495,21.9063721881599
-8.87900848002766,348.1560831604351,23.572071169095796,21.906372619082646
-8.98554195755006,348.1860149306506,23.572070726665356,21.906372988730723
-9.163976654870547,348.49737592410054,23.57207030452624,21.906373329539978
-9.327692868783446,348.9220907181214,23.572069682673234,21.906373825726746
-9.773597202749295,349.04681298650274,23.57206942354576,21.90637402699447
-10.158851968552677,349.04681285350637,23.572069056489955,21.906374292987298
-10.598243514885972,349.04681264070933,23.57206850591085,21.906374718581354
-11.15880071640782,349.04681246080946,23.572068058910293,21.90637507838111
-11.71716628801679,349.0468123065003,23.572067677660765,21.906375386999397
-11.786033699143722,349.0468121959801,23.572067398287444,21.906375608039752
-11.786033570889925,349.04681209424103,23.57206714177985,21.906375811517925
-11.786033387178904,349.0468119537923,23.572066774357808,21.906376092415325
-11.786033182028106,349.04681179721166,23.572066364056212,21.906376405576733
-11.786033056134176,349.04681170432576,23.572066112268352,21.90637659134847
-11.786032894312344,349.0468115830587,23.572065788624688,21.906376833882646
-11.78603263492991,349.046811384012,23.57206526985982,21.906377231976023
-11.786032358652209,349.0468111699291,23.572064717304418,21.906377660141853
-11.786031513756956,348.465146857332,23.572063027513913,21.906379068233925
-11.786030708638405,348.4518728086544,23.57206141727681,21.906380501053103
-11.786029863771262,348.4024987528345,23.572059727542523,21.90638201492604
-11.78602895539113,348.2976132802642,23.57205791078226,21.90638363659842
