142.5,125.5,91,40
151.261701460476,119.4823461186756,88.29905439258562,39.890229103591196
151.25825116420188,124.05642540746244,88.29263750724449,39.89070257557805
150.7414347680113,127.09743518593217,88.27425439901378,39.8938218163986
149.7575825035708,159.50446768614046,85.74115974881764,41.680136759829665
137.9017377519113,120.60333255375451,78.54617772808875,39.54259531805859
137.53324489619482,124.332442454123,78.54187501598352,39.54241098637682
130.56453889463594,119.52737097922262,78.41066538366425,39.49403609865313
130.0366399116953,122.88944512076961,78.40450229474364,39.49384964569833
116.86621019116225,117.01045272377306,78.03781168698156,39.314446973260765
117.0378495607801,120.51879643357901,78.01999645134502,39.313241502501384
117.17764936682202,124.6546549889161,78.01588014948382,39.3145308310362
100.32639221030388,112.20925223692169,75.7305595321002,37.41836810382387
101.48502584619106,115.47380172265568,75.72440013424243,37.41732956860467
100.67698326684032,118.36843248978383,75.72136386063953,37.41755062788474
99.62648991150436,120.42703511129068,75.71577198282573,37.41807981709151
81.98469754187676,107.67441266718909,75.12407061978602,36.92510616891773
80.2100817650645,131.51856705622362,73.77550506571403,37.55046468821193
70.75917242993506,111.06376845752784,72.49497739197875,35.89135155845506
71.72871891300079,114.31075535120127,72.49245566627242,35.89112691280133
71.82520498309948,118.48715329932324,72.48992809983505,35.89201448823708
70.72992292321356,147.08083174098536,69.86052971808101,38.13627915642648
54.6413150179209,112.69394268357924,67.58819871470149,36.4664919025864
55.350920266010114,116.78185454486724,67.58563958666424,36.46726291420227
56.51910478413809,121.06247839521103,67.5849262396478,36.4675024113907
30.15413438221671,109.47255373350379,66.76823999881282,33.87268780963428
33.28641407874376,111.24483268645984,66.76815261351018,33.872641460347516
34.60789262886092,116.49342095625948,66.76808858921886,33.87265634988641
36.087548975072814,121.91513454746831,66.76777886844424,33.872758868701695
36.247079823782634,125.62407402327419,66.76773782975606,33.87277666467903
35.48064007051456,128.60493803273283,66.76773464586252,33.87277817228154
34.93908196024017,131.51515655028055,66.76773290452775,33.87277904535868
35.937154885718094,135.70957901651457,66.76773182514783,33.87277955661628
37.37371541833158,140.16047934709454,66.7677210542629,33.87278286579325
38.77897042799446,145.13513985199145,66.76771380250001,33.87278455649989
-3.420531122277186,121.99815143314528,60.9761651452308,33.4846443897977
-2.394921023947873,126.72574457112387,60.97613627852823,33.484648772409855
-0.9878696849803745,130.17893712233703,60.97600392797055,33.48469057656923
-0.21402757443853204,132.79161569956702,60.97509039875851,33.48499469988024
-0.5665041111770286,157.07144533571224,57.920563711111846,35.945114632912045
1.9571738072921185,159.0585387690413,57.92056352602902,35.945114663531776
4.161721987179298,162.086761556444,57.920563407251976,35.94511468732864
6.169393376236542,165.44334967652816,57.92056334153983,35.94511469761815
8.352449787053029,169.441018173704,57.92056322895227,35.94511471269636
10.20671549797617,172.90113503545064,57.920563186805694,35.94511471570458
12.343348690184595,176.98801619680705,57.92056311784905,35.94511471446388
14.980227907115488,181.00835854667733,57.92056309539473,35.94511471473555
17.731379722789608,184.1503434845409,57.92056306435777,35.94511471815878
20.589216727079275,187.16213900200256,57.92056297927087,35.94511472480041
23.255642112505953,190.51911787522397,57.92056266465531,35.94511476491768
25.793974510646294,194.33714965186465,57.92056231615905,35.94511478738092
27.8789099803561,198.30327844637796,57.92055936914056,35.945114850637005
29.443054831370517,202.16779688216695,57.92055817457327,35.94511478707295
29.742226251464018,205.14679925344532,57.92055727621977,35.9451135654818
30.220949780788523,207.89243871182234,57.92055679273555,35.94511282026706
30.950744288290434,210.04628299711146,57.920556186201885,35.94511153225106
32.5270289788687,211.96520717587313,57.920555860602605,35.94511064596492
34.468181325013376,213.59903724426678,57.92055559832119,35.94510993491308
36.26000028569873,215.09007699958624,57.920555391336464,35.94510945335744
38.90893439925603,218.12284404609966,57.92055493918524,35.94510947516826
41.198957095273386,219.81748514884384,57.920554770386616,35.945109496242374
43.66977111855263,221.43726485011027,57.92055470310668,35.94510950571208
46.18757266937346,222.02744524398915,57.92055464788227,35.94510951202172
48.65815779730721,222.02744524078932,57.92055460762145,35.94510951842135
51.11318921473697,222.02744523714722,57.92055456267893,35.94510952570556
53.66120149624893,222.02744523276948,57.92055451289964,35.945109534461054
56.08355812398362,222.02744522901406,57.92055446848983,35.94510954197189
58.51904708568792,222.02744522529136,57.92055442365178,35.94510954941728
60.848521549465836,222.02744522280767,57.92055439441138,35.94510955438467
63.18889150397161,222.0274452203464,57.92055436500799,35.945109559307205
65.50743066387582,222.0274452174017,57.920554330416834,35.94510956519662
67.86373675527719,222.02744521451433,57.92055429971374,35.94510957097136
70.04406680611854,222.0274452122205,57.9205542741724,35.945109575559016
72.29793277601593,222.02744520984947,57.920554248897886,35.94510958030104
74.54875628767897,222.02744520723738,57.920554221116205,35.94510958552526
76.9529651986262,222.02744520495796,57.920554196310384,35.94510959008411
79.32648677726395,222.02744520259643,57.92055417181686,35.94510959480717
81.76789947715588,222.0274452000652,57.92055414663629,35.945109599869625
84.43491838228401,222.02744519715256,57.92055411714173,35.94510960569486
87.08230614051618,222.02744519401227,57.92055408666984,35.945109611975425
89.76802254467859,222.02744519121575,57.92055405956449,35.94510961756852
92.42024996058709,222.02744518812312,57.92055403121431,35.94510962375377
95.11173991198692,222.0274451845174,57.92055399825716,35.94510963096517
97.69605141096194,222.02744518165485,57.920553970888164,35.94510963669027
100.17369873071762,222.02744517845898,57.92055394044663,35.94510964308203
102.62847575104239,222.02744517458535,57.92055390446629,35.94510965082928
104.88935743300397,222.0274451705569,57.920553865280674,35.945109658886246
107.26453459140888,222.02744516776943,57.92055383847939,35.94510966446116
109.54607380770729,222.02744516488764,57.92055380935548,35.94510967022472
111.96822753822926,222.0274451614516,57.92055377094949,35.9451096770968
114.25484054386104,222.02744515816818,57.92055373472255,35.945109683663624
116.41295356612156,222.02744515426605,57.92055369575571,35.945109691467884
118.81818720514107,222.02744515067582,57.92055366091126,35.94510969864838
120.99208353920118,222.02744514572137,57.92055361821829,35.945109708557254
123.20912934220149,222.02744514134397,57.92055358021081,35.94510971731206
125.46630289696,222.02744513699162,57.920553547109805,35.945109726016774
127.58495646301625,222.02744512874307,57.92055348668309,35.94510974251389
129.83372076927168,222.0274451196186,57.92055342718131,35.94510976076284
132.04900300091634,222.0274451105651,57.92055336742591,35.945109778869785
134.61996999784688,221.73632918736723,57.920553291564104,35.94510980563585
137.38197182741894,221.6612885105532,57.92055313812674,35.945109852568024
140.24714047259565,221.63781221512465,57.920552990717695,35.94510989778226
143.0394274760445,221.94084383533846,57.920552729547516,35.94510996368628
145.90287906524557,222.02744499008898,57.92055251287633,35.94511001982203
148.92769878697624,222.0274449598363,57.92055229442108,35.94511008032742
152.10989862745222,222.02744492538582,57.9205520466051,35.94511014922834
155.12831585889623,222.02744489447122,57.92055182367683,35.945110211057575
158.23820476784934,222.02744486058097,57.92055158984651,35.94511027883806
161.45778890632698,222.02744481769298,57.92055128927065,35.94511036461405
164.29403831672866,222.02744480311415,57.920551171470215,35.945110393771714
167.15793378377066,222.02744478992645,57.920551069905734,35.94511042014713
169.96736417752265,222.02744478282025,57.920551003989914,35.94511043435947
173.0899778779061,222.02744477438887,57.9205509401065,35.94511045122224
176.2459396590259,222.02744476685132,57.92055088174268,35.94511046629735
179.14999623765956,222.0274447599281,57.92055082261985,35.94511048014382
182.09092686992847,222.02744475235315,57.92055076795143,35.94511049529368
185.01448751636795,222.02744474527148,57.92055071378099,35.94511050945703
188.16366247800948,222.02744473614536,57.92055064782823,35.945110527709275
191.19692738887676,222.02744472585786,57.92055057691765,35.9451105482843
194.12840736337435,222.02744471428332,57.92055048967786,35.94511057143335
196.39726697408872,222.02744462092875,57.92055004113728,35.94511075814249
198.90970317935015,222.0274445015532,57.920549456786325,35.945110996893625
201.22473679145136,222.0274444272027,57.92054910422697,35.945111145594566
203.42615674747734,222.02744437429448,57.92054885281955,35.945111251411056
205.49698905354398,222.02744435526276,57.920548745691136,35.945111289474504
207.4011845359719,222.02744433845115,57.920548636624474,35.94511132309771
209.27928236055556,222.02744432424294,57.92054853265369,35.94511135151411
211.00599354222544,222.02744431752387,57.92054847728207,35.94511136495225
212.42718631827302,222.02744431469358,57.92054845565869,35.94511137061282
214.19841559494049,222.02744431204127,57.92054843656449,35.945111375917435
215.99426909682285,222.0274443102858,57.92054842399544,35.945111379428404
218.16253588197145,222.02744430858786,57.920548400146004,35.94511138282425
220.43349693990282,222.0274443064941,57.92054837672102,35.94511138701184
222.9130280009303,222.0274443041452,57.920548354122865,35.94511139170958
225.29672004155148,222.02744430096595,57.9205483251571,35.94511139806812
227.87178209197236,222.0274442975095,57.9205482973439,35.94511140498098
230.3231399509716,222.0274442933257,57.920548262328765,35.94511141334865
232.690098342405,222.02744429025975,57.92054823895294,35.945111419480504
234.62880106060476,222.02744428634017,57.920548207598046,35.945111427319674
236.3609195578513,222.0274442836342,57.92054818782111,35.945111432731586
238.1024236404445,222.0274442809546,57.92054816892072,35.945111438090784
239.97394369159852,222.02744427881393,57.92054815145155,35.94511144237212
242.0387463538394,222.02744427488898,57.920548120243716,35.94511145022205
244.16426183226068,222.0274442709341,57.92054808533718,35.9451114581318
246.5283446671628,222.02744426602644,57.92054804205884,35.94511146794713
248.71077162753608,222.02744425856363,57.920547980260025,35.94511148287274
251.07861454802398,221.90663633247547,57.92054796463214,35.94511142869128
253.75814446095507,221.61656688044417,57.92054794940841,35.94511135141156
256.22878369953406,221.5461532784564,57.920547929891995,35.945111287025085
258.1750625247653,221.37802944164287,57.920547900431735,35.94511118867377
259.4282399611637,221.49149327855844,57.92054783644229,35.94511098898374
240.27842708428756,175.3103737284543,56.87772058726489,31.76924889290295
241.3640499295022,177.04469256553637,56.877653476166095,31.769167146015445
241.45319874067073,179.06218550022436,56.87763975385149,31.769154421170715
241.4054953467392,181.034444796719,56.87762223234168,31.76913818184967
241.91642788433074,182.77459251870894,56.87757496054142,31.76910334845019
242.51428257464275,186.72355491574416,56.87750709755658,31.769113468014986
243.19435802402546,190.84595179467712,56.877468269828476,31.769120277776064
244.12929262962174,195.4292354262824,56.87739950705355,31.769135122109475
245.1330273307309,198.61440660324192,56.87727196656013,31.76918079919627
245.42551590462537,202.3373711757565,56.87719609202175,31.769205500144885
245.17144439348235,205.05825272081148,56.87700817310752,31.769264462036848
244.43121664778235,206.8652087748665,56.87688595721687,31.76930594431989
244.08323776123515,208.2572993374896,56.87686777101029,31.769312135968203
243.1215043482175,209.95816466368072,56.87678792517815,31.769333001835477
242.58486921271697,210.90455484227854,56.87675366222083,31.769344035058843
241.87636453748704,211.7300168080888,56.87669977644411,31.769362548239645
241.50973188197838,212.5285165622722,56.87665254025453,31.769378063104377
242.0796812017228,213.36860501275783,56.87663276982241,31.769386122498442
242.73968343735893,214.75399991184125,56.87660748937658,31.76939596117238
243.4780038887136,216.2887922606657,56.87659083707925,31.769403262577423
205.6471797085791,188.77304038431117,53.61229773006305,31.1888693565951
207.29432133986722,191.9247538180144,53.61183270288414,31.189028018516005
208.55159105319763,194.04028559523854,53.611746448907084,31.189060731767924
209.91464298693452,195.37792756188273,53.611669593304605,31.18908955597166
211.03919135566665,196.7981047038532,53.61159820068902,31.18911427174075
212.11845115395727,199.13760925108727,53.611353254681475,31.189192339290436
213.4107511332158,201.13014968730107,53.61125766208544,31.18922437236517
214.97380135303894,203.0811839595196,53.611247033764236,31.189227065492233
216.4060614565394,204.52625550657095,53.611241416073035,31.18922831953403
216.78568296698026,207.21214885538492,53.61123943971264,31.189226785785486
217.3967254898462,209.51388440721024,53.611238200972316,31.18922553076764
218.2597333523563,211.21582624961422,53.61123744768521,31.189224826306393
219.16767898148888,212.60135869620947,53.611237097661345,31.189224452998083
220.4131236148537,213.9421389826675,53.61123690334991,31.18922415802088
221.81122803369595,216.21985867246946,53.61123644731819,31.18922425061543
223.75825023537286,218.52184677190417,53.611236204807305,31.189224301440866
226.11623655978184,220.90433285273446,53.611235979542826,31.18922434971071
228.50780310830163,222.85215267391862,53.61123591244095,31.18922436531659
230.9741122130879,224.405387808784,53.61123584404277,31.189224382431963
233.0045816443463,224.40538780535854,53.61123581667001,31.189224389282902
235.147569147804,224.40538780190198,53.611235789155195,31.189224396196064
237.09034738933005,224.40538779870508,53.61123576553,31.189224402589872
239.18501864921885,224.40538779578375,53.61123574453169,31.18922440843252
241.3775066165176,224.40538779253814,53.61123572012099,31.189224414923732
243.58980716935196,224.40538778900475,53.61123569248572,31.189224421990506
245.79564061863508,224.40538778552175,53.61123566403664,31.189224428956486
247.96796171762514,224.40538778080608,53.611235628379546,31.18922443838785
249.9990338759153,224.4053877756713,53.61123559127921,31.18922444865742
252.57161352077128,224.4053877694364,53.611235546104574,31.189224461127225
255.09402633000738,224.40538776066717,53.61123548152642,31.189224478665682
257.9912219609905,224.40538774759452,53.61123537480309,31.18922450481095
260.9708644175562,224.40538773255264,53.61123524408144,31.189224534894702
263.08317176153395,224.40538779429454,53.611235176334624,31.18922441141093
265.6251411930386,224.40538777302828,53.611234911958185,31.189224453943424
268.11419576173984,224.40538775013502,53.61123465745973,31.189224499729946
270.1244770125314,224.40538771949585,53.61123432781265,31.189224561008317
272.3255677114859,224.4053876946497,53.61123407843259,31.189224610700578
274.09252238545895,224.40538766887238,53.6112338128993,31.189224662255214
275.5158934763116,224.40538763900616,53.61123354594312,31.189224721987678
276.67585312279914,224.40538761728038,53.61123336231252,31.189224765439242
277.7030724909965,224.40538759776746,53.611233216921306,31.18922480446506
278.85886930246454,224.40538758593112,53.61123312654743,31.18922482813776
279.8300193924609,224.40538757225946,53.61123302780774,31.1892248554811
280.71899444468863,224.40538756383205,53.61123297179898,31.189224872335895
281.4969935095202,224.4053875567508,53.61123292906507,31.189224886498383
282.32799945738356,224.40538755097657,53.61123289513957,31.18922489804687
283.14664810284535,224.40538754785234,53.61123287689815,31.18922490429533
283.94227129738704,224.405387543976,53.61123285431569,31.18922491204803
284.70248980971417,224.4053875399392,53.611232831843424,31.189224920121582
285.49914440103333,224.4053875365904,53.61123281325228,31.189224926819154
286.3514335515466,224.4053875329016,53.611232792674635,31.18922493419675
287.28707413303295,224.40538752990608,53.611232776705144,31.18922494018786
288.16175549253927,224.40538752765963,53.61123276483056,31.189224944680767
289.18232672935375,224.40538752581827,53.61123275488574,31.189224948363456
290.1361357563624,224.40538752428733,53.61123274667522,31.189224951425327
291.10720789927024,224.40538752207217,53.61123273557125,31.189224955855668
292.1232026917392,224.40538752006753,53.61123272506565,31.189224959864937
293.1943836426205,224.40538751806903,53.61123271475903,31.189224963861918
293.19438364805313,224.40538751611342,53.611232703893734,31.18922496777315
293.19438365298356,224.40538751445766,53.61123269403282,31.189224971084663
293.19438365872344,224.4053875125352,53.61123268255308,31.189224974929548
293.19438366578345,224.40538751029408,53.61123266843313,31.18922497941185
293.19438367255054,224.4053875081117,53.61123265489894,31.189224983776608
293.19438367835266,224.4053875062086,53.61123264329473,31.189224987582826
293.1943836858043,224.40538750390505,53.61123262839139,31.1892249921899
293.194383693187,224.40538750173027,53.61123261362609,31.18922499653947
293.1943837026312,224.40538749898636,53.611232594737515,31.18922500202728
293.1943837121335,224.40538749621183,53.61123257573293,31.189225007576326
293.19438372296906,224.40538749368616,53.61123255406182,31.1892250126277
293.19438373517266,224.40538749089743,53.611232529654615,31.18922501820515
293.1943837453732,224.40538748855374,53.61123250925361,31.189225022892508
293.19438375399284,224.4053874865356,53.611232492014274,31.18922502692882
293.19438376104165,224.40538748446693,53.6112324779167,31.189225031066126
293.19438376685486,224.40538748263933,53.61123246629032,31.18922503472132
293.1943837746078,224.40538748031622,53.61123245078443,31.189225039367543
293.1943837869714,224.40538747664434,53.61123242605722,31.189225046711307
293.1943837987065,224.40538747276483,53.61123240258699,31.189225054470363
293.19438381127634,224.40538746932486,53.6112323774473,31.18922506135026
293.19438382341065,224.4053874653784,53.611232353178714,31.189225069243193
293.1943838333769,224.40538746267413,53.61123233324617,31.18922507465175
293.1943838509499,224.40538745769837,53.61123229810013,31.18922508460327
293.1943838835254,224.4053874470192,53.611232232949234,31.1892251059616
293.1943839155882,224.40538743458825,53.61123216882357,31.189225130823527
293.194383921745,224.40538743263207,53.611232156509985,31.189225134735864
293.1943839263433,224.40538743115195,53.61123214731342,31.1892251376961
293.19438393236464,224.40538742943195,53.61123213527075,31.189225141136067
293.1943839380631,224.4053874275696,53.61123212387386,31.18922514486082
293.194383943708,224.4053874256489,53.611232112584055,31.189225148702192
293.19438395152815,224.40538742286682,53.61123209694372,31.189225154266374
293.1943839625355,224.405387418907,53.61123207492908,31.18922516218599
293.19438397497936,224.4053874142966,53.61123205004126,31.189225171406825
293.1943839940852,224.4053874073307,53.61123201182963,31.189225185338614
293.19438400953254,224.40538740117984,53.61123198093487,31.189225197640315
293.19438402996155,224.4053873927606,53.61123194007685,31.1892252144788
293.1943840424553,224.4053873875275,53.611231915089434,31.189225224945012
293.1943840517094,224.40538738388304,53.61123189658124,31.189225232233923
293.19438406266465,224.4053873793689,53.61123187467068,31.189225241262175
293.194384074523,224.4053873745912,53.611231850954084,31.189225250817614
293.19438408467664,224.40538737054183,53.6112318306467,31.189225258916334
293.19438409767844,224.4053873655482,53.61123180464314,31.189225268903638
293.19438410848966,224.40538736137992,53.611231783020735,31.18922527724017
293.1943841175362,224.40538735791577,53.611231764927666,31.189225284168447
293.19438412465365,224.40538735519817,53.61123175069267,31.18922528960364
293.1943841340359,224.40538735115652,53.6112317319282,31.18922529768694
293.1943841434804,224.40538734688354,53.61123171303911,31.189225306232913
293.194384152361,224.40538734333126,53.61123169527793,31.189225313337506
293.1943841662437,224.40538733834978,53.61123166751259,31.18922532330046
293.1943841823554,224.4053873329755,53.61123163528922,31.18922533404903
293.1943841928619,224.40538732970634,53.61123161427623,31.189225340587342
293.19438420439224,224.40538732664083,53.611231591215514,31.18922534671832
293.1943842134376,224.40538732415766,53.61123157312474,31.1892253516847
293.19438422278586,224.40538732177427,53.61123155442834,31.189225356451445
293.19438423383093,224.4053873187798,53.61123153233816,31.189225362440443
293.1943842499684,224.4053873139295,53.611231500063255,31.189225372140996
293.1943843334186,224.40538728412577,53.611231333162785,31.18922543174846
293.194384372099,224.40538727018654,53.611231255801925,31.189225459626936
293.1943843927194,224.40538726232361,53.61123121456112,31.189225475352757
293.19438440613266,224.40538725735962,53.6112311877347,31.18922548528077
293.1943844204492,224.40538725216365,53.61123115910166,31.18922549567269
293.19438443874094,224.40538724553397,53.611231122518085,31.18922550893208
293.19438446574276,224.40538723571868,53.611231068514435,31.18922552856264
293.1943844928542,224.4053872260113,53.6112310142916,31.189225547977404
293.19438451268616,224.40538721895373,53.611230974627745,31.189225562092535
293.1943845279977,224.40538721435735,53.611230944004554,31.18922557128528
293.19438454638913,224.40538720892542,53.61123090722179,31.18922558214914
293.1943845622098,224.40538720471636,53.61123087558047,31.189225590567247
293.19438457456084,224.4053872012897,53.61123085087828,31.1892255974206
293.1943845857374,224.40538719800796,53.611230828525244,31.18922560398407
293.1943845929699,224.40538719619144,53.61123081406015,31.189225607617104
293.1943846008603,224.4053871942394,53.61123079827942,31.18922561152118
293.1943846092397,224.40538719206688,53.611230781520604,31.18922561586625
293.19438461668943,224.4053871900582,53.6112307666211,31.18922561988359
293.1943846261503,224.4053871872879,53.61123074769947,31.18922562542422
293.19438463388,224.40538718500474,53.61123073223995,31.189225629990514
293.19438464362395,224.4053871821396,53.6112307127521,31.18922563572078
293.19438465409166,224.4053871790997,53.61123069181667,31.189225641800586
293.1943846649934,224.4053871759915,53.61123067001329,31.18922564801698
293.19438467327944,224.40538717368491,53.61123065344109,31.189225652630142
293.19438468208386,224.40538717115226,53.61123063583231,31.18922565769548
293.1943846902865,224.40538716897038,53.611230619427026,31.189225662059247
293.1943846982538,224.40538716669133,53.61123060349239,31.189225666617347
293.1943847054481,224.4053871646503,53.61123058910384,31.189225670699376
293.1943847138737,224.4053871622989,53.61123057225261,31.189225675402206
293.1943847220551,224.40538716005221,53.61123055588987,31.189225679895575
293.1943847300054,224.40538715772857,53.611230539989194,31.189225684542862
293.1943847397672,224.40538715481395,53.611230520465625,31.189225690372083
293.19438474917,224.40538715185932,53.611230501659946,31.189225696281383
293.1943847572182,224.4053871491935,53.611230485563574,31.189225701613015
293.1943847659621,224.40538714625404,53.61123046807579,31.18922570749191
293.19438477471186,224.40538714330555,53.61123045057631,31.18922571338889
293.1943847918246,224.40538713744152,53.61123041635082,31.18922572511697
293.194384805102,224.4053871326322,53.61123038979599,31.189225734735576
293.1943848169016,224.40538712824204,53.61123036619676,31.1892257435159
293.19438482950534,224.4053871232933,53.61123034098937,31.189225753413368
293.1943848398363,224.40538711910963,53.611230320327415,31.189225761780754
293.1943848478231,224.40538711579822,53.61123030435389,31.189225768403535
293.1943848551573,224.40538711283557,53.61123028968536,31.189225774328857
293.19438486364385,224.40538710978572,53.61123027271229,31.189225780428558
293.1943848719807,224.40538710726145,53.61123025603867,31.189225785477078
293.19438487978454,224.40538710502383,53.611230240430935,31.189225789952307
293.1943848867303,224.40538710309866,53.611230226539455,31.189225793802656
293.1943848935683,224.40538710128618,53.61123021286339,31.189225797427667
293.1943849004414,224.4053870994005,53.611230199117195,31.189225801198955
293.1943849070962,224.40538709757757,53.61123018580756,31.189225804844856
293.1943849133864,224.4053870957871,53.611230173227234,31.189225808425814
293.19438491997306,224.40538709379092,53.61123016005392,31.189225812418147
293.1943849266899,224.40538709165588,53.611230146620194,31.18922581668825
293.1943849352319,224.40538708903838,53.61123012953619,31.189225821923245
293.19438494319536,224.4053870865863,53.6112301136093,31.18922582682738
293.19438495142555,224.40538708411938,53.61123009714891,31.18922583176126
293.19438495996235,224.4053870813546,53.611230080075295,31.18922583729078
293.1943849692314,224.40538707830336,53.61123006153719,31.189225843393277
293.19438498456014,224.40538707311,53.611230030879746,31.18922585377998
293.1943850071748,224.40538706449468,53.61122998565046,31.18922587101063
293.1943850374625,224.40538705274383,53.61122992507503,31.189225894512344
293.19438510305235,224.4053870258867,53.611229793895234,31.189225948226603
293.19438514783394,224.40538700909258,53.61122970433217,31.18922598181485
293.19438517025856,224.40538700049697,53.61122965948289,31.189225999006045
293.1943851909227,224.40538699294183,53.611229618154624,31.189226014116368
293.1943852087011,224.4053869861147,53.6112295825978,31.18922602777061
293.1943852305551,224.40538697775548,53.61122953888983,31.18922604448905
293.1943852608944,224.40538696687926,53.61122947821117,31.18922606624148
293.1943852839552,224.4053869580839,53.61122943208958,31.18922608383221
293.19438530095533,224.40538695148686,53.61122939808932,31.18922609702627
293.1943853099668,224.40538694780082,53.61122938006646,31.189226104398376
293.1943853164873,224.40538694553112,53.61122936702548,31.18922610893773
293.1943853225134,224.4053869433594,53.61122935497314,31.189226113281244
293.19438532905446,224.4053869412053,53.6112293418911,31.18922611758936
293.1943853364774,224.40538693891446,53.61122932704521,31.189226122171082
293.19438534842277,224.4053869348461,53.61122930315441,31.189226130307816
293.1943853595619,224.40538693116852,53.6112292808762,31.189226137662946
293.19438536886736,224.40538692746924,53.61122926226529,31.189226145061525
293.19438537580817,224.4053869248164,53.611229248383694,31.1892261503672
293.1943853829218,224.4053869221623,53.61122923415645,31.1892261556754
293.1943853920622,224.4053869190553,53.61122921587556,31.189226161889415
293.1943854026513,224.4053869151162,53.611229194697415,31.189226169767608
293.19438543073784,224.40538690512903,53.61122913852429,31.18922618974196
293.19438544832667,224.4053868995825,53.611229103346666,31.189226200834998
293.1943854746252,224.40538689086765,53.61122905074955,31.189226218264732
293.1943854898673,224.40538688501977,53.61122902026543,31.18922622996047
293.1943855104902,224.40538687784635,53.61122897901962,31.189226244307285
293.1943855181475,224.40538687506972,53.61122896370498,31.18922624986058
293.1943855246661,224.40538687270617,53.61122895066785,31.189226254587673
293.19438553543137,224.40538686913024,53.61122892913722,31.189226261739503
293.194385545219,224.4053868656681,53.61122890956194,31.18922626866377
293.1943855572432,224.4053868611604,53.611228885513576,31.189226277679193
293.1943855854947,224.4053868500784,53.61122882901064,31.189226299843224
293.1943856034623,224.4053868431684,53.61122879307536,31.189226313663198
293.1943856241178,224.40538683613366,53.611228751764386,31.18922632773267
293.19438563460363,224.4053868326055,53.61122873079272,31.189226334788987
293.1943856506843,224.40538682725344,53.61122869863143,31.18922634549313
293.1943856602879,224.40538682389945,53.61122867942424,31.189226352201118
293.19438567156527,224.40538682022037,53.61122865686947,31.189226359559246
293.19438568677987,224.4053868161163,53.61122862644023,31.1892263677674
293.1943857075577,224.40538681050776,53.61122858488471,31.18922637898449
293.1943857183672,224.4053868074181,53.61122856326565,31.18922638516379
293.1943857384547,224.4053868011483,53.61122852309067,31.189226397703415
293.1943857479451,224.40538679799315,53.61122850410979,31.189226404013688
293.19438575578005,224.40538679545483,53.611228488439885,31.189226409090335
293.19438576450534,224.40538679243846,53.611228470989346,31.18922641512307
293.1943857831018,224.40538678631236,53.61122843379644,31.189226427375257
293.1943857897175,224.4053867842028,53.61122842056498,31.189226431594427
293.19438580409536,224.40538677969522,53.61122839180923,31.189226440609588
293.19438581967904,224.40538677508826,53.61122836064188,31.189226449823497
293.19438582716026,224.40538677296053,53.611228345679436,31.189226454078973
293.1943858342593,224.40538677081744,53.61122833148133,31.189226458365138
293.1943858410552,224.4053867687038,53.61122831788966,31.189226462592373
293.19438584823547,224.40538676633884,53.611228303529074,31.189226467322328
293.19438585481333,224.4053867641294,53.61122829037336,31.189226471741208
293.19438586280756,224.40538676185122,53.61122827438484,31.18922647629755
293.1943858708332,224.40538675998454,53.61122825833361,31.18922648003093
293.1943858778911,224.40538675812405,53.61122824421784,31.18922648375191
293.1943858831736,224.4053867564878,53.61122823365279,31.189226487024417
293.19438588764865,224.4053867549834,53.61122822470275,31.189226490033235
293.1943858917951,224.40538675350334,53.61122821640982,31.189226492993352
293.19438589631426,224.40538675193187,53.61122820737143,31.18922649613625
293.19438590088964,224.4053867502937,53.611228198220715,31.18922649941258
293.1943859050258,224.40538674884706,53.61122818994836,31.189226502305896
293.19438590907225,224.4053867474361,53.61122818185555,31.189226505127806
293.194385913371,224.4053867459244,53.611228173258034,31.18922650815117
293.19438591795006,224.40538674429436,53.611228164099934,31.189226511411302
293.19438592234627,224.40538674271673,53.611228155307444,31.189226514566556
293.194385926636,224.4053867411725,53.61122814672801,31.189226517655012
293.19438593107776,224.40538673958812,53.61122813784449,31.189226520823773
293.19438593523125,224.40538673813927,53.61122812953751,31.189226523721466
293.19438593899986,224.40538673680393,53.61122812200025,31.18922652639214
293.194385943118,224.4053867353221,53.611228113764064,31.189226529355782
293.1943859469044,224.4053867339688,53.61122810619121,31.189226532062367
293.1943859510206,224.40538673249668,53.611228097958815,31.189226535006625
293.19438595536144,224.4053867309456,53.61122808927709,31.189226538108816
293.1943859593577,224.40538672953312,53.611228081284565,31.189226540933763
293.1943859634507,224.4053867280814,53.611228073098545,31.189226543837222
293.19438596811136,224.40538672642535,53.61122806377732,31.189226547149307
293.1943859727908,224.40538672475617,53.611228054418305,31.18922655048766
293.19438597761774,224.4053867230485,53.61122804476447,31.189226553902976
293.19438598230323,224.40538672135375,53.61122803539359,31.189226557292507
293.1943859872945,224.4053867195394,53.61122802541106,31.189226560921238
293.194385991642,224.4053867179871,53.611228016715984,31.189226564025777
293.19438599632156,224.4053867163151,53.61122800735691,31.189226567369797
293.19438600156263,224.405386714408,53.611227996874774,31.189226571184026
293.1943860058158,224.40538671289866,53.611227988368455,31.189226574202685
293.19438600979043,224.40538671149298,53.611227980419116,31.189226577014043
293.1943860142996,224.40538670992945,53.611227971400815,31.189226580141124
293.19438601829785,224.40538670854963,53.61122796340431,31.18922658290074
293.194386022377,224.4053867071349,53.61122795524602,31.18922658573019
293.19438602674626,224.40538670559107,53.61122794650747,31.18922658881786
293.19438603123933,224.40538670403296,53.61122793752135,31.189226591934055
293.1943860355861,224.40538670252215,53.61122792882778,31.189226594955713
293.19438604020377,224.40538670092783,53.611227919592444,31.18922659814433
293.19438604480723,224.40538669932423,53.611227910385516,31.18922660135154
293.1943860491825,224.4053866978097,53.611227901634976,31.189226604380632
293.19438605331305,224.40538669639122,53.61122789337385,31.18922660721756
293.194386057247,224.405386695049,53.61122788550594,31.189226609901983
293.1943860605632,224.40538669389554,53.61122787887355,31.18922661220891
293.1943860643531,224.40538669255238,53.611227871293806,31.18922661489523
293.19438606790663,224.40538669129631,53.61122786418674,31.189226617407343
293.19438607131474,224.40538669007967,53.61122785737054,31.18922661984069
293.19438607497983,224.40538668877298,53.61122785004033,31.189226622454015
293.19438607827533,224.40538668759248,53.611227843449385,31.18922662481502
293.19438608230337,224.40538668612265,53.61122783539326,31.18922662775467
293.1943860859797,224.40538668477961,53.6112278280406,31.189226630440753
293.1943860896888,224.4053866834035,53.61122782062242,31.18922663319304
293.19438609403056,224.40538668180224,53.61122781193886,31.18922663639552
293.1943860980564,224.40538668028034,53.61122780388723,31.189226639439287
293.1943861023864,224.40538667866048,53.611227795227286,31.189226642679074
293.1943861070743,224.4053866768749,53.61122778585139,31.189226646250187
293.1943861126481,224.40538667473407,53.61122777470382,31.18922665053187
293.19438611740577,224.40538667290156,53.61122776518845,31.189226654196915
293.1943861222768,224.40538667104812,53.61122775544643,31.18922665790378
293.1943861271165,224.4053866692192,53.611227745766996,31.1892266615616
293.194386132484,224.40538666723515,53.61122773503196,31.18922666552969
293.19438613622555,224.40538666588878,53.61122772754896,31.189226668222425
293.19438613963933,224.40538666468368,53.61122772072135,31.189226670632642
293.19438614294154,224.4053866634946,53.61122771411696,31.189226673010822
293.1943861460278,224.4053866623896,53.61122770794442,31.189226675220823
293.1943861492112,224.40538666126398,53.61122770157756,31.189226677472064
293.19438615223066,224.40538666019546,53.611227695538666,31.189226679609085
293.1943861555965,224.40538665901752,53.61122768880706,31.189226681964946
293.1943861592597,224.40538665775392,53.61122768148064,31.189226684492166
293.19438616318257,224.40538665641407,53.611227673634865,31.189226687171843
293.19438616661705,224.40538665525253,53.61122766676593,31.18922668949496
293.19438617004477,224.40538665409943,53.61122765991042,31.189226691801156
293.19438617383867,224.40538665283114,53.61122765232261,31.189226694337723
293.1943861777223,224.40538665154457,53.61122764455535,31.189226696910826
293.19438618241094,224.40538665006585,53.6112276351781,31.189226699868314
293.1943861871913,224.40538664854847,53.611227625617445,31.18922670290307
293.19438619183734,224.40538664712722,53.61122761632528,31.189226705745575
293.19438619627437,224.40538664579296,53.61122760745132,31.189226708414093
293.19438620152164,224.40538664410903,53.611227596956766,31.18922671178193
293.1943862062161,224.40538664252614,53.611227587567804,31.189226714947715
293.19438621125516,224.40538664079966,53.61122757748963,31.189226718400676
293.194386216508,224.40538663897746,53.61122756698399,31.189226722045095
293.19438622228915,224.40538663708182,53.61122755542175,31.18922672583636
293.19438622908564,224.40538663489528,53.61122754182875,31.189226730209455
293.1943862348969,224.40538663295462,53.61122753020612,31.189226734090788
293.19438624074644,224.40538663100114,53.611227518507064,31.18922673799773
293.194386246459,224.40538662906934,53.61122750708207,31.18922674186134
293.1943862523977,224.4053866270479,53.61122749520461,31.18922674590417
293.1943862584208,224.40538662495558,53.611227483158345,31.18922675008885
293.19438626461846,224.40538662279315,53.61122747076307,31.18922675441373
293.19438627027375,224.4053866207233,53.61122745945247,31.18922675855341
293.19438627700146,224.40538661840594,53.611227445997045,31.1892267631881
293.1943862843409,224.40538661581914,53.61122743131815,31.189226768361706
293.1943862910621,224.40538661345994,53.6112274178759,31.189226773080133
293.1943862976811,224.40538661099052,53.61122740463784,31.189226778018945
293.19438630548234,224.4053866080873,53.6112273890353,31.189226783825397
293.1943863129711,224.40538660523703,53.61122737405772,31.18922678952593
293.1943863181313,224.40538660333164,53.61122736373743,31.1892267933367
293.1943863239738,224.4053866011785,53.61122735205246,31.189226797643027
293.1943863301148,224.40538659885482,53.611227339770416,31.18922680229036
293.19438633587544,224.4053865966054,53.61122732824915,31.189226806789204
293.1943863417244,224.40538659431073,53.611227316551215,31.18922681137854
293.1943863477511,224.40538659194635,53.61122730449775,31.189226816107322
293.1943863552722,224.40538658892618,53.61122728945567,31.189226822147667
293.19438636999405,224.4053865835965,53.61122726001187,31.189226832806956
293.1943863942705,224.40538657539454,53.61122721145896,31.189226849210936
293.1943864071871,224.40538656990654,53.61122718562576,31.189226860186903
293.19438642781273,224.40538656088427,53.611227144374496,31.189226878231437
293.19438643425315,224.40538655827567,53.61122713149375,31.189226883448665
293.1943864404936,224.40538655565496,53.6112271190128,31.18922688869006
293.19438644742206,224.4053865529191,53.61122710515593,31.1892268941618
293.19438645432547,224.40538655026123,53.61122709134907,31.189226899477564
293.1943864606799,224.4053865476968,53.61122707864022,31.1892269046064
293.1943864670472,224.40538654548212,53.61122706590558,31.189226909035746
293.19438647343225,224.40538654322864,53.611227053135515,31.189226913542704
293.1943864795169,224.40538654103875,53.61122704096629,31.189226917922507
293.19438648483657,224.40538653913663,53.61122703032685,31.189226921726743
293.19438648974665,224.40538653737852,53.61122702050674,31.18922692524297
293.19438649498403,224.405386535424,53.6112270100319,31.18922692915203
293.1943865000683,224.40538653358448,53.61122699986348,31.18922693283103
293.19438650450945,224.40538653196063,53.611226990981116,31.18922693607873
293.1943865093445,224.4053865302152,53.61122698131103,31.189226939569608
293.19438651446507,224.4053865283605,53.61122697106992,31.189226943279007
293.19438651941005,224.40538652660726,53.61122696117993,31.189226946785478
293.19438652338795,224.4053865252909,53.61122695322406,31.189226949418195
293.1943865313355,224.40538652247054,53.61122693732901,31.189226955058935
293.19438653957553,224.40538651960708,53.61122692084892,31.18922696078585
293.19438654770926,224.40538651676604,53.61122690458152,31.189226966467913
293.19438656942316,224.4053865102437,53.6112268611537,31.18922697951263
293.19438658689313,224.40538650455042,53.611226826213766,31.18922699089914
293.1943865917584,224.40538650288596,53.611226816483224,31.189226994228097
293.19438659544636,224.40538650153587,53.61122680910732,31.18922699692826
293.1943865992208,224.40538650022242,53.6112268015583,31.189226999555142
293.1943866032639,224.40538649880244,53.61122679347217,31.189227002395143
293.19438660732567,224.40538649731405,53.611226785348634,31.189227005371915
293.1943866116764,224.40538649579295,53.61122677664718,31.189227008414115
293.1943866162737,224.40538649416678,53.61122676745264,31.189227011666453
293.1943866219218,224.40538649194647,53.611226756156334,31.189227016107054
293.1943866313913,224.40538648837023,53.61122673721743,31.189227023259562
293.1943866499109,224.40538648168518,53.61122670017827,31.189227036629656
293.1943866618685,224.40538647680455,53.61122667626301,31.18922704639087
293.19438667129873,224.40538647317288,53.61122665740253,31.18922705365423
293.19438667938556,224.40538646984115,53.611226641228846,31.189227060317712
293.19438669314474,224.40538646518365,53.61122661371054,31.189227069632715
293.19438671046527,224.40538646108868,53.611226579069445,31.189227077822647
293.1943867239003,224.40538645814453,53.61122655219936,31.18922708371093
293.19438674551105,224.40538645280972,53.61122650897791,31.189227094380545
293.19438676362006,224.40538644694965,53.61122647275989,31.189227106100727
293.1943867767522,224.4053864428156,53.61122644649562,31.189227114368784
293.1943867904684,224.40538643756372,53.611226419063186,31.189227124872573
293.19438680266956,224.4053864337578,53.61122639466089,31.189227132484408
293.1943868122419,224.40538643131043,53.611226375516296,31.18922713737914
293.1943868242593,224.40538642852567,53.6112263514814,31.189227142948628
293.1943868375401,224.40538642445358,53.61122632491977,31.189227151092865
293.19438685065074,224.4053864200907,53.61122629869856,31.189227159818593
293.1943868627424,224.40538641607782,53.61122627451514,31.18922716784436
293.1943868731155,224.40538641245487,53.61122625376907,31.189227175090263
293.1943868843362,224.4053864086698,53.611226231327606,31.189227182660385
293.19438689980905,224.40538640446607,53.611226200381864,31.189227191067868
293.1943869172431,224.40538639921834,53.611226165513855,31.189227201563305
293.1943869257566,224.40538639620843,53.611226148486864,31.189227207583116
293.19438694522336,224.4053863906681,53.61122610955331,31.18922721866378
293.19438698023816,224.40538638214707,53.611226039523686,31.189227235705843
293.1943870079692,224.40538637431803,53.6112259840616,31.189227251363917
293.1943870351337,224.40538636674344,53.61122592973261,31.189227266513104
293.1943870482199,224.40538636295213,53.61122590356021,31.189227274095742
293.1943870543778,224.40538636094692,53.61122589124437,31.18922727810616
293.1943870592724,224.4053863594171,53.611225881455226,31.189227281165817
293.1943870676538,224.40538635684155,53.61122586469237,31.189227286316886
293.19438707699516,224.40538635444827,53.611225846009695,31.189227291103478
293.19438709068146,224.40538635088623,53.611225818637045,31.189227298227525
293.19438710084415,224.40538634800257,53.6112257983117,31.189227303994873
293.1943871151435,224.405386344035,53.61122576971292,31.189227311929987
293.194387126921,224.40538634037236,53.61122574615799,31.189227319255256
293.19438713721297,224.4053863371691,53.61122572557403,31.18922732566182
293.1943871522388,224.40538633288196,53.611225695522414,31.189227334236076
293.1943871673922,224.40538632861163,53.611225665215564,31.189227342776732
293.1943871770105,224.40538632583682,53.611225645978934,31.18922734832639
293.19438718371356,224.40538632364033,53.611225632572875,31.18922735271935
293.194387188314,224.40538632197436,53.61122562337197,31.18922735605127
293.1943872145258,224.40538631552053,53.611225570948335,31.189227368958942
293.1943872433045,224.4053863085651,53.61122551339098,31.189227382869763
293.19438726275,224.40538630360413,53.6112254745,31.189227392791764
293.1943872910543,224.40538629651812,53.61122541789148,31.189227406963788
293.19438730998996,224.40538629226833,53.61122538002012,31.189227415463346
293.1943873334025,224.40538628720486,53.61122533319493,31.189227425590264
293.19438734737275,224.4053862836072,53.61122530525447,31.189227432785568
293.1943873823877,224.40538627439832,53.611225235224694,31.18922745120336
293.1943873933948,224.40538627111482,53.611225213210396,31.18922745777034
293.19438741517905,224.405386265695,53.61122516964194,31.189227468610003
293.1943874368698,224.4053862603983,53.61122512626035,31.1892274792034
293.1943874608486,224.40538625490868,53.61122507830287,31.18922749018267
293.19438747062145,224.4053862519166,53.6112250587571,31.18922749616677
293.1943874802005,224.40538624897874,53.611225039599,31.1892275020425
293.19438748906805,224.40538624607228,53.61122502186389,31.18922750785543
293.19438749789356,224.40538624299793,53.611225004212876,31.18922751400413
293.19438750565786,224.40538624018885,53.61122498868433,31.18922751962231
293.1943875119704,224.40538623801473,53.611224976059304,31.18922752397055
293.19438751908297,224.40538623551637,53.61122496183402,31.189227528967233
293.19438752361395,224.40538623391356,53.61122495277215,31.18922753217289
293.1943875288046,224.40538623211432,53.61122494239083,31.189227535771323
293.19438753439607,224.4053862301375,53.61122493120789,31.189227539725003
293.1943875397671,224.40538622830508,53.61122492046583,31.18922754338984
293.19438754673484,224.40538622603455,53.611224906530325,31.18922754793092
293.19438755538494,224.40538622310697,53.61122488923015,31.189227553786083
293.1943875624475,224.40538622062337,53.61122487510501,31.189227558753256
293.1943875677941,224.40538621879472,53.611224864411795,31.18922756241054
293.19438757722395,224.40538621537465,53.61122484555211,31.189227569250694
293.19438759095976,224.4053862103328,53.61122481808045,31.189227579334364
293.19438760123995,224.405386206484,53.611224797520116,31.18922758703201
293.1943876173382,224.40538619998338,53.61122476532367,31.189227600033256
293.1943876274852,224.40538619588622,53.61122474502959,31.18922760822755
293.19438764247667,224.4053861896855,53.61122471504663,31.189227620629048
293.19438765566645,224.4053861843881,53.611224688667065,31.189227631223808
293.19438766505516,224.40538618048834,53.611224669889644,31.189227639023336
293.1943876791691,224.40538617460305,53.611224641661806,31.189227650793924
293.19438768897624,224.4053861708626,53.611224622047544,31.189227658274767
293.1943876980604,224.40538616797417,53.61122460387923,31.189227664051664
293.1943877141117,224.40538616295245,53.61122457177661,31.189227674095104
293.19438772537933,224.40538615924956,53.61122454924129,31.189227681500885
293.1943877361726,224.40538615582486,53.61122452765485,31.189227688350293
293.1943877518792,224.40538615058776,53.61122449624159,31.189227698824496
293.1943877691951,224.40538614387506,53.61122446160984,31.189227712249856
293.19438780360485,224.40538613203282,53.61122439279031,31.189227735934388
293.1943878285669,224.40538612238893,53.61122434286615,31.18922775522216
293.19438785512443,224.40538611118194,53.611224289751085,31.189227777636113
293.194387879823,224.4053860996015,53.61122424035397,31.189227800797013
293.1943878984251,224.40538609203307,53.611224203149796,31.18922781593386
293.19438791145603,224.40538608673282,53.61122417708794,31.189227826534363
293.1943879373111,224.40538607564656,53.611224125377845,31.189227848706853
293.19438795076564,224.4053860695929,53.61122409846873,31.189227860814206
293.1943879639185,224.4053860643386,53.61122407216305,31.1892278713228
293.1943879786576,224.40538605864595,53.61122404268489,31.189227882708128
293.19438799056894,224.4053860539505,53.61122401886208,31.189227892099012
293.19438800559914,224.40538604777976,53.611223988801775,31.189227904440497
293.194388016245,224.40538604345497,53.61122396751004,31.189227913090043
293.19438802605816,224.40538603963807,53.61122394788371,31.18922792072387
293.19438803544784,224.40538603623355,53.61122392910433,31.18922792753292
293.1943880439644,224.40538603310102,53.611223912071154,31.189227933797962
293.1943880505158,224.40538603051425,53.611223898968404,31.189227938971488
293.1943880567885,224.40538602793646,53.61122388642299,31.18922794412709
293.19438806309176,224.40538602536196,53.6112238738165,31.18922794927607
293.19438806864844,224.40538602312373,53.61122386270315,31.189227953752543
293.1943880758908,224.40538602010716,53.61122384821841,31.189227959785697
293.1943880837445,224.40538601659085,53.61122383251092,31.189227966818297
293.1943880909907,224.40538601349985,53.61122381801861,31.189227973000317
293.1943880973456,224.40538601082486,53.6112238053088,31.189227978350264
293.19438810327034,224.4053860083384,53.611223793459274,31.189227983323192
293.19438810947344,224.4053860057727,53.61122378105313,31.189227988454586
293.1943881155182,224.40538600327332,53.61122376896355,31.189227993453343
293.1943881226692,224.40538600026662,53.61122375466161,31.189227999466787
293.1943881300129,224.405385997128,53.61122373997424,31.189228005743974
293.19438813794505,224.40538599379403,53.611223724109884,31.18922801241195
293.19438814480424,224.40538599086105,53.61122371039149,31.189228018277912
293.19438815207263,224.40538598775245,53.611223695854754,31.18922802449507
293.19438815780467,224.4053859853397,53.61122368439071,31.189228029320617
293.1943881639382,224.40538598282012,53.61122367212368,31.18922803435973
293.1943881689051,224.40538598076438,53.61122366218978,31.18922803847125
293.1943881735398,224.4053859788716,53.61122365292041,31.189228042256783
293.1943881791011,224.40538597668927,53.61122364179778,31.189228046621466
293.194388183629,224.4053859749181,53.611223632742096,31.18922805016383
293.19438818908054,224.40538597289137,53.61122362183891,31.189228054217242
293.19438819343947,224.40538597124842,53.611223613121076,31.189228057503176
293.1943881991798,224.40538596909101,53.6112236016404,31.18922806181799
293.19438820411057,224.40538596738526,53.611223591778874,31.189228065229464
293.19438820943174,224.4053859655282,53.61122358113652,31.189228068943557
293.1943882166123,224.40538596281664,53.61122356677534,31.189228074366742
293.1943882247911,224.4053859597149,53.6112235504178,31.1892280805702
293.19438822849844,224.40538595833803,53.61122354300313,31.18922808332394
293.1943882326421,224.40538595674326,53.61122353471585,31.189228086513467
293.1943882375436,224.4053859549303,53.61122352491286,31.18922809013941
293.1943882427663,224.4053859530687,53.61122351446735,31.189228093862592
293.1943882464583,224.40538595174564,53.61122350708347,31.189228096508696
293.1943882503034,224.405385950414,53.61122349939317,31.189228099172016
293.19438825434906,224.40538594908105,53.61122349130185,31.189228101837926
293.19438825915705,224.40538594745,53.61122348168589,31.189228105100057
293.1943882655712,224.40538594531935,53.611223468857595,31.18922810936132
293.1943882742147,224.40538594230236,53.611223451570616,31.189228115395263
293.19438828071566,224.40538593991204,53.61122343856873,31.189228120175912
293.1943882857241,224.40538593804584,53.61122342855189,31.1892281239083
293.19438828939207,224.405385936614,53.61122342121588,31.18922812677197
293.1943882951948,224.4053859342071,53.61122340961035,31.1892281315858
293.19438830328005,224.40538593145226,53.611223393439886,31.18922813709549
293.1943883082157,224.40538592967607,53.61122338356856,31.189228140647852
293.1943883133706,224.4053859277658,53.611223373258824,31.189228144468405
293.19438831799096,224.40538592612643,53.61122336401805,31.189228147747116
293.1943883216382,224.40538592476312,53.61122335672362,31.18922815047377
293.1943883249684,224.40538592354775,53.61122335006329,31.18922815290451
293.1943883286145,224.4053859222195,53.611223342771005,31.189228155561
293.19438833189537,224.4053859210021,53.61122333620922,31.18922815799579
293.1943883351861,224.40538591977491,53.611223329627876,31.189228160450163
293.1943883385046,224.40538591854565,53.611223322990774,31.18922816290873
293.1943883416581,224.40538591741466,53.611223316683756,31.189228165170658
293.19438834469764,224.40538591632182,53.61122331060469,31.18922816735636
293.1943883481511,224.4053859151146,53.61122330369776,31.189228169770782
293.1943883511694,224.40538591403924,53.61122329766119,31.189228171921492
293.19438835441105,224.40538591285488,53.611223291177886,31.18922817429025
293.19438835894323,224.40538591117888,53.61122328211356,31.189228177642217
293.19438836525984,224.40538590897552,53.61122326948033,31.189228182048993
293.1943883722442,224.40538590682564,53.61122325551163,31.189228186348704
293.1943883785904,224.4053859048728,53.611223242819115,31.189228190254425
293.19438838519443,224.40538590279192,53.61122322961116,31.189228194416135
293.19438839202013,224.405385900776,53.61122321595969,31.189228198447996
293.1943883982768,224.40538589872597,53.6112232034463,31.189228202548083
293.19438840450545,224.40538589671814,53.61122319098907,31.189228206563698
293.1943884107497,224.40538589482802,53.61122317850063,31.189228210343973
293.1943884166848,224.405385893088,53.61122316663047,31.189228213823977
293.19438842252924,224.4053858914081,53.61122315494151,31.189228217183846
293.1943884281278,224.40538588974928,53.611223143744354,31.18922822050142
293.1943884332738,224.40538588814184,53.61122313345246,31.189228223716338
293.1943884392322,224.40538588633606,53.61122312153552,31.18922822732789
293.1943884458719,224.40538588431411,53.61122310825624,31.189228231371796
293.1943884535999,224.40538588185734,53.61122309280013,31.18922823628532
293.1943884608997,224.4053858796171,53.61122307820066,31.18922824076579
293.1943884688457,224.40538587732996,53.611223062308575,31.18922824534005
293.1943884767776,224.40538587514536,53.61122304644486,31.18922824970929
293.1943884840351,224.40538587315464,53.611223031929846,31.189228253690718
293.19438849090926,224.40538587106818,53.611223018181455,31.189228257863626
293.1943884971666,224.40538586912294,53.61122300566681,31.189228261754145
293.19438850439536,224.40538586698153,53.611222991209324,31.189228266036938
293.1943885118951,224.40538586477734,53.611222976209795,31.18922827044531
293.19438851922075,224.40538586267243,53.611222961558546,31.189228274655136
293.1943885275467,224.40538586011314,53.61122294490659,31.18922827977372
293.1943885350409,224.40538585762766,53.61122292991824,31.18922828474467
293.194388542346,224.40538585518397,53.61122291530793,31.18922828963204
293.19438854910396,224.40538585294254,53.61122290179211,31.189228294114898
293.19438855570615,224.40538585068367,53.61122288858765,31.18922829863267
293.1943885632805,224.40538584810605,53.61122287343903,31.189228303787907
293.19438857084015,224.40538584556595,53.61122285831969,31.189228308868095
293.19438857936484,224.40538584272832,53.611222841270376,31.189228314543378
293.1943885877763,224.4053858398929,53.61122282444742,31.189228320214212
293.1943885949298,224.40538583736296,53.61122281014037,31.189228325274083
293.1943886022699,224.40538583466451,53.6112227954602,31.189228330670975
293.1943886086983,224.4053858322186,53.61122278260331,31.189228335562813
293.19438861726894,224.4053858290917,53.611222765462145,31.189228341816623
293.1943886244263,224.40538582646818,53.61122275114737,31.189228347063658
293.19438863262764,224.40538582362797,53.61122273474475,31.18922835274407
293.1943886411109,224.40538582052193,53.61122271777826,31.18922835895616
293.1943886470336,224.40538581835133,53.61122270593287,31.189228363297307
293.19438865687,224.4053858147702,53.61122268626002,31.189228370459603
293.19438866338936,224.405385812396,53.6112226732213,31.189228375208025
293.19438867555846,224.40538580759275,53.61122264888304,31.189228384814516
293.1943886847525,224.40538580363457,53.611222630495,31.189228392730847
293.19438869534326,224.40538579967762,53.61122260931349,31.189228400644737
293.1943887124697,224.40538579390275,53.611222575060694,31.189228412194485
293.19438873142263,224.40538578707893,53.611222537154745,31.189228425842128
293.1943887409723,224.4053857834576,53.611222518055406,31.189228433084768
293.19438874894615,224.40538578048466,53.611222502107665,31.189228439030668
293.1943887569237,224.40538577736783,53.61122248615267,31.18922844526434
293.19438876383833,224.40538577462536,53.61122247232339,31.189228450749308
293.1943887685921,224.40538577298395,53.61122246281583,31.18922845403209
293.1943887724435,224.40538577163835,53.611222455113,31.189228456723278
293.1943887759659,224.40538577040772,53.611222448068304,31.189228459184584
293.1943887791311,224.4053857693541,53.61122244173786,31.189228461291783
293.19438878182405,224.4053857684746,53.61122243635186,31.1892284630508
293.1943887850893,224.4053857673527,53.61122242982142,31.189228465294587
293.1943887876064,224.4053857664775,53.611222424787286,31.189228467044973
293.1943887906739,224.4053857654154,53.611222418652225,31.1892284691692
293.19438879461643,224.40538576406234,53.6112224107671,31.189228471875335
293.1943887982171,224.4053857628198,53.6112224035658,31.189228474360377
293.1943888118021,224.40538575732646,53.611222376395745,31.18922848534709
293.1943888292866,224.4053857495923,53.61122234142684,31.18922850081537
293.1943888483463,224.4053857427956,53.611222303307365,31.1892285144088
293.1943888609154,224.40538573827615,53.611222278169166,31.189228523447674
293.19438887759526,224.40538573216892,53.611222244809476,31.189228535662146
293.1943889247685,224.40538571339604,53.61122215046301,31.189228573207927
293.16878534191704,224.40538568084972,53.6112220009892,31.189228638300587
293.1943891943359,224.40538560459234,53.61122161132821,31.189228790815317
293.1943892130923,224.405385597446,53.61122157381542,31.189228805107977
293.1943892175744,224.40538559578926,53.61122156485122,31.189228808421507
293.19438922234656,224.40538559399886,53.61122155530685,31.189228812002305
293.1943892273609,224.40538559212152,53.611221545278234,31.189228815756938
293.19438923161005,224.40538559050034,53.61122153677987,31.189228818999315
293.19438923686147,224.40538558845319,53.6112215262771,31.189228823093647
293.19438924227524,224.40538558636376,53.61122151544951,31.189228827272462
293.1943892471191,224.40538558446465,53.61122150576187,31.189228831070704
293.19438925328217,224.4053855821034,53.6112214934357,31.189228835793212
293.19438926063754,224.4053855793474,53.61122147872487,31.18922884130515
293.19438927090795,224.40538557545443,53.61122145818411,31.189228849091116
293.1943892813155,224.40538557163703,53.611221437369,31.18922885672596
293.1943892943929,224.40538556684643,53.61122141121414,31.189228866307108
293.1943893087586,224.4053855611202,53.61122138248276,31.189228877759597
293.1943893256182,224.40538555459665,53.611221348763564,31.18922889080673
293.1943893374096,224.4053855500456,53.61122132518083,31.18922889990882
293.19438934390473,224.40538554779047,53.611221312190494,31.189228904419046
293.1943893494709,224.405385545852,53.61122130105825,31.189228908295995
293.1943893550444,224.40538554390625,53.611221289911185,31.189228912187485
293.19438936043105,224.4053855420898,53.611221279137915,31.189228915820426
293.1943893660717,224.40538554012232,53.61122126785661,31.18922891975534
293.1943893707702,224.40538553847657,53.611221258459615,31.18922892304686
293.1943893756222,224.4053855367575,53.61122124875553,31.18922892648498
293.19438937947683,224.40538553539767,53.61122124104635,31.189228929204642
293.1943893838326,224.40538553383186,53.61122123233487,31.189228932336267
293.1943893881638,224.4053855323168,53.61122122367241,31.189228935366373
293.1943893919289,224.40538553105435,53.6112212161422,31.189228937891304
293.1943893962059,224.40538552957258,53.611221207588244,31.18922894085483
293.1943893994438,224.4053855284369,53.61122120111236,31.189228943126174
293.19438940250114,224.40538552738323,53.611221194997704,31.18922894523353
293.1943894061015,224.40538552613475,53.611221187797,31.18922894773047
293.19438940943286,224.4053855249655,53.61122118113433,31.189228950068955
293.1943894130763,224.4053855236821,53.61122117384744,31.18922895263581
293.19438941618495,224.4053855225866,53.61122116763006,31.189228954826792
293.19438941926603,224.4053855214896,53.61122116146792,31.189228957020795
293.19438942230596,224.4053855204098,53.61122115538805,31.18922895918043
293.19438942538187,224.4053855193155,53.611221149236236,31.18922896136901
293.1943894281831,224.40538551832407,53.61122114363382,31.18922896335187
293.1943894310555,224.4053855173142,53.61122113788897,31.18922896537165
293.1943894340609,224.40538551624658,53.61122113187819,31.189228967506825
293.1943894375359,224.40538551502516,53.61122112492819,31.189228969949664
293.194389441203,224.40538551376332,53.61122111759401,31.189228972473376
293.1943894454417,224.40538551223813,53.61122110911665,31.189228975523726
293.19438944885457,224.40538551100778,53.61122110229083,31.189228977984442
293.1943894570692,224.40538550894937,53.61122108586159,31.189228982101252
293.1943894652601,224.4053855068913,53.61122106947985,31.18922898621741
293.19438947241935,224.40538550461858,53.61122105516131,31.189228990762842
293.19438948173945,224.40538550148773,53.611221036521094,31.189228997024525
293.19438949039517,224.40538549834488,53.61122101920965,31.189229003310228
293.19438949738094,224.40538549571505,53.61122100523817,31.189229008569903
293.1943895040059,224.40538549321,53.611220991988105,31.189229013579997
293.1943895111801,224.4053854904736,53.61122097763987,31.189229019052807
293.19438951821655,224.40538548775618,53.611220963566886,31.189229024487638
293.19438952517197,224.40538548506865,53.61122094965607,31.189229029862705
293.194389533228,224.40538548196307,53.61122093354397,31.189229036073844
293.19438953996786,224.4053854793683,53.6112209200643,31.18922904126339
293.1943895467391,224.4053854769275,53.61122090652178,31.189229046145012
293.1943895528609,224.4053854746249,53.611220894278176,31.18922905075024
293.19438955838854,224.40538547251785,53.61122088322295,31.189229054964297
293.19438956321255,224.40538547069045,53.61122087357495,31.1892290586191
293.1943895688953,224.40538546860998,53.61122086220943,31.189229062780033
293.19438957313054,224.4053854671307,53.61122085373889,31.189229065738555
293.194389578364,224.4053854652064,53.611220843271994,31.189229069587224
293.1943895825656,224.40538546367156,53.611220834868796,31.18922907265688
293.1943895874319,224.40538546186406,53.61122082513621,31.189229076271907
293.1943895932252,224.4053854596619,53.61122081354965,31.189229080676206
293.1943895985932,224.405385457656,53.61122080281357,31.18922908468798
293.1943896050095,224.4053854552189,53.611220789981004,31.189229089562215
293.1943896111716,224.40538545289456,53.61122077765683,31.189229094210855
293.19438961753025,224.40538545049395,53.611220764939546,31.18922909901209
293.19438962304963,224.40538544834504,53.61122075390072,31.189229103309884
293.19438962922897,224.40538544599943,53.61122074154202,31.189229108001122
293.1943896347031,224.40538544385402,53.6112207305938,31.18922911229196
293.1943896412871,224.40538544130575,53.611220717425766,31.189229117388475
293.1943896508079,224.40538543775418,53.611220698384166,31.189229124491646
293.1943896644272,224.40538543260178,53.611220671145624,31.189229134796456
293.1943896794739,224.4053854270649,53.61122064105219,31.189229145870158
293.19438970360034,224.40538541801044,53.61122059279935,31.189229163979135
293.19438971636475,224.40538541260872,53.61122056727049,31.18922917478253
293.19438972965804,224.40538540747357,53.611220540683895,31.189229185052874
293.1943897354789,224.40538540530906,53.611220529042185,31.189229189381866
293.1943897412119,224.40538540319173,53.61122051757619,31.18922919361656
293.19438974687984,224.40538540111,53.61122050624033,31.189229197779987
293.19438975197056,224.4053853991652,53.61122049605892,31.189229201669587
293.1943897569674,224.4053853971979,53.61122048606519,31.189229205604217
293.1943897628209,224.40538539497246,53.611220474358184,31.189229210055093
293.1943897685479,224.40538539293416,53.61122046290414,31.18922921413167
293.19438977490853,224.40538539073737,53.61122045018297,31.189229218525288
293.1943897810664,224.40538538847994,53.61122043786721,31.189229223040115
293.19438978687117,224.40538538641908,53.61122042625765,31.189229227161835
293.1943897925779,224.40538538439188,53.61122041484423,31.189229231216263
293.19438979817755,224.4053853823362,53.61122040364494,31.189229235327627
293.1943898039565,224.405385380269,53.611220392087056,31.189229239461994
293.194389810337,224.4053853780523,53.611220379326,31.18922924389539
293.1943898167347,224.40538537581116,53.611220366530574,31.18922924837768
293.19438982345065,224.40538537349838,53.61122035309867,31.189229253003248
293.1943898285039,224.40538537161046,53.61122034299222,31.189229256779054
293.19438983399067,224.40538536950996,53.611220332018696,31.189229260980078
293.1943898405018,224.40538536694342,53.61122031899637,31.18922926611314
293.1943898466418,224.40538536455105,53.611220306716454,31.189229270897872
293.1943898539098,224.405385361652,53.61122029218045,31.189229276696
293.19438986066643,224.40538535897366,53.61122027866717,31.189229282052665
293.1943898666194,224.4053853565887,53.61122026676113,31.18922928682257
293.1943898720888,224.4053853545012,53.61122025582242,31.189229290997616
293.1943898778582,224.40538535226287,53.61122024428361,31.189229295474263
293.1943898829207,224.40538535025166,53.61122023415862,31.18922929949669
293.1943898880845,224.40538534818734,53.61122022383093,31.189229303625325
293.1943898930263,224.40538534624417,53.6112202139474,31.189229307511642
293.19438989781133,224.40538534440122,53.61122020437736,31.189229311197526
293.1943899033715,224.40538534231678,53.611220193257004,31.189229315366457
293.19438990906366,224.40538534026467,53.611220181872646,31.189229319470627
293.1943899146246,224.4053853381815,53.61122017075078,31.189229323636983
293.1943899193238,224.4053853363812,53.61122016135244,31.18922932723761
293.19438992545054,224.4053853339414,53.61122014909891,31.189229332117204
293.1943899316986,224.40538533147088,53.61122013660285,31.189229337058215
293.1943899377958,224.405385329046,53.611220124408426,31.189229341907982
293.19438994393585,224.4053853266627,53.61122011212826,31.18922934667463
293.19438995080634,224.4053853240045,53.61122009838737,31.189229351991
293.1943899569428,224.40538532163075,53.6112200861144,31.18922935673849
293.19438996301017,224.4053853192593,53.6112200739797,31.189229361481427
293.1943899694356,224.40538531675483,53.611220061128854,31.18922936649033
293.1943899766762,224.40538531383262,53.611220046647624,31.189229372334776
293.1943899828417,224.40538531137855,53.611220034316595,31.189229377242924
293.19438998900023,224.4053853088776,53.611220021999564,31.189229382244775
293.1943899941492,224.40538530679692,53.611220011701555,31.18922938640618
293.1943899998135,224.40538530458957,53.611220000372995,31.189229390820838
293.19439000543616,224.4053853024224,53.6112199891277,31.18922939515522
293.19439001173487,224.4053852999925,53.61121997653026,31.189229400014995
293.19439002004117,224.40538529685205,53.61121995991764,31.189229406295926
293.1943900273815,224.40538529401047,53.61121994523711,31.189229411979035
293.19439003415033,224.4053852916338,53.611219931699345,31.18922941673242
293.19439004091834,224.40538528923508,53.611219918163336,31.189229421529852
293.19439004851,224.40538528646107,53.61121990298,31.18922942707786
293.19439005515517,224.40538528408268,53.61121988968969,31.189229431834615
293.1943900607319,224.40538528216945,53.611219878536225,31.18922943566112
293.1943900666959,224.40538528009043,53.611219866608195,31.189229439819158
293.1943900727491,224.40538527795636,53.61121985450179,31.189229444087278
293.19439007869425,224.40538527594018,53.61121984261143,31.18922944811966
293.19439008575216,224.40538527335246,53.61121982849566,31.189229453295084
293.1943900937238,224.4053852707208,53.61121981255239,31.18922945855835
293.1943901001007,224.40538526852137,53.61121979979856,31.18922946295724
293.19439010613905,224.40538526636797,53.61121978772184,31.189229467264077
293.1943901120006,224.40538526422188,53.61121977599888,31.189229471556274
293.19439011775944,224.40538526208107,53.611219764481085,31.18922947583784
293.1943901244653,224.40538525972255,53.61121975106937,31.189229480554875
293.19439013174645,224.40538525717201,53.611219736507145,31.189229485655993
293.19439013719995,224.405385255316,53.611219725600094,31.189229489368046
293.1943901439123,224.4053852530031,53.61121971217534,31.189229493993828
293.1943901497384,224.40538525108667,53.61121970052318,31.189229497826645
293.19439015636766,224.40538524880282,53.61121968726464,31.189229502394394
293.1943901638299,224.40538524616733,53.61121967234026,31.189229507665367
293.1943901706706,224.405385243804,53.61121965865875,31.189229512391968
293.1943901768793,224.40538524165117,53.6112196462413,31.189229516697644
293.1943901824828,224.4053852397788,53.6112196350344,31.189229520442364
293.19439018890404,224.40538523754117,53.611219622191875,31.189229524917685
293.19439019545814,224.40538523525012,53.61121960908368,31.189229529499773
293.1943902014939,224.4053852330756,53.611219597012266,31.189229533848792
293.1943902069361,224.4053852312148,53.6112195861279,31.189229537570363
293.19439021187765,224.40538522950177,53.61121957624471,31.18922954099647
293.19439021672076,224.40538522778758,53.61121956655844,31.189229544424872
293.19439022229136,224.40538522586425,53.61121955541723,31.189229548271495
293.1943902273612,224.40538522408187,53.61121954527753,31.18922955183627
293.19439023212414,224.40538522236093,53.61121953575173,31.18922955527811
293.19439023635914,224.4053852208455,53.6112195272817,31.189229558309012
293.1943902406203,224.40538521929204,53.61121951875937,31.189229561415914
293.1943902451021,224.40538521756255,53.6112195097958,31.189229564874914
293.1943902492202,224.40538521596838,53.611219501559624,31.18922956806325
293.1943902541426,224.40538521406742,53.611219491714756,31.189229571865138
293.1943902587804,224.40538521230158,53.611219482439246,31.189229575396826
293.1943902642981,224.4053852101891,53.6112194714038,31.189229579621806
293.1943902693861,224.40538520827377,53.6112194612278,31.189229583452462
293.194390273732,224.40538520660658,53.611219452536,31.189229586786865
293.1943902774033,224.40538520517146,53.6112194451934,31.189229589657096
293.1943902808638,224.40538520379087,53.61121943827248,31.189229592418236
293.1943902841334,224.40538520251314,53.61121943173317,31.189229594973703
293.1943902873348,224.40538520122132,53.611219425330454,31.189229597557365
