130.5,132.5,31,115
130.7249317892808,132.1498309934325,33.499631021734444,107.72849715467555
126.67692865855838,133.5652303774913,34.649703464362105,104.69650904739702
129.35895845797577,132.90839916380713,34.976258565844724,101.37824827606539
129.03717058574043,133.42732305431386,35.509229271612924,98.38591209840736
125.70369006667912,136.46426820000892,34.09755986234785,101.11713273841374
127.7500321332694,134.15534671787165,35.07668359049542,98.45582569353297
122.87064527043088,130.8809702947272,35.97211026264462,98.02677674004772
127.05989047385981,133.02298396769598,35.342189821149304,98.53785675876469
122.85418931113941,133.46446086567704,35.22050918455399,99.51473322307933
127.08912733749781,134.25719074488524,34.816688429688725,100.07221589325182
121.8435276812134,131.57503088025635,36.27958841059251,99.99662044230332
125.30581033676741,133.32898158111084,35.90889425426965,100.47954540892623
121.1487196079901,134.0288895820889,35.2895820976275,101.40186890854176
124.18382742025233,130.95697873673063,36.14525691881228,101.39574772434987
119.79731524688131,131.2011024376983,35.75388688689218,102.62160044486632
122.35059629163132,128.2611958074558,36.51623940157917,101.80261600256196
118.50363564127099,128.78691955879265,36.87886711938359,101.39740760177506
121.77027693510973,128.45841034942316,36.47307839004348,101.90744740379958
117.7822035222274,127.07517910803253,36.59486701954961,102.44789765666138
122.11989264474103,127.5507403746372,35.355246888383455,102.42578789887318
124.30178906173472,127.29919951146948,34.35187428144685,100.88022269832874
120.31821133887543,124.90602119597648,35.104168334190575,98.552946173492
123.921913272164,125.76958003094343,32.79528207625599,101.37059874434178
124.86209375230312,126.09009988080987,31.888400148494238,102.78393207050306
121.0040663787282,125.85772982464223,31.9924591986226,103.68327983764829
124.36548776830963,124.15556668892899,31.210749441768098,105.52933672755165
123.722958383408,123.28577796952351,34.4398880875174,98.94440073099884
119.314759669333,125.21699632301372,35.08334240043304,97.04674423546709
121.96923804665684,125.32558927019207,34.277967646517766,96.48515930613344
122.68591857492594,122.03696627866623,35.27461595506136,95.52466410495049
118.25818807547623,124.83713045713905,35.16352898795735,95.91232851152412
121.09662360820464,125.05730066494174,34.453756158584525,97.13308264223681
121.830477449732,122.83650463435028,35.392434374119894,97.17121801549249
116.63702912978178,124.80345322895658,35.69147662864434,97.41248218797419
120.16601404713256,124.12718667446559,34.57009555813346,98.42730697276224
121.26920904558179,122.38290534873084,35.10877482660062,98.22430768689958
117.0567569891119,122.13673907896504,34.7605399396014,99.04367812711747
119.25444799801205,119.7282188307237,35.47325404454282,98.10490121027004
115.20576119925254,119.29288825884132,35.149523210909514,99.38645680756036
119.25883821239549,119.78686411144741,34.768893133293034,99.74482096309647
121.78685147255663,118.24142170980441,32.31459624439471,103.15375394553209
122.2724929568219,118.18884834708177,31.041747271111028,104.62867477414204
123.33887844942157,116.69678426652037,31.16322538182845,102.07124657692745
124.4415353047635,117.41698500634364,30.452781856996623,101.32020690796512
120.36675745536722,114.81704923460066,31.781407551669336,97.73491743307949
122.75598788924404,117.02727650405446,31.498168775590514,96.05986427661819
122.32326479689198,115.87472922946583,32.67818780122367,92.45989185878494
119.26933162842002,118.05788287031181,32.002762321456146,93.72257904196724
121.65624553744098,116.71571638632868,33.14658949456411,91.10350767872623
117.20608383523316,115.33742937190264,34.26898216243802,90.18272856388629
119.56570807877578,115.54889118371072,34.771575964323716,88.96996793751592
120.89272645709283,114.57207696467395,34.74868134712443,88.31997083962449
117.20059925394575,116.89972521518155,34.17942403848329,89.93734270027312
119.64406055403194,115.64218500271407,34.275890815904916,91.3509767350561
120.82841168562742,115.39399715657896,34.14831509003697,92.4153815329896
116.05678576575488,114.35155856778997,34.354084477389435,93.50311192530836
118.5895491252774,117.20347974426468,33.49126123429655,94.26823510275443
119.51319744667033,115.4960091124627,33.795742335803915,93.77642687943518
115.03209599147728,113.32023836179758,34.19654578635115,94.01653296740484
117.10738131719998,112.37166111935275,34.49429457002537,92.41525338552202
118.38582887070453,112.39299737711306,33.878766135532146,92.71700628003369
119.35060531653349,110.98434768676299,33.397455789002095,93.37244209528886
115.38472230856132,109.25681672303233,33.50560863813733,93.7882712918847
118.53276018664162,111.80921060343911,32.253065730334896,94.10841171939512
121.20649857216827,111.32314694262709,30.13184270722165,95.95818030164308
121.32633215768041,109.71857464190398,31.13393054489488,92.08401811369112
121.1413518715044,110.70080139869386,31.76064536658125,88.74314875137938
117.01341819385124,110.54753241185523,32.12887653719519,87.68742030373858
120.2735105591903,114.7615829943758,30.456074351988253,89.53622038381464
120.7053497451497,110.77890188716246,31.370548326680478,86.65863845303866
116.06406613969793,108.6040274545581,32.237704542100616,85.81318735181671
119.23459319150024,114.5714148477939,32.65955174464837,85.04774316226893
116.20996554873693,109.47137976719311,32.50106624648355,86.08038721415656
118.67286398241215,108.04289996892919,31.86615768861187,87.75836789070149
115.40852196105607,109.68078888305405,31.62198120428549,88.76725421650451
118.24781767073652,110.43238356610419,31.083737265698492,90.55275136430497
118.99403224618618,107.9080915954082,31.546584246429106,89.98216130209592
114.69865650554765,107.12633107031652,32.453110168471575,90.16453198740345
116.55945117938788,106.98566224835837,32.854048420125835,90.02474979236675
117.94021089918216,107.55926766720117,32.77323405103286,90.21226028150915
113.73625275813913,107.6542411840381,32.86868275804569,91.0980982886907
116.11373215785105,104.89625646227952,32.50394984592042,90.7970449317623
117.16178906084045,105.30677660870813,31.161961337011178,91.20324603580906
118.07173112919227,103.65646744846336,31.186531369580898,90.23698479773537
117.32928899354465,103.11562062197657,31.563172413871158,88.92523176682528
118.2358644509726,102.67869640897341,31.436404031134984,88.34606176593647
119.46733671678332,104.73703426680251,30.307123916780398,87.3890707083288
116.48511892269029,104.05992691052761,29.626844195823395,87.62714505527802
119.06797573703108,105.83711949660412,28.9802150207246,86.86436964722414
118.83781411171898,104.5158592688033,29.85232220498831,84.08937482496322
119.38590195602283,104.07201647144268,30.164416160164162,82.29068265593627
116.51448269596406,104.43547191798532,29.956577762251936,83.01789645195318
117.87847322985277,103.85058924282666,30.374568707948008,81.24446145246274
115.62483193591983,106.81334098444468,28.98165951190888,84.29694049028384
118.18402093587498,101.76343638624083,29.361570620274936,83.65147514292934
118.96316057190283,100.62756633200148,29.672525790930102,83.74429688974422
116.07119863756743,102.2734150556909,29.689807089105305,85.21798697746058
119.16459820948508,102.8794384887178,29.047669944018793,86.44596138788081
115.59198369873937,102.09094198667752,29.625320649775333,87.07273786020781
117.80512179416219,100.85099327268122,30.179026358191173,86.16338810916903
114.48708863114227,101.46402016927397,30.274522425136777,86.51712061664273
117.22682024593286,101.6078787715501,29.27422093490499,87.04816768144241
117.88386126993234,99.40737421539143,29.48803266856799,85.6485490853247
114.38049068683465,97.93216989808981,29.872004478989446,85.16320842755428
116.95537863447373,99.0426750890492,29.02988868655552,85.9397168234828
118.19633208643864,99.26419100526127,27.183424099157833,87.84391447180207
118.35953509039003,99.10212796465363,26.302398242526884,89.35401467411108
118.50589880944102,96.02685012834007,27.585247944279317,85.65043578710686
118.03986956966142,97.1766335162853,28.364927939231784,82.67314810686611
117.89368100947361,97.65720834920229,28.39298876899041,80.09268877725955
117.84394719599614,97.83100606194117,28.38794787677269,78.31798041480825
115.81877800344412,101.73042123309,27.302765803655298,79.65838461535725
118.46047676275467,98.90366595082844,27.432337397430445,78.39056568158935
116.38946214674425,101.42329189323084,26.634764731257924,80.45391961648671
118.45390061521003,98.55836668805667,27.099958705733837,78.75091299024447
116.25044870249396,101.12943986160687,26.542226682166945,80.96897086296218
117.59521202323135,96.45233418664219,26.94498996531373,79.87993823248381
114.84807527865713,98.31094816038296,27.68397914507498,78.68832454662947
116.61720962546352,96.30077192445066,27.97481153712505,78.61938592276043
117.84700900213576,99.48786926682239,26.896537432637658,79.85235752830019
114.48806555225222,98.69423095296834,27.631842240119603,79.76214344479612
116.44289983263896,97.3360781363368,27.00574969100385,81.03296289012432
113.37381103429271,97.8149377508161,27.467938136695352,80.21399312651207
115.11755073408179,96.3948823110224,28.016733170253204,78.70182338933921
111.89070489957811,94.82818264353367,28.734311290981747,78.24942827546414
114.33747921841746,95.21575000041746,27.701253690671813,79.02510294508889
111.4973310040917,94.79688048150864,27.916250513000076,79.09936465746708
113.81217665389637,97.14098741535528,28.351846803417594,77.57618484548361
111.4853661368495,93.38300228645679,28.25672001188879,77.52228415448911
113.43430598206456,97.43779171452277,28.305586909211954,75.48512160389913
114.96911446479184,96.06758898114498,25.99040935730492,78.56760730613598
115.82761780249368,95.07691380702155,24.78922241027574,80.03158814563955
116.18898599723546,93.3312243615229,25.7884059150106,78.03956621495107
112.14179165512517,92.12305631910651,26.862625817950665,75.66309424390616
115.27454160486785,95.33659195245431,25.67557135303563,76.96563818869737
111.68369822175417,92.36502955629926,26.94176224676541,75.04008727223672
114.51072696960561,94.70493075548211,25.621231839227825,77.36723334494036
111.15519754561247,90.70602868707775,26.99980882609961,75.95787863012555
113.53703428588497,92.60242180390155,25.450257402515646,78.82993500206877
110.01595750328433,91.84655359331138,26.369547675022865,78.85748084002003
112.8725817304225,91.74231114835847,25.15010081452705,81.6867898285129
113.36566626978669,91.32591533246577,24.752422162339045,82.58801273340104
108.99963612420129,89.33392811876558,26.662281678363335,80.29040528213932
110.47693790071298,91.62403400376233,26.97462849422119,79.40749108523542
109.87825608865529,90.66543668458846,27.58997392175378,78.42412272195048
106.52926343629618,90.27537285959826,27.549030908448326,78.03146628188875
108.51199293211111,92.29932406301114,27.227618938684294,77.15314433465772
109.6952210026189,91.10455080501464,26.026686326721453,79.06844595805354
110.31896721248424,89.95603944877749,24.989049672095064,80.522726585071
110.89519899142076,89.12607273048472,24.10240411406181,81.67304090487337
111.50055246590593,88.98898445749754,23.820238110144583,81.89303659777892
111.47760404941258,88.87463195837753,23.523550035122682,80.79446310118402
112.17275513491765,88.65943410120462,22.984208118781723,80.6003652761965
111.95217509161895,89.34966453626926,22.81944920189249,80.40185700177798
112.21906849945917,88.67798121678501,22.868635151180943,79.94804298812807
111.97388523839469,89.36418573859596,23.00689006551991,79.16520315551233
109.07242163440196,89.74164809904784,23.576912362464114,78.03416561589064
110.69170609328711,90.35817270191916,23.35052115045856,77.21195713008626
108.06688349360404,91.89987534406072,23.69737008136159,75.8195480158471
110.18008058912167,87.44845589907901,23.418957247900792,74.96378285612789
107.28934748309902,90.39751183635934,23.538829069076947,75.0005231048277
109.40422845952585,89.45483528694719,22.97710119291396,76.03912969934524
110.23001793094092,89.37106551264742,22.437646216300852,76.31632509758037
109.98647964335638,84.0347725648273,23.646958530701042,73.47859986651163
106.78405602031737,85.95286689613411,24.662699979965105,73.15571734479767
104.42022397640669,89.06838481830891,24.550032990210788,73.41982062245732
106.64194770189829,86.30409211856076,25.283465898877225,72.48198775565727
103.96691072671237,85.8396142923718,25.305082016912657,72.5157450032462
105.81080691143083,84.57937479260029,25.26429496707108,72.40655385966178
106.65233432845613,83.77891472451911,25.360763505670604,71.68117051376848
103.89206347912022,82.997400484976,25.15089129061561,72.62548328936731
106.60554308424331,84.76622028343009,23.997275643449278,74.42006186262515
107.0172017641954,85.19330007534195,23.39122038769873,75.42442731656692
107.62005635016111,85.35286315918337,22.897564693531457,75.26148479401328
107.62875217633113,85.85668860552686,22.690973012414283,74.73486311380114
107.83857303587396,86.48017294072608,22.31593981180987,74.54509129894774
107.44275069748177,81.2447249385937,23.387185019457064,71.64537992711385
104.42417151504876,90.55058300625305,23.34966496330258,71.62595467009108
105.89581356243399,82.96122891290493,24.112134910203874,69.83012023898945
106.623135648125,86.50629601511427,23.700203904105045,69.69628915423019
106.44335750549077,79.80692436801701,24.03620454365434,67.58736681426944
106.78352890042699,83.3212710954674,23.649186939557666,68.52834127089821
106.90740958157383,85.6171858224327,23.320756263594763,68.90531474589216
73.92973896638303,98.72990197423783,23.225079732745904,71.06906357936685
104.7653447781403,79.53320965465295,23.235909277444257,73.49971399612451
106.2475166325408,78.23724488182903,23.276533258157432,73.22595831723928
73.76162738137317,90.50778395751769,23.307439568109864,72.82747927169692
104.65018153977769,80.63627414528823,23.56919920174026,72.67591424039412
80.81810603686738,99.1041269157741,23.444222857707377,72.63286311836768
104.78854217107909,79.79020337387685,23.67175040007499,71.94726415724031
104.16848950035916,80.13869617628156,23.671019121184045,71.91153790559176
88.81348559332122,110.13217442711807,23.822860431353664,72.55803095836208
88.53063445968137,110.73305872388869,23.823755224020175,72.56064251943052
89.75046845986203,110.714807667581,23.825704235682764,72.56273384988754
90.49911182085239,103.27384660365698,23.854160998199124,72.52319296504025
94.63489581923476,97.1148335752298,24.00222782046514,72.25343044004647
91.22871683704962,128.83848145729257,24.213758090896228,74.28848025697562
93.18309967821843,126.1805373001167,24.20969387988733,74.29840839295214
94.61320117917947,105.28044669448218,24.303964850285805,74.32372159274655
96.19792750646442,96.02380761628683,24.384939918646808,74.31053528685698
101.15863289532143,81.78339182938379,24.467606098635425,73.9130385372988
95.67361575128578,111.34575479058232,24.90056629765644,73.71686714981385
97.46072935200733,101.04208947686877,24.89454564490412,73.72249031874486
100.05970328987068,107.60194834204904,24.882426454937917,73.77669226611869
102.18359848089143,98.29483769287303,24.861592917226254,73.80207689454883
103.90900612149389,133.23662194174514,24.84286696478722,75.25060068196086
105.687946298605,134.09338586226335,24.841683025512513,75.25009662270091
107.00029258086718,134.46868476034834,24.8392553230487,75.25094215300413
108.30220757109288,135.76344303244687,24.837543119468037,75.25100232999847
108.94212985402551,137.38284522054346,24.835808700125295,75.25053380165994
111.05747233768592,136.41557724725982,24.83126756977955,75.2502643550082
112.64067151484,134.3068953135498,24.827976133806384,75.25247071357813
112.8272800548018,132.7941559157886,24.823262922462618,75.25936144299948
113.39328340980393,131.24433399572774,24.82057707236743,75.2633794057408
114.27846840224161,129.83947231675472,24.81791729638487,75.2690628085477
114.89943824773722,129.3578927950681,24.817680758050223,75.269758592224
115.40274887220797,129.23348172832723,24.81751528818435,75.27036670438058
116.33439505487732,128.39796273122744,24.817336683793812,75.27096819707722
117.07570248868026,127.50245194881003,24.817023409014773,75.27289614828743
117.57289801097393,127.91871606431425,24.816757432615162,75.2799371878898
118.08185896701283,128.31452284821748,24.81638777712151,75.28348075461626
118.34896687040789,128.51907005500328,24.816948300325603,75.28869450158814
112.8591172126668,155.60996426491698,25.87073666610076,72.6794387355693
115.67092050471379,152.03618345396816,25.870341465826343,72.67920611079337
118.28902094299113,148.92588669393058,25.869704821144236,72.67897681974185
119.1877670944657,146.9650656940359,25.8681601891317,72.67941425257561
119.83825825948134,146.443566801668,25.867325154098594,72.67970149463261
120.25274232421525,145.2688032340374,25.86690509839938,72.67998713476135
120.02726906558749,143.88990302717406,25.866382730709965,72.68054987568223
120.16714861358639,142.4814350177524,25.865641291753725,72.68133689817239
120.47322180946172,140.49070036667797,25.865396242871878,72.68165771895224
120.94387648356,138.809076151673,25.865037049933488,72.68213821416299
121.90500608120827,137.6112805463406,25.86474297685985,72.68261118828607
122.53574404590681,135.37205346253066,25.864017221985172,72.68422390616838
94.34256870665149,71.76639852325142,26.26304795420675,71.66949008355496
119.53145706120144,111.26604388921218,25.55578439818301,75.13090034040297
96.56417006473379,69.4346405109934,24.623083153081225,73.97913953092255
120.80871718075745,109.65314767600749,24.884450499403016,76.68876216378501
97.49477268746378,68.11164740882697,23.909884346830225,75.04329284951325
115.94556604719483,111.84316347408324,23.710964863696226,76.20818277710616
123.45747931072064,107.41369866433331,24.023523109899003,75.65734715307575
119.83086971310043,143.07501708080824,24.227835502008325,78.9855129324306
121.52374415706566,121.8416085789794,24.717256606524742,78.18611747270936
122.7507407794488,117.54825263442562,25.802190440005536,76.63277656640676
112.68955870773101,110.51752849218643,25.918567416082723,76.14208175396132
124.1388577209593,114.51365914338369,27.627145216652526,73.09161580068789
120.60162753030244,148.61311682825948,26.902750293248232,75.76657128054566
121.72975283196652,146.14793040281688,26.894599732263192,75.78176726299215
123.0462726754099,129.44219478158035,26.898975454464594,75.78845716391247
117.52113294948678,161.4610082354356,27.545262253417754,74.25890215561608
118.91517720424142,160.0288978326097,27.54496285027749,74.25895050261923
120.86073310845967,159.4276432392545,27.544669399308642,74.2590140630707
122.37303845983764,157.8330421901062,27.54409224300046,74.25933929407304
124.08829144385406,155.7712640235041,27.543072311268265,74.26009480025085
124.9636556431712,153.5629896078192,27.54153340867437,74.26153590456987
126.18990600077375,154.08727166489683,27.537579103076176,74.26543532190873
126.96227475159549,153.95499414841433,27.533079981864834,74.27119357357225
127.56533600052316,153.30660401998819,27.52643837523721,74.2811212322342
128.83788730941467,153.12826744627603,27.520315287788677,74.2929605884026
129.13548180689997,152.35669279526914,27.51501546155739,74.30339969582866
130.6893386194819,150.39123892018705,27.512011700056213,74.31075159501015
132.19107372909292,147.69363200004943,27.509886638457484,74.31628648020728
133.5297756406535,130.85497008744224,27.43155121858036,74.48648063623222
128.79980498198444,161.18884771997364,26.255836179106964,76.37219216804439
130.718338206147,158.8177430355608,26.254839076256093,76.37270279495723
132.2777952100781,158.67134348576087,26.251421465412292,76.37421640952792
133.67186750627397,158.1829556214204,26.24831439056816,76.37633543712089
134.9655940370939,158.82040435224002,26.246439293711013,76.37726085336553
135.56083044183268,157.26086296868215,26.243778574153506,76.38015724009497
136.43667709127843,155.52195525151873,26.242126640885463,76.38257318025065
137.55097739398832,155.17102987820456,26.239378763355713,76.3863278303633
137.96703246671495,155.46696888819153,26.238215063367562,76.38741255224119
138.24892127725857,155.03638715295205,26.235869386650574,76.39018831405619
136.38773948154957,185.59472195528267,28.856040337763986,72.6575938741899
133.03027606880335,214.7192733425157,32.555656398943704,67.01948353136449
134.21761616628766,215.45257264880195,32.55565457731191,67.01948104534837
135.87279190672842,216.9769890878241,32.555649222986766,67.01946842449095
137.55690883179295,219.0332368023966,32.55563975525823,67.01944839054856
138.27900686340922,223.20851301821358,32.55566363888694,67.01939701940047
138.44558495973217,227.74642983455018,32.555672823619496,67.01937572650998
138.67037925155415,233.2168306553475,32.55568398286492,67.01935281721512
138.00344589051485,235.2875837584973,32.555688996302464,67.01934613026364
137.64927487111837,237.015563377406,32.5556962315142,67.01933667577147
137.74213363683677,238.93697569535172,32.55570382276759,67.01932672379424
138.35457843032802,240.83872194981825,32.5557068520571,67.01932270782686
140.0638541257161,243.01468473901062,32.555708098381174,67.01932107200805
140.97609401204733,245.96020028272767,32.5557082632721,67.01932077299554
142.1757375645125,248.4507618751704,32.55570838215766,67.01932055869118
143.81270919923813,250.95227979045703,32.55570853693126,67.01932027346705
144.65449911094316,253.33291442458903,32.555708635243576,67.01932009776283
145.7495496548694,254.49034000272292,32.55570869408911,67.01931999455417
146.72772789724547,254.49034003827407,32.55570873475811,67.01931992345187
147.60263221123242,254.4903400734151,32.55570877587451,67.01931985316982
148.37091573922748,254.49034010438749,32.55570881182618,67.01931979122503
149.29757810914276,254.49034013030493,32.55570884292309,67.01931973939014
150.08407358103796,254.4903401892451,32.555708912659625,67.0193196215098
150.68506819407725,254.49034024741712,32.55570897967949,67.01931950516573
151.37181011437633,254.49034029467165,32.55570903533683,67.01931941065669
152.0302950267204,254.49034033453808,32.555709082169656,67.01931933092384
152.82573394942264,254.49034037300922,32.55570912735204,67.01931925398155
153.65934470808654,254.4903403969133,32.555709156197345,67.01931920617339
154.4685053957656,254.4903404342125,32.55570919960145,67.01931913157497
155.26633047903906,254.4903404589081,32.55570922912996,67.01931908218383
155.9264831366347,254.49034048589454,32.555709261381324,67.01931902821094
156.58663579423032,254.49034051288098,32.55570929363269,67.01931897423806
157.30411685499013,254.49034053936296,32.55570932554779,67.01931892127408
158.10857718123796,254.49034057346555,32.55570936644966,67.01931885306891
158.80251530001223,254.4903406028443,32.55570940110265,67.01931879431143
159.43835957572253,254.490340626987,32.55570943019508,67.01931874602597
160.10225473304286,254.4903406808075,32.55570949507866,67.01931863838502
160.85862995920672,254.49034072672228,32.555709549152,67.01931854655543
161.65215724727915,254.4903407560396,32.55570958325953,67.01931848792081
162.47461829832582,254.49034078582739,32.555709618426576,67.01931842834523
163.31552102936524,254.49034081074092,32.555709647795176,67.0193183785182
164.12903602336957,254.49034083351762,32.555709674778285,67.01931833296477
164.94255101737392,254.49034085629432,32.555709701761394,67.01931828741135
165.87204555926354,254.4903408864747,32.55570973751186,67.01931822705059
166.85487672125075,254.49034091848685,32.555709773728786,67.0193181630263
167.72675503581274,254.4903409382563,32.55570979648313,67.01931812348738
168.6117705093052,254.49034096261676,32.55570982484003,67.01931807476649
169.4996022402051,254.49034099071193,32.555709858104,67.01931801857616
170.40127077264322,254.4903410182288,32.55570989039574,67.01931796354238
171.2971869833287,254.49034104011923,32.55570991607678,67.01931791976152
172.22217553141152,254.49034107388275,32.55570995556941,67.0193178522345
173.0855197065768,254.49034110349845,32.55570999024862,67.0193177930031
173.94886388174206,254.49034113311416,32.55571002492783,67.0193177337717
174.93490958900765,254.49034115223063,32.55571004678282,67.01931769553876
175.92143808336988,254.49034118907872,32.555710089689825,67.01931762184253
176.95934626467928,254.49034121496942,32.55571011996955,67.01931757006118
177.62291033504812,254.49034124179843,32.55571015115267,67.01931751640312
178.3085523846632,254.49034126615175,32.55571017915793,67.0193174676965
179.07778923017878,254.49034129628677,32.55571021344568,67.01931740742647
179.9081737646993,254.49034132748417,32.555710249362185,67.01931734503165
180.81367213146308,254.49034136069437,32.55571028669337,67.01931727861125
181.61380617747295,254.49034138975043,32.55571032020774,67.01931722049918
182.43353238838162,254.49034142087197,32.55571035581835,67.01931715825604
183.36455995775498,254.49034145908422,32.555710399528586,67.01931708183159
184.4321972686672,254.49034148230413,32.555710426370524,67.01931703539177
185.45614460042742,254.4903415283956,32.55571047911291,67.01931694320884
186.77384031723832,254.4903415635103,32.55571051926124,67.01931687297943
187.77472888190704,254.4903416006498,32.55571056201245,67.01931679870039
188.79608914536638,254.49034162636877,32.555710591352934,67.01931674726248
189.8634250897481,254.4903416592352,32.55571062908788,67.01931668152959
190.93485801136825,254.4903417059104,32.55571068207258,67.01931658817918
192.1567708493301,254.49034174577247,32.55571072788965,67.01931650845503
193.3291503250347,254.49034177815662,32.555710763907136,67.01931644368678
194.41896353758935,254.4903418123852,32.555710803641595,67.01931637522962
195.50196930579585,254.49034184356174,32.55571083911275,67.0193163128765
196.7570353265566,254.4903418724569,32.555710871947305,67.0193162550862
197.84287313608112,254.49034192745714,32.55571093496616,67.01931614508574
198.97965719428086,254.49034195940774,32.55571097194803,67.01931608118453
200.19695639305658,254.49034200168953,32.55571102028893,67.01931599662093
201.55690606891605,254.49034205776326,32.555711084539816,67.01931588447349
202.94697779630826,254.4903420976899,32.555711129129776,67.01931580462018
204.3603814045709,254.49034213695205,32.55571117311785,67.01931572609591
205.67074789109776,254.49034218123796,32.555711222753935,67.01931563752406
206.96308075325834,254.4903422264439,32.555711273731866,67.01931554711224
208.1327824321356,254.49034225590188,32.555711306861724,67.01931548819626
209.41819937403275,254.49034228941895,32.55571134449991,67.01931542116209
210.6144420401737,254.49034233222648,32.55571139239073,67.01931533554705
211.77179959089628,254.4903423727476,32.55571143796403,67.01931525450483
213.09582341351657,254.4903424083945,32.555711478346616,67.01931518321103
214.20509265652638,254.49034243980103,32.55571151504733,67.01931512039793
215.23915311729067,254.49034247039845,32.55571154993963,67.0193150592031
216.29086835453828,254.49034250153417,32.5557115850117,67.01931499693164
217.35055964750106,254.4903425308938,32.55571161894391,67.0193149382124
218.66049399934485,254.49034257689772,32.555711670596885,67.01931484620455
219.64475823954152,254.4903426019847,32.55571169934361,67.01931479603059
220.6564669629897,254.49034262520698,32.555711725286606,67.01931474958606
221.73653481477504,254.49034266302104,32.5557117677181,67.01931467395794
222.79288180886843,254.4903426960965,32.55571180457099,67.01931460780703
223.54130537408284,254.49034271563204,32.55571182685212,67.01931456873595
224.20317161090938,254.49034273452162,32.555711848506995,67.01931453095678
225.28015647392908,254.49034276925926,32.555711887177026,67.01931446148147
226.35570868514756,254.49034279354873,32.55571191496589,67.0193144129025
227.39257700275846,254.49034282161915,32.555711947377176,67.01931435676171
228.3827795219618,254.49034286900454,32.555712001209876,67.01931426199094
229.35473825784635,254.49034290498759,32.55571204233444,67.01931419002486
230.0882148812239,254.49034293174117,32.55571207316723,67.01931413651768
231.008311856521,254.4903429632373,32.555712109465716,67.01931407352536
231.99809274023784,254.49034299632257,32.55571214775717,67.01931400735485
233.07293528467505,254.49034304497462,32.55571220330719,67.01931391005073
233.75496445481264,254.49034307477118,32.55571223839056,67.01931385045766
234.51513502003593,254.49034309857996,32.55571226585722,67.01931380284007
235.36097343122512,254.49034312670074,32.55571229856609,67.01931374659856
236.14466267333302,254.49034315805534,32.5557123353159,67.0193136838893
237.0016511471549,254.49034318489777,32.5557123669278,67.01931363020444
237.949247141461,254.49034321805465,32.55571240540759,67.01931356389073
238.79545855176062,254.4903432581105,32.55571245162963,67.01931348377903
239.66709093526654,254.49034328152163,32.555712478967465,67.01931343695671
240.51506301097416,254.4903433146552,32.555712517577554,67.01931337068957
241.35726362818846,254.4903433486477,32.55571255687636,67.01931330270456
242.22034274292577,254.49034337634419,32.55571258870088,67.01931324731162
243.09132971979398,254.49034341329877,32.55571263112689,67.01931317340244
243.8392343620504,254.49034344042033,32.55571266324916,67.01931311915935
244.6870687536,254.4903434689914,32.55571269671647,67.01931306201719
245.6045057586626,254.49034348945904,32.55571272051913,67.01931302108191
246.6405189823532,254.49034352760975,32.55571276430312,67.01931294478047
247.73220902669956,254.4903435607947,32.55571280256349,67.01931287841059
248.48288653233783,254.49034359533246,32.5557128432813,67.01931280933509
249.22065146472744,254.4903436331089,32.55571288763599,67.0193127337822
250.24021190033494,254.49034366868378,32.555712928972866,67.01931266263244
251.39681831781337,254.49034370019643,32.55571296556751,67.01931259960713
252.33701146873707,254.49034374325757,32.555713016259155,67.01931251348488
253.4481766200569,254.49034376804025,32.5557130454219,67.01931246391953
254.58252201221185,254.49034380157326,32.55571308562064,67.01931239685345
255.75894481689636,254.490343850941,32.55571314504435,67.019312298118
257.2135918403943,254.4903439190702,32.55571322646639,67.01931216185957
258.7206287262546,254.49034398282402,32.555713303470306,67.01931203435196
260.19351024401783,254.4903440467112,32.55571337905823,67.01931190657763
261.8491799066979,254.4903440912977,32.5557134320551,67.0193118174046
263.53363146618756,254.49034412522155,32.555713473170904,67.01931174955688
265.32448995771074,254.49034415094923,32.55571350443736,67.01931169810156
267.55854544886046,254.490344196994,32.55571356034591,67.01931160601205
270.0058673108601,254.49034424859036,32.55571361991601,67.0193115028193
272.225668214589,254.4903443285113,32.55571371065155,67.0193113429774
274.41980622591376,254.49034439761928,32.55571378816073,67.01931120476144
276.5883392788835,254.49034445864694,32.55571385577468,67.01931108270612
278.76200807070694,254.4903445792172,32.55571399490616,67.01931084156556
280.749214568281,254.49034472079245,32.55571415626742,67.0193105584151
282.4067637427721,254.4903448711151,32.555714331378766,67.01931025776977
284.1611256485794,254.49034501354143,32.55571449399216,67.01930997291713
285.5470118913637,254.4903451273978,32.55571463148563,67.0193097452044
286.75360366903766,254.49034523919542,32.55571476525516,67.01930952160916
288.2625140391395,254.49034532124884,32.55571486016501,67.01930935750232
289.8173831622496,254.4903454085108,32.55571496385939,67.0193091829784
291.27422920805736,254.49034552617522,32.55571510819044,67.01930894764956
292.3406464845506,254.4903456263309,32.55571522813196,67.01930874733817
293.147903963164,254.4903457171363,32.55571533705191,67.0193085657274
294.14653283042367,254.49034579463594,32.555715431245005,67.01930841072813
295.3531590614195,254.49034590432888,32.555715561340236,67.01930819134228
296.6269871189998,254.49034606034417,32.55571574386324,67.0193078793117
297.7499636944496,254.49034620283524,32.55571591442056,67.0193075943295
298.93909891385624,254.49034636470725,32.55571610167548,67.01930727058549
300.0143001226096,254.49034647141815,32.55571623009773,67.01930705716373
300.88182300916037,254.49034658225114,32.55571636687779,67.01930683549772
302.2749572831234,254.49034671991498,32.55571653004171,67.01930656017005
303.2112756918143,254.4903468965222,32.55571674612248,67.01930620695562
303.99157716712557,254.4903470556257,32.55571693728457,67.01930588874862
305.18481174939177,254.49034722027494,32.55571713691851,67.01930555945015
306.5429517627148,254.49034738203682,32.555717332211586,67.01930523592634
307.6069630070603,254.49034753061625,32.55571751426637,67.01930493876753
308.55850354685975,254.49034770535837,32.55571773254194,67.01930458928322
309.53708676661904,254.49034789443783,32.55571796477626,67.01930421112436
310.4284140464228,254.4903480569817,32.55571816743677,67.01930388603657
311.4334787905706,254.4903482183335,32.55571836931158,67.01930356333295
312.9577421963367,254.49034837394424,32.5557185601139,67.0193032521115
314.4979685696539,254.49034851295758,32.555718732485836,67.01930297408482
315.7468485183911,254.49034864503776,32.55571889246076,67.0193027099245
316.8647322348059,254.4903487859341,32.55571906255175,67.01930242813185
318.2211207143939,254.49034893538993,32.55571924113202,67.01930212922012
319.4693178368939,254.49034906351238,32.55571939196039,67.01930187297525
320.76464494822056,254.4903491931412,32.555719542475934,67.01930161371757
321.87535654922607,254.490349348235,32.55571972799239,67.01930130353001
322.76693331871326,254.49034954734768,32.55571996137208,67.01930090530466
324.1760282786311,254.49034969807795,32.555720139345254,67.0193006038441
325.25808353745225,254.490349818483,32.555720282255955,67.01930036303402
326.4966824080033,254.49034994176222,32.55572042666708,67.01930011647555
327.6591450409215,254.4903500761784,32.55572058349922,67.01929984764318
328.85802300903407,254.49035021729532,32.555720746975005,67.01929956540937
330.08201935115613,254.49035032170787,32.55572086439716,67.01929935658428
331.3902318049137,254.4903504347926,32.55572099426605,67.01929913041481
332.3926509616434,254.49035056746467,32.55572114745089,67.01929886507065
333.4394336260148,254.49035068636323,32.55572128272791,67.01929862727354
334.5090413822506,254.49035085385478,32.55572147803529,67.01929829229046
335.45749338128536,254.490350950313,32.555721590874235,67.01929809937401
336.4998321659849,254.49035106077474,32.55572171770315,67.01929787845053
337.79355604377764,254.49035116785998,32.555721843816265,67.01929766428005
338.89180758381235,254.4903512369098,32.55572192613094,67.01929752618042
339.84324470774396,254.49035132532234,32.55572202881542,67.01929734935534
340.8900742230942,254.49035143824904,32.555722160636435,67.0192971235019
341.82140711413484,254.49035152991343,32.555722270202445,67.01929694017315
342.5082444494727,254.49035159597278,32.555722349854676,67.01929680805443
343.2438240273641,254.49035165006487,32.55572241381375,67.01929669987028
343.9927672661607,254.49035170309764,32.555722474726124,67.01929659380474
344.73419333319504,254.49035177717343,32.55572256119272,67.01929644565311
345.29416975213246,254.49035184409468,32.55572264041689,67.01929631181062
345.7086213526927,254.49035194399661,32.555722756747855,67.01929611200678
346.0660581534402,254.49035200388232,32.555722826784525,67.01929599223533
346.3645348988367,254.49035207268705,32.55572290683423,67.01929585462591
346.70710817619596,254.4903521379421,32.55572298192608,67.0192957241158
347.24310767240576,254.49035220858275,32.555723062535115,67.01929558283447
347.4520228995551,254.49035227151023,32.55572313506516,67.01929545697955
347.83389119737876,254.49035233137565,32.55572320466674,67.0192953372487
348.114281125181,254.49035239446334,32.55572327822333,67.01929521107334
348.39467105298326,254.490352457551,32.555723351779925,67.01929508489798
348.58189833100994,254.49035253746814,32.55572344302908,67.0192949250637
348.80578801016736,254.49035261483738,32.555723531554605,67.01929477032527
349.0015473255951,254.49035271330865,32.55572364254518,67.01929457338267
349.35803342064395,254.4903527956059,32.55572373581078,67.0192944087882
349.6333218447869,254.4903528634177,32.55572381280261,67.01929427316458
349.6404945075754,254.4903529359907,32.555723896574236,67.01929412801861
349.79246317464606,254.4903529994117,32.55572396778076,67.0192940011766
349.66804248401877,254.49035306870263,32.555724048428566,67.01929386259472
349.53520612716034,254.4903531465837,32.555724138034314,67.01929370683264
349.40236977030185,254.4903532244647,32.55572422764006,67.01929355107056
349.5854491978027,254.49035329196465,32.555724305085825,67.0192934160707
349.6010459695744,254.4903533844948,32.55572441093875,67.01929323101041
349.6390096244828,254.49035346206634,32.55572450022076,67.01929307586734
