140.7933,27.5411,31.2234,124.4354
141.8519,32.3905,32.4271,120.4524
140.6708,32.0324,33.4438,119.7080
140.5144,33.6325,34.4802,118.0902
139.5703,32.2557,34.5721,118.7644
139.8470,34.5613,34.5696,117.8607
138.7236,33.2297,34.7416,118.7073
138.2504,34.7811,34.4712,118.2338
138.0998,35.8115,34.4387,117.8546
137.3577,35.0391,34.2619,118.1568
137.1124,35.6983,34.0607,118.1696
136.6109,37.2862,33.4886,117.1082
136.3686,37.9150,33.8292,115.9424
135.9418,38.4379,33.9217,116.2448
135.6271,39.7511,34.1907,115.5498
134.3404,38.1652,33.9802,116.7680
134.0966,40.1159,33.8170,116.1323
133.3562,38.9323,33.8394,116.4608
133.1483,40.0210,34.3716,115.4031
133.0603,40.1755,34.4762,115.4058
133.5316,38.5338,34.4159,116.3959
133.4230,37.5895,34.5471,117.8323
134.3793,36.6564,34.7017,117.6572
134.8890,36.6900,34.9426,117.4833
135.0853,38.3530,35.0291,116.6219
135.3331,36.5460,34.8814,117.4316
136.2884,36.8037,34.7933,117.2074
136.2740,38.0948,35.0156,116.6392
136.4289,38.9206,34.9999,116.2725
137.4790,38.7206,34.8852,116.1504
138.1156,40.1309,34.9500,115.3199
137.6428,38.6003,35.2681,115.3244
137.9713,40.2689,35.1455,115.0111
137.4258,40.0481,35.3749,114.6128
137.3893,41.3170,35.4779,113.6505
137.2890,42.3316,35.5445,113.4688
136.9428,42.1811,35.4658,113.6297
135.9425,41.4135,35.3415,114.0376
135.8371,42.3512,34.9670,113.3832
135.7074,43.5479,35.0712,112.5169
134.8444,42.0391,34.7840,113.4488
134.5108,42.1552,34.9149,112.8856
134.5412,43.3160,34.9402,112.3400
134.1790,42.7258,34.9952,112.8061
134.0998,42.2400,34.9885,113.3262
133.3468,41.9387,35.1617,113.5089
133.7027,42.5324,35.1822,113.8007
133.9619,44.6113,35.0950,113.3370
133.6799,44.0674,35.1401,113.3728
133.7630,44.6790,35.0594,113.5592
133.8625,45.3892,35.1146,113.0591
134.0948,45.1493,35.2586,113.1239
133.6342,43.9793,34.9073,114.2680
134.1572,44.1230,35.0000,113.8688
133.9809,44.0435,34.7954,114.0672
133.5577,44.0783,34.5636,114.2797
133.3049,43.9438,34.7338,114.0735
133.1286,43.0743,34.8854,114.8613
133.3031,42.8735,34.8741,114.7150
133.5616,42.9664,34.8174,114.9067
134.4444,43.4970,34.1531,114.6720
134.6246,42.6366,33.9421,115.3431
135.2646,41.7019,33.8416,115.9138
135.9742,41.1051,33.6241,115.9209
136.5652,43.5651,33.4677,114.9067
136.8257,42.2212,33.8100,114.9748
137.7253,43.9745,33.5270,114.0141
138.5607,42.7776,33.9300,113.5651
138.4539,43.8301,33.8861,112.2542
139.0993,42.9103,33.7732,111.9104
139.6902,41.8601,33.9640,112.1443
140.1579,42.9703,34.0757,111.3527
139.9659,43.8117,34.1803,111.0755
139.4171,43.8575,34.3653,111.9237
137.1823,44.4359,34.7095,112.0859
136.2611,43.9934,35.0895,112.7400
133.1509,43.0102,36.1199,111.2794
128.1265,44.1212,36.9385,109.5111
124.3130,42.6328,37.2331,108.9011
120.0543,41.6482,37.6975,107.1499
115.2550,42.4173,38.2757,104.9461
111.5619,41.0468,38.3020,104.6153
107.1802,39.5301,38.5833,104.8501
103.9603,37.4733,39.0138,104.5543
101.1623,39.2698,38.6459,103.4177
98.0973,42.3337,38.7877,100.2172
96.5321,43.8126,39.2743,97.0331
94.6666,46.6927,40.1278,93.1963
93.8720,49.5026,41.4314,89.4006
86.5489,52.6325,41.6090,86.7613
86.4372,55.3970,42.5631,84.3007
84.9498,56.6153,42.3258,82.7899
82.8252,56.4847,41.0667,81.5465
81.9978,56.1581,39.3500,80.1793
117.0894,51.3752,41.6933,81.4364
133.1307,45.3794,40.8600,85.0385
142.3313,43.4116,40.4982,87.2406
132.9553,41.9453,40.6044,88.5578
131.8609,40.5552,41.2307,86.4868
138.3964,58.4610,51.9870,74.6901
123.1104,49.7381,49.2221,76.0977
115.5562,50.2958,47.8711,77.3834
123.6831,47.8931,46.2046,80.0052
123.5453,45.5744,42.9244,83.8579
125.9477,46.5901,40.0683,88.7374
128.4240,46.3976,37.4336,95.0798
130.7295,42.9641,35.1495,98.0180
129.3569,41.9930,36.3503,95.5606
127.3583,42.9786,38.2409,92.7659
124.4162,52.1148,39.8190,88.6657
130.5419,47.8040,40.6886,87.4092
129.9084,49.8174,40.7532,86.7413
137.3044,43.5440,40.0367,89.7179
138.3514,45.7832,36.1199,94.1444
140.4583,44.2438,34.3729,99.1636
141.3772,45.5943,33.2967,101.2182
139.6286,47.6816,33.6911,100.8596
138.0695,45.7263,34.3328,100.5445
136.2979,44.1035,34.3584,101.8196
135.6476,46.9921,35.4132,103.4842
134.6169,47.2803,35.5421,105.7898
136.2036,44.4968,34.5498,108.9455
136.9434,48.3939,33.9789,109.1002
135.8908,48.5876,33.6280,108.0955
135.5480,50.9749,35.2244,104.0248
143.1375,51.5223,34.5007,102.5705
142.7686,48.6309,34.1443,101.7237
143.3782,46.9654,33.0708,100.9668
144.0840,46.1690,32.8545,100.7990
143.8777,51.5883,31.9554,99.8220
142.1559,59.9477,32.0625,97.9072
140.7173,66.2762,32.2815,96.9696
148.3038,81.5052,31.8856,93.9909
168.1929,108.4955,38.0904,84.4863
188.2708,138.8084,43.6039,75.9150
208.1059,145.6718,48.8872,68.6563
205.4030,147.9796,51.7591,64.0409
203.4483,149.4132,52.9921,61.1736
202.0175,150.4034,53.3370,59.1933
215.5468,150.3064,53.3484,59.3871
192.9679,129.1180,53.1399,57.5823
220.4051,130.1342,52.2399,56.5295
198.3109,151.6300,50.3187,56.7399
197.2475,126.1884,50.1940,53.7544
222.9496,127.8833,49.0137,52.8246
221.7389,107.1237,49.8663,49.0826
234.4176,132.6110,47.7925,49.2883
233.9753,112.1560,47.2740,46.5210
233.4917,137.0332,45.9973,45.5044
233.2146,157.5717,43.9041,44.8565
255.4602,157.1531,41.8080,45.6938
243.5864,157.6477,41.6052,44.7046
254.0853,157.4353,41.3634,45.1295
253.2484,157.8990,41.1780,44.2019
252.4666,158.3143,40.9294,43.3714
251.7301,158.6655,40.5800,42.6690
251.0581,158.9798,40.1847,42.0404
250.4085,159.2741,39.7613,41.4518
239.6291,159.5674,39.1966,40.8652
239.0604,159.8409,38.6870,40.3182
228.5568,160.1400,38.1669,39.7199
212.6169,160.1084,37.6243,39.7831
211.9953,160.4569,37.2867,39.0863
196.8644,145.5064,36.3338,38.3365
210.9754,131.3050,35.5600,38.2494
191.9829,131.9697,35.1751,38.4256
209.4938,133.3591,34.1762,38.5362
209.1229,115.3752,34.1349,36.9119
208.5940,134.4252,33.3152,36.1697
222.0526,121.1259,33.3361,36.0262
235.4310,134.9637,32.7194,36.3634
226.7663,119.6078,33.3278,34.7353
240.0851,133.2580,32.7084,34.7704
248.9243,116.3501,31.7031,35.8938
240.0713,134.2411,32.9582,34.7558
256.9581,134.5266,32.5199,35.0279
240.8828,134.9051,33.4317,34.6600
257.0456,135.2982,32.8819,34.2161
255.7014,151.2287,32.5027,33.0773
242.7988,163.3997,30.8337,33.2007
255.6286,149.7434,30.1569,32.5476
255.7961,164.3213,29.4985,31.3575
240.5329,164.4948,28.5747,31.0104
255.4191,164.7477,27.6826,30.5045
254.8641,165.1343,27.6013,29.7314
254.3562,165.4452,27.4073,29.1096
253.8517,165.7060,27.1041,28.5880
253.4140,165.8718,26.6490,28.2564
253.0608,166.1537,26.3081,27.6925
252.7250,166.4218,25.9538,27.1564
242.1148,166.4956,25.7638,27.0087
253.7762,166.6292,24.6542,26.7416
243.4365,166.8729,24.7410,26.2542
254.1483,165.7777,20.6663,28.4446
262.0148,157.7111,22.1570,25.8097
252.4367,166.4175,21.4813,25.8499
260.5670,158.2478,21.9135,24.4499
259.9857,168.3388,21.6468,23.3224
251.3665,160.2900,21.4371,22.3421
262.3824,160.6514,21.3665,22.1349
253.2161,168.9800,20.7985,22.0401
261.5677,162.1402,20.6375,21.2179
269.9661,169.4644,19.7351,21.0713
261.6139,162.7914,19.6798,20.0555
261.4881,170.2213,19.2388,19.5575
261.1992,161.6073,19.1063,18.9760
260.8881,170.7917,18.7069,18.4167
256.7333,162.6888,18.1293,18.5809
256.5813,170.9953,17.8748,18.0094
256.3398,162.7102,17.7378,17.6445
256.1917,171.4085,17.3966,17.1830
255.9694,163.4171,17.2144,16.9601
255.9395,171.7589,16.9301,16.4822
255.9081,163.9700,16.7614,16.1992
262.5566,170.9017,15.8511,16.2185
262.1714,163.3285,15.6400,16.0801
261.9793,171.6904,15.4301,15.4613
261.6829,164.4340,15.2072,15.3438
267.7326,170.9461,14.6120,15.1780
267.8163,164.9124,14.3575,14.9350
267.6577,158.3157,14.1357,14.7010
271.2266,166.0561,13.8139,14.8400
271.1479,159.6892,13.6852,14.5140
270.7245,167.5362,13.7332,13.9016
277.6103,167.8250,13.4816,14.1411
272.1171,172.9462,12.9320,14.1075
278.7002,173.1498,12.8215,13.7004
272.0774,173.2652,12.6154,13.4696
278.3897,173.4262,12.4628,13.1475
284.8009,173.5023,12.1579,12.9954
278.4411,173.6678,11.9178,12.6644
284.6062,173.7601,11.7086,12.4798
279.8052,169.2367,11.4513,12.2712
284.2975,174.0047,11.2260,11.9907
284.0366,168.6939,11.1556,11.6133
283.7039,174.4323,11.0804,11.1354
288.2466,170.3938,10.7106,10.9102
283.8147,174.5463,10.3975,10.9074
289.1871,174.6203,10.1374,10.7594
283.7752,174.7169,10.0360,10.5661
288.8811,174.7932,10.0000,10.4136
283.6360,174.9110,10.0000,10.1780
288.6499,174.9319,10.0000,10.1363
284.5648,171.1491,10.0000,10.0000
288.2881,175.0000,10.0000,10.0000
285.7278,170.4279,10.0000,10.0000
285.4653,175.0000,10.0000,10.0000
290.3415,174.9947,10.0000,10.0106
286.3181,171.2212,10.0000,10.0000
288.7465,175.0000,10.0000,10.0000
284.5174,174.8927,10.0000,10.2145
288.3609,171.2421,10.0000,10.0469
288.1793,175.0000,10.0000,10.0000
284.2163,171.1467,10.0000,10.0000
287.9846,175.0000,10.0000,10.0000
283.9789,171.1425,10.0000,10.0000
286.4052,175.0000,10.0000,10.0000
282.1561,174.8842,10.0000,10.2317
287.0956,174.9449,10.0000,10.1102
282.0174,174.9351,10.0000,10.1298
286.9348,174.9356,10.0000,10.1289
281.8308,174.9353,10.0000,10.1295
285.6376,174.8891,10.0000,10.2218
280.5236,174.9855,10.0000,10.0289
280.3070,175.0000,10.0000,10.0000
277.5513,175.0000,10.0000,10.0000
282.4124,175.0000,10.0000,10.0000
277.1637,175.0000,10.0000,10.0000
279.5695,174.8675,10.0000,10.2650
274.2076,174.9407,10.0000,10.1185
278.0016,174.8878,10.0000,10.2244
273.8500,174.8391,10.0000,10.3218
278.8401,174.8773,10.0000,10.2453
276.0253,174.9255,10.0000,10.1490
275.7973,174.9511,10.0000,10.0977
278.2076,174.8311,10.0000,10.3379
277.9961,174.9014,10.0000,10.1973
277.7972,174.9531,10.0000,10.0938
277.5714,174.9790,10.0000,10.0419
277.3436,174.9973,10.0000,10.0054
277.1193,175.0000,10.0000,10.0000
276.8924,175.0000,10.0000,10.0000
276.6621,175.0000,10.0000,10.0000
276.4299,175.0000,10.0000,10.0000
276.2014,175.0000,10.0000,10.0000
275.9686,175.0000,10.0000,10.0000
275.7333,175.0000,10.0000,10.0000
275.4940,175.0000,10.0000,10.0000
277.8797,174.8651,10.0000,10.2698
277.6587,174.9152,10.0000,10.1695
277.4236,174.9372,10.0000,10.1255
277.1911,174.9551,10.0000,10.0898
279.5915,174.8349,10.0000,10.3301
279.3777,174.8970,10.0000,10.2059
279.1669,174.9405,10.0000,10.1190
281.5749,174.8206,10.0000,10.3587
281.3706,174.8889,10.0000,10.2223
281.1624,174.9370,10.0000,10.1260
283.5920,174.8219,10.0000,10.3561
280.7793,174.8848,10.0000,10.2304
283.2314,174.7879,10.0000,10.4243
283.0320,174.8674,10.0000,10.2652
282.8306,174.9259,10.0000,10.1482
277.5423,174.9568,10.0000,10.0865
282.4297,174.8580,10.0000,10.2840
277.1456,174.8796,10.0000,10.2408
282.0283,174.9241,10.0000,10.1519
276.7415,174.9209,10.0000,10.1582
281.5698,174.8348,10.0000,10.3305
277.4060,174.8114,10.0000,10.3772
281.2181,174.7776,10.0000,10.4447
277.0284,174.7523,10.0000,10.4955
281.9819,174.8302,10.0000,10.3395
277.8205,174.7852,10.0000,10.4295
277.5866,174.8592,10.0000,10.2816
277.3574,174.9120,10.0000,10.1760
277.1317,174.9489,10.0000,10.1023
276.8969,174.9706,10.0000,10.0589
276.6643,174.9864,10.0000,10.0273
273.9002,174.9899,10.0000,10.0201
273.6697,174.9966,10.0000,10.0068
273.4403,175.0000,10.0000,10.0000
270.6895,175.0000,10.0000,10.0000
270.4589,175.0000,10.0000,10.0000
270.2263,175.0000,10.0000,10.0000
270.0010,175.0000,10.0000,10.0000
265.7739,174.8921,10.0000,10.2158
261.6422,174.8522,10.0000,10.2956
261.4478,174.9089,10.0000,10.1822
258.6646,174.9482,10.0000,10.1036
254.6265,174.9216,10.0000,10.1568
254.4058,174.9530,10.0000,10.0940
251.6464,174.9625,10.0000,10.0749
251.4292,174.9791,10.0000,10.0417
246.4265,174.9558,10.0000,10.0152
248.8504,174.8926,10.0000,10.2148
248.6331,174.9505,10.0000,10.0989
248.4193,174.9792,10.0000,10.0417
243.2321,175.0000,10.0000,10.0000
240.5660,170.0539,10.0000,10.0000
235.4940,170.5169,10.0000,10.0472
237.8242,174.9673,10.0000,10.0654
237.7714,170.0236,10.0000,10.0000
237.5094,175.0000,10.0000,10.0000
237.3046,175.0000,10.0000,10.0000
241.9948,174.8787,10.0000,10.2425
236.6079,174.8246,10.0000,10.3508
240.5652,170.8801,10.0000,10.2894
240.5765,166.2553,10.0000,10.0000
245.5396,166.6926,10.0000,10.2099
241.4088,170.9175,10.0000,10.1666
244.0179,166.0832,10.0000,10.3736
247.9439,161.9923,10.0000,10.1944
251.8318,158.1306,10.0000,10.3299
251.6217,163.3319,10.0000,10.0308
251.4451,158.4289,10.0000,10.0000
256.3813,158.7448,10.0000,10.1838
256.2085,153.7483,10.0000,10.0000
256.0078,159.1971,10.0000,10.0000
259.7950,163.2814,10.0000,10.2538
263.6499,159.7766,10.0000,10.1093
263.4117,165.1838,10.0000,10.0872
263.1910,170.0729,10.0000,10.0000
268.1460,170.0263,10.0000,10.0993
267.8771,175.0000,10.0000,10.0000
267.6219,175.0000,10.0000,10.0000
267.3962,175.0000,10.0000,10.0000
269.7993,174.8689,10.0000,10.2621
272.2453,174.7803,10.0000,10.4394
272.0345,174.8734,10.0000,10.2531
275.8845,174.8158,10.0000,10.3683
278.3498,174.7426,10.0000,10.5148
283.3378,174.7656,10.0000,10.4688
287.2933,170.7815,10.0000,10.2205
287.1436,166.0171,10.0724,10.0000
287.0855,160.9552,10.0000,10.0000
286.9232,166.4111,10.0000,10.0000
286.8360,161.4101,10.0000,10.0000
282.7658,157.4633,10.0000,10.0000
278.5495,161.4353,10.0000,10.1642
274.4251,157.4715,10.0000,10.1281
278.2183,161.5527,10.0000,10.1948
283.1687,161.5796,10.0000,10.3106
278.9686,165.7362,10.0000,10.3509
284.0203,165.8158,10.0000,10.4899
278.9102,165.9859,10.0000,10.4019
278.6988,161.0188,10.0000,10.0000
281.0588,156.0716,10.0000,10.0408
280.9854,151.0975,10.0000,10.0000
284.7411,147.2989,10.0000,10.0264
280.5614,151.4000,10.0000,10.1927
280.5049,146.6335,10.0000,10.0000
280.2915,141.6279,10.0000,10.0000
277.6779,136.8099,10.0000,10.0000
280.1832,132.0469,10.0000,10.0200
276.0670,128.2163,10.0000,10.0757
273.4124,133.5598,10.0000,10.1363
273.3521,128.7216,10.0000,10.0000
273.2765,123.9034,10.0000,10.0000
267.9648,124.3207,10.0000,10.2085
263.8326,120.5193,10.0000,10.2232
267.4843,124.7959,10.0000,10.3760
263.3068,120.8910,10.0000,10.3876
259.0686,125.1405,10.0000,10.5481
258.9615,120.3304,10.0000,10.0752
258.7466,125.8035,10.0000,10.0000
258.5209,131.2080,10.0000,10.0000
255.8754,136.4370,10.0000,10.0012
251.7173,140.6214,10.0000,10.1939
256.6550,140.8783,10.0000,10.3513
252.3887,145.1429,10.0000,10.4705
252.1394,150.7837,10.0000,10.2637
251.9211,156.3297,10.0000,10.1574
254.2966,161.7242,10.0000,10.2638
254.0625,167.2519,10.0000,10.1184
253.8014,172.4576,10.0000,10.0000
257.5148,174.9436,10.0000,10.1129
254.9308,170.2681,10.0000,10.0649
258.6684,174.3513,10.0000,10.1582
256.0717,169.7880,10.0000,10.1848
253.4589,165.0358,10.0000,10.0081
255.9456,160.2790,10.0000,10.0426
255.7663,155.2322,10.0000,10.0000
260.6411,155.4204,10.0000,10.1523
255.3785,155.8391,10.0000,10.2951
250.0824,156.0939,10.0000,10.3305
247.3996,151.1768,10.0000,10.2438
247.3384,146.3895,10.0000,10.0000
244.6807,151.6701,10.0000,10.1017
244.4468,157.1100,10.0000,10.0058
241.8483,152.2280,10.0000,10.0000
237.7091,156.4393,10.0000,10.1473
232.4991,156.7569,10.0000,10.2284
232.2736,162.2765,10.0000,10.1256
232.0168,167.6924,10.0000,10.0000
229.4347,172.6968,10.0000,10.0000
233.2248,168.8413,10.0000,10.1023
229.0895,172.7103,10.0000,10.1433
223.9197,172.7401,10.0000,10.0522
228.8320,172.8094,10.0000,10.1693
231.2437,168.0034,10.0000,10.2046
228.6384,173.1397,10.0000,10.0794
230.9081,168.3701,10.0000,10.2380
225.6389,168.5328,10.0000,10.2755
230.5858,168.6779,10.0000,10.3918
235.5441,168.7854,10.0000,10.4768
231.3218,164.8866,10.0000,10.4827
235.1497,169.0535,10.0000,10.5417
240.1163,169.2047,10.0000,10.6157
235.8783,165.2729,10.0000,10.5180
235.6636,170.8253,10.0000,10.0751
239.4930,166.9689,10.0000,10.1423
235.3547,170.9289,10.0000,10.1485
240.2785,171.0092,10.0000,10.2723
236.1318,167.1682,10.0000,10.2735
238.5970,172.3669,10.0000,10.2732
238.4014,167.4613,10.0000,10.0000
238.1765,172.6106,10.0000,10.0000
238.1311,167.6958,10.0000,10.0000
237.8993,172.8608,10.0000,10.0000
237.7037,167.9053,10.0000,10.0000
237.5010,173.0408,10.0000,10.0000
237.3172,168.0185,10.0000,10.0000
241.1022,171.9503,10.0000,10.0511
236.9847,168.1099,10.0000,10.0636
240.7479,164.2958,10.0000,10.0640
236.6256,168.3726,10.0000,10.1758
240.3874,164.5677,10.0000,10.1530
240.0931,169.9884,10.0000,10.0712
239.9103,165.1162,10.0000,10.0000
242.3830,160.3748,10.0000,10.0281
242.1709,165.8208,10.0000,10.0000
239.5436,161.0256,10.0000,10.0000
241.9171,166.3643,10.0000,10.1762
241.7114,161.5249,10.0000,10.0000
241.4896,166.9324,10.0000,10.0000
245.2361,163.1305,10.0000,10.0310
241.1145,167.2049,10.0000,10.1336
244.8929,163.3795,10.0000,10.1627
242.2624,168.7413,10.0000,10.0650
246.0041,164.8421,10.0000,10.1250
243.3936,160.0247,10.0000,10.0251
248.2903,160.2664,10.0000,10.1908
244.0961,164.4497,10.0000,10.3165
239.8923,168.5939,10.0000,10.4044
243.7295,172.6666,10.0000,10.4218
241.0738,167.7770,10.0000,10.1979
238.4537,172.9551,10.0000,10.0458
240.8355,168.1529,10.0000,10.1193
240.5656,173.5313,10.0000,10.0000
240.3545,168.5634,10.0000,10.0000
240.1113,173.8259,10.0000,10.0000
244.9466,173.9146,10.0000,10.2291
244.7341,168.9800,10.0000,10.0000
242.1048,174.1957,10.0000,10.0000
236.8611,174.6768,10.0000,10.1142
241.7187,174.8527,10.0000,10.1929
239.0845,169.9512,10.0000,10.0614
238.8072,175.0000,10.0000,10.0000
238.5718,169.8707,10.0000,10.0000
238.2815,175.0000,10.0000,10.0000
238.0425,169.8951,10.0000,10.0000
240.3849,174.9574,10.0000,10.0852
236.1651,174.8859,10.0000,10.2282
235.9236,169.9382,10.0000,10.0000
231.8123,166.1366,10.0000,10.0681
234.2007,171.3614,10.0000,10.1119
229.9781,174.8491,10.0000,10.3018
233.8547,170.8407,10.0000,10.1177
233.6159,175.0000,10.0000,10.0000
229.5665,171.0676,10.0000,10.0000
234.4642,171.1519,10.0000,10.1629
230.2233,174.8339,10.0000,10.3322
227.4456,174.9219,10.0000,10.1562
227.2397,169.8253,10.0000,10.0000
229.5873,174.9757,10.0000,10.0486
234.4657,174.9261,10.0000,10.1479
230.3864,170.9992,10.0000,10.0882
230.1532,175.0000,10.0000,10.0000
234.9236,174.9087,10.0000,10.1826
230.8073,171.0092,10.0000,10.1343
234.4246,174.8860,10.0000,10.2280
230.3006,170.9579,10.0000,10.1799
233.8899,174.8757,10.0000,10.2487
229.7681,170.9986,10.0000,10.1867
233.3592,174.8739,10.0000,10.2521
230.7600,170.1704,10.0000,10.2274
230.5284,174.9909,10.0000,10.0182
230.3098,175.0000,10.0000,10.0000
230.0874,175.0000,10.0000,10.0000
227.3461,175.0000,10.0000,10.0000
231.1448,174.9284,10.0000,10.1432
226.9132,174.8684,10.0000,10.2633
229.3412,174.7939,10.0000,10.4121
229.1337,174.8837,10.0000,10.2326
228.9266,174.9538,10.0000,10.0924
224.7094,174.8995,10.0000,10.2011
227.1331,174.8213,10.0000,10.3575
226.9266,174.9053,10.0000,10.1894
226.7156,174.9697,10.0000,10.0606
229.1273,174.8516,10.0000,10.2967
228.9134,174.9292,10.0000,10.1415
228.6973,174.9750,10.0000,10.0500
228.4797,175.0000,10.0000,10.0000
230.8858,174.8761,10.0000,10.2478
234.7372,174.8542,10.0000,10.2917
230.4714,174.8413,10.0000,10.3175
234.3420,174.8268,10.0000,10.3463
230.0649,174.8191,10.0000,10.3618
233.9415,174.8109,10.0000,10.3782
228.6225,174.7834,10.0000,10.4333
233.6104,174.7552,10.0000,10.4896
228.2543,174.7328,10.0000,10.5345
233.1675,174.6893,10.0000,10.6214
227.7628,174.6708,10.0000,10.6585
232.7276,174.6520,10.0000,10.6960
227.2941,174.6259,10.0000,10.7482
232.2646,174.5950,10.0000,10.8100
232.0397,174.7242,10.0000,10.5516
229.2326,174.8471,10.0000,10.3059
231.6650,174.7836,10.0000,10.4327
228.8741,174.8887,10.0000,10.2226
231.2944,174.8143,10.0000,10.3715
228.5145,174.9149,10.0000,10.1701
228.2935,174.9617,10.0000,10.0766
232.1293,174.9115,10.0000,10.1770
227.8871,174.8877,10.0000,10.2245
