1
440.5997,177.0520,40.0129,43.7740
438.9677,189.8033,39.6544,42.4897
432.0678,210.6291,40.9603,39.4846
2
0
0
0
0
1
410.3796,162.5336,45.6883,49.8380
407.9077,162.9629,45.4163,48.0804
406.4565,161.3818,44.9239,46.4314
404.2436,160.5322,44.5230,45.3573
404.2940,159.5761,43.9272,43.6083
403.0423,158.1919,43.3556,42.4015
404.1525,156.6756,42.7057,41.5136
405.9650,155.7262,42.3453,40.5253
403.2596,174.2349,41.7343,38.8779
404.0660,194.6781,39.4007,38.7170
2
0
0
0
0
1
460.1426,111.3831,60.3931,79.2335
471.5522,106.9275,57.1445,78.9598
479.5694,100.2005,58.9938,73.9616
479.4474,134.4444,59.9518,67.7248
479.3136,165.8991,60.0430,63.0222
2
0
0
0
0
1
471.7579,10.3925,135.3144,173.6727
457.0331,10.8433,142.1756,172.7787
436.4437,1.2113,151.3745,166.3193
419.9474,7.0878,157.9942,167.7465
406.3495,12.3461,162.5290,169.1078
391.5265,14.0323,167.8872,168.9955
375.1967,12.4759,174.0094,167.0992
362.0609,-3.4920,181.5075,161.5985
352.9389,87.4663,174.6436,170.7238
314.7560,1.3098,167.0107,171.4645
315.9391,96.0645,163.9884,170.3393
319.2510,209.6416,163.7711,159.9044
280.6635,22.8276,157.1051,164.8178
277.5127,105.5474,155.6549,162.3946
273.7913,211.0566,156.8148,158.2851
109.5658,257.8773,153.1168,159.0967
103.8811,252.5161,150.3808,158.5905
80.1606,258.0236,148.9240,157.5666
70.3117,240.1120,148.5380,156.4762
41.5956,239.4952,148.0892,153.5309
16.1196,218.7253,144.1972,152.4794
17.6668,224.5279,130.3816,159.7809
2.7436,235.1382,132.5517,152.3371
3.4200,239.3778,121.5888,157.8647
0.9711,252.6027,114.3666,158.1839
-1.6597,284.3586,110.1636,158.7711
-2.2143,302.1570,104.7557,158.6110
0.0846,309.1776,101.8293,156.0807
11.0150,314.7374,106.4251,150.3464
66.0446,324.3153,111.8576,142.2645
112.8579,331.6721,116.7096,135.8383
110.3877,340.7781,116.8095,135.7437
2
0
0
0
0
1
213.9233,2.5410,311.6960,364.5488
223.4907,2.2743,315.6080,365.8244
236.6020,1.5565,319.2001,367.5493
249.3636,-2.1366,322.3659,367.8900
260.3518,-4.8544,327.2676,366.0074
270.8586,-5.2966,331.2308,361.8460
285.0642,-8.7305,334.8236,354.0351
301.4154,-7.4796,337.2593,342.9768
318.8412,-9.3589,332.8205,338.2035
338.3039,-10.5760,327.8152,332.2733
358.8995,-6.2820,326.0747,326.5724
373.4367,-3.0206,322.6711,330.1057
383.4125,0.6280,322.0925,335.9680
393.1170,0.2518,326.0338,341.3465
394.3961,0.2555,332.9780,346.6730
395.8209,1.3025,337.7829,350.7341
388.0212,3.6104,344.5818,351.7860
377.6633,3.6939,345.5119,347.6861
360.9068,1.0365,345.7409,342.0734
339.6525,-1.8061,342.1931,337.4091
326.5349,-4.9789,328.4167,336.8112
312.7378,-6.4360,311.4225,337.0790
294.2078,-2.0372,294.4492,337.4381
252.8669,10.8673,285.1569,329.2714
242.6370,23.6930,271.2440,318.9542
217.3212,61.8820,243.0873,325.9550
194.5110,41.5892,236.4799,309.3575
199.7870,86.5397,217.2555,320.8598
166.8370,96.2003,215.5989,320.6591
165.3764,107.4148,214.9483,320.7724
166.4642,103.0700,214.8144,320.7279
165.3161,103.8974,214.7062,320.7174
160.7673,107.1222,214.6534,320.7093
154.5944,114.0610,214.6176,320.6973
148.5244,118.2788,214.5600,320.6841
146.7681,121.2024,214.4835,320.6512
148.4491,128.2101,214.4248,320.6328
149.2943,135.7798,214.2427,320.6127
255.4110,145.5811,207.4038,319.2328
228.9292,158.6508,202.9766,321.8911
232.3298,139.8377,202.5244,321.7260
236.5475,157.6470,201.0150,322.4268
234.3163,158.8539,200.3116,322.7550
229.1417,168.1338,200.1834,322.8349
226.6412,158.0853,199.4643,323.1910
196.1966,160.2776,196.8710,324.2600
200.1425,164.6462,196.7423,324.3168
205.1901,167.4943,196.5109,324.4083
208.5990,177.2169,196.2386,324.5151
208.6700,174.5421,196.0867,324.5542
207.8499,173.1048,195.9645,324.5760
209.1810,172.5379,195.5496,324.6093
2
0
0
0
