246.5,226.5,94,114
248.06380917660312,236.87629850806888,94.71029788893726,111.06228385799773
248.07703780899013,241.5940910058703,95.64791830071174,108.22271621259318
247.26553786821177,243.17413215552176,96.51982912278291,105.64217986757282
249.4885394045205,247.34023660079973,96.97808482444668,103.34142401246794
252.5696930563867,248.6192593105513,97.34620847710121,101.4145508682239
253.7773865411356,252.51741770574563,97.77814697246932,99.42905552834189
255.1752840264037,252.61964711118125,98.01522477484164,97.72635867534058
254.23448493791255,253.596328820078,98.42230674105284,95.76329410619421
253.83661173866713,254.88029544749088,98.72579805525464,94.24092973470988
255.87347898629673,254.83735222740387,98.91069195140777,92.8158647787052
258.23738536395604,255.2379988521593,99.15074365270405,91.63801374657248
260.89713093848167,254.771954932335,99.22970678461859,90.70191404577568
263.6901762052339,252.42108939799198,99.28923255167525,89.61919619952141
267.6447268583904,252.59585964476867,99.25926138885953,89.10260975633983
270.78703289248904,250.38425824287538,99.12231462024215,88.40287880015828
270.04286910011757,250.6249960102934,99.20953077652142,87.51153616978321
271.382790192893,247.66458425989396,98.83783165177383,87.08535445403938
276.9248487601174,242.94788065040106,99.16786192298551,86.46564813694084
285.0898389608441,246.65090592930505,98.70886090616509,86.55223777672141
276.3470952801848,244.31144963627796,99.37074452903556,85.79079218635042
270.114590160948,236.53530551954935,99.53062289959601,85.20126803008317
273.86292752423105,226.54935045316853,99.57026573378947,84.41958376799741
281.1479237487822,222.24478737383637,99.66953644864702,84.03363838628759
292.53498938554736,217.87124086422043,100.57801435964318,83.64575582762228
317.8405469164089,217.7790855689747,100.30422228536611,84.33796629325722
325.1367281312087,219.61260752582183,100.05613118523843,84.62199203500288
320.3180382368682,226.04489324169887,99.96686190028689,84.85592296066882
310.53141726737,227.7078709594791,100.53330188937147,84.59292351946844
295.7400788005501,234.05403058611995,100.7524715873196,84.61794916371548
272.84087254538633,235.27215187808883,101.43158200705659,83.90544623914401
258.3421498227459,232.63043313499028,101.9031282003505,83.52842334311487
256.31830537268524,223.10510682946148,102.22543332381937,82.39212382609603
276.07458208938357,223.4763611208235,101.39550968129439,83.30888475347506
291.16150878313573,217.00768348250273,101.70538703322032,82.99293735347342
318.8415847167779,222.0174293973623,101.06897976573742,84.11072290277097
337.3920014907272,223.5552668177453,100.55104151566172,84.79798250184652
341.03356741913234,231.4076087182446,100.23471429570306,85.06020003182553
323.38266559239963,244.27420220840537,100.05134680739636,85.55962907172922
295.6787406236988,251.49613494937802,101.41599845211633,85.98086535460051
263.50582750803903,255.74714720691543,102.39544056350672,86.23103931816777
239.7961123774037,239.33987821649126,103.75338835016726,84.33158291232762
237.9599860749249,224.65601617576397,103.29367033138186,83.37804160878831
265.31344054742465,227.3366305207288,101.72942119002886,84.86113850971998
279.722203845368,211.13644633066826,102.58358795298727,83.5559031566202
310.1962720731209,226.02907197492772,101.27207186453421,84.39185532032243
322.9605771212046,218.6690643903002,102.01157952537585,83.68093177077014
332.0632752897931,230.50133184910266,101.63313032234001,84.40756565062442
304.2818340751889,235.39663609561256,103.16543854390878,85.056438435931
285.22528371555495,235.82853494472863,103.65555940175241,84.93236771105704
273.7198104359365,225.22697563454403,104.19685181636393,83.93712117321078
274.27216332853203,216.12922339837195,104.34639497218271,83.14143173985227
297.699673273289,222.44806712326286,103.38758862950361,83.95542330471682
320.17479090932034,222.67848530544467,103.03221885066266,84.57428401564526
330.3206990296943,225.9358517625595,102.65404373883135,85.20766135738639
332.0285428327934,226.4319295797206,102.5725112656676,85.20232504919285
303.86225259433144,225.99483814122448,103.4634229008848,84.13302625791331
271.8134926426795,227.87654238303048,104.88333417904035,84.34649862484295
233.8765180752036,219.08836948952595,106.2170076742681,84.21048795157668
207.83084294628136,207.5498886434071,106.83095609739388,83.01639300408618
213.05661976620794,196.15126862203252,106.88314859973451,82.4823949352796
239.95653693778,188.58905289811548,106.27788264210126,83.9177763680018
259.9736315817836,173.48028232840937,106.44137484447873,83.92731861850635
285.2077142271558,194.17824532427747,104.85597711331891,84.63479597046138
310.23761278717865,217.53686569836626,102.30111435872536,85.85046079171883
289.5579313328404,233.62701892079406,102.51241870216505,87.34404530696733
277.6871924178971,253.2274605067418,102.38352917624786,88.42284610715707
266.8885282429184,256.8091243981026,102.95226912130742,88.27395141198842
260.58017381681464,229.68543171419654,103.42575135853284,86.1444123261096
262.6216367069201,217.3985791969464,102.83760347606537,86.46771217074877
264.0147214541969,211.96490020845056,103.33866560453936,85.83317365426419
290.8344611506287,230.42035123843186,101.76891593997672,86.5414553935201
290.2414070235894,250.93173932786505,100.2632219867826,88.76657013527962
268.1675182590663,276.99544354374484,100.38222375871125,89.49133415583655
259.20978795829814,287.49785538229486,100.89578872172652,89.25841499982718
244.1601771708516,264.1320850365894,102.10149129831434,87.01440706346604
235.83730846798235,226.73577178598674,102.33559161166166,86.27110160069842
253.0358060002302,187.30014162936072,102.57375494894794,84.78689389461286
267.9888555168898,182.00931718459486,102.29278725948734,84.9945196091557
301.7169278147682,214.63630774615982,100.60066067189261,85.64168180424274
329.08611771327304,248.14879226859495,98.4604386759305,85.95775108835917
290.4595426113775,266.4257487070379,98.48138588884956,87.24730443975368
267.16532096296015,291.7358376136175,99.32652919618646,87.73552142226984
238.0885598893677,289.68420992392123,101.31316187213184,87.44814559866344
223.4817645879684,262.618408945539,101.56159868881257,86.83076060353457
230.94078232066528,218.29599500075838,101.36257814617842,86.40534146106798
241.77066828147252,216.48081277074425,101.32690091133881,87.04692315273871
278.62311476879387,249.2233044480942,99.86562864760712,87.60519603549253
313.9518892048226,280.72350954236884,98.48745329364027,88.35671626723317
319.48811387313776,309.2821012798517,96.51092332158231,88.87984021078748
283.7579253564216,310.20927006558173,98.06858060859955,89.41363344604383
254.42341410745416,301.28688986806685,100.31082900023239,88.24492266107528
229.53747263122017,272.7676495406877,101.18480176489949,86.47160647603128
233.485747544869,237.7163639731306,102.23525063479349,84.64911215917658
271.66976913980295,243.85828605153685,101.04468447491655,86.55908624315344
306.54426787813736,251.67475921024084,100.49420671978629,87.67914586146591
341.54852149083456,272.79562839540915,99.65779303425785,87.43680639251569
350.4456187248365,271.58191180841766,99.62951408713016,87.77424320216564
335.46127922233836,279.57242981102235,100.48410846268582,88.28020027705792
300.8199952997339,274.00611944938476,102.19527164967425,88.22376411528269
257.17632206007573,274.78186928787085,103.37840710641403,89.04125988354055
218.14359569410948,260.52653209900154,105.23360697916448,88.25530091296292
175.80288772441813,253.5408517081921,106.48406559657411,88.63338363988413
160.86373868399062,236.51889302116328,106.95897287474378,87.03966453526225
197.39812330367977,248.41892770057447,105.38395278226396,88.99763961978346
228.6032924626486,213.4318304092127,105.05125937564466,90.60922611011156
259.69118408890523,193.6086464362351,105.35874408155244,89.82581941380647
294.83382638097936,186.14885195853353,105.17440834075175,90.55827116547835
304.8615729104318,176.46450483617036,105.177111055842,90.51766493713922
281.8807633947822,171.39145708339095,105.88962916361353,89.92375031161033
260.87737187791794,172.10254339290694,106.41692189163791,89.85307244364645
249.06745651865845,166.130947328273,106.76157734158821,89.70543015962718
257.3465461938063,165.34671564161334,106.52560149633389,90.01053621205918
292.76180927658044,189.648904700062,104.92085937065758,90.00938021251257
326.7105639287158,206.80979481376622,103.87894156351604,90.43057805806022
338.6256521551825,206.02635587985546,103.57401439112176,91.09192713488478
346.0366159644179,209.4984131277713,103.95714480954824,91.04136756984826
316.1933111384464,207.1794912147677,105.02115087618793,89.68045905717501
276.4598388295333,207.6251202740071,106.31990389437433,90.08710052920193
224.01830764145467,199.23937433309945,107.4660607210586,89.98821820495931
177.53915994028023,186.82840210172324,108.66917166721136,90.21010141125454
164.78128445096178,187.01430513967426,108.44052603606663,90.60805288170424
203.14655717405256,215.10849300925304,106.89138304452278,90.69458379784773
237.25882170874863,193.8858408203504,107.5753293297549,89.36284133040091
281.10100615518115,217.76684904269683,106.77499857002766,89.84478115019407
322.9869774872073,229.2285036515445,105.61381195664819,91.11193941199474
346.8539109853754,214.70817999151842,105.52795605091364,90.54870185528296
317.48504798180124,217.8966603760133,105.82866389550068,90.0503180335886
291.96247566059094,204.96008700106643,107.59599595657137,88.2807165119805
251.10208147793787,188.3337898125216,108.77677168375314,87.52843149875753
218.67789128576408,157.84881086693952,109.3459050323643,85.42113896633043
229.87639406855797,145.94241119710512,108.9351156307469,84.36252679709527
261.286608720365,154.91447413028015,107.42220997754308,85.96381362684245
290.31909105625334,184.7104799854704,104.72530001584411,86.88183858701233
319.41597791090754,218.31036110958624,102.75405444031779,87.46669154859224
294.0088338193111,232.94943552283718,102.39301040786656,89.20954234277556
271.91565682901705,256.314385321829,102.69518275096976,90.18388791289556
250.0283825341068,259.13828724253017,104.51103533855522,90.2273748020286
234.31288900798768,244.33631217547693,105.82751743911206,88.30224587833497
228.0703518412076,213.83394138980327,106.23617735987096,86.7807433634724
249.07856729627088,191.27654341429067,106.47532627700454,85.4156672594929
276.8944111787015,197.02638405555348,105.74810286042899,86.82470489956054
304.6091147663305,224.19340566697485,103.19280011009332,87.6568011152524
316.1095821626923,254.14192699053106,100.71500955716027,88.29465950755714
290.9494372163154,280.41774185492477,101.0004323750318,89.57919289485199
289.9279585894268,305.9922059025627,100.12880211901195,90.69260609686577
291.3058733907006,315.65888927170334,99.7327483658588,90.79371234807857
289.4067316951977,288.95558396541935,100.17762909334826,88.89355303525818
296.043402114475,242.1846724442276,100.12286301574144,87.9279888246065
303.25004654919263,188.65925422582382,99.5504246824404,88.42893120814253
295.77695646800083,144.9595412597081,101.01080465689893,86.22620143153662
306.80957703212954,158.60425010510798,98.83780553132813,87.71824784387104
289.86579355312347,189.62075081451167,98.42736756730875,89.43353302230966
312.1638127234316,248.28106145140953,97.1402919967728,90.55165570240264
326.5362173096731,309.9654364062322,95.48524916422556,92.30752734769703
313.01414327890984,342.9673693727797,96.87930298904756,92.15964200306566
337.13946065877957,347.27643396349964,95.77701855664914,91.14015581146585
319.15044255706766,275.6122232181983,96.98960817967165,91.05676738057974
310.0703672685777,210.69361699764173,98.19940701614391,90.52030920400364
303.4915335001905,163.36028107680036,99.71376194709836,88.31618558566531
321.2811171812378,183.41151296813837,97.20286566468337,89.90923343117677
307.175514599891,215.30753721858952,96.48930536448835,91.54245577257612
324.98303659316076,270.56008168217727,94.84281609815756,92.69651572826983
330.77219009690896,315.5405018984286,93.70632761180633,93.68838391261039
337.64929626649894,333.0563466549747,92.5870881892758,93.89177383207323
313.17541263522486,288.15450909400784,93.45990670000045,92.6002046054268
323.95002199334016,244.99480538313838,93.24718537411454,91.35840776312975
318.5139486183088,191.86063408055054,93.66779802297717,90.76402714681113
309.11918802412333,177.8268126442052,95.43267134140163,88.87435275479116
314.7889096365543,208.35657632738878,93.76584686592578,90.62449516400943
320.24879888847454,250.87562899598873,92.11698229194192,92.58612919838858
311.25609489786416,302.21596814940216,91.50384995684003,94.3049125267206
294.77242498453734,324.3879586782182,92.98782299757974,94.40990337162381
285.37622618206285,323.0547976922815,94.149679277413,93.76316800742651
297.7867452339942,294.31851310081174,94.27263759941128,91.7456127022435
282.9446989253065,274.4983111465401,95.99142277058193,89.72116945640596
281.0163017678076,271.06208619262395,96.44341151560255,89.52779403812089
283.2770032002407,268.8958207855071,96.99073095969098,89.04977701434332
256.4465175797153,284.6464184607774,98.66653099070835,90.15987557351716
231.98495097359304,298.47397464663123,99.94813794187706,90.93953069903048
210.22870545639913,312.3219556963768,100.97188769838982,91.52001030852605
195.91323321997527,322.0844489981803,101.72690344265337,92.16958902076168
198.63932627832907,323.8873458287079,101.94675274852597,91.4580826220801
225.758104080196,318.98797239832504,101.62711091383503,91.74828644897363
255.7338083720813,313.2783661274774,101.47929741437855,91.9216623356779
282.8348883955691,306.8605815460797,101.45259400744041,91.80096744441974
316.0288469902208,306.9461795158245,101.21091460231412,92.85535917892027
333.53008582235526,295.2266406402523,101.13902919386338,91.96375748850808
320.0379605275458,292.8508657171711,101.85749101234131,91.19610917301506
287.39775376078194,284.45417202755215,103.26624836280746,89.2214767646717
254.2147389550749,269.5963432157624,105.0002790046727,88.08959887551819
216.89478966236817,264.3447810335125,106.59342567104287,88.51869301485036
190.37521205083158,258.7942948933169,107.04869897776867,87.91155086489417
186.3071242796837,250.08656794186288,106.36694275380987,87.55716785691371
204.24009471684133,249.5382010769447,105.33942657022001,87.45414285435211
236.14766392511035,250.54846314590952,104.54796703987587,88.89916014955796
270.5630027328619,230.76095452578414,104.88729330735725,88.2964727661512
315.58319619242155,234.67816612643307,104.63020683610523,89.9130786029829
344.91363170136265,220.75834463396356,105.43439325238614,90.19558780021244
358.4137682833549,219.3072899942067,104.90044346195799,89.91902685213506
339.81721022174725,216.41635824814838,106.15808029255066,88.83354543753279
310.04780982106905,214.9763497894267,107.93052873341021,89.1600758031486
270.2669456126533,210.78564872086173,108.96152461711404,89.66235633995981
229.9944172573322,197.20996849422815,109.85243835659432,89.60329125480293
220.73129727505443,174.33657357481135,109.85613633662604,88.77669480094255
245.94966509388462,166.3714093947985,109.26244647783577,88.477640037393
281.23620411120356,174.05814605418118,108.36110158298547,89.86111061633322
312.22319460065836,183.6336039041699,107.66495742136793,90.70085800591787
336.0467368071845,184.03875925282787,107.4485669568707,91.3550346390391
335.28273503265865,178.1872943008552,107.94407389467116,90.26981737404613
300.3563320768082,178.31168827820477,109.12419355504257,91.24289763713728
263.4677645106444,171.44646344980308,110.48439535415184,91.71281775213936
232.18184028274044,160.0954986599678,111.38258252169086,90.41082273337867
225.01167344514622,162.89181377279257,111.07752081703694,90.3423303747345
261.11328221446956,193.06295877163697,109.24067103295857,90.72461644625245
295.47979844373486,211.3056811578082,108.33785787395043,91.49908625979928
317.3424247885423,206.9607780757634,107.16182955281793,92.18083255015556
338.99214368415574,222.29656787385218,106.05967104167948,92.33982431648695
340.3444760294302,230.26570943587421,105.90440499011945,92.38803582693876
318.0819828673435,238.6262958778583,106.85224357808346,93.02022809651476
285.8987046114927,253.21621449700294,107.29323394928147,94.05794869681296
260.24280649092316,257.7106509689841,108.60064516090031,93.76183585311784
243.44162662577645,246.5004119835498,108.92039042883155,92.22987273734141
245.99362063073036,222.24183974284642,108.75076589955923,90.60080914728141
276.9029245827844,218.62794397728575,108.22436591209825,91.87399386388022
314.07188244581357,219.5588292977642,107.92053323143504,92.70578639006077
350.4812136023096,237.1238016311724,106.8681895759807,92.96642662781584
369.9781338455703,233.9474232074407,107.5599065988844,92.38423467673451
359.26332123293196,230.0542862717022,108.79863656290944,91.025939661492
314.9970118154773,216.99681102899476,110.47757532235048,90.40478998673625
266.3799689380842,201.66094437447524,111.1738406052344,90.08714761430956
239.93352908849243,181.46881257641144,111.86345667470695,88.47896852950261
241.90408506475387,169.74346350789818,111.29555631091873,88.2658010295672
274.1701280690678,171.54137036340788,110.3767367281419,89.48183876642406
310.6814801493141,195.21610577786709,108.47652109494835,89.98675553772588
330.8117603634059,209.51639142701157,107.45765240895525,90.01606936403024
355.36619178664967,218.494714858125,105.85914271902776,91.2084798289427
338.8446179760562,226.2869728858771,106.33441900639112,91.37607916092874
302.6907608065041,220.95373573131832,108.10543579892627,91.57280834428522
257.4394514368268,208.3167457230632,109.63480941102593,91.06272172374679
211.0833459754577,186.96874912675025,110.87020850881402,90.0010013732693
166.63919028362665,173.07344703027104,112.0693500723047,90.27272186087808
149.12684447830964,162.27630466168455,112.09660273437859,89.98838418756296
160.60172504896346,153.46874348792184,111.7300287572478,89.00126642485297
197.11355238526997,162.4930155212571,110.26732416668693,90.6314557037041
233.3886380186149,176.2653242704246,109.08619209876491,91.18907635212571
272.20998703847965,209.25349603988437,107.37478180564864,91.4227578411967
310.23261985075214,240.7132039746561,105.94289425647868,92.15818179393037
330.60799128845974,250.22029177156347,103.99149848980049,92.77883830520871
339.4163863387079,273.04552569800677,101.58145123420702,93.86782900003365
292.50088692780355,284.0784893087306,102.76195957354973,94.79532687295456
245.62580594280269,290.9562116171546,103.9335780989097,95.61802928258321
208.1645923569504,277.09082004658757,106.08740704395409,94.05845716091686
179.6256822098118,249.27477931126379,107.14062451762648,91.62737451576695
198.08717712262384,218.80296197312674,107.25313476087064,90.90011122392617
230.75769751689216,194.91009487181992,107.76329843594465,89.90799028303957
266.9332260670203,209.125967352082,106.70822079526809,90.79117310798605
301.93949621558215,240.7697589129718,104.91313977293288,91.15048225771187
318.0692466595881,259.6991433577521,103.56399093047798,91.73119402177579
307.5737840001723,272.25175380991857,103.06596590084744,92.33507819604714
280.6662936988424,279.0916492143418,105.0588742697536,92.63997102059315
244.4342340420314,262.50030490600943,107.04874607022508,91.24148231893304
210.9656916453924,219.22906954426483,107.50355208465949,90.34656629712633
215.1222305122683,174.20627213682366,107.46856768039763,89.68760656585266
241.28402115507856,155.7776442051565,107.54749483342087,89.0340241236967
282.06618157268053,183.4734296920057,105.98800300079,89.97382045926395
319.7865534672998,218.29986756247206,104.4023751785018,90.53879947255646
354.0515444285369,251.44538825590374,102.79753813730593,91.07930873566062
343.227913843786,264.3178210166296,102.20782870027202,91.99018174950969
307.66395549655635,268.66551692846906,104.22239087108622,92.04939979707405
259.67053870835076,257.165068448178,106.29548889161094,91.13601835612528
200.54509852453515,235.04846566908418,108.07450688546646,89.64587367597254
168.93779401751297,207.07489316736343,108.6682638658287,88.4506945418811
195.90083188037255,190.4936436777724,108.36646858489621,87.46798631994214
231.29340864117032,159.9718455217427,109.40575219975183,86.63360243257594
274.98160576747904,178.2379563494514,108.25783203205253,87.98760963415822
311.50576002844326,199.53982185478486,106.85069083182748,88.72753392801607
329.2624465965282,205.4118706515001,105.3281546079084,89.97323416892868
318.9252604020695,215.28096261904324,104.69940323000924,91.07451696375264
298.15039131070495,225.87450422888995,106.16115906752029,91.76277041938152
271.98498561781787,223.18341652262225,107.84286790580838,90.3243144874653
224.57531956774125,193.35121933331402,109.37501739146697,89.382003826035
221.97563567232706,175.9299011634744,109.07635223313748,89.00840593977996
255.34978635403658,195.71741996280934,107.66935871325433,90.9164293001148
294.47555053928573,160.23230819195197,109.10452446938515,89.21307560883491
338.95352275868237,196.51729085781653,107.69504973694598,90.69492746658992
375.9992877940461,216.5349257329163,106.53848314605696,91.12103196722934
363.8191203855316,205.50345982543428,107.96150875015525,89.99178799749005
329.2794873076889,198.95944165822524,108.94306642053,88.428821019709
293.2937607686704,189.7270766057793,110.13392742876155,86.7288505127115
248.18793673123776,176.4423140122209,111.41301622124146,87.20065797158782
201.8148330782794,172.72438762018473,112.6569989449368,88.78054573609768
199.38972290327862,171.68093111796958,112.31813036364689,89.2455894796997
224.3728122226081,175.30677402424718,110.8238250929395,90.57209770937071
261.9161479076933,192.79855950016037,109.31056214331774,91.52038068676953
298.21519991406774,190.44375384575943,109.2858281376227,92.70945930966926
343.0660182618019,206.95915291524574,108.49884020419705,93.40755644303064
386.30112906194614,200.4345722944181,108.85395426132823,93.77149468760092
401.87356955571045,206.28881561052327,108.5702717339542,93.99665407148825
383.68623059972543,200.681748247658,110.16684081377323,92.88018127761617
349.1482547589261,188.73116026047364,112.10726391856309,91.9341636344181
298.82312402903364,171.05393792024987,113.65042618035898,90.59995346956204
232.12195667415693,161.6392654558191,115.25494111910793,90.32749562172256
169.0216917113121,154.94372060634257,116.63943337547425,91.17981091232286
118.8822527903091,152.32409810474155,117.94036566428329,91.44715812458969
104.46165299326348,160.52793850524944,117.46450034640745,92.82707931287234
138.9446859318419,186.83604744795196,115.19856952127972,93.76820036811851
165.37839051565788,177.71180774471526,114.62183048565424,94.11144600435195
209.88858104433262,188.23739579196553,113.36161386517188,95.73397633727919
261.27035374304097,186.01087354010673,113.86819957273453,96.2270821111842
318.17394344005345,190.57382391643472,114.81640654815615,96.15411351303685
365.81099833182077,202.14103288846047,113.87481437833738,96.70893887256241
384.7501248888734,206.82461687595475,113.72065276599936,96.0847067368774
373.94941391132886,203.16077501519177,114.26208938396204,95.04196631775027
341.1045170375506,198.732993108009,115.66297996975754,94.65323782445708
301.0285747173634,183.90165716754814,116.8900790208931,93.49706662201564
259.838341996498,172.57623343470652,117.66516876753418,93.4053887898715
247.09154227527978,164.20702105113912,117.32289211369662,92.80736389086215
259.39018074088983,173.59265656926644,115.91074350691142,93.89836505863649
299.5607533441132,198.31190709101392,114.58345972001928,93.56422117331272
334.99104284451465,212.14803310444086,113.42060786339276,94.32633143416265
357.6958843198876,211.73396604592278,112.97033719508195,94.70619280553763
383.1956261900452,220.50632166148205,112.28425482037355,95.03256998098814
384.3804327758828,222.8304774391016,111.714559115332,95.276668200762
370.3158512142106,239.72237269723297,111.28398551036847,96.26504488156601
361.4708437568656,261.61377244542325,109.87376607852423,97.56376218535519
350.39359847209056,280.33219968779423,109.63413034092045,98.09533132722333
340.3899921596715,283.61778506250147,109.85120533675749,97.28916134613334
329.67482148818857,247.95839014994746,110.52020756844634,95.7801442786553
314.9479845422901,201.048545524622,111.11372607153382,94.22189460380558
296.42803979137176,148.65578514316365,111.72236436316064,92.81632499249213
301.5048115284849,109.94337550319233,112.24137451796219,90.81366012709987
294.66298510574813,112.91060600254167,112.3730074270069,91.66284526842553
298.5490793381669,138.76624673029443,110.05195745409102,94.13028124523105
299.9205218294675,178.65237749957407,108.03449820890549,96.0169548083486
307.41481632547334,232.59075127055848,105.9399824304968,97.89730494035973
291.62780562021555,271.21313898736463,105.34668436611378,98.9992291395304
295.55389372465345,292.9299914922823,105.4630575951931,98.65259516745691
300.9326054415814,275.969877514613,103.99963374777498,97.54473373615926
288.58290066115984,235.14416321536754,104.92586193094901,95.61024204570596
297.129344528268,187.7284047776226,104.9708908000151,95.56322189198272
310.2158927637571,135.78582008510938,105.11124317579518,93.6299347940069
296.92108032627226,126.16086584020421,106.55661798317222,92.41185055946997
297.9172210426826,151.55309042635758,104.80242674489247,94.61394758668692
297.9112653200215,191.55033010460193,102.92352619038377,96.62345799605524
293.9497844166889,245.65390790613233,100.83868121917726,97.74945971578423
271.5920742653393,280.57489779909923,101.51942215539773,98.45255536264168
282.0742546593441,290.97508235655727,99.85302238746925,99.43483307952117
279.3526621108215,236.1620995772514,100.98442346273451,97.68056415996251
306.35458953815316,200.28515506198298,99.53453410993788,99.69050024732417
295.76552541216495,161.14529346701397,101.7689995818937,96.77629115648301
318.5941973820845,169.41924847705667,102.39841097521955,96.90342597798124
323.607371895099,177.289797007226,101.75003635543705,97.4539719492744
291.00364878634144,190.40713185961027,103.26845090127743,98.32060590390577
278.3682843231546,197.7720266111389,103.87894977857938,97.72515095499597
274.4143351465455,171.7756131690253,104.39128538452414,96.13649079083228
279.6731260822203,148.81144910030866,104.85692609529073,93.93706060175026
308.09630900101865,170.89284178480028,102.79815787368067,94.85704214371073
342.2026913035553,207.22224500728407,101.48104893099308,95.02121773543404
367.92166805534276,242.43266743330497,99.49865207170845,95.55269371050397
343.9162864108375,249.41191097802226,100.41910233123065,96.88514586259564
322.8215001005366,260.32847130097855,102.4724570291151,96.71222218705566
301.2502353345737,238.3345349093561,103.39887788762293,94.92149398879026
278.6987431942596,180.1457290932692,104.30156074122732,93.04821380542529
263.06030738717175,136.1404115744549,105.80452798460968,90.45246091843735
298.64194484484864,172.0876274057166,104.01914337572894,90.89897300005434
336.04049695192873,210.4830145994593,102.82931553417016,91.46568373846718
365.3664662488049,244.8471781358919,100.86263922489533,92.08174414860841
343.77546525492266,249.16602823392287,102.20577253519508,92.76218011041306
315.92440023364486,238.6694550539117,104.26735969458719,91.47857732973242
286.9029509548358,200.08621278835858,104.36385139110385,91.29711960858677
273.34984947103686,147.90744414110583,104.53819321111726,90.72448739486791
275.36645078674604,125.45585529209006,106.00330115118587,89.09754609626619
313.71050974946127,166.1458825036505,104.1003107336251,90.55985499808384
347.8740259169239,205.87084478887687,102.26095510434504,91.73127603161551
362.34246581628616,230.75171382235055,100.2896553173168,92.92494675368619
331.5237353647263,236.90269667516537,102.80959158703095,93.35415605712492
294.95665056494136,225.26525270805809,105.12315826169174,91.86606630492759
254.4228114247264,208.02283501894354,106.72701388188632,91.05412830520032
228.37320594082885,181.32058540052964,108.15724718650421,88.91855385926979
234.4949378850829,176.68827652581237,107.5820338684098,89.66932355277437
264.9952554040061,196.63196719599588,105.86362374756935,90.33452569082681
296.8707650666531,224.12159213523935,104.07848437067115,91.35216861962768
310.5144051558034,237.6428289821072,103.21247727744776,91.97744609683849
325.79450184981465,245.31330500845036,102.82703964386236,92.62746694696162
320.26717168337916,251.52626034212423,103.4625502957657,92.81563528314432
294.81835501663215,250.2108316302347,104.49717106070628,92.38506173058175
266.28078730737053,232.01403188098374,105.8832992544786,90.52937285846964
261.3357754142605,212.47989682891526,106.11143296392963,89.29423016907909
297.5250800827395,239.91119620201778,104.9028590440342,89.15809099883482
320.75614445602486,231.5995327628273,105.07100441320347,89.46102636640391
346.1217483142932,251.4945358886581,103.4613969630218,90.16478226613185
346.80705434552675,244.17614883333152,104.4246269454811,89.30893604832212
338.09628988204867,236.5774477488992,105.76028683516066,88.55915369826639
305.60988505907966,224.10325077329654,107.99195089768854,87.66195509905599
273.947027695079,209.16018324615766,108.84041599202597,85.99676797704879
269.16801495418093,194.70816119016376,108.54786130950232,85.66740450505247
284.5127926723298,192.83607493307002,107.55522833517706,85.91175419263409
313.29471887256767,190.4267863004518,107.36586635920841,87.8138644836773
318.80238853956746,202.13332185075976,107.43429156370524,89.35935735728351
325.4223501460312,207.30461366705902,108.2550661449447,89.34027021818159
323.6651445678267,215.3239978241858,108.97566945313596,89.9334358436036
282.121168888959,210.6038659903254,110.39092557331813,90.70529090177146
245.5224149574377,194.00999898249037,111.91632363650406,89.87245035711821
212.0326568613824,179.68456096073356,112.74476605334576,88.09371124087988
207.48444070992053,171.84165852039234,113.02327250643808,87.70047576761554
247.99121880170148,193.1390086235477,111.34738372459736,88.41589340434423
284.31021045488296,214.06793493905818,109.66593554312556,88.82959006762003
289.13873807804737,219.2432949563775,108.89911550708626,89.78043230731396
316.6939280332841,232.8056855897557,107.72741135726534,90.67138014468067
309.85195398786055,231.07233195901543,108.35088789256805,90.46990436716946
282.51305290601624,231.48502463247775,108.78153663195489,90.57348393319103
265.8746336474467,203.125131368909,110.12113684234399,88.56040759814884
257.98771632795405,202.7235825423075,109.52800528764428,89.40202127036844
294.3723107915034,229.8696516518804,108.03073503476563,89.48633974283503
320.68498770237943,219.6428208015853,108.1652884365012,89.75823125013616
337.3165548150024,237.5984470735596,107.4249596001987,90.09188471170887
341.5934881886686,238.11037663864087,106.8835529714679,90.63901449207248
318.72746017192645,221.98888146486343,108.55982483862067,88.81248442218964
298.820575238463,215.5498873583604,109.86349293714508,87.68505713149506
262.99442067527093,196.72480258994835,111.59793583242876,87.05091948445605
252.8811325769145,197.70960533026152,111.18472310314887,87.9450935834327
279.37114249614774,205.70048540102096,109.90219163808973,89.14253082178651
305.6882151013583,216.02017165080088,108.29455370543809,90.40483136225646
320.74727077526313,234.08271876687564,106.69721208877257,90.9976523048808
337.0941365807559,221.60469568012326,105.16893043418285,90.4372163785383
340.3749391021715,210.30404461249424,105.49888938735891,88.18938839992651
306.1310660731965,197.80625347897268,105.7416148646742,89.48251395522766
284.7996817856707,165.38978840975793,106.3110955667429,88.28321670318276
282.897229280105,154.88161832704102,104.38655244793213,88.3895128146525
289.54392014000206,162.87167421947245,102.46117358468562,88.62800895325584
297.04408402477384,200.7026507427396,100.36812615870669,90.807261600764
290.89716837335015,206.58832923282716,99.37093241031579,93.223704875421
313.86619476461226,242.59323551419752,97.8085732250458,93.81104030088858
265.9112795023958,218.51909668263247,99.69784802677736,93.8135315246772
243.10527699242346,218.89934815036625,102.15465033912838,93.55567896023598
257.88808149215157,219.9184155033906,102.14831232739071,93.11393725773549
224.85686711242795,190.75225659677494,103.33855728375309,91.41229752391801
261.0932626500784,234.4498988125295,101.5342479933633,92.2832386426793
297.80397870393614,274.74907739112,100.6624632824389,92.82258284407091
319.0776308830605,234.37744859846998,102.57437719601205,90.47114927560199
354.85730391637725,272.7151996882717,101.21227345989254,90.86727497898256
349.9930065167742,255.67422024511342,102.16579167447776,88.67465924524288
322.14724884461,269.2613818951346,103.40931955355394,87.7861693287347
332.0869983132345,252.7891681257708,103.88775534658193,85.89118351081484
302.99625730667253,236.1484111823623,105.76117694181389,83.70968865175843
317.6605833704566,259.65540884859894,103.44001668188136,84.93827797478455
289.64788660208114,246.82142584814034,104.70499871252078,83.62498533505526
318.1070865752703,274.26377540882305,103.27259658307453,84.21989826160527
295.9751269139746,243.73159988953176,103.9423096895213,82.67923046531756
298.71365984279294,262.80966072978663,102.18580252465159,84.71440758159771
264.6511330515584,231.72494471798643,102.33618606866497,84.57402635433196
282.1860768012466,238.38660590346515,100.29203749809683,86.21649090453315
287.5498783320297,253.58116695361082,100.27329169213223,85.38305219177906
317.72812293072104,282.5164141241742,98.79760450376841,85.64323090234203
306.4670677021297,247.18844178444985,101.0796088643626,84.05584371697051
339.264402855134,262.86030994871317,99.0795681015698,85.43201759855395
315.67275313090687,232.02572145884886,100.93850001566852,83.57226010862959
344.96398379590534,265.35396937065843,100.3211630360308,84.02159149153981
299.72651491688106,195.82151038949362,102.14497848490184,86.17913231283289
324.7855081170727,192.4996120277154,100.82804882021001,87.14637285712013
353.54966953467215,228.1050878384242,98.75264759572732,87.9865377419917
335.2240310469816,234.46464449892605,99.17016202844424,88.95766754897528
361.89006103449395,244.57789087668988,97.23204901371241,90.30376370773298
335.0700185332346,242.3900366515772,99.86409749729596,91.09602994914039
311.3686778207636,227.11175556970548,101.9972118773483,89.23609142337939
323.042786092837,228.97358519998028,101.86494032788761,88.05071365322524
282.8212743462207,171.10982046953092,101.86562122380829,88.05122842333043
275.3784343801268,150.5982155174126,102.19912732879726,87.01888146035603
299.49597872452244,190.18746116157362,99.76277900886666,88.8342677369368
297.13540904980425,218.0183232371903,97.70563209242624,90.90665028815768
294.1342448339176,229.50970318770226,96.6372041492152,93.510253424256
270.3535364082934,239.3810866526893,98.4626057704898,94.17884551106826
299.157470464106,263.51579595992735,98.04181280752415,94.52391925744271
293.45643447536054,217.32120959590375,100.31071246629408,92.05878255815078
329.4699113525874,245.43019767045368,99.43905211533506,92.91521724005241
349.6652325393359,246.29352450863695,99.80519804945064,92.0847387721982
358.22161190570336,238.73196364117518,98.8693030273486,91.55472757235647
316.20265642808937,225.00701349968014,101.68071033356252,90.52787042423033
320.8930612889451,234.94787628416725,101.70313336821972,90.45444201332883
262.15091319856987,194.57992822974836,103.84475201912906,90.91756434514811
268.42807415843583,194.50466491903939,103.37188266450417,91.3736415302256
303.8083054285633,223.79846032612463,101.75156023620181,91.79459099586411
330.00043871913454,241.76024715150896,99.60499164984148,92.62122932274022
320.3936615958638,228.62880049381354,101.16577614300598,90.9234618095897
351.4752486846949,246.17453305757488,100.17239371765356,91.48077288435549
346.8269334503103,236.16618061198653,100.09769701274551,90.5027979532623
336.95997761682935,235.15702387411142,100.51904591949562,90.06155876874494
312.56552273221666,226.25679353511867,102.54976443441768,88.02817085841505
317.49193878514166,231.72660733831486,101.6604853657569,88.62319988688114
316.74846391319505,234.88613854366707,101.11803836487402,89.14152760594195
321.8851809291036,240.5818302352243,100.00890823761515,90.05976831537728
316.2411014155153,245.79953559251916,100.12391033910376,90.11572596574848
