70.5,51.5,107.0,87.0
150.5,131.5,107.0,87.0
150.5,131.5,107.0,87.0
150.5,131.5,107.0,87.0
150.5,131.5,107.0,87.0
150.5,131.5,105.0,87.0
150.5,131.5,105.0,87.0
150.5,131.5,103.0,87.0
148.5,133.5,103.0,82.0
148.5,133.5,103.0,82.0
148.5,133.5,103.0,82.0
145.5,130.5,104.0,88.0
144.5,131.5,105.0,84.0
146.5,134.5,101.0,81.0
143.5,135.5,105.0,79.0
141.5,131.5,110.0,85.0
141.5,133.5,107.0,83.0
143.5,131.5,105.0,88.0
144.5,132.5,102.0,84.0
143.5,134.5,104.0,83.0
140.5,134.5,109.0,82.0
144.5,135.5,100.0,79.0
142.5,135.5,104.0,83.0
143.5,133.5,101.0,81.0
142.5,136.5,101.0,77.0
142.5,134.5,103.0,80.0
143.5,134.5,100.0,79.0
143.5,135.5,102.0,80.0
145.5,136.5,96.0,77.0
138.5,134.5,105.0,82.0
142.5,133.5,100.0,81.0
140.5,134.5,104.0,79.0
138.5,134.5,106.0,79.0
139.5,134.5,106.0,78.0
141.5,133.5,101.0,79.0
142.5,134.5,100.0,77.0
140.5,135.5,103.0,77.0
140.5,134.5,104.0,78.0
141.5,134.5,102.0,79.0
143.5,133.5,97.0,81.0
141.5,134.5,103.0,80.0
143.5,136.5,100.0,78.0
145.5,135.5,97.0,79.0
142.5,136.5,102.0,79.0
144.5,137.5,100.0,76.0
145.5,134.5,99.0,80.0
141.5,138.5,105.0,77.0
143.5,136.5,103.0,79.0
147.5,136.5,97.0,77.0
144.5,137.5,100.0,76.0
146.5,134.5,99.0,79.0
145.5,135.5,102.0,81.0
148.5,138.5,95.0,73.0
146.5,137.5,100.0,79.0
148.5,137.5,98.0,79.0
148.5,137.5,97.0,81.0
146.5,138.5,101.0,80.0
146.5,138.5,101.0,79.0
148.5,139.5,99.0,80.0
150.5,138.5,97.0,80.0
149.5,139.5,98.0,80.0
148.5,141.5,100.0,79.0
145.5,141.5,104.0,78.0
146.5,138.5,101.0,79.0
148.5,137.5,99.0,78.0
147.5,136.5,101.0,80.0
148.5,140.5,101.0,75.0
146.5,137.5,104.0,80.0
149.5,138.5,99.0,77.0
147.5,136.5,102.0,76.0
152.5,139.5,95.0,78.0
151.5,136.5,96.0,76.0
151.5,134.5,96.0,79.0
147.5,134.5,99.0,78.0
148.5,134.5,98.0,76.0
148.5,133.5,97.0,77.0
147.5,133.5,98.0,79.0
146.5,137.5,99.0,74.0
146.5,135.5,99.0,77.0
145.5,135.5,101.0,80.0
145.5,137.5,99.0,75.0
148.5,137.5,94.0,76.0
145.5,137.5,98.0,77.0
146.5,138.5,96.0,72.0
145.5,137.5,98.0,79.0
146.5,137.5,99.0,77.0
149.5,137.5,93.0,76.0
149.5,138.5,92.0,76.0
147.5,139.5,95.0,76.0
147.5,137.5,95.0,76.0
148.5,140.5,93.0,73.0
148.5,138.5,94.0,79.0
146.5,139.5,96.0,76.0
147.5,139.5,95.0,75.0
147.5,137.5,95.0,78.0
148.5,138.5,94.0,76.0
147.5,138.5,97.0,77.0
150.5,138.5,91.0,75.0
146.5,139.5,98.0,71.0
148.5,138.5,94.0,72.0
148.5,139.5,94.0,71.0
152.5,140.5,90.0,71.0
150.5,138.5,92.0,74.0
152.5,138.5,89.0,71.0
152.5,136.5,92.0,74.0
151.5,137.5,91.0,73.0
152.5,133.5,93.0,80.0
151.5,134.5,94.0,77.0
154.5,138.5,89.0,73.0
153.5,138.5,94.0,74.0
155.5,138.5,90.0,72.0
156.5,138.5,89.0,73.0
156.5,139.5,88.0,69.0
154.5,137.5,92.0,74.0
158.5,137.5,87.0,73.0
155.5,139.5,92.0,73.0
155.5,140.5,93.0,74.0
157.5,140.5,89.0,70.0
156.5,141.5,91.0,73.0
156.5,143.5,93.0,71.0
156.5,144.5,93.0,67.0
156.5,145.5,93.0,71.0
157.5,144.5,95.0,68.0
158.5,144.5,91.0,71.0
160.5,143.5,88.0,72.0
158.5,142.5,95.0,74.0
160.5,144.5,93.0,72.0
160.5,145.5,93.0,71.0
163.5,148.5,86.0,69.0
163.5,144.5,87.0,75.0
165.5,146.5,86.0,75.0
165.5,145.5,87.0,76.0
165.5,145.5,86.0,73.0
165.5,146.5,87.0,71.0
163.5,145.5,91.0,71.0
167.5,146.5,85.0,67.0
167.5,146.5,86.0,67.0
168.5,145.5,85.0,69.0
166.5,144.5,89.0,70.0
166.5,142.5,90.0,69.0
168.5,141.5,88.0,69.0
171.5,142.5,85.0,66.0
171.5,139.5,83.0,69.0
169.5,140.5,89.0,68.0
172.5,138.5,84.0,71.0
171.5,138.5,88.0,70.0
171.5,137.5,87.0,66.0
173.5,139.5,87.0,65.0
173.5,136.5,87.0,65.0
177.5,136.5,81.0,66.0
175.5,137.5,86.0,63.0
178.5,137.5,83.0,67.0
177.5,137.5,84.0,66.0
178.5,139.5,85.0,62.0
176.5,138.5,90.0,64.0
182.5,140.5,82.0,64.0
181.5,138.5,82.0,68.0
181.5,138.5,85.0,72.0
181.5,141.5,87.0,68.0
182.5,141.5,86.0,66.0
184.5,141.5,82.0,64.0
187.5,140.5,79.0,68.0
185.5,140.5,82.0,65.0
187.5,143.5,79.0,64.0
187.5,144.5,82.0,62.0
191.5,144.5,76.0,61.0
190.5,142.5,78.0,63.0
189.5,144.5,80.0,66.0
193.5,146.5,74.0,61.0
190.5,146.5,81.0,65.0
191.5,146.5,78.0,62.0
192.5,145.5,78.0,62.0
195.5,146.5,73.0,61.0
193.5,146.5,78.0,61.0
194.5,148.5,77.0,63.0
194.5,149.5,76.0,61.0
194.5,144.5,77.0,67.0
196.5,142.5,76.0,66.0
197.5,142.5,75.0,64.0
196.5,144.5,81.0,60.0
198.5,143.5,77.0,62.0
199.5,142.5,77.0,62.0
198.5,143.5,79.0,62.0
199.5,143.5,78.0,62.0
200.5,143.5,79.0,64.0
203.5,144.5,73.0,62.0
203.5,143.5,74.0,59.0
205.5,144.5,72.0,58.0
205.5,143.5,73.0,57.0
206.5,143.5,75.0,58.0
206.5,142.5,74.0,58.0
209.5,141.5,72.0,58.0
207.5,142.5,76.0,58.0
207.5,140.5,77.0,58.0
207.5,142.5,75.0,57.0
210.5,144.5,73.0,54.0
208.5,141.5,77.0,59.0
208.5,139.5,77.0,65.0
211.5,143.5,74.0,57.0
212.5,143.5,73.0,56.0
216.5,144.5,67.0,56.0
215.5,142.5,70.0,58.0
214.5,145.5,72.0,57.0
218.5,145.5,67.0,55.0
217.5,145.5,72.0,57.0
218.5,146.5,71.0,54.0
221.5,147.5,68.0,52.0
220.5,147.5,70.0,54.0
219.5,147.5,74.0,55.0
222.5,148.5,70.0,54.0
220.5,145.5,72.0,56.0
224.5,147.5,67.0,56.0
224.5,146.5,69.0,57.0
226.5,148.5,67.0,55.0
227.5,146.5,68.0,55.0
229.5,148.5,67.0,56.0
230.5,147.5,66.0,53.0
230.5,147.5,67.0,53.0
232.5,148.5,66.0,55.0
232.5,147.5,67.0,52.0
231.5,148.5,70.0,56.0
235.5,148.5,63.0,55.0
233.5,148.5,70.0,55.0
235.5,149.5,67.0,54.0
235.5,149.5,68.0,51.0
237.5,149.5,67.0,55.0
236.5,147.5,70.0,54.0
239.5,147.5,66.0,54.0
240.5,147.5,65.0,53.0
238.5,148.5,70.0,51.0
240.5,147.5,68.0,54.0
241.5,147.5,68.0,52.0
242.5,149.5,67.0,49.0
244.5,148.5,66.0,53.0
242.5,147.5,69.0,52.0
244.5,149.5,67.0,50.0
245.5,148.5,66.0,52.0
245.5,149.5,67.0,51.0
245.5,147.5,69.0,52.0
246.5,147.5,68.0,53.0
247.5,148.5,68.0,52.0
247.5,149.5,68.0,50.0
249.5,147.5,67.0,52.0
248.5,149.5,70.0,50.0
251.5,147.5,65.0,52.0
251.5,148.5,68.0,52.0
253.5,150.5,64.0,50.0
251.5,147.5,68.0,52.0
253.5,147.5,66.0,52.0
255.5,147.5,64.0,51.0
254.5,149.5,67.0,50.0
256.5,145.5,65.0,53.0
256.5,147.5,65.0,51.0
259.5,145.5,60.0,50.0
260.5,144.5,63.0,51.0
261.5,143.5,60.0,50.0
260.5,145.5,64.0,48.0
260.5,145.5,65.0,48.0
258.5,143.5,69.0,52.0
260.5,142.5,67.0,52.0
259.5,144.5,68.0,52.0
263.5,144.5,63.0,50.0
266.5,144.5,59.0,48.0
262.5,145.5,66.0,50.0
265.5,143.5,63.0,51.0
267.5,144.5,61.0,51.0
264.5,144.5,68.0,50.0
268.5,144.5,62.0,50.0
267.5,146.5,62.0,52.0
266.5,146.5,64.0,51.0
268.5,148.5,64.0,50.0
269.5,148.5,62.0,54.0
267.5,150.5,67.0,51.0
265.5,149.5,70.0,51.0
267.5,148.5,66.0,51.0
269.5,149.5,63.0,51.0
270.5,146.5,64.0,52.0
268.5,144.5,67.0,54.0
273.5,145.5,62.0,53.0
270.5,143.5,68.0,55.0
273.5,142.5,61.0,54.0
271.5,144.5,66.0,53.0
270.5,144.5,67.0,53.0
271.5,145.5,67.0,51.0
278.5,146.5,57.0,48.0
276.5,148.5,58.0,47.0
275.5,146.5,61.0,51.0
274.5,147.5,61.0,47.0
275.5,144.5,62.0,51.0
276.5,145.5,60.0,46.0
274.5,144.5,63.0,49.0
275.5,144.5,63.0,49.0
275.5,143.5,63.0,49.0
277.5,145.5,62.0,48.0
277.5,144.5,62.0,48.0
277.5,147.5,61.0,47.0
278.5,147.5,61.0,47.0
278.5,150.5,60.0,42.0
280.5,149.5,57.0,45.0
282.5,149.5,55.0,45.0
281.5,148.5,57.0,45.0
278.5,149.5,63.0,47.0
282.5,150.5,55.0,43.0
282.5,148.5,58.0,42.0
280.5,150.5,59.0,46.0
280.5,147.5,63.0,47.0
279.5,148.5,65.0,48.0
282.5,148.5,61.0,47.0
278.5,146.5,67.0,51.0
281.5,150.5,65.0,47.0
280.5,147.5,67.0,50.0
282.5,149.5,62.0,46.0
284.5,150.5,62.0,45.0
285.5,149.5,60.0,50.0
283.5,149.5,64.0,47.0
286.5,150.5,61.0,47.0
288.5,150.5,58.0,46.0
289.5,151.5,57.0,45.0
290.5,149.5,56.0,45.0
288.5,148.5,59.0,47.0
288.5,148.5,59.0,47.0
292.5,151.5,56.0,45.0
292.5,149.5,56.0,47.0
293.5,149.5,54.0,47.0
291.5,151.5,58.0,46.0
294.5,150.5,55.0,46.0
293.5,151.5,57.0,47.0
294.5,149.5,55.0,49.0
293.5,151.5,56.0,46.0
298.5,151.5,52.0,44.0
297.5,151.5,54.0,45.0
296.5,152.5,56.0,46.0
297.5,150.5,54.0,48.0
296.5,151.5,57.0,47.0
298.5,148.5,55.0,48.0
297.5,149.5,57.0,48.0
298.5,150.5,55.0,47.0
299.5,150.5,55.0,45.0
298.5,150.5,56.0,49.0
300.5,151.5,54.0,46.0
299.5,150.5,56.0,49.0
299.5,151.5,56.0,47.0
300.5,149.5,58.0,46.0
302.5,151.5,56.0,43.0
300.5,146.5,59.0,48.0
299.5,146.5,61.0,47.0
302.5,149.5,57.0,44.0
302.5,149.5,55.0,44.0
301.5,154.5,57.0,44.0
299.5,156.5,60.0,46.0
300.5,159.5,59.0,41.0
302.5,155.5,57.0,48.0
302.5,158.5,58.0,45.0
305.5,153.5,55.0,48.0
303.5,150.5,58.0,50.0
302.5,148.5,61.0,48.0
306.5,142.5,55.0,46.0
302.5,138.5,62.0,49.0
303.5,138.5,61.0,48.0
308.5,136.5,54.0,50.0
309.5,139.5,52.0,46.0
306.5,141.5,56.0,47.0
306.5,142.5,54.0,48.0
306.5,147.5,56.0,46.0
306.5,149.5,57.0,48.0
304.5,150.5,61.0,46.0
306.5,151.5,58.0,46.0
304.5,153.5,62.0,43.0
305.5,150.5,62.0,48.0
306.5,151.5,60.0,46.0
304.5,150.5,68.0,48.0
308.5,150.5,59.0,48.0
309.5,150.5,58.0,46.0
309.5,150.5,56.0,45.0
307.5,149.5,62.0,47.0
310.5,148.5,55.0,46.0
309.5,150.5,59.0,43.0
310.5,148.5,56.0,45.0
309.5,149.5,58.0,45.0
306.5,149.5,64.0,46.0
310.5,148.5,59.0,45.0
307.5,149.5,62.0,49.0
308.5,149.5,60.0,47.0
307.5,152.5,60.0,44.0
308.5,151.5,61.0,48.0
308.5,155.5,61.0,48.0
310.5,151.5,59.0,50.0
305.5,152.5,65.0,50.0
307.5,153.5,64.0,52.0
305.5,156.5,64.0,51.0
305.5,153.5,66.0,50.0
310.5,155.5,60.0,50.0
310.5,153.5,59.0,48.0
309.5,150.5,62.0,47.0
309.5,147.5,59.0,52.0
311.5,148.5,58.0,48.0
311.5,149.5,57.0,49.0
313.5,151.5,53.0,52.0
311.5,153.5,55.0,46.0
310.5,154.5,55.0,48.0
310.5,156.5,57.0,45.0
310.5,153.5,58.0,47.0
307.5,152.5,60.0,48.0
307.5,151.5,62.0,47.0
308.5,150.5,58.0,47.0
310.5,150.5,54.0,44.0
309.5,147.5,57.0,49.0
309.5,147.5,57.0,48.0
310.5,148.5,55.0,45.0
311.5,147.5,55.0,45.0
307.5,145.5,60.0,48.0
311.5,147.5,54.0,46.0
311.5,149.5,55.0,45.0
310.5,148.5,55.0,47.0
310.5,147.5,56.0,48.0
311.5,149.5,54.0,50.0
310.5,148.5,53.0,49.0
303.5,150.5,65.0,48.0
303.5,146.5,64.0,52.0
303.5,145.5,66.0,50.0
302.5,147.5,64.0,48.0
304.5,145.5,64.0,53.0
302.5,144.5,65.0,53.0
303.5,148.5,63.0,50.0
301.5,147.5,63.0,49.0
297.5,147.5,67.0,54.0
301.5,150.5,62.0,46.0
298.5,147.5,69.0,50.0
298.5,149.5,67.0,47.0
299.5,148.5,63.0,49.0
297.5,146.5,67.0,50.0
299.5,146.5,64.0,50.0
298.5,146.5,64.0,51.0
297.5,148.5,64.0,50.0
293.5,145.5,69.0,52.0
295.5,148.5,67.0,48.0
297.5,147.5,62.0,48.0
293.5,145.5,70.0,53.0
292.5,147.5,69.0,52.0
293.5,148.5,65.0,49.0
295.5,147.5,64.0,47.0
293.5,147.5,66.0,52.0
293.5,148.5,66.0,49.0
290.5,146.5,68.0,52.0
292.5,147.5,65.0,51.0
290.5,148.5,67.0,50.0
292.5,147.5,62.0,47.0
287.5,145.5,73.0,53.0
289.5,148.5,68.0,54.0
290.5,148.5,68.0,49.0
286.5,148.5,70.0,50.0
287.5,150.5,70.0,49.0
286.5,149.5,75.0,49.0
285.5,146.5,73.0,52.0
285.5,149.5,69.0,50.0
290.5,149.5,62.0,50.0
289.5,147.5,62.0,50.0
288.5,148.5,63.0,49.0
288.5,148.5,64.0,51.0
290.5,147.5,61.0,48.0
285.5,147.5,64.0,52.0
285.5,146.5,66.0,50.0
289.5,144.5,62.0,53.0
286.5,144.5,65.0,51.0
286.5,146.5,65.0,50.0
286.5,145.5,63.0,54.0
285.5,148.5,63.0,51.0
283.5,146.5,67.0,52.0
287.5,146.5,62.0,51.0
283.5,146.5,66.0,53.0
287.5,149.5,62.0,48.0
286.5,147.5,64.0,49.0
284.5,148.5,66.0,52.0
284.5,148.5,66.0,48.0
284.5,148.5,64.0,51.0
284.5,151.5,67.0,48.0
283.5,149.5,65.0,49.0
280.5,147.5,70.0,53.0
280.5,149.5,69.0,49.0
282.5,150.5,68.0,52.0
279.5,148.5,69.0,50.0
278.5,149.5,73.0,51.0
280.5,148.5,69.0,50.0
286.5,145.5,64.0,53.0
287.5,147.5,59.0,50.0
285.5,148.5,62.0,49.0
287.5,147.5,59.0,49.0
285.5,148.5,60.0,48.0
286.5,147.5,58.0,50.0
284.5,147.5,61.0,48.0
282.5,145.5,64.0,56.0
282.5,145.5,63.0,55.0
280.5,148.5,66.0,50.0
283.5,147.5,63.0,52.0
280.5,147.5,68.0,53.0
280.5,147.5,67.0,53.0
281.5,149.5,66.0,51.0
280.5,148.5,68.0,52.0
281.5,148.5,66.0,51.0
282.5,146.5,65.0,52.0
282.5,148.5,63.0,51.0
280.5,148.5,67.0,51.0
279.5,147.5,65.0,52.0
281.5,148.5,63.0,50.0
279.5,146.5,67.0,55.0
279.5,147.5,64.0,52.0
281.5,149.5,61.0,49.0
279.5,144.5,69.0,55.0
276.5,145.5,73.0,52.0
277.5,144.5,70.0,53.0
275.5,142.5,71.0,56.0
278.5,142.5,67.0,53.0
276.5,143.5,68.0,52.0
276.5,144.5,70.0,49.0
279.5,144.5,65.0,53.0
276.5,145.5,69.0,53.0
275.5,144.5,70.0,53.0
276.5,144.5,68.0,52.0
276.5,144.5,69.0,54.0
275.5,142.5,70.0,54.0
275.5,147.5,70.0,51.0
276.5,145.5,70.0,53.0
275.5,145.5,71.0,52.0
276.5,144.5,69.0,55.0
274.5,144.5,72.0,55.0
273.5,143.5,73.0,55.0
274.5,143.5,72.0,55.0
275.5,146.5,70.0,53.0
275.5,144.5,70.0,54.0
277.5,145.5,68.0,54.0
279.5,146.5,65.0,52.0
281.5,145.5,64.0,55.0
279.5,146.5,67.0,55.0
280.5,146.5,65.0,52.0
281.5,146.5,64.0,52.0
278.5,147.5,70.0,53.0
276.5,144.5,73.0,55.0
279.5,147.5,67.0,51.0
280.5,148.5,66.0,50.0
279.5,148.5,68.0,51.0
278.5,148.5,72.0,52.0
278.5,148.5,72.0,51.0
279.5,148.5,69.0,52.0
279.5,146.5,71.0,51.0
280.5,148.5,69.0,53.0
282.5,148.5,67.0,51.0
280.5,146.5,70.0,53.0
280.5,147.5,71.0,52.0
279.5,146.5,72.0,53.0
281.5,145.5,70.0,55.0
279.5,146.5,73.0,54.0
280.5,144.5,72.0,57.0
282.5,145.5,70.0,54.0
282.5,144.5,68.0,54.0
285.5,144.5,66.0,54.0
283.5,144.5,70.0,56.0
283.5,143.5,72.0,58.0
284.5,144.5,70.0,55.0
286.5,143.5,68.0,57.0
283.5,144.5,71.0,57.0
285.5,144.5,69.0,59.0
286.5,142.5,69.0,55.0
285.5,144.5,71.0,55.0
287.5,142.5,69.0,54.0
286.5,142.5,70.0,55.0
288.5,141.5,70.0,55.0
288.5,140.5,70.0,57.0
287.5,142.5,71.0,57.0
285.5,141.5,77.0,60.0
286.5,142.5,79.0,59.0
289.5,142.5,75.0,58.0
289.5,144.5,77.0,58.0
286.5,144.5,81.0,60.0
288.5,145.5,77.0,58.0
290.5,143.5,75.0,59.0
290.5,142.5,78.0,60.0
287.5,142.5,81.0,63.0
287.5,143.5,84.0,63.0
290.5,143.5,83.0,59.0
288.5,142.5,84.0,61.0
290.5,142.5,82.0,63.0
293.5,141.5,79.0,61.0
292.5,142.5,84.0,60.0
293.5,142.5,82.0,63.0
292.5,143.5,84.0,63.0
298.5,145.5,77.0,57.0
300.5,145.5,75.0,63.0
299.5,145.5,79.0,61.0
303.5,145.5,76.0,61.0
301.5,143.5,79.0,65.0
305.5,146.5,73.0,59.0
302.5,144.5,78.0,59.0
304.5,143.5,78.0,59.0
302.5,145.5,81.0,63.0
306.5,145.5,77.0,62.0
305.5,143.5,83.0,63.0
305.5,143.5,81.0,65.0
305.5,143.5,81.0,64.0
306.5,143.5,82.0,67.0
307.5,144.5,82.0,63.0
307.5,144.5,85.0,66.0
308.5,141.5,85.0,65.0
308.5,143.5,86.0,69.0
309.5,142.5,87.0,65.0
313.5,141.5,82.0,70.0
317.5,139.5,78.0,68.0
313.5,136.5,82.0,73.0
318.5,138.5,78.0,67.0
320.5,139.5,76.0,71.0
321.5,141.5,75.0,68.0
318.5,139.5,81.0,70.0
319.5,139.5,79.0,70.0
319.5,136.5,80.0,72.0
325.5,138.5,75.0,69.0
324.5,140.5,78.0,64.0
326.5,141.5,79.0,66.0
323.5,139.5,83.0,66.0
325.5,138.5,83.0,72.0
326.5,141.5,84.0,70.0
326.5,136.5,83.0,73.0
325.5,138.5,85.0,73.0
327.5,142.5,84.0,67.0
327.5,140.5,88.0,71.0
328.5,143.5,87.0,70.0
328.5,140.5,88.0,69.0
330.5,141.5,87.0,72.0
332.5,144.5,85.0,68.0
331.5,143.5,85.0,69.0
331.5,143.5,85.0,70.0
334.5,140.5,85.0,74.0
335.5,140.5,85.0,71.0
333.5,142.5,87.0,75.0
334.5,142.5,87.0,72.0
338.5,144.5,86.0,68.0
339.5,144.5,83.0,73.0
336.5,142.5,87.0,75.0
340.0,142.5,84.0,75.0
340.0,142.5,83.0,72.0
340.0,143.5,87.0,71.0
339.5,140.5,91.0,74.0
340.0,139.5,93.0,72.0
340.0,144.5,80.0,66.0
340.0,144.5,80.0,66.0
340.0,143.5,80.0,66.0
340.0,143.5,80.0,66.0
340.0,143.5,80.0,66.0
340.0,143.5,80.0,66.0
340.0,143.5,80.0,66.0
340.0,141.5,80.0,66.0
340.0,142.5,80.0,66.0
340.0,141.5,80.0,66.0
340.0,141.5,80.0,66.0
340.0,142.5,80.0,66.0
340.0,142.5,80.0,66.0
340.0,142.5,80.0,66.0
340.0,142.5,80.0,66.0
340.0,142.5,80.0,66.0
340.0,142.5,80.0,66.0
340.0,142.5,80.0,66.0
