6.5,166.5,42.0,26.0
87.5,248.5,42.0,23.0
90.5,248.5,43.0,23.0
92.5,246.5,41.0,25.0
92.5,247.5,44.0,23.0
93.5,249.5,44.0,22.0
95.5,248.5,44.0,25.0
96.5,248.5,44.0,26.0
100.5,249.5,43.0,23.0
99.5,249.5,45.0,24.0
100.5,248.5,45.0,24.0
101.5,248.5,45.0,25.0
103.5,249.5,43.0,23.0
105.5,250.5,45.0,23.0
104.5,250.5,46.0,22.0
106.5,249.5,44.0,25.0
108.5,250.5,43.0,23.0
109.5,250.5,44.0,25.0
110.5,251.5,45.0,25.0
111.5,248.5,47.0,27.0
113.5,250.5,45.0,25.0
117.5,251.5,43.0,24.0
116.5,251.5,48.0,24.0
120.5,252.0,44.0,21.0
122.5,252.0,44.0,23.0
122.5,251.5,46.0,25.0
124.5,252.0,46.0,25.0
125.5,251.5,44.0,24.0
126.5,252.0,44.0,25.0
126.5,252.0,47.0,23.0
127.5,252.0,46.0,24.0
127.5,252.0,48.0,25.0
129.5,252.0,46.0,24.0
131.5,252.0,45.0,26.0
132.5,252.0,45.0,25.0
132.5,251.5,46.0,27.0
132.5,252.0,46.0,26.0
134.5,251.5,46.0,27.0
134.5,252.0,47.0,27.0
135.5,252.0,49.0,24.0
136.5,252.0,47.0,26.0
137.5,252.0,46.0,27.0
139.5,252.0,48.0,24.0
141.5,252.0,46.0,25.0
144.5,252.0,43.0,24.0
142.5,251.5,48.0,26.0
144.5,252.0,47.0,24.0
145.5,252.0,48.0,24.0
147.5,252.0,45.0,24.0
148.5,250.5,49.0,28.0
150.5,251.5,47.0,26.0
151.5,250.5,47.0,27.0
152.5,251.5,47.0,25.0
153.5,252.0,48.0,26.0
152.5,251.5,50.0,26.0
153.5,252.0,50.0,25.0
156.5,251.5,47.0,25.0
156.5,251.5,48.0,26.0
158.5,250.5,50.0,26.0
159.5,250.5,49.0,27.0
159.5,251.5,50.0,27.0
158.5,252.0,53.0,28.0
160.5,252.0,50.0,27.0
160.5,252.0,51.0,26.0
161.5,251.5,52.0,27.0
161.5,250.5,51.0,29.0
162.5,252.0,50.0,27.0
161.5,252.0,51.0,26.0
160.5,252.0,54.0,28.0
161.5,252.0,52.0,27.0
161.5,252.0,52.0,23.0
159.5,252.0,55.0,26.0
161.5,252.0,53.0,25.0
163.5,252.0,51.0,24.0
161.5,252.0,53.0,25.0
161.5,252.0,55.0,26.0
160.5,252.0,55.0,25.0
161.5,252.0,55.0,25.0
163.5,252.0,52.0,28.0
161.5,252.0,54.0,24.0
161.5,252.0,56.0,27.0
161.5,252.0,54.0,27.0
161.5,252.0,55.0,27.0
161.5,252.0,55.0,28.0
161.5,252.0,56.0,30.0
160.5,252.0,57.0,28.0
161.5,252.0,57.0,29.0
160.5,252.0,57.0,31.0
161.5,252.0,57.0,28.0
159.5,252.0,59.0,29.0
159.5,252.0,59.0,31.0
158.5,252.0,59.0,33.0
159.5,252.0,58.0,30.0
159.5,252.0,58.0,31.0
160.5,252.0,57.0,29.0
161.5,252.0,57.0,29.0
159.5,252.0,59.0,32.0
159.5,252.0,60.0,32.0
159.5,252.0,60.0,30.0
162.5,252.0,57.0,30.0
160.5,252.0,60.0,31.0
161.5,252.0,58.0,32.0
160.5,252.0,61.0,31.0
160.5,252.0,60.0,31.0
161.5,252.0,60.0,33.0
161.5,252.0,60.0,33.0
159.5,252.0,63.0,32.0
160.5,252.0,62.0,32.0
161.5,252.0,63.0,35.0
161.5,252.0,63.0,36.0
161.5,252.0,65.0,36.0
163.5,252.0,64.0,35.0
163.5,252.0,63.0,34.0
166.5,252.0,62.0,31.0
165.5,252.0,64.0,34.0
166.5,252.0,62.0,35.0
164.5,252.0,64.0,37.0
165.5,252.0,64.0,38.0
167.5,252.0,63.0,34.0
166.5,252.0,65.0,34.0
166.5,252.0,65.0,35.0
167.5,252.0,66.0,36.0
167.5,252.0,68.0,38.0
169.5,252.0,67.0,37.0
171.5,252.0,65.0,38.0
168.5,250.5,69.0,39.0
170.5,250.5,69.0,39.0
172.5,251.5,66.0,37.0
172.5,252.0,69.0,37.0
174.5,250.5,67.0,39.0
172.5,250.5,72.0,40.0
174.5,248.5,72.0,43.0
176.5,248.5,71.0,44.0
174.5,249.5,75.0,43.0
178.5,249.5,72.0,44.0
176.5,248.5,75.0,45.0
177.5,247.5,75.0,46.0
179.5,247.5,75.0,44.0
181.5,247.5,74.0,44.0
181.5,249.5,76.0,44.0
183.5,248.5,74.0,44.0
182.5,250.5,79.0,42.0
180.5,246.5,83.0,46.0
183.5,248.5,82.0,45.0
184.5,247.5,82.0,46.0
186.5,247.5,84.0,46.0
187.5,246.5,84.0,46.0
190.5,249.5,82.0,43.0
189.5,248.5,85.0,44.0
193.5,247.5,84.0,49.0
193.5,246.5,86.0,46.0
193.5,246.5,88.0,49.0
195.5,244.5,88.0,50.0
195.5,245.5,90.0,48.0
196.5,243.5,88.0,50.0
197.5,242.5,90.0,52.0
198.5,245.5,92.0,50.0
199.5,243.5,95.0,53.0
199.5,240.5,99.0,54.0
200.5,244.5,96.0,52.0
204.5,243.5,97.0,50.0
201.5,242.5,102.0,55.0
204.5,244.5,102.0,51.0
205.5,241.5,105.0,56.0
203.5,245.5,108.0,51.0
204.5,241.5,109.0,57.0
204.5,243.5,105.0,50.0
206.5,241.5,105.0,54.0
202.5,243.5,111.0,51.0
203.5,242.5,115.0,56.0
199.5,243.5,120.0,57.0
207.5,242.5,114.0,55.0
201.5,241.5,124.0,56.0
203.5,240.5,124.0,59.0
207.5,241.5,123.0,59.0
207.5,240.5,125.0,60.0
204.5,240.5,128.0,58.0
203.5,239.5,129.0,61.0
201.5,239.5,133.0,61.0
200.5,238.5,137.0,62.0
192.5,235.5,144.0,65.0
196.5,238.5,145.0,63.0
194.5,234.5,150.0,68.0
193.5,234.5,151.0,69.0
190.5,233.5,155.0,72.0
192.5,234.5,154.0,71.0
194.5,232.5,158.0,74.0
195.5,232.5,163.0,73.0
195.5,232.5,169.0,75.0
200.5,231.5,168.0,76.0
203.5,229.5,172.0,76.0
209.5,227.5,175.0,79.0
210.5,228.5,180.0,81.0
209.5,225.5,186.0,81.0
211.5,229.5,185.0,75.0
208.5,224.5,189.0,82.0
209.5,218.5,194.0,90.0
206.5,221.5,198.0,82.0
204.5,218.5,197.0,91.0
199.5,217.5,202.0,87.0
193.5,217.5,210.0,92.0
191.5,215.5,210.0,89.0
182.5,215.5,215.0,91.0
177.5,213.5,226.0,88.0
165.5,211.5,225.0,98.0
158.5,215.5,227.0,93.0
145.5,211.5,237.0,94.0
140.5,209.5,241.0,98.0
140.5,210.5,239.0,94.0
136.5,210.5,245.0,89.0
130.5,207.5,258.0,100.0
131.5,209.5,262.0,98.0
142.5,202.5,255.0,97.0
140.5,203.5,266.0,97.0
144.5,203.5,270.0,100.0
146.5,201.5,275.0,106.0
149.5,196.5,280.0,118.0
152.5,197.5,285.0,106.0
164.5,197.5,275.0,108.0
163.5,199.5,283.0,106.0
170.5,195.5,283.0,109.0
172.5,193.5,289.0,113.0
176.5,190.5,291.0,118.0
182.5,192.5,293.0,114.0
184.5,192.5,293.0,114.0
190.5,190.5,296.0,113.0
196.5,190.5,295.0,114.0
193.5,188.5,302.0,112.0
199.5,190.5,300.0,110.0
209.5,188.5,295.0,111.0
212.5,182.5,296.0,119.0
212.5,180.5,306.0,123.0
221.5,182.5,292.0,114.0
218.5,186.5,303.0,109.0
227.5,179.5,300.0,117.0
228.5,181.5,302.0,115.0
231.5,182.5,300.0,114.0
241.5,183.5,293.0,111.0
244.5,183.5,297.0,112.0
245.5,183.5,299.0,109.0
259.5,181.5,287.0,107.0
258.5,179.5,293.0,110.0
268.5,178.5,288.0,113.0
273.5,179.5,288.0,109.0
285.5,180.5,282.0,109.0
299.5,177.5,278.0,104.0
312.5,178.5,276.0,106.0
326.5,181.5,280.0,105.0
338.5,181.5,281.0,101.0
366.5,180.5,269.0,101.0
384.5,180.5,270.0,102.0
407.5,180.5,270.0,102.0
