143.5,125.5,30.0,54.0
222.5,204.5,31.0,53.0
222.5,202.5,31.0,54.0
223.5,202.5,30.0,59.0
222.5,205.5,32.0,54.0
222.5,204.5,31.0,55.0
224.5,207.5,30.0,50.0
222.5,205.5,30.0,52.0
223.5,206.5,30.0,53.0
223.5,205.5,31.0,53.0
222.5,203.5,32.0,55.0
222.5,205.5,32.0,53.0
223.5,208.5,30.0,50.0
225.5,207.5,26.0,50.0
222.5,205.5,31.0,54.0
222.5,204.5,31.0,52.0
222.5,199.5,32.0,60.0
222.5,200.5,31.0,57.0
219.5,199.5,36.0,64.0
219.5,198.5,35.0,70.0
218.5,197.5,36.0,70.0
219.5,200.5,37.0,73.0
220.5,197.5,38.0,73.0
222.5,194.5,38.0,77.0
219.5,193.5,38.0,78.0
218.5,195.5,39.0,80.0
216.5,194.5,40.0,81.0
217.5,194.5,42.0,80.0
218.5,190.5,42.0,89.0
216.5,191.5,44.0,87.0
217.5,191.5,44.0,91.0
217.5,193.5,45.0,88.0
217.5,192.5,47.0,92.0
217.5,192.5,46.0,93.0
216.5,193.5,47.0,92.0
216.5,192.5,46.0,91.0
215.5,194.5,47.0,93.0
215.5,196.5,46.0,87.0
215.5,199.5,44.0,82.0
213.5,202.5,41.0,78.0
212.5,205.5,40.0,73.0
211.5,207.5,39.0,70.0
211.5,208.5,38.0,66.0
210.5,209.5,35.0,62.0
208.5,208.5,35.0,59.0
211.5,203.5,33.0,62.0
213.5,204.5,32.0,59.0
215.5,205.5,32.0,57.0
218.5,206.5,31.0,57.0
224.5,207.5,29.0,56.0
228.5,204.5,30.0,59.0
230.5,206.5,31.0,56.0
236.5,205.5,29.0,59.0
233.5,207.5,33.0,61.0
229.5,209.5,34.0,59.0
228.5,208.5,31.0,59.0
226.5,207.5,32.0,59.0
225.5,210.5,31.0,61.0
220.5,211.5,34.0,61.0
217.5,216.5,37.0,61.0
217.5,218.5,36.0,60.0
214.5,219.5,42.0,61.0
217.5,215.5,37.0,67.0
216.5,213.5,43.0,67.0
218.5,209.5,38.0,77.0
217.5,206.5,42.0,74.0
215.5,205.5,44.0,76.0
215.5,203.5,43.0,77.0
215.5,199.5,41.0,80.0
216.5,189.5,44.0,98.0
218.5,187.5,44.0,86.0
222.5,173.5,41.0,88.0
220.5,166.5,48.0,89.0
220.5,160.5,47.0,92.0
218.5,149.5,55.0,96.0
215.5,143.5,49.0,101.0
207.5,145.5,51.0,99.0
199.5,154.5,48.0,97.0
193.5,160.5,49.0,98.0
179.5,177.5,49.0,104.0
173.5,191.5,49.0,103.0
171.5,204.5,50.0,97.0
179.5,214.5,51.0,100.0
183.5,220.0,55.0,92.0
195.5,220.0,56.0,84.0
206.5,220.0,56.0,75.0
220.5,220.0,54.0,67.0
227.5,220.0,54.0,67.0
234.5,220.0,52.0,64.0
241.5,220.0,44.0,69.0
241.5,220.0,46.0,81.0
238.5,220.0,45.0,80.0
239.5,218.5,37.0,74.0
236.5,214.5,36.0,67.0
231.5,208.5,37.0,65.0
226.5,201.5,33.0,57.0
216.5,198.5,39.0,60.0
210.5,195.5,32.0,63.0
198.5,202.5,40.0,62.0
195.5,203.5,34.0,67.0
195.5,208.5,33.0,64.0
197.5,209.5,33.0,64.0
202.5,211.5,31.0,60.0
207.5,210.5,31.0,64.0
211.5,207.5,34.0,69.0
217.5,208.5,35.0,66.0
222.5,208.5,35.0,58.0
227.5,204.5,32.0,60.0
230.5,201.5,35.0,57.0
234.5,198.5,35.0,62.0
233.5,196.5,32.0,61.0
233.5,193.5,33.0,58.0
234.5,193.5,30.0,58.0
229.5,190.5,33.0,60.0
226.5,193.5,32.0,53.0
220.5,197.5,32.0,54.0
213.5,194.5,34.0,58.0
209.5,197.5,38.0,60.0
208.5,201.5,43.0,58.0
206.5,208.5,46.0,60.0
205.5,204.5,49.0,60.0
205.5,203.5,52.0,60.0
211.5,206.5,41.0,62.0
215.5,198.5,36.0,66.0
213.5,202.5,40.0,58.0
211.5,197.5,44.0,65.0
209.5,192.5,44.0,67.0
209.5,191.5,41.0,65.0
208.5,192.5,38.0,60.0
213.5,193.5,32.0,61.0
212.5,191.5,34.0,59.0
214.5,190.5,31.0,61.0
218.5,188.5,32.0,65.0
214.5,188.5,37.0,61.0
209.5,185.5,39.0,58.0
212.5,184.5,35.0,63.0
210.5,182.5,36.0,71.0
207.5,185.5,37.0,62.0
209.5,189.5,36.0,59.0
204.5,186.5,39.0,68.0
210.5,187.5,33.0,58.0
209.5,188.5,40.0,63.0
207.5,184.5,38.0,67.0
213.5,188.5,31.0,66.0
213.5,185.5,34.0,67.0
215.5,183.5,31.0,69.0
212.5,184.5,37.0,75.0
212.5,185.5,32.0,66.0
210.5,186.5,37.0,67.0
206.5,188.5,38.0,63.0
201.5,187.5,40.0,60.0
193.5,190.5,56.0,54.0
187.5,194.5,67.0,47.0
182.5,193.5,70.0,41.0
184.5,190.5,75.0,43.0
182.5,179.5,57.0,60.0
176.5,179.5,69.0,59.0
182.5,174.5,59.0,58.0
192.5,179.5,57.0,65.0
196.5,180.5,56.0,61.0
203.5,185.5,49.0,61.0
202.5,180.5,54.0,70.0
208.5,174.5,39.0,71.0
211.5,178.5,35.0,70.0
213.5,190.5,35.0,63.0
216.5,189.5,37.0,61.0
212.5,190.5,37.0,63.0
209.5,192.5,42.0,69.0
211.5,194.5,41.0,64.0
212.5,194.5,41.0,64.0
208.5,197.5,46.0,67.0
208.5,199.5,40.0,62.0
204.5,197.5,47.0,70.0
205.5,196.5,47.0,75.0
204.5,197.5,47.0,75.0
207.5,203.5,43.0,73.0
206.5,204.5,43.0,75.0
205.5,206.5,44.0,77.0
211.5,206.5,43.0,69.0
215.5,203.5,45.0,72.0
221.5,204.5,43.0,75.0
224.5,204.5,44.0,72.0
230.5,205.5,39.0,70.0
229.5,204.5,38.0,67.0
229.5,204.5,36.0,63.0
226.5,201.5,41.0,71.0
229.5,204.5,40.0,70.0
228.5,204.5,39.0,69.0
230.5,203.5,40.0,66.0
233.5,204.5,42.0,70.0
231.5,203.5,44.0,67.0
233.5,205.5,42.0,65.0
238.5,205.5,38.0,63.0
243.5,203.5,36.0,65.0
247.5,201.5,38.0,67.0
249.5,206.5,41.0,69.0
251.5,207.5,41.0,63.0
256.5,213.5,43.0,70.0
262.5,210.5,42.0,68.0
265.5,213.5,44.0,73.0
271.5,212.5,41.0,77.0
275.5,212.5,41.0,77.0
278.5,217.5,39.0,75.0
276.5,215.5,43.0,77.0
273.5,217.5,45.0,78.0
274.5,212.5,45.0,78.0
276.5,212.5,48.0,85.0
277.5,208.5,49.0,88.0
276.5,198.5,52.0,99.0
272.5,186.5,57.0,104.0
272.5,177.5,54.0,99.0
271.5,169.5,59.0,93.0
267.5,157.5,63.0,103.0
264.5,149.5,66.0,106.0
262.5,138.5,68.0,112.0
261.5,134.5,68.0,112.0
261.5,125.5,66.0,117.0
252.5,117.5,76.0,127.0
246.5,117.5,76.0,127.0
239.5,120.5,79.0,127.0
227.5,115.5,77.0,132.0
213.5,109.5,77.0,144.0
200.5,115.5,70.0,124.0
182.5,112.5,66.0,138.0
156.5,112.5,79.0,133.0
140.5,106.5,77.0,131.0
137.5,117.5,67.0,131.0
121.5,119.5,74.0,130.0
122.5,125.5,66.0,133.0
119.5,136.5,68.0,125.0
118.5,138.5,71.0,125.0
126.5,147.5,60.0,115.0
127.5,154.5,64.0,115.0
129.5,156.5,60.0,104.0
140.5,165.5,54.0,94.0
149.5,166.5,48.0,98.0
153.5,174.5,53.0,85.0
160.5,171.5,47.0,84.0
162.5,177.5,43.0,77.0
171.5,178.5,40.0,75.0
176.5,182.5,43.0,75.0
179.5,183.5,40.0,71.0
184.5,196.5,38.0,60.0
190.5,201.5,33.0,59.0
192.5,201.5,42.0,59.0
200.5,201.5,30.0,61.0
200.5,202.5,38.0,58.0
202.5,203.5,35.0,60.0
203.5,202.5,31.0,58.0
209.5,208.5,28.0,49.0
208.5,206.5,27.0,49.0
208.5,204.5,26.0,48.0
209.5,205.5,25.0,46.0
208.5,202.5,27.0,49.0
206.5,201.5,27.0,43.0
206.5,201.5,24.0,41.0
207.5,197.5,23.0,38.0
205.5,196.5,23.0,39.0
205.5,195.5,21.0,37.0
207.5,195.5,21.0,40.0
208.5,192.5,19.0,36.0
208.5,193.5,21.0,37.0
212.5,190.5,22.0,37.0
213.5,194.5,17.0,30.0
214.5,191.5,20.0,32.0
216.5,192.5,19.0,35.0
215.5,193.5,19.0,28.0
216.5,191.5,17.0,34.0
219.5,193.5,17.0,31.0
217.5,193.5,19.0,30.0
221.5,196.5,15.0,27.0
222.5,195.5,21.0,30.0
224.5,192.5,16.0,32.0
223.5,192.5,19.0,27.0
223.5,188.5,17.0,30.0
219.5,185.5,21.0,29.0
218.5,184.5,19.0,32.0
214.5,186.5,16.0,30.0
212.5,189.5,18.0,29.0
211.5,193.5,18.0,27.0
209.5,192.5,18.0,29.0
209.5,195.5,18.0,33.0
206.5,194.5,21.0,39.0
205.5,203.5,23.0,36.0
204.5,206.5,23.0,39.0
204.5,209.5,31.0,46.0
209.5,213.5,26.0,44.0
211.5,218.5,25.0,46.0
211.5,219.5,26.0,44.0
214.5,218.5,26.0,48.0
217.5,220.0,27.0,50.0
214.5,218.5,31.0,49.0
217.5,212.5,28.0,55.0
217.5,208.5,29.0,58.0
208.5,210.5,34.0,56.0
208.5,208.5,32.0,60.0
206.5,209.5,34.0,62.0
206.5,210.5,34.0,59.0
204.5,205.5,39.0,64.0
204.5,212.5,33.0,66.0
201.5,211.5,37.0,71.0
202.5,215.5,34.0,66.0
201.5,214.5,38.0,65.0
199.5,216.5,43.0,63.0
202.5,217.5,39.0,73.0
204.5,217.5,40.0,71.0
205.5,218.5,42.0,64.0
205.5,218.5,39.0,64.0
206.5,217.5,36.0,72.0
207.5,216.5,36.0,69.0
203.5,218.5,39.0,75.0
204.5,219.5,40.0,71.0
209.5,211.5,33.0,73.0
211.5,213.5,36.0,69.0
214.5,214.5,34.0,69.0
218.5,213.5,35.0,68.0
221.5,220.0,32.0,67.0
224.5,220.0,39.0,70.0
226.5,220.0,37.0,64.0
225.5,220.0,38.0,64.0
227.5,220.0,34.0,60.0
229.5,220.0,34.0,68.0
228.5,220.0,37.0,70.0
229.5,220.0,35.0,72.0
230.5,220.0,35.0,70.0
231.5,220.0,37.0,64.0
232.5,220.0,37.0,64.0
233.5,220.0,34.0,70.0
232.5,220.0,34.0,67.0
243.5,202.5,28.0,54.0
244.5,205.5,29.0,53.0
244.5,207.5,28.0,57.0
245.5,209.5,34.0,56.0
247.5,206.5,29.0,57.0
245.5,207.5,31.0,57.0
244.5,209.5,31.0,60.0
242.5,213.5,30.0,52.0
237.5,211.5,31.0,60.0
235.5,214.5,30.0,51.0
230.5,209.5,29.0,53.0
231.5,209.5,25.0,46.0
227.5,210.5,26.0,44.0
223.5,209.5,29.0,45.0
224.5,207.5,25.0,43.0
221.5,204.5,26.0,39.0
223.5,201.5,20.0,40.0
219.5,199.5,25.0,40.0
219.5,193.5,21.0,39.0
221.5,194.5,19.0,37.0
220.5,189.5,19.0,41.0
222.5,198.5,15.0,36.0
220.5,192.5,16.0,33.0
219.5,194.5,12.0,31.0
220.5,192.5,12.0,31.0
219.5,196.5,10.0,28.0
218.5,197.5,15.0,28.0
220.5,198.5,12.0,26.0
218.5,195.5,11.0,25.0
217.5,196.5,11.0,26.0
218.5,196.5,12.0,28.0
217.5,200.5,19.0,29.0
218.5,201.5,19.0,31.0
216.5,203.5,23.0,37.0
217.5,206.5,25.0,35.0
217.5,208.5,24.0,40.0
218.5,212.5,25.0,47.0
218.5,212.5,26.0,44.0
219.5,215.5,27.0,45.0
216.5,213.5,26.0,49.0
213.5,212.5,30.0,50.0
213.5,208.5,31.0,59.0
212.5,207.5,32.0,52.0
211.5,208.5,28.0,55.0
209.5,205.5,32.0,54.0
209.5,207.5,32.0,51.0
209.5,208.5,34.0,53.0
211.5,208.5,36.0,55.0
210.5,211.5,39.0,61.0
210.5,209.5,41.0,71.0
213.5,211.5,37.0,65.0
214.5,217.5,43.0,71.0
215.5,218.5,42.0,72.0
215.5,216.5,41.0,67.0
213.5,212.5,42.0,72.0
209.5,212.5,42.0,70.0
205.5,208.5,41.0,75.0
198.5,214.5,46.0,72.0
195.5,209.5,44.0,82.0
196.5,213.5,43.0,79.0
194.5,212.5,44.0,77.0
196.5,213.5,39.0,82.0
190.5,216.5,44.0,82.0
189.5,220.0,41.0,71.0
198.5,220.0,41.0,71.0
197.5,220.0,43.0,69.0
201.5,220.0,47.0,73.0
211.5,220.0,43.0,67.0
219.5,220.0,43.0,63.0
224.5,219.5,42.0,66.0
231.5,218.5,38.0,68.0
230.5,211.5,42.0,71.0
229.5,204.5,43.0,76.0
229.5,203.5,39.0,75.0
229.5,199.5,39.0,75.0
224.5,195.5,37.0,67.0
219.5,192.5,35.0,70.0
213.5,192.5,36.0,74.0
202.5,194.5,39.0,78.0
199.5,200.5,42.0,78.0
193.5,203.5,40.0,66.0
195.5,199.5,38.0,71.0
196.5,200.5,37.0,70.0
192.5,200.5,39.0,70.0
197.5,205.5,35.0,62.0
198.5,204.5,39.0,62.0
201.5,199.5,40.0,68.0
210.5,197.5,40.0,71.0
215.5,195.5,45.0,74.0
224.5,190.5,44.0,70.0
235.5,191.5,42.0,71.0
242.5,189.5,39.0,65.0
247.5,182.5,38.0,71.0
252.5,184.5,37.0,63.0
256.5,183.5,35.0,58.0
261.5,182.5,35.0,57.0
268.5,179.5,30.0,60.0
270.5,178.5,31.0,55.0
272.5,176.5,32.0,57.0
273.5,182.5,30.0,53.0
275.5,185.5,27.0,55.0
272.5,192.5,28.0,52.0
273.5,197.5,28.0,51.0
268.5,196.5,29.0,55.0
269.5,200.5,29.0,51.0
268.5,204.5,28.0,57.0
263.5,204.5,30.0,57.0
263.5,198.5,30.0,58.0
260.5,192.5,33.0,62.0
259.5,189.5,31.0,63.0
253.5,191.5,34.0,63.0
246.5,187.5,36.0,68.0
243.5,185.5,37.0,66.0
235.5,195.5,35.0,56.0
225.5,196.5,36.0,64.0
219.5,199.5,43.0,71.0
220.5,198.5,35.0,74.0
221.5,200.5,38.0,63.0
220.5,199.5,42.0,72.0
222.5,200.5,40.0,79.0
220.5,202.5,47.0,76.0
227.5,201.5,41.0,78.0
229.5,201.5,42.0,77.0
229.5,201.5,40.0,85.0
228.5,200.5,41.0,78.0
227.5,196.5,44.0,83.0
228.5,194.5,41.0,79.0
224.5,187.5,41.0,83.0
223.5,188.5,39.0,79.0
220.5,184.5,45.0,83.0
221.5,184.5,43.0,83.0
220.5,188.5,42.0,82.0
219.5,194.5,43.0,81.0
219.5,198.5,42.0,85.0
220.5,200.5,46.0,78.0
221.5,210.5,47.0,77.0
225.5,212.5,42.0,67.0
226.5,205.5,46.0,78.0
227.5,208.5,45.0,74.0
226.5,209.5,49.0,77.0
229.5,212.5,47.0,75.0
232.5,216.5,48.0,75.0
231.5,216.5,45.0,74.0
