276.5,161.5,73.0,74.0
360.5,243.5,71.0,73.0
363.5,242.5,71.0,72.0
366.5,245.5,72.0,68.0
368.5,242.5,73.0,71.0
371.5,244.5,75.0,69.0
374.5,242.5,75.0,69.0
379.5,243.5,73.0,68.0
381.5,246.5,74.0,66.0
385.5,246.5,72.0,66.0
387.5,244.5,74.0,68.0
390.5,242.5,73.0,71.0
393.5,241.5,71.0,69.0
395.5,235.5,71.0,69.0
396.5,229.5,68.0,69.0
395.5,224.5,72.0,69.0
396.5,223.5,71.0,68.0
396.5,222.5,71.0,63.0
395.5,226.5,70.0,62.0
397.5,230.5,70.0,62.0
396.5,235.5,68.0,62.0
392.5,236.5,70.0,62.0
396.5,232.5,67.0,68.0
390.5,235.5,72.0,62.0
393.5,239.5,69.0,61.0
394.5,237.5,67.0,62.0
393.5,238.5,70.0,62.0
393.5,240.5,68.0,62.0
391.5,241.5,71.0,65.0
390.5,249.5,72.0,60.0
391.5,247.5,69.0,67.0
390.5,248.5,70.0,66.0
388.5,247.5,71.0,72.0
387.5,248.5,73.0,68.0
389.5,249.5,72.0,65.0
386.5,248.5,73.0,68.0
385.5,247.5,73.0,65.0
383.5,250.5,72.0,64.0
386.5,248.5,71.0,68.0
383.5,251.5,72.0,68.0
383.5,255.5,72.0,65.0
383.5,254.5,72.0,69.0
381.5,256.5,73.0,65.0
382.5,255.5,72.0,69.0
385.5,257.5,71.0,71.0
387.5,257.5,71.0,74.0
383.5,259.5,74.0,69.0
383.5,254.5,72.0,73.0
387.5,257.5,69.0,74.0
385.5,255.5,68.0,70.0
385.5,254.5,70.0,74.0
386.5,257.5,64.0,74.0
385.5,259.5,70.0,71.0
385.5,260.5,68.0,69.0
385.5,259.5,67.0,67.0
384.5,260.5,67.0,67.0
383.5,259.5,70.0,69.0
385.5,261.5,67.0,70.0
383.5,263.5,69.0,72.0
381.5,262.5,73.0,71.0
382.5,262.5,73.0,69.0
381.5,264.5,74.0,70.0
383.5,265.5,72.0,68.0
386.5,264.5,70.0,70.0
384.5,262.5,73.0,67.0
386.5,259.5,72.0,68.0
385.5,256.5,75.0,68.0
388.5,255.5,73.0,70.0
386.5,255.5,78.0,72.0
386.5,262.5,76.0,69.0
387.5,260.5,77.0,71.0
386.5,272.5,75.0,71.0
383.5,276.5,79.0,68.0
385.5,283.5,77.0,67.0
386.5,280.5,76.0,70.0
384.5,281.5,75.0,68.0
384.5,280.5,75.0,68.0
380.5,281.5,76.0,69.0
380.5,282.5,76.0,69.0
378.5,286.5,78.0,70.0
374.5,288.5,80.0,72.0
374.5,289.5,79.0,73.0
373.5,291.5,81.0,74.0
371.5,294.5,79.0,73.0
370.5,296.5,82.0,72.0
371.5,294.5,80.0,81.0
371.5,292.5,78.0,79.0
371.5,292.5,79.0,76.0
368.5,287.5,80.0,79.0
370.5,286.5,79.0,74.0
368.5,281.5,81.0,80.0
368.5,284.5,79.0,76.0
369.5,283.5,77.0,75.0
370.5,279.5,79.0,79.0
370.5,278.5,79.0,80.0
368.5,277.5,77.0,78.0
368.5,278.5,80.0,77.0
367.5,273.5,79.0,80.0
372.5,278.5,75.0,75.0
372.5,278.5,79.0,76.0
374.5,275.5,76.0,80.0
370.5,278.5,82.0,78.0
373.5,275.5,78.0,78.0
371.5,276.5,82.0,79.0
375.5,278.5,76.0,76.0
376.5,276.5,77.0,79.0
374.5,275.5,79.0,77.0
376.5,276.5,79.0,75.0
376.5,274.5,79.0,78.0
374.5,275.5,81.0,75.0
376.5,274.5,80.0,76.0
375.5,271.5,81.0,78.0
375.5,272.5,80.0,78.0
374.5,273.5,82.0,75.0
374.5,272.5,79.0,76.0
376.5,270.5,78.0,78.0
375.5,272.5,79.0,75.0
374.5,273.5,80.0,77.0
375.5,275.5,80.0,74.0
376.5,273.5,80.0,75.0
375.5,273.5,81.0,74.0
375.5,273.5,84.0,75.0
377.5,273.5,79.0,74.0
375.5,271.5,82.0,77.0
377.5,273.5,79.0,73.0
376.5,271.5,81.0,76.0
376.5,272.5,79.0,76.0
374.5,271.5,80.0,77.0
375.5,272.5,80.0,76.0
377.5,272.5,79.0,77.0
376.5,274.5,79.0,73.0
376.5,271.5,80.0,76.0
376.5,272.5,80.0,75.0
376.5,272.5,79.0,72.0
378.5,269.5,79.0,73.0
375.5,267.5,81.0,76.0
375.5,267.5,80.0,78.0
374.5,265.5,81.0,79.0
375.5,264.5,81.0,77.0
375.5,264.5,79.0,76.0
376.5,264.5,79.0,77.0
376.5,262.5,78.0,79.0
377.5,264.5,78.0,74.0
375.5,260.5,80.0,79.0
373.5,260.5,81.0,78.0
374.5,259.5,79.0,77.0
372.5,260.5,80.0,74.0
374.5,257.5,78.0,78.0
374.5,258.5,78.0,75.0
373.5,256.5,81.0,76.0
376.5,257.5,80.0,77.0
374.5,256.5,79.0,78.0
375.5,259.5,77.0,75.0
373.5,254.5,80.0,81.0
375.5,257.5,78.0,80.0
376.5,258.5,76.0,78.0
379.5,257.5,74.0,79.0
376.5,260.5,77.0,78.0
376.5,261.5,76.0,77.0
374.5,258.5,80.0,81.0
375.5,260.5,79.0,79.0
378.5,258.5,75.0,81.0
374.5,258.5,79.0,85.0
375.5,258.5,78.0,82.0
380.5,262.5,73.0,78.0
376.5,257.5,76.0,83.0
379.5,258.5,73.0,81.0
377.5,262.5,73.0,73.0
380.5,261.5,74.0,78.0
378.5,260.5,77.0,80.0
374.5,258.5,71.0,74.0
374.5,258.5,80.0,75.0
372.5,257.5,80.0,75.0
374.5,259.5,79.0,77.0
371.5,259.5,82.0,76.0
374.5,262.5,76.0,73.0
372.5,263.5,78.0,75.0
374.5,264.5,75.0,71.0
372.5,264.5,79.0,77.0
372.5,266.5,77.0,70.0
371.5,271.5,78.0,68.0
371.5,270.5,79.0,71.0
372.5,275.5,80.0,66.0
371.5,273.5,79.0,71.0
371.5,279.5,78.0,62.0
374.5,278.5,80.0,66.0
370.5,278.5,80.0,63.0
372.5,278.5,76.0,61.0
374.5,280.5,79.0,62.0
373.5,275.5,80.0,66.0
373.5,278.5,79.0,61.0
374.5,280.5,76.0,63.0
372.5,273.5,81.0,64.0
375.5,275.5,75.0,60.0
372.5,273.5,77.0,58.0
375.5,274.5,77.0,61.0
376.5,275.5,76.0,57.0
375.5,274.5,80.0,65.0
377.5,278.5,77.0,60.0
379.5,276.5,78.0,64.0
376.5,274.5,81.0,67.0
381.5,277.5,76.0,63.0
380.5,271.5,82.0,72.0
381.5,272.5,81.0,71.0
382.5,273.5,79.0,71.0
382.5,276.5,84.0,71.0
380.5,273.5,85.0,75.0
381.5,272.5,82.0,73.0
377.5,271.5,86.0,76.0
380.5,272.5,82.0,71.0
376.5,270.5,88.0,73.0
377.5,276.5,84.0,74.0
374.5,275.5,86.0,72.0
376.5,269.5,84.0,76.0
373.5,272.5,88.0,74.0
370.5,269.5,89.0,77.0
371.5,267.5,88.0,76.0
370.5,270.5,89.0,74.0
367.5,269.5,93.0,71.0
364.5,264.5,96.0,74.0
369.5,269.5,93.0,67.0
363.5,256.5,93.0,79.0
364.5,249.5,92.0,79.0
363.5,245.5,97.0,86.0
362.5,240.5,93.0,90.0
363.5,243.5,90.0,82.0
365.5,250.5,93.0,80.0
365.5,253.5,92.0,77.0
365.5,251.5,92.0,79.0
362.5,255.5,98.0,73.0
365.5,249.5,99.0,88.0
360.5,252.5,102.0,78.0
360.5,251.5,105.0,81.0
364.5,255.5,99.0,66.0
360.5,255.5,105.0,67.0
367.5,250.5,98.0,72.0
364.5,249.5,101.0,72.0
362.5,242.5,101.0,77.0
363.5,234.5,96.0,74.0
362.5,234.5,101.0,78.0
365.5,231.5,94.0,75.0
365.5,228.5,94.0,83.0
360.5,228.5,98.0,84.0
363.5,225.5,99.0,83.0
361.5,226.5,102.0,86.0
354.5,224.5,102.0,83.0
357.5,225.5,101.0,86.0
353.5,217.5,109.0,94.0
366.5,223.5,100.0,86.0
357.5,219.5,107.0,91.0
360.5,224.5,100.0,86.0
353.5,223.5,110.0,88.0
359.5,223.5,103.0,89.0
352.5,221.5,112.0,90.0
360.5,220.5,107.0,87.0
364.5,213.5,101.0,98.0
368.5,216.5,91.0,91.0
363.5,217.5,102.0,94.0
361.5,222.5,102.0,90.0
362.5,216.5,103.0,94.0
365.5,218.5,97.0,100.0
363.5,218.5,96.0,89.0
362.5,222.5,94.0,94.0
362.5,225.5,95.0,88.0
373.5,223.5,84.0,90.0
371.5,229.5,81.0,88.0
374.5,233.5,77.0,85.0
372.5,235.5,81.0,86.0
367.5,235.5,90.0,87.0
370.5,244.5,88.0,82.0
375.5,247.5,83.0,85.0
372.5,249.5,85.0,78.0
377.5,247.5,81.0,81.0
376.5,247.5,77.0,83.0
378.5,250.5,78.0,81.0
374.5,246.5,82.0,84.0
374.5,249.5,78.0,83.0
377.5,251.5,77.0,85.0
376.5,254.5,76.0,79.0
375.5,250.5,74.0,85.0
373.5,253.5,76.0,78.0
372.5,247.5,77.0,86.0
375.5,252.5,74.0,80.0
372.5,251.5,81.0,84.0
373.5,248.5,81.0,79.0
373.5,249.5,77.0,70.0
374.5,251.5,78.0,65.0
375.5,247.5,77.0,66.0
374.5,252.5,76.0,59.0
375.5,247.5,78.0,62.0
376.5,253.5,75.0,53.0
375.5,250.5,74.0,60.0
376.5,249.5,75.0,60.0
372.5,246.5,76.0,60.0
374.5,241.5,77.0,68.0
373.5,240.5,77.0,76.0
371.5,243.5,82.0,62.0
371.5,230.5,81.0,78.0
371.5,235.5,82.0,75.0
368.5,235.5,87.0,73.0
365.5,232.5,85.0,73.0
363.5,232.5,88.0,79.0
364.5,229.5,86.0,80.0
358.5,229.5,97.0,83.0
355.5,226.5,87.0,87.0
360.5,228.5,87.0,87.0
358.5,229.5,88.0,93.0
355.5,230.5,89.0,93.0
359.5,226.5,86.0,97.0
358.5,226.5,86.0,96.0
352.5,224.5,95.0,94.0
359.5,227.5,88.0,95.0
362.5,227.5,85.0,79.0
359.5,227.5,85.0,80.0
356.5,220.5,89.0,91.0
353.5,220.5,97.0,94.0
354.5,215.5,87.0,89.0
354.5,212.5,79.0,88.0
352.5,213.5,86.0,86.0
345.5,206.5,91.0,90.0
349.5,215.5,88.0,85.0
352.5,208.5,86.0,78.0
350.5,210.5,87.0,83.0
351.5,206.5,87.0,81.0
351.5,210.5,90.0,84.0
349.5,209.5,87.0,85.0
350.5,212.5,89.0,84.0
349.5,208.5,90.0,89.0
358.5,211.5,79.0,82.0
360.5,205.5,78.0,87.0
359.5,207.5,87.0,90.0
359.5,209.5,84.0,87.0
358.5,210.5,85.0,88.0
355.5,208.5,87.0,84.0
361.5,211.5,80.0,83.0
359.5,211.5,87.0,90.0
363.5,216.5,78.0,83.0
364.5,217.5,84.0,81.0
361.5,216.5,83.0,83.0
363.5,220.5,84.0,84.0
365.5,222.5,79.0,83.0
365.5,225.5,79.0,82.0
365.5,226.5,80.0,83.0
368.5,229.5,80.0,84.0
363.5,224.5,81.0,87.0
364.5,225.5,81.0,90.0
366.5,229.5,76.0,84.0
366.5,230.5,81.0,84.0
370.5,235.5,78.0,81.0
371.5,237.5,79.0,78.0
374.5,239.5,75.0,80.0
374.5,242.5,77.0,76.0
373.5,243.5,80.0,78.0
372.5,245.5,83.0,83.0
371.5,250.5,83.0,76.0
372.5,251.5,83.0,74.0
373.5,252.5,85.0,76.0
376.5,255.5,76.0,69.0
374.5,253.5,83.0,72.0
378.5,251.5,75.0,75.0
369.5,250.5,88.0,78.0
370.5,251.5,86.0,77.0
365.5,250.5,89.0,72.0
368.5,253.5,87.0,72.0
369.5,250.5,85.0,75.0
370.5,254.5,84.0,72.0
368.5,253.5,85.0,74.0
370.5,257.5,86.0,69.0
369.5,258.5,84.0,72.0
372.5,261.5,81.0,66.0
376.5,266.5,79.0,60.0
374.5,264.5,78.0,68.0
375.5,264.5,80.0,69.0
374.5,268.5,77.0,69.0
372.5,271.5,82.0,72.0
370.5,271.5,84.0,71.0
376.5,274.5,78.0,69.0
374.5,273.5,78.0,75.0
375.5,276.5,78.0,73.0
375.5,280.5,78.0,71.0
375.5,279.5,77.0,75.0
375.5,281.5,76.0,73.0
376.5,282.5,77.0,76.0
377.5,285.5,76.0,73.0
376.5,288.5,76.0,72.0
376.5,289.5,77.0,66.0
370.5,284.5,79.0,78.0
372.5,286.5,78.0,72.0
372.5,286.5,80.0,72.0
370.5,281.5,81.0,79.0
370.5,285.5,84.0,70.0
371.5,284.5,85.0,76.0
367.5,280.5,90.0,81.0
372.5,282.5,83.0,77.0
372.5,284.5,87.0,74.0
371.5,289.5,88.0,68.0
374.5,285.5,85.0,73.0
368.5,289.5,91.0,82.0
375.5,296.5,80.0,71.0
374.5,293.5,81.0,70.0
371.5,294.5,78.0,69.0
369.5,291.5,84.0,68.0
374.5,284.5,82.0,78.0
372.5,282.5,86.0,77.0
366.5,277.5,88.0,73.0
367.5,283.5,84.0,80.0
364.5,280.5,89.0,83.0
364.5,273.5,86.0,84.0
359.5,280.5,91.0,79.0
353.5,278.5,98.0,80.0
356.5,279.5,89.0,81.0
358.5,275.5,89.0,79.0
355.5,272.5,97.0,87.0
355.5,273.5,95.0,78.0
354.5,273.5,96.0,75.0
351.5,267.5,95.0,83.0
353.5,269.5,94.0,77.0
350.5,262.5,97.0,78.0
353.5,253.5,95.0,84.0
349.5,256.5,98.0,80.0
347.5,253.5,100.0,82.0
347.5,248.5,101.0,82.0
346.5,248.5,102.0,76.0
349.5,240.5,97.0,82.0
345.5,232.5,98.0,82.0
346.5,228.5,99.0,91.0
340.5,225.5,107.0,86.0
346.5,218.5,97.0,93.0
346.5,217.5,96.0,89.0
349.5,217.5,92.0,89.0
348.5,210.5,92.0,93.0
346.5,203.5,93.0,86.0
348.5,207.5,93.0,86.0
348.5,206.5,90.0,84.0
352.5,203.5,88.0,87.0
349.5,206.5,86.0,89.0
347.5,203.5,94.0,94.0
350.5,216.5,82.0,80.0
348.5,213.5,81.0,86.0
349.5,222.5,76.0,79.0
350.5,222.5,83.0,75.0
349.5,225.5,82.0,77.0
348.5,226.5,86.0,77.0
353.5,225.5,76.0,77.0
357.5,227.5,76.0,84.0
357.5,237.5,75.0,78.0
357.5,236.5,78.0,80.0
361.5,237.5,75.0,84.0
355.5,240.5,85.0,83.0
357.5,238.5,83.0,88.0
359.5,250.5,79.0,76.0
361.5,250.5,83.0,80.0
362.5,256.5,82.0,77.0
365.5,257.5,82.0,80.0
370.5,268.5,75.0,74.0
365.5,266.5,84.0,72.0
364.5,266.5,86.0,77.0
366.5,271.5,84.0,73.0
365.5,271.5,84.0,70.0
367.5,270.5,83.0,78.0
369.5,270.5,86.0,80.0
368.5,271.5,86.0,86.0
367.5,269.5,86.0,85.0
367.5,267.5,89.0,87.0
363.5,269.5,96.0,88.0
365.5,271.5,89.0,95.0
361.5,268.5,100.0,89.0
366.5,269.5,94.0,88.0
366.5,269.5,95.0,84.0
366.5,266.5,98.0,93.0
365.5,267.5,98.0,81.0
367.5,267.5,94.0,85.0
370.5,267.5,95.0,91.0
370.5,267.5,96.0,86.0
370.5,266.5,97.0,87.0
372.5,262.5,92.0,97.0
368.5,263.5,99.0,93.0
367.5,261.5,97.0,91.0
369.5,261.5,98.0,97.0
364.5,264.5,103.0,105.0
366.5,260.5,101.0,103.0
364.5,265.5,99.0,95.0
365.5,264.5,101.0,104.0
366.5,264.5,98.0,101.0
363.5,268.5,102.0,103.0
364.5,268.5,101.0,102.0
366.5,266.5,101.0,101.0
366.5,266.5,98.0,100.0
364.5,266.5,96.0,102.0
370.5,261.5,100.0,106.0
364.5,261.5,97.0,101.0
366.5,258.5,99.0,103.0
365.5,249.5,97.0,113.0
371.5,255.5,97.0,106.0
363.5,257.5,110.0,105.0
358.5,256.5,114.0,104.0
362.5,257.5,113.0,108.0
363.5,260.5,111.0,113.0
358.5,261.5,107.0,112.0
356.5,261.5,109.0,103.0
361.5,256.5,108.0,106.0
359.5,255.5,101.0,101.0
362.5,254.5,105.0,105.0
365.5,258.5,92.0,97.0
364.5,250.5,97.0,99.0
363.5,252.5,93.0,103.0
373.5,257.5,84.0,88.0
365.5,257.5,97.0,96.0
363.5,256.5,104.0,91.0
368.5,258.5,91.0,88.0
363.5,255.5,93.0,94.0
370.5,256.5,95.0,97.0
370.5,255.5,91.0,94.0
366.5,260.5,100.0,97.0
365.5,254.5,101.0,100.0
364.5,251.5,104.0,106.0
361.5,262.5,103.0,95.0
369.5,265.5,100.0,86.0
363.5,254.5,107.0,106.0
361.5,255.5,104.0,100.0
356.5,259.5,108.0,93.0
354.5,253.5,111.0,105.0
361.5,258.5,102.0,97.0
357.5,260.5,105.0,93.0
360.5,258.5,98.0,91.0
350.5,257.5,113.0,92.0
354.5,254.5,104.0,94.0
351.5,254.5,107.0,95.0
353.5,256.5,105.0,90.0
355.5,252.5,98.0,96.0
350.5,247.5,108.0,99.0
353.5,248.5,98.0,89.0
355.5,249.5,100.0,82.0
351.5,244.5,99.0,87.0
350.5,244.5,110.0,88.0
349.5,243.5,108.0,88.0
350.5,241.5,106.0,90.0
351.5,244.5,102.0,85.0
354.5,241.5,105.0,91.0
358.5,243.5,93.0,83.0
356.5,239.5,101.0,81.0
357.5,242.5,98.0,81.0
352.5,240.5,103.0,84.0
364.5,239.5,96.0,86.0
363.5,242.5,91.0,84.0
356.5,238.5,100.0,83.0
357.5,241.5,101.0,80.0
358.5,240.5,95.0,79.0
359.5,239.5,99.0,79.0
357.5,235.5,98.0,82.0
355.5,232.5,103.0,91.0
359.5,235.5,93.0,86.0
358.5,236.5,91.0,83.0
359.5,240.5,98.0,84.0
362.5,241.5,91.0,79.0
366.5,240.5,91.0,88.0
367.5,251.5,86.0,74.0
368.5,248.5,80.0,75.0
368.5,253.5,83.0,69.0
369.5,252.5,82.0,75.0
365.5,249.5,87.0,74.0
365.5,250.5,82.0,78.0
363.5,247.5,82.0,79.0
364.5,248.5,88.0,84.0
364.5,241.5,84.0,88.0
369.5,250.5,84.0,83.0
369.5,251.5,82.0,73.0
373.5,251.5,74.0,75.0
374.5,253.5,78.0,71.0
375.5,251.5,79.0,73.0
377.5,249.5,79.0,70.0
374.5,250.5,78.0,75.0
375.5,254.5,80.0,72.0
374.5,248.5,79.0,75.0
374.5,238.5,84.0,85.0
373.5,241.5,80.0,83.0
374.5,241.5,82.0,81.0
376.5,238.5,90.0,88.0
375.5,240.5,91.0,86.0
373.5,234.5,95.0,90.0
375.5,229.5,98.0,95.0
377.5,231.5,91.0,91.0
384.5,228.5,92.0,95.0
377.5,230.5,101.0,97.0
381.5,232.5,101.0,90.0
380.5,225.5,102.0,98.0
375.5,223.5,106.0,102.0
382.5,218.5,106.0,102.0
383.5,225.5,99.0,99.0
383.5,219.5,103.0,100.0
385.5,217.5,102.0,103.0
380.5,222.5,104.0,106.0
382.5,223.5,99.0,102.0
386.5,226.5,100.0,94.0
385.5,222.5,99.0,97.0
382.5,220.5,102.0,99.0
382.5,225.5,103.0,95.0
380.5,224.5,105.0,106.0
377.5,220.5,108.0,104.0
382.5,229.5,101.0,97.0
383.5,226.5,98.0,96.0
384.5,225.5,88.0,99.0
384.5,227.5,89.0,95.0
383.5,225.5,87.0,97.0
381.5,227.5,88.0,95.0
383.5,229.5,87.0,97.0
380.5,224.5,86.0,104.0
377.5,225.5,92.0,101.0
383.5,228.5,84.0,97.0
379.5,231.5,89.0,95.0
377.5,228.5,91.0,98.0
378.5,235.5,87.0,87.0
372.5,233.5,86.0,88.0
376.5,235.5,83.0,86.0
370.5,229.5,88.0,88.0
365.5,235.5,92.0,89.0
370.5,234.5,86.0,91.0
365.5,238.5,84.0,85.0
361.5,239.5,90.0,88.0
360.5,241.5,94.0,81.0
357.5,242.5,94.0,85.0
362.5,241.5,87.0,86.0
356.5,242.5,93.0,84.0
346.5,243.5,102.0,81.0
348.5,240.5,97.0,90.0
342.5,243.5,104.0,88.0
344.5,246.5,98.0,86.0
340.5,252.5,100.0,80.0
343.5,252.5,98.0,77.0
340.5,253.5,105.0,84.0
339.5,257.5,97.0,77.0
342.5,256.5,97.0,79.0
341.5,256.5,93.0,78.0
340.5,257.5,98.0,81.0
340.5,252.5,99.0,88.0
342.5,254.5,94.0,81.0
344.5,255.5,89.0,78.0
345.5,250.5,90.0,82.0
341.5,240.5,90.0,89.0
340.5,241.5,89.0,81.0
336.5,244.5,94.0,79.0
342.5,249.5,92.0,75.0
344.5,244.5,85.0,84.0
340.5,251.5,95.0,84.0
344.5,261.5,89.0,75.0
340.5,260.5,95.0,78.0
344.5,266.5,93.0,71.0
347.5,255.5,86.0,82.0
351.5,254.5,80.0,73.0
358.5,256.5,78.0,72.0
362.5,253.5,74.0,74.0
365.5,249.5,81.0,77.0
372.5,249.5,78.0,77.0
377.5,253.5,76.0,74.0
378.5,246.5,76.0,90.0
385.5,249.5,74.0,85.0
388.5,250.5,74.0,86.0
389.5,253.5,76.0,79.0
390.5,255.5,84.0,88.0
385.5,251.5,88.0,91.0
398.5,251.5,74.0,96.0
395.5,251.5,84.0,100.0
389.5,246.5,95.0,106.0
399.5,257.5,88.0,93.0
399.5,246.5,86.0,100.0
402.5,244.5,84.0,104.0
399.5,242.5,87.0,101.0
400.5,240.5,87.0,103.0
401.5,240.5,86.0,105.0
403.5,236.5,88.0,109.0
397.5,235.5,92.0,105.0
393.5,230.5,98.0,106.0
390.5,226.5,97.0,114.0
389.5,229.5,99.0,116.0
382.5,227.5,107.0,111.0
391.5,231.5,96.0,106.0
394.5,230.5,94.0,107.0
393.5,233.5,97.0,107.0
398.5,232.5,94.0,111.0
392.5,229.5,93.0,111.0
390.5,234.5,97.0,103.0
383.5,231.5,102.0,103.0
381.5,226.5,98.0,109.0
379.5,226.5,98.0,103.0
368.5,222.5,108.0,102.0
378.5,225.5,98.0,95.0
380.5,222.5,94.0,97.0
380.5,220.5,89.0,92.0
385.5,217.5,88.0,94.0
370.5,212.5,102.0,100.0
370.5,212.5,99.0,96.0
369.5,210.5,96.0,96.0
382.5,216.5,87.0,84.0
377.5,210.5,93.0,88.0
381.5,214.5,90.0,84.0
383.5,212.5,87.0,86.0
379.5,216.5,93.0,82.0
374.5,215.5,96.0,80.0
382.5,213.5,92.0,84.0
381.5,211.5,93.0,85.0
383.5,212.5,90.0,85.0
383.5,213.5,89.0,83.0
384.5,215.5,90.0,87.0
384.5,214.5,90.0,83.0
382.5,220.5,90.0,80.0
387.5,214.5,86.0,90.0
381.5,218.5,92.0,84.0
381.5,213.5,95.0,92.0
382.5,221.5,95.0,79.0
391.5,223.5,83.0,86.0
385.5,221.5,97.0,82.0
391.5,217.5,85.0,91.0
391.5,223.5,89.0,83.0
395.5,226.5,81.0,92.0
389.5,228.5,92.0,88.0
387.5,228.5,92.0,95.0
389.5,236.5,95.0,85.0
387.5,230.5,91.0,87.0
389.5,229.5,93.0,92.0
386.5,230.5,93.0,90.0
389.5,231.5,91.0,88.0
388.5,229.5,90.0,87.0
389.5,232.5,82.0,85.0
389.5,231.5,84.0,85.0
388.5,234.5,86.0,87.0
389.5,230.5,83.0,93.0
392.5,237.5,85.0,85.0
384.5,244.5,100.0,88.0
393.5,245.5,86.0,90.0
391.5,235.5,90.0,102.0
389.5,239.5,98.0,92.0
385.5,239.5,93.0,96.0
386.5,245.5,96.0,88.0
389.5,243.5,90.0,94.0
382.5,240.5,95.0,97.0
383.5,243.5,99.0,99.0
385.5,248.5,87.0,87.0
381.5,245.5,89.0,91.0
380.5,248.5,101.0,91.0
378.5,240.5,104.0,97.0
381.5,248.5,90.0,85.0
376.5,242.5,100.0,99.0
378.5,236.5,96.0,101.0
370.5,238.5,100.0,98.0
369.5,234.5,103.0,99.0
370.5,236.5,100.0,98.0
360.5,230.5,111.0,101.0
361.5,234.5,108.0,95.0
360.5,230.5,109.0,91.0
358.5,229.5,109.0,98.0
360.5,230.5,106.0,93.0
350.5,230.5,115.0,94.0
354.5,230.5,112.0,99.0
354.5,230.5,107.0,95.0
352.5,228.5,113.0,92.0
353.5,224.5,111.0,97.0
350.5,220.5,116.0,103.0
355.5,224.5,106.0,97.0
352.5,220.5,111.0,97.0
352.5,219.5,110.0,98.0
349.5,217.5,114.0,100.0
354.5,217.5,106.0,102.0
351.5,215.5,111.0,102.0
353.5,212.5,107.0,107.0
352.5,213.5,104.0,103.0
356.5,213.5,109.0,103.0
347.5,216.5,109.0,102.0
350.5,209.5,117.0,108.0
350.5,203.5,113.0,115.0
352.5,205.5,107.0,112.0
357.5,214.5,102.0,101.0
354.5,209.5,105.0,104.0
352.5,211.5,103.0,106.0
354.5,222.5,107.0,101.0
351.5,216.5,104.0,107.0
348.5,211.5,112.0,112.0
353.5,212.5,104.0,107.0
348.5,219.5,108.0,107.0
353.5,221.5,96.0,99.0
349.5,225.5,102.0,102.0
353.5,227.5,90.0,91.0
354.5,232.5,92.0,86.0
356.5,232.5,90.0,92.0
356.5,238.5,88.0,85.0
353.5,237.5,86.0,85.0
353.5,239.5,85.0,83.0
355.5,244.5,84.0,75.0
355.5,243.5,87.0,85.0
356.5,241.5,83.0,86.0
359.5,243.5,80.0,86.0
359.5,242.5,85.0,88.0
360.5,245.5,84.0,84.0
358.5,246.5,90.0,82.0
354.5,241.5,85.0,82.0
352.5,236.5,93.0,82.0
350.5,237.5,85.0,82.0
349.5,236.5,92.0,87.0
352.5,234.5,87.0,94.0
348.5,233.5,90.0,86.0
351.5,237.5,88.0,81.0
350.5,230.5,94.0,91.0
351.5,227.5,91.0,92.0
350.5,229.5,95.0,88.0
353.5,220.5,90.0,98.0
350.5,221.5,94.0,89.0
352.5,221.5,99.0,86.0
348.5,215.5,102.0,94.0
348.5,216.5,110.0,92.0
347.5,213.5,114.0,90.0
354.5,209.5,102.0,93.0
348.5,210.5,102.0,90.0
353.5,211.5,100.0,92.0
350.5,207.5,105.0,98.0
350.5,209.5,102.0,96.0
345.5,206.5,106.0,93.0
352.5,202.5,96.0,101.0
350.5,201.5,101.0,107.0
351.5,203.5,96.0,98.0
354.5,202.5,97.0,99.0
355.5,204.5,92.0,97.0
348.5,202.5,106.0,104.0
350.5,202.5,99.0,103.0
357.5,206.5,98.0,105.0
358.5,198.5,96.0,103.0
350.5,193.5,99.0,108.0
357.5,200.5,97.0,115.0
352.5,199.5,104.0,109.0
348.5,204.5,110.0,108.0
346.5,201.5,105.0,105.0
344.5,197.5,109.0,116.0
345.5,201.5,108.0,103.0
345.5,203.5,101.0,106.0
346.5,206.5,106.0,102.0
346.5,200.5,109.0,109.0
347.5,200.5,106.0,106.0
346.5,205.5,110.0,109.0
357.5,212.5,100.0,101.0
358.5,203.5,101.0,102.0
355.5,201.5,99.0,107.0
359.5,204.5,98.0,104.0
360.5,209.5,94.0,96.0
359.5,200.5,98.0,107.0
357.5,204.5,105.0,105.0
360.5,203.5,91.0,99.0
362.5,201.5,92.0,101.0
361.5,203.5,94.0,105.0
357.5,208.5,98.0,93.0
362.5,200.5,96.0,106.0
358.5,199.5,97.0,107.0
356.5,199.5,90.0,112.0
350.5,196.5,97.0,103.0
345.5,195.5,100.0,101.0
350.5,193.5,100.0,103.0
349.5,192.5,98.0,102.0
352.5,199.5,91.0,94.0
355.5,197.5,89.0,94.0
357.5,193.5,95.0,90.0
356.5,189.5,100.0,92.0
361.5,192.5,96.0,94.0
352.5,191.5,102.0,96.0
351.5,185.5,102.0,102.0
364.5,194.5,93.0,94.0
364.5,199.5,90.0,85.0
369.5,197.5,86.0,85.0
366.5,195.5,89.0,84.0
364.5,200.5,90.0,81.0
366.5,195.5,86.0,89.0
363.5,196.5,87.0,87.0
367.5,197.5,83.0,86.0
363.5,198.5,82.0,83.0
370.5,197.5,79.0,85.0
369.5,201.5,77.0,81.0
369.5,205.5,75.0,80.0
369.5,200.5,74.0,88.0
367.5,206.5,75.0,83.0
361.5,209.5,88.0,82.0
358.5,206.5,88.0,86.0
363.5,205.5,82.0,90.0
361.5,212.5,87.0,90.0
359.5,212.5,85.0,95.0
356.5,220.5,95.0,91.0
362.5,223.5,88.0,80.0
359.5,221.5,91.0,81.0
363.5,225.5,87.0,86.0
364.5,229.5,87.0,84.0
361.5,226.5,90.0,84.0
358.5,225.5,91.0,87.0
361.5,225.5,87.0,93.0
349.5,232.5,95.0,83.0
354.5,226.5,92.0,91.0
351.5,234.5,97.0,87.0
343.5,229.5,103.0,90.0
344.5,229.5,102.0,86.0
348.5,230.5,97.0,89.0
348.5,224.5,97.0,98.0
349.5,225.5,95.0,88.0
350.5,226.5,95.0,96.0
349.5,226.5,100.0,88.0
349.5,226.5,94.0,93.0
349.5,227.5,95.0,91.0
351.5,229.5,90.0,88.0
352.5,228.5,94.0,86.0
356.5,224.5,89.0,91.0
356.5,224.5,88.0,92.0
357.5,225.5,93.0,94.0
357.5,234.5,90.0,82.0
356.5,233.5,94.0,96.0
351.5,236.5,94.0,83.0
356.5,239.5,86.0,83.0
355.5,239.5,86.0,85.0
352.5,241.5,92.0,87.0
351.5,241.5,89.0,87.0
353.5,243.5,86.0,86.0
353.5,245.5,87.0,87.0
351.5,246.5,89.0,88.0
351.5,248.5,90.0,87.0
351.5,250.5,89.0,86.0
349.5,251.5,87.0,84.0
354.5,250.5,83.0,83.0
355.5,253.5,85.0,85.0
355.5,255.5,85.0,85.0
354.5,255.5,82.0,84.0
357.5,254.5,85.0,85.0
353.5,255.5,84.0,86.0
354.5,256.5,85.0,84.0
354.5,257.5,85.0,86.0
355.5,255.5,82.0,84.0
360.5,260.5,78.0,79.0
359.5,261.5,85.0,85.0
358.5,259.5,86.0,82.0
361.5,258.5,86.0,83.0
359.5,261.5,90.0,80.0
362.5,260.5,89.0,90.0
361.5,263.5,89.0,81.0
361.5,263.5,90.0,82.0
360.5,259.5,98.0,86.0
360.5,261.5,92.0,92.0
362.5,265.5,92.0,95.0
361.5,266.5,101.0,90.0
364.5,267.5,94.0,93.0
364.5,271.5,95.0,92.0
362.5,273.5,99.0,86.0
364.5,268.5,101.0,98.0
368.5,264.5,99.0,95.0
365.5,262.5,102.0,96.0
365.5,263.5,97.0,94.0
370.5,264.5,103.0,94.0
367.5,259.5,99.0,94.0
368.5,260.5,102.0,97.0
368.5,260.5,104.0,92.0
365.5,254.5,108.0,100.0
369.5,247.5,107.0,101.0
369.5,250.5,105.0,98.0
370.5,252.5,104.0,93.0
369.5,251.5,104.0,90.0
371.5,250.5,96.0,96.0
374.5,244.5,101.0,98.0
372.5,244.5,97.0,97.0
370.5,247.5,102.0,96.0
369.5,237.5,97.0,106.0
369.5,236.5,95.0,102.0
363.5,236.5,106.0,101.0
366.5,231.5,99.0,109.0
362.5,230.5,109.0,107.0
365.5,224.5,107.0,114.0
365.5,224.5,103.0,114.0
363.5,225.5,107.0,113.0
363.5,226.5,107.0,115.0
363.5,222.5,107.0,116.0
369.5,222.5,103.0,114.0
362.5,220.5,112.0,116.0
362.5,218.5,109.0,125.0
361.5,217.5,109.0,126.0
365.5,215.5,105.0,116.0
372.5,221.5,97.0,115.0
365.5,218.5,106.0,112.0
362.5,221.5,106.0,119.0
361.5,216.5,108.0,113.0
364.5,216.5,101.0,116.0
365.5,220.5,105.0,122.0
357.5,216.5,104.0,105.0
364.5,225.5,95.0,95.0
356.5,219.5,99.0,105.0
359.5,220.5,100.0,94.0
357.5,219.5,92.0,105.0
353.5,215.5,102.0,102.0
355.5,218.5,96.0,97.0
351.5,215.5,94.0,93.0
355.5,214.5,95.0,93.0
357.5,215.5,95.0,98.0
357.5,214.5,87.0,88.0
353.5,215.5,96.0,85.0
361.5,222.5,88.0,81.0
360.5,216.5,84.0,89.0
358.5,223.5,89.0,84.0
356.5,224.5,87.0,82.0
352.5,225.5,88.0,87.0
353.5,228.5,87.0,75.0
352.5,226.5,87.0,78.0
351.5,225.5,87.0,80.0
352.5,225.5,83.0,73.0
349.5,226.5,93.0,71.0
345.5,222.5,100.0,75.0
357.5,219.5,87.0,76.0
360.5,221.5,83.0,88.0
357.5,219.5,91.0,88.0
354.5,215.5,97.0,92.0
353.5,210.5,93.0,97.0
352.5,209.5,98.0,98.0
352.5,207.5,96.0,96.0
353.5,208.5,99.0,95.0
356.5,204.5,97.0,97.0
354.5,202.5,97.0,95.0
354.5,199.5,106.0,97.0
354.5,193.5,103.0,105.0
353.5,196.5,103.0,98.0
350.5,194.5,104.0,98.0
354.5,190.5,107.0,106.0
358.5,190.5,105.0,100.0
358.5,190.5,101.0,109.0
357.5,189.5,105.0,103.0
361.5,187.5,98.0,102.0
363.5,186.5,98.0,109.0
359.5,187.5,100.0,106.0
359.5,184.5,106.0,110.0
362.5,189.5,100.0,108.0
358.5,182.5,101.0,110.0
363.5,184.5,102.0,104.0
361.5,184.5,106.0,110.0
360.5,180.5,100.0,107.0
354.5,180.5,109.0,111.0
355.5,180.5,113.0,105.0
354.5,175.5,115.0,111.0
358.5,180.5,114.0,107.0
355.5,179.5,112.0,114.0
354.5,182.5,112.0,114.0
358.5,185.5,101.0,112.0
355.5,181.5,102.0,109.0
355.5,186.5,93.0,100.0
358.5,187.5,89.0,96.0
356.5,186.5,101.0,104.0
359.5,196.5,94.0,90.0
359.5,198.5,96.0,90.0
358.5,192.5,97.0,102.0
358.5,199.5,95.0,91.0
359.5,197.5,97.0,90.0
354.5,204.5,101.0,95.0
351.5,202.5,95.0,95.0
352.5,207.5,96.0,94.0
348.5,212.5,99.0,93.0
351.5,214.5,97.0,84.0
350.5,219.5,102.0,96.0
350.5,232.5,99.0,79.0
350.5,227.5,94.0,80.0
344.5,223.5,103.0,82.0
345.5,222.5,102.0,90.0
342.5,223.5,102.0,82.0
342.5,230.5,102.0,84.0
339.5,231.5,107.0,86.0
342.5,234.5,104.0,86.0
340.5,236.5,106.0,79.0
345.5,242.5,98.0,76.0
336.5,242.5,107.0,78.0
335.5,244.5,114.0,76.0
338.5,245.5,102.0,80.0
335.5,242.5,111.0,86.0
339.5,247.5,102.0,72.0
341.5,247.5,99.0,68.0
346.5,244.5,97.0,79.0
339.5,246.5,108.0,82.0
345.5,243.5,102.0,81.0
345.5,244.5,100.0,70.0
343.5,245.5,103.0,75.0
347.5,244.5,103.0,80.0
352.5,247.5,100.0,71.0
346.5,242.5,112.0,85.0
351.5,241.5,107.0,85.0
351.5,243.5,104.0,78.0
353.5,248.5,106.0,82.0
357.5,245.5,99.0,73.0
354.5,244.5,112.0,82.0
356.5,235.5,110.0,91.0
356.5,239.5,107.0,85.0
364.5,242.5,98.0,83.0
363.5,234.5,110.0,97.0
365.5,236.5,100.0,88.0
363.5,237.5,108.0,88.0
366.5,237.5,107.0,85.0
369.5,239.5,103.0,92.0
370.5,243.5,102.0,91.0
373.5,235.5,98.0,94.0
378.5,239.5,92.0,95.0
379.5,237.5,90.0,95.0
377.5,235.5,95.0,95.0
380.5,231.5,91.0,96.0
382.5,241.5,88.0,79.0
378.5,231.5,91.0,92.0
382.5,235.5,87.0,85.0
382.5,237.5,93.0,88.0
377.5,238.5,97.0,89.0
379.5,239.5,95.0,86.0
382.5,237.5,92.0,89.0
380.5,239.5,93.0,90.0
382.5,245.5,92.0,90.0
382.5,240.5,93.0,90.0
380.5,242.5,95.0,90.0
379.5,245.5,100.0,90.0
380.5,242.5,98.0,93.0
377.5,243.5,100.0,96.0
377.5,242.5,102.0,91.0
385.5,244.5,92.0,94.0
377.5,242.5,103.0,98.0
376.5,242.5,103.0,93.0
375.5,244.5,103.0,95.0
377.5,249.5,102.0,89.0
376.5,241.5,103.0,97.0
377.5,244.5,102.0,95.0
375.5,238.5,104.0,103.0
375.5,239.5,106.0,100.0
374.5,243.5,107.0,93.0
372.5,248.5,107.0,91.0
373.5,240.5,105.0,102.0
371.5,241.5,100.0,101.0
372.5,240.5,101.0,101.0
371.5,238.5,104.0,102.0
370.5,237.5,106.0,108.0
370.5,241.5,107.0,104.0
367.5,230.5,107.0,114.0
368.5,231.5,113.0,116.0
365.5,229.5,113.0,113.0
365.5,228.5,117.0,113.0
366.5,226.5,113.0,112.0
365.5,226.5,113.0,111.0
364.5,223.5,113.0,110.0
370.5,228.5,109.0,111.0
371.5,234.5,114.0,100.0
371.5,231.5,110.0,100.0
380.5,225.5,99.0,107.0
368.5,217.5,111.0,108.0
378.5,218.5,105.0,103.0
378.5,216.5,103.0,106.0
373.5,209.5,109.0,117.0
383.5,212.5,99.0,104.0
373.5,208.5,113.0,112.0
375.5,213.5,113.0,102.0
384.5,206.5,100.0,113.0
386.5,206.5,92.0,105.0
375.5,202.5,101.0,114.0
373.5,204.5,106.0,109.0
384.5,204.5,94.0,106.0
376.5,204.5,101.0,111.0
381.5,203.5,94.0,105.0
386.5,203.5,94.0,114.0
376.5,196.5,95.0,103.0
386.5,192.5,84.0,106.0
383.5,190.5,89.0,106.0
389.5,186.5,82.0,108.0
379.5,181.5,93.0,110.0
393.5,185.5,77.0,101.0
388.5,179.5,82.0,107.0
384.5,177.5,77.0,105.0
386.5,183.5,80.0,96.0
387.5,179.5,86.0,104.0
391.5,177.5,79.0,108.0
390.5,178.5,82.0,102.0
397.5,181.5,79.0,99.0
400.5,179.5,77.0,96.0
394.5,179.5,81.0,96.0
393.5,174.5,78.0,103.0
392.5,173.5,80.0,101.0
396.5,183.5,81.0,101.0
399.5,174.5,70.0,92.0
400.5,171.5,73.0,94.0
404.5,165.5,69.0,99.0
400.5,170.5,76.0,94.0
402.5,168.5,75.0,105.0
405.5,177.5,76.0,97.0
405.5,169.5,67.0,102.0
406.5,169.5,72.0,103.0
404.5,170.5,68.0,99.0
403.5,166.5,70.0,101.0
403.5,169.5,70.0,94.0
407.5,168.5,66.0,103.0
409.5,167.5,66.0,101.0
407.5,165.5,66.0,102.0
408.5,168.5,64.0,102.0
409.5,168.5,66.0,99.0
408.5,166.5,69.0,99.0
412.5,173.5,62.0,100.0
410.5,173.5,67.0,100.0
412.5,171.5,70.0,104.0
412.5,169.5,66.0,98.0
415.5,171.5,63.0,101.0
411.5,165.5,62.0,103.0
416.5,166.5,59.0,102.0
419.5,169.5,56.0,91.0
415.5,165.5,58.0,88.0
419.5,164.5,54.0,94.0
419.5,163.5,50.0,102.0
414.5,166.5,58.0,96.0
416.5,164.5,54.0,99.0
418.5,163.5,54.0,108.0
418.5,165.5,59.0,100.0
418.5,166.5,53.0,98.0
417.5,161.5,54.0,112.0
413.5,166.5,59.0,104.0
414.5,160.5,59.0,108.0
416.5,161.5,60.0,112.0
417.5,160.5,61.0,103.0
417.5,161.5,62.0,98.0
416.5,157.5,70.0,103.0
420.5,155.5,59.0,102.0
417.5,153.5,70.0,101.0
426.5,154.5,61.0,99.0
424.5,151.5,61.0,111.0
426.5,151.5,58.0,105.0
431.5,152.5,57.0,101.0
430.5,151.5,59.0,101.0
432.5,153.5,53.0,94.0
429.5,149.5,59.0,95.0
435.5,149.5,49.0,101.0
423.5,154.5,60.0,97.0
425.5,156.5,59.0,95.0
427.5,158.5,63.0,94.0
430.5,161.5,55.0,91.0
428.5,153.5,57.0,101.0
424.5,159.5,63.0,96.0
425.5,156.5,62.0,100.0
421.5,163.5,70.0,96.0
421.5,160.5,64.0,97.0
420.5,161.5,69.0,94.0
416.5,153.5,78.0,107.0
418.5,154.5,72.0,104.0
413.5,149.5,80.0,112.0
422.5,153.5,69.0,103.0
409.5,148.5,86.0,104.0
415.5,148.5,82.0,110.0
406.5,146.5,91.0,109.0
408.5,151.5,87.0,100.0
400.5,151.5,96.0,98.0
400.5,148.5,99.0,107.0
402.5,150.5,98.0,96.0
399.5,150.5,100.0,100.0
399.5,152.5,99.0,94.0
393.5,152.5,107.0,95.0
393.5,153.5,107.0,99.0
396.5,154.5,92.0,100.0
391.5,153.5,96.0,96.0
395.5,152.5,94.0,98.0
394.5,152.5,92.0,102.0
395.5,154.5,91.0,103.0
391.5,150.5,95.0,96.0
391.5,152.5,90.0,93.0
391.5,153.5,87.0,94.0
389.5,156.5,88.0,96.0
386.5,157.5,88.0,95.0
386.5,157.5,91.0,98.0
385.5,156.5,91.0,105.0
386.5,164.5,96.0,97.0
379.5,160.5,98.0,103.0
378.5,159.5,98.0,104.0
383.5,164.5,91.0,104.0
378.5,164.5,97.0,102.0
376.5,166.5,94.0,100.0
371.5,164.5,94.0,104.0
370.5,166.5,92.0,102.0
370.5,163.5,91.0,106.0
368.5,163.5,90.0,115.0
370.5,165.5,89.0,105.0
370.5,168.5,90.0,108.0
377.5,169.5,79.0,109.0
374.5,167.5,89.0,110.0
374.5,164.5,79.0,109.0
373.5,167.5,85.0,106.0
374.5,171.5,78.0,98.0
370.5,168.5,86.0,107.0
368.5,171.5,83.0,110.0
370.5,168.5,80.0,108.0
370.5,171.5,80.0,111.0
367.5,171.5,81.0,109.0
371.5,174.5,75.0,103.0
370.5,173.5,79.0,108.0
365.5,172.5,78.0,104.0
367.5,179.5,73.0,108.0
369.5,185.5,71.0,97.0
366.5,183.5,74.0,101.0
364.5,188.5,76.0,97.0
369.5,193.5,70.0,101.0
360.5,191.5,86.0,106.0
360.5,194.5,81.0,106.0
365.5,199.5,75.0,104.0
365.5,202.5,76.0,96.0
360.5,204.5,78.0,94.0
356.5,205.5,83.0,102.0
360.5,206.5,78.0,98.0
357.5,202.5,78.0,99.0
356.5,202.5,80.0,98.0
356.5,203.5,81.0,95.0
357.5,195.5,77.0,110.0
358.5,201.5,74.0,100.0
355.5,197.5,74.0,99.0
355.5,196.5,73.0,102.0
357.5,195.5,79.0,104.0
362.5,189.5,61.0,102.0
362.5,192.5,66.0,102.0
359.5,200.5,70.0,85.0
357.5,198.5,73.0,105.0
355.5,201.5,71.0,91.0
359.5,201.5,73.0,100.0
352.5,204.5,82.0,97.0
359.5,211.5,74.0,96.0
357.5,208.5,74.0,87.0
355.5,207.5,80.0,95.0
355.5,206.5,77.0,94.0
346.5,200.5,84.0,99.0
352.5,204.5,84.0,90.0
344.5,199.5,94.0,99.0
348.5,195.5,85.0,101.0
346.5,196.5,96.0,95.0
344.5,190.5,93.0,97.0
344.5,193.5,93.0,105.0
341.5,192.5,102.0,98.0
347.5,193.5,92.0,93.0
346.5,194.5,96.0,89.0
343.5,198.5,102.0,91.0
344.5,195.5,102.0,100.0
344.5,195.5,98.0,89.0
343.5,199.5,99.0,88.0
343.5,194.5,103.0,90.0
348.5,192.5,105.0,90.0
353.5,202.5,99.0,87.0
344.5,188.5,110.0,95.0
349.5,193.5,102.0,91.0
351.5,183.5,97.0,92.0
363.5,181.5,91.0,99.0
355.5,176.5,102.0,107.0
352.5,179.5,101.0,103.0
356.5,182.5,103.0,102.0
359.5,181.5,93.0,98.0
355.5,183.5,103.0,106.0
358.5,182.5,100.0,100.0
357.5,189.5,99.0,97.0
352.5,182.5,107.0,103.0
355.5,192.5,97.0,89.0
357.5,179.5,99.0,110.0
358.5,188.5,101.0,91.0
362.5,183.5,93.0,98.0
357.5,186.5,98.0,93.0
357.5,185.5,99.0,93.0
357.5,180.5,103.0,98.0
357.5,187.5,99.0,95.0
360.5,176.5,101.0,100.0
359.5,178.5,99.0,96.0
362.5,179.5,97.0,97.0
355.5,175.5,106.0,100.0
355.5,178.5,103.0,96.0
362.5,180.5,94.0,92.0
359.5,177.5,97.0,95.0
361.5,171.5,98.0,102.0
360.5,171.5,93.0,91.0
361.5,166.5,96.0,97.0
359.5,162.5,101.0,104.0
363.5,164.5,100.0,100.0
360.5,166.5,107.0,102.0
365.5,163.5,106.0,104.0
369.5,164.5,99.0,101.0
366.5,160.5,100.0,101.0
365.5,160.5,100.0,104.0
366.5,161.5,103.0,99.0
361.5,165.5,108.0,95.0
370.5,161.5,96.0,99.0
371.5,162.5,100.0,99.0
369.5,162.5,99.0,96.0
371.5,160.5,99.0,106.0
377.5,161.5,91.0,94.0
380.5,163.5,93.0,95.0
378.5,163.5,95.0,98.0
374.5,160.5,99.0,97.0
376.5,158.5,90.0,93.0
378.5,160.5,91.0,98.0
370.5,158.5,95.0,100.0
376.5,155.5,87.0,102.0
380.5,161.5,89.0,94.0
381.5,164.5,87.0,88.0
384.5,157.5,87.0,99.0
388.5,163.5,84.0,92.0
393.5,169.5,75.0,88.0
391.5,171.5,83.0,83.0
396.5,177.5,74.0,78.0
396.5,175.5,77.0,81.0
396.5,178.5,78.0,75.0
398.5,174.5,79.0,82.0
395.5,184.5,86.0,74.0
397.5,183.5,78.0,81.0
392.5,179.5,84.0,81.0
394.5,186.5,84.0,78.0
394.5,185.5,85.0,84.0
393.5,185.5,83.0,80.0
396.5,184.5,79.0,82.0
392.5,188.5,88.0,79.0
391.5,184.5,81.0,84.0
389.5,187.5,89.0,83.0
383.5,184.5,86.0,88.0
386.5,184.5,88.0,86.0
383.5,184.5,88.0,86.0
379.5,182.5,91.0,88.0
384.5,183.5,85.0,90.0
379.5,184.5,92.0,92.0
381.5,180.5,85.0,88.0
377.5,176.5,92.0,93.0
376.5,176.5,91.0,92.0
378.5,179.5,88.0,97.0
373.5,175.5,89.0,95.0
377.5,170.5,91.0,93.0
378.5,171.5,87.0,94.0
377.5,169.5,91.0,95.0
369.5,170.5,98.0,100.0
370.5,171.5,95.0,97.0
369.5,171.5,97.0,98.0
369.5,176.5,95.0,95.0
367.5,177.5,100.0,97.0
370.5,172.5,96.0,107.0
371.5,174.5,93.0,102.0
363.5,172.5,106.0,99.0
370.5,174.5,94.0,102.0
364.5,174.5,99.0,103.0
367.5,173.5,92.0,102.0
365.5,172.5,103.0,106.0
363.5,173.5,104.0,106.0
363.5,175.5,101.0,99.0
367.5,172.5,97.0,102.0
371.5,176.5,88.0,108.0
370.5,177.5,82.0,110.0
370.5,183.5,97.0,100.0
361.5,179.5,100.0,107.0
369.5,177.5,95.0,105.0
362.5,179.5,99.0,103.0
366.5,175.5,100.0,106.0
368.5,177.5,98.0,103.0
364.5,176.5,105.0,108.0
367.5,181.5,97.0,104.0
372.5,180.5,94.0,104.0
368.5,177.5,97.0,109.0
365.5,178.5,103.0,111.0
369.5,183.5,98.0,103.0
375.5,184.5,96.0,109.0
364.5,188.5,101.0,100.0
365.5,182.5,103.0,107.0
370.5,186.5,101.0,100.0
368.5,182.5,105.0,101.0
371.5,184.5,100.0,105.0
377.5,186.5,95.0,104.0
360.5,183.5,107.0,105.0
365.5,184.5,99.0,94.0
368.5,185.5,98.0,102.0
372.5,186.5,96.0,99.0
369.5,188.5,100.0,97.0
368.5,183.5,98.0,104.0
375.5,184.5,91.0,101.0
371.5,185.5,99.0,103.0
369.5,183.5,98.0,101.0
366.5,184.5,97.0,99.0
375.5,183.5,89.0,99.0
377.5,187.5,91.0,101.0
374.5,187.5,97.0,97.0
377.5,186.5,94.0,102.0
376.5,189.5,96.0,98.0
368.5,189.5,109.0,104.0
370.5,191.5,110.0,106.0
375.5,197.5,103.0,98.0
373.5,194.5,99.0,102.0
376.5,193.5,98.0,108.0
369.5,195.5,111.0,107.0
387.5,197.5,88.0,100.0
380.5,194.5,91.0,102.0
377.5,194.5,102.0,103.0
385.5,196.5,93.0,104.0
390.5,201.5,88.0,102.0
385.5,198.5,92.0,109.0
385.5,200.5,87.0,105.0
393.5,198.5,77.0,100.0
392.5,195.5,85.0,106.0
387.5,196.5,86.0,104.0
389.5,196.5,88.0,111.0
388.5,199.5,88.0,98.0
391.5,197.5,81.0,104.0
390.5,197.5,79.0,103.0
387.5,196.5,88.0,102.0
389.5,204.5,85.0,93.0
383.5,201.5,90.0,103.0
382.5,204.5,94.0,100.0
384.5,206.5,94.0,105.0
373.5,208.5,105.0,107.0
380.5,206.5,94.0,107.0
379.5,207.5,93.0,106.0
378.5,216.5,99.0,100.0
380.5,220.5,101.0,98.0
380.5,221.5,97.0,101.0
374.5,215.5,101.0,104.0
383.5,219.5,94.0,105.0
389.5,214.5,91.0,107.0
386.5,215.5,96.0,103.0
384.5,213.5,94.0,111.0
382.5,213.5,96.0,103.0
382.5,216.5,100.0,102.0
377.5,220.5,105.0,97.0
382.5,212.5,85.0,97.0
383.5,216.5,85.0,93.0
386.5,220.5,83.0,95.0
381.5,219.5,87.0,96.0
381.5,218.5,82.0,93.0
381.5,223.5,82.0,92.0
377.5,228.5,88.0,93.0
384.5,236.5,82.0,92.0
380.5,233.5,88.0,88.0
385.5,234.5,81.0,91.0
381.5,238.5,88.0,90.0
383.5,237.5,86.0,86.0
383.5,235.5,85.0,97.0
380.5,236.5,89.0,93.0
382.5,234.5,86.0,94.0
386.5,234.5,84.0,95.0
387.5,231.5,78.0,95.0
389.5,233.5,82.0,93.0
383.5,231.5,89.0,99.0
384.5,233.5,92.0,93.0
383.5,238.5,92.0,90.0
382.5,231.5,90.0,92.0
381.5,230.5,95.0,92.0
381.5,229.5,93.0,93.0
380.5,224.5,94.0,92.0
377.5,219.5,94.0,88.0
381.5,222.5,99.0,97.0
381.5,219.5,99.0,92.0
382.5,213.5,100.0,92.0
388.5,212.5,93.0,97.0
384.5,212.5,98.0,86.0
384.5,203.5,96.0,95.0
375.5,195.5,104.0,102.0
372.5,202.5,102.0,97.0
369.5,197.5,104.0,100.0
376.5,196.5,95.0,101.0
370.5,197.5,100.0,101.0
371.5,197.5,96.0,95.0
371.5,199.5,97.0,98.0
366.5,196.5,100.0,97.0
365.5,194.5,99.0,100.0
359.5,197.5,102.0,101.0
361.5,197.5,101.0,96.0
361.5,199.5,101.0,101.0
368.5,201.5,90.0,90.0
364.5,205.5,94.0,89.0
365.5,199.5,93.0,94.0
365.5,202.5,96.0,93.0
360.5,202.5,95.0,98.0
361.5,202.5,96.0,98.0
360.5,201.5,97.0,104.0
361.5,198.5,96.0,103.0
364.5,200.5,95.0,99.0
365.5,200.5,97.0,96.0
366.5,202.5,98.0,101.0
366.5,201.5,96.0,95.0
366.5,200.5,95.0,96.0
367.5,200.5,90.0,94.0
367.5,200.5,94.0,92.0
370.5,200.5,90.0,94.0
369.5,199.5,96.0,101.0
370.5,198.5,90.0,94.0
371.5,196.5,93.0,95.0
371.5,196.5,91.0,99.0
371.5,199.5,97.0,95.0
369.5,196.5,97.0,99.0
372.5,198.5,94.0,101.0
371.5,197.5,97.0,97.0
370.5,195.5,96.0,99.0
371.5,197.5,95.0,97.0
369.5,196.5,100.0,98.0
368.5,193.5,100.0,99.0
371.5,195.5,97.0,103.0
369.5,194.5,100.0,100.0
371.5,195.5,99.0,96.0
375.5,196.5,90.0,95.0
371.5,198.5,100.0,99.0
372.5,198.5,102.0,95.0
373.5,200.5,99.0,90.0
374.5,200.5,93.0,96.0
371.5,201.5,102.0,102.0
368.5,199.5,103.0,103.0
370.5,197.5,101.0,104.0
369.5,204.5,102.0,98.0
364.5,205.5,105.0,98.0
371.5,205.5,102.0,107.0
367.5,208.5,102.0,101.0
367.5,207.5,103.0,104.0
368.5,208.5,101.0,96.0
368.5,211.5,105.0,96.0
371.5,205.5,102.0,103.0
369.5,206.5,99.0,101.0
370.5,211.5,98.0,100.0
369.5,207.5,101.0,105.0
366.5,209.5,102.0,98.0
370.5,211.5,100.0,89.0
373.5,210.5,101.0,98.0
375.5,211.5,103.0,95.0
378.5,212.5,95.0,90.0
379.5,211.5,96.0,95.0
378.5,211.5,100.0,96.0
379.5,209.5,92.0,99.0
381.5,209.5,99.0,96.0
383.5,209.5,98.0,96.0
380.5,207.5,99.0,100.0
378.5,207.5,101.0,98.0
379.5,208.5,99.0,93.0
379.5,208.5,93.0,97.0
380.5,206.5,96.0,98.0
380.5,206.5,99.0,91.0
381.5,204.5,97.0,100.0
381.5,207.5,98.0,97.0
381.5,207.5,99.0,99.0
381.5,206.5,103.0,103.0
382.5,208.5,105.0,100.0
382.5,206.5,109.0,102.0
383.5,207.5,102.0,98.0
383.5,206.5,105.0,100.0
385.5,206.5,109.0,101.0
387.5,207.5,107.0,98.0
387.5,209.5,113.0,99.0
387.5,207.5,110.0,106.0
390.5,200.5,110.0,110.0
391.5,203.5,107.0,107.0
388.5,198.5,115.0,107.0
387.5,194.5,114.0,110.0
387.5,197.5,118.0,106.0
387.5,195.5,117.0,113.0
389.5,195.5,108.0,107.0
389.5,194.5,106.0,104.0
389.5,193.5,109.0,103.0
386.5,192.5,111.0,108.0
380.5,190.5,108.0,100.0
379.5,190.5,111.0,104.0
379.5,187.5,109.0,108.0
377.5,183.5,109.0,102.0
375.5,181.5,111.0,107.0
374.5,178.5,113.0,107.0
373.5,176.5,109.0,103.0
372.5,174.5,111.0,110.0
372.5,174.5,107.0,110.0
366.5,175.5,108.0,112.0
366.5,175.5,106.0,103.0
365.5,176.5,106.0,116.0
365.5,176.5,108.0,115.0
367.5,178.5,106.0,111.0
365.5,177.5,105.0,116.0
362.5,179.5,110.0,117.0
361.5,184.5,107.0,110.0
363.5,183.5,105.0,114.0
363.5,184.5,105.0,114.0
362.5,187.5,107.0,112.0
368.5,189.5,103.0,118.0
366.5,190.5,108.0,117.0
365.5,193.5,107.0,105.0
365.5,190.5,113.0,116.0
364.5,191.5,109.0,104.0
366.5,190.5,112.0,112.0
370.5,190.5,114.0,109.0
369.5,189.5,112.0,112.0
368.5,189.5,116.0,118.0
366.5,189.5,116.0,116.0
366.5,190.5,123.0,121.0
367.5,191.5,119.0,116.0
369.5,192.5,115.0,111.0
370.5,193.5,116.0,119.0
370.5,192.5,114.0,118.0
372.5,195.5,114.0,117.0
373.5,196.5,109.0,108.0
373.5,195.5,116.0,114.0
373.5,195.5,111.0,114.0
371.5,194.5,117.0,111.0
373.5,197.5,110.0,106.0
374.5,197.5,114.0,109.0
374.5,196.5,112.0,108.0
376.5,193.5,107.0,114.0
373.5,191.5,110.0,113.0
370.5,194.5,113.0,115.0
371.5,195.5,112.0,113.0
371.5,197.5,107.0,108.0
372.5,198.5,106.0,105.0
370.5,195.5,108.0,114.0
370.5,197.5,108.0,110.0
369.5,197.5,106.0,110.0
368.5,196.5,111.0,111.0
368.5,197.5,108.0,109.0
369.5,196.5,107.0,105.0
370.5,196.5,107.0,107.0
370.5,196.5,109.0,109.0
370.5,197.5,109.0,110.0
370.5,197.5,113.0,113.0
370.5,197.5,112.0,117.0
370.5,197.5,111.0,108.0
370.5,197.5,110.0,110.0
371.5,196.5,106.0,109.0
372.5,196.5,109.0,117.0
373.5,198.5,103.0,107.0
373.5,198.5,103.0,107.0
373.5,198.5,101.0,110.0
372.5,198.5,108.0,117.0
369.5,198.5,107.0,111.0
372.5,200.5,110.0,118.0
372.5,199.5,107.0,110.0
372.5,199.5,106.0,105.0
373.5,201.5,102.0,101.0
373.5,201.5,101.0,108.0
372.5,201.5,108.0,114.0
372.5,201.5,104.0,108.0
373.5,200.5,105.0,106.0
372.5,198.5,104.0,114.0
373.5,199.5,109.0,116.0
373.5,201.5,103.0,106.0
371.5,203.5,114.0,112.0
371.5,202.5,114.0,114.0
366.5,196.5,118.0,120.0
367.5,198.5,122.0,117.0
367.5,198.5,114.0,109.0
367.5,198.5,119.0,122.0
364.5,203.5,107.0,114.0
361.5,205.5,113.0,117.0
362.5,208.5,104.0,108.0
362.5,208.5,105.0,116.0
360.5,211.5,111.0,112.0
357.5,215.5,114.0,115.0
356.5,214.5,116.0,120.0
361.5,219.5,106.0,109.0
353.5,216.5,119.0,123.0
352.5,215.5,115.0,118.0
350.5,214.5,121.0,124.0
350.5,216.5,124.0,116.0
350.5,216.5,126.0,128.0
348.5,213.5,123.0,124.0
348.5,213.5,124.0,126.0
348.5,214.5,126.0,117.0
350.5,213.5,123.0,125.0
346.5,214.5,124.0,121.0
346.5,215.5,124.0,116.0
347.5,215.5,123.0,116.0
345.5,214.5,127.0,128.0
345.5,214.5,118.0,122.0
348.5,216.5,119.0,122.0
351.5,216.5,110.0,115.0
351.5,215.5,108.0,115.0
350.5,217.5,113.0,125.0
351.5,220.5,111.0,118.0
353.5,220.5,111.0,111.0
355.5,218.5,107.0,110.0
354.5,218.5,107.0,118.0
351.5,225.5,105.0,108.0
345.5,220.5,115.0,115.0
345.5,222.5,116.0,111.0
345.5,221.5,116.0,112.0
347.5,223.5,109.0,105.0
349.5,224.5,109.0,107.0
357.5,223.5,94.0,103.0
359.5,224.5,90.0,97.0
359.5,221.5,89.0,99.0
361.5,219.5,92.0,99.0
364.5,227.5,90.0,87.0
366.5,227.5,87.0,82.0
364.5,227.5,93.0,82.0
364.5,222.5,90.0,85.0
361.5,230.5,95.0,85.0
361.5,225.5,95.0,91.0
356.5,220.5,107.0,97.0
355.5,213.5,103.0,103.0
359.5,219.5,96.0,102.0
359.5,220.5,97.0,99.0
360.5,219.5,99.0,93.0
360.5,217.5,97.0,99.0
358.5,217.5,96.0,104.0
354.5,214.5,102.0,101.0
354.5,213.5,107.0,103.0
356.5,216.5,105.0,103.0
355.5,213.5,99.0,98.0
356.5,212.5,102.0,103.0
357.5,210.5,98.0,96.0
357.5,211.5,99.0,94.0
355.5,209.5,106.0,104.0
354.5,205.5,108.0,105.0
354.5,204.5,101.0,101.0
357.5,203.5,100.0,98.0
354.5,205.5,106.0,100.0
353.5,205.5,104.0,112.0
353.5,206.5,105.0,114.0
354.5,207.5,112.0,119.0
359.5,214.5,105.0,115.0
359.5,216.5,105.0,106.0
361.5,216.5,102.0,102.0
363.5,217.5,99.0,102.0
363.5,216.5,107.0,111.0
365.5,214.5,106.0,118.0
366.5,214.5,108.0,112.0
369.5,217.5,100.0,108.0
375.5,223.5,104.0,108.0
372.5,222.5,104.0,97.0
376.5,217.5,92.0,99.0
376.5,219.5,98.0,98.0
377.5,219.5,97.0,88.0
379.5,218.5,94.0,94.0
385.5,215.5,88.0,101.0
382.5,214.5,98.0,95.0
381.5,212.5,91.0,97.0
379.5,210.5,90.0,101.0
379.5,211.5,96.0,104.0
379.5,211.5,95.0,105.0
379.5,212.5,93.0,102.0
379.5,212.5,90.0,108.0
380.5,215.5,96.0,102.0
380.5,214.5,97.0,98.0
382.5,217.5,93.0,98.0
382.5,214.5,93.0,105.0
382.5,215.5,93.0,102.0
383.5,217.5,93.0,98.0
386.5,217.5,85.0,101.0
386.5,217.5,76.0,100.0
383.5,222.5,84.0,93.0
386.5,221.5,80.0,88.0
387.5,229.5,72.0,87.0
383.5,228.5,76.0,78.0
382.5,227.5,80.0,89.0
380.5,226.5,80.0,89.0
383.5,229.5,83.0,85.0
382.5,226.5,81.0,89.0
381.5,234.5,78.0,86.0
379.5,220.5,88.0,99.0
381.5,225.5,83.0,98.0
380.5,221.5,87.0,98.0
379.5,223.5,88.0,98.0
378.5,224.5,98.0,103.0
383.5,229.5,90.0,100.0
383.5,227.5,92.0,100.0
383.5,227.5,93.0,95.0
384.5,227.5,93.0,109.0
386.5,229.5,94.0,98.0
389.5,232.5,98.0,100.0
389.5,234.5,89.0,95.0
390.5,233.5,81.0,95.0
390.5,234.5,93.0,94.0
382.5,238.5,108.0,98.0
378.5,238.5,106.0,92.0
379.5,236.5,100.0,95.0
382.5,235.5,103.0,95.0
380.5,233.5,101.0,94.0
379.5,230.5,105.0,97.0
376.5,227.5,108.0,97.0
378.5,224.5,105.0,100.0
377.5,225.5,105.0,106.0
377.5,227.5,106.0,100.0
377.5,228.5,96.0,97.0
379.5,230.5,93.0,96.0
378.5,228.5,90.0,94.0
377.5,233.5,96.0,90.0
375.5,231.5,90.0,96.0
376.5,238.5,97.0,88.0
379.5,235.5,91.0,88.0
377.5,235.5,92.0,90.0
380.5,233.5,91.0,88.0
375.5,240.5,96.0,85.0
375.5,235.5,95.0,95.0
375.5,235.5,89.0,85.0
375.5,237.5,95.0,85.0
377.5,237.5,91.0,86.0
376.5,235.5,92.0,91.0
373.5,235.5,83.0,81.0
369.5,237.5,85.0,85.0
371.5,231.5,81.0,83.0
372.5,231.5,79.0,83.0
368.5,229.5,82.0,90.0
371.5,226.5,79.0,91.0
370.5,221.5,87.0,96.0
373.5,218.5,81.0,94.0
372.5,216.5,83.0,93.0
373.5,216.5,75.0,92.0
373.5,215.5,80.0,95.0
366.5,216.5,95.0,92.0
365.5,209.5,90.0,97.0
367.5,210.5,86.0,90.0
364.5,210.5,99.0,92.0
364.5,203.5,94.0,95.0
365.5,199.5,95.0,95.0
366.5,200.5,91.0,96.0
364.5,198.5,96.0,91.0
363.5,193.5,95.0,103.0
361.5,192.5,98.0,98.0
361.5,192.5,96.0,100.0
361.5,193.5,96.0,102.0
361.5,193.5,96.0,94.0
362.5,194.5,97.0,98.0
362.5,195.5,95.0,101.0
361.5,195.5,95.0,95.0
361.5,196.5,96.0,89.0
361.5,187.5,90.0,106.0
351.5,188.5,107.0,109.0
348.5,182.5,115.0,116.0
341.5,181.5,124.0,107.0
355.5,177.5,99.0,106.0
353.5,180.5,119.0,108.0
355.5,173.5,105.0,114.0
353.5,176.5,107.0,113.0
352.5,176.5,106.0,112.0
352.5,176.5,110.0,116.0
349.5,177.5,116.0,120.0
345.5,177.5,114.0,122.0
344.5,178.5,118.0,124.0
346.5,179.5,116.0,122.0
347.5,179.5,114.0,123.0
349.5,183.5,120.0,117.0
351.5,185.5,113.0,118.0
352.5,189.5,112.0,118.0
354.5,195.5,104.0,114.0
357.5,197.5,108.0,121.0
358.5,199.5,105.0,107.0
355.5,200.5,106.0,112.0
358.5,201.5,96.0,99.0
364.5,204.5,93.0,99.0
364.5,205.5,94.0,94.0
365.5,204.5,93.0,97.0
368.5,207.5,91.0,91.0
369.5,207.5,89.0,92.0
368.5,213.5,92.0,91.0
371.5,214.5,92.0,87.0
369.5,214.5,97.0,88.0
371.5,216.5,97.0,84.0
368.5,216.5,101.0,90.0
370.5,215.5,95.0,88.0
363.5,210.5,103.0,96.0
363.5,210.5,100.0,93.0
362.5,209.5,99.0,96.0
357.5,203.5,103.0,95.0
361.5,204.5,98.0,97.0
356.5,199.5,105.0,96.0
356.5,197.5,99.0,96.0
354.5,197.5,103.0,100.0
349.5,194.5,110.0,103.0
349.5,194.5,109.0,98.0
348.5,190.5,110.0,107.0
345.5,188.5,107.0,112.0
342.5,190.5,111.0,111.0
336.5,188.5,113.0,110.0
329.5,185.5,121.0,118.0
319.5,184.5,120.0,113.0
312.5,183.5,123.0,114.0
302.5,179.5,130.0,121.0
296.5,175.5,131.0,121.0
293.5,172.5,132.0,119.0
292.5,167.5,127.0,126.0
292.5,164.5,128.0,117.0
284.5,153.5,134.0,126.0
283.5,151.5,133.0,127.0
289.5,148.5,131.0,125.0
288.5,145.5,132.0,125.0
289.5,140.5,135.0,129.0
292.5,136.5,133.0,132.0
297.5,136.5,129.0,130.0
298.5,130.5,124.0,128.0
301.5,130.5,129.0,125.0
304.5,132.5,131.0,131.0
302.5,129.5,128.0,133.0
304.5,140.5,124.0,126.0
308.5,147.5,125.0,122.0
319.5,158.5,117.0,117.0
318.5,159.5,118.0,123.0
319.5,168.5,120.0,116.0
322.5,177.5,116.0,104.0
324.5,170.5,117.0,115.0
322.5,167.5,120.0,124.0
324.5,163.5,115.0,123.0
326.5,146.5,113.0,129.0
334.5,135.5,114.0,133.0
340.5,136.5,109.0,126.0
341.5,126.5,110.0,135.0
339.5,123.5,122.0,131.0
346.5,117.5,117.0,135.0
345.5,114.5,124.0,133.0
342.5,112.5,133.0,134.0
342.5,111.5,132.0,128.0
346.5,104.5,134.0,133.0
347.5,105.5,138.0,132.0
346.5,102.5,141.0,138.0
347.5,104.5,140.0,142.0
346.5,108.5,143.0,134.0
352.5,106.5,141.0,143.0
351.5,104.5,143.0,142.0
349.5,110.5,146.0,139.0
346.5,108.5,152.0,134.0
350.5,102.5,144.0,135.0
349.5,100.5,147.0,142.0
344.5,96.5,153.0,144.0
348.5,94.5,149.0,148.0
348.5,94.5,149.0,148.0
