298.5,149.5,67,122
300.9505719777693,165.19215725542608,66.61908130672626,121.63332542128651
303.71931328934386,168.468206333655,66.00951929171521,121.54215522915297
294.77892159224433,142.41765009373677,65.66288526668909,120.63397851011247
305.4024909877271,158.61798519800817,65.7060044163226,120.10280212995312
292.8670674957626,143.5228666071699,64.68469987052836,120.13644237056742
295.473636110859,141.25320829221425,63.68483856394141,119.82541839333544
295.0642280790602,150.97951900908603,62.33202448767283,119.09669076197736
297.4831534954865,154.3949707970004,61.79426030552372,118.79304803721969
310.6671213522219,170.22470710552545,61.77647591213359,118.55025843573203
299.37692252383,138.82258417596736,61.7560095693359,118.49881912104298
330.796023143488,175.9277758547896,62.26145007431069,117.86812834066414
298.3209075338962,156.68138049104033,62.260891922598184,117.86462723701987
326.22363039654977,189.86309774141185,62.262372917989914,117.86344620928578
303.5412748506985,133.71469007352303,62.2121117962981,117.79740546365497
329.0959056740593,167.52966366763724,62.212553778758426,117.79715135530286
304.5097995554771,148.221868431729,62.212509105895045,117.79720758919963
337.99210131986314,185.3807307299934,62.21257549929057,117.7971334925605
304.52984200585144,141.16230509827477,62.21252628032979,117.79718703922514
329.75164783695055,174.77651748124603,62.21274252363288,117.7970013839656
279.81150592626295,153.21873425373323,62.212723876996186,117.7970161128414
315.89033296128093,191.36599019674466,62.677217747108,116.92269897115217
301.99110021659686,160.3945273627576,62.91744469693395,116.30246282449235
279.0556919268148,159.48628090307702,62.91783619272369,116.30200100701923
309.03540000339103,201.60476242188048,63.4387258012931,115.74593011929848
283.2627273305646,147.40109611083685,64.05375116857296,115.36453123681444
317.76162555029697,184.82686627102544,64.6883891716448,114.28820186643523
308.98070726464886,160.22211251014093,64.68731199111679,114.2992686367367
334.5438528473679,192.10949026847226,64.68731577087003,114.29925345587093
309.2299943159536,154.90221927893953,64.68608162229046,114.30436806197773
333.24091407975226,181.35460890624276,64.68609153593556,114.30433636688342
312.8379093267963,158.6936246743602,64.68609043383479,114.30434229937835
349.38631599391965,201.69874396513478,64.77800823593617,114.23302946449016
306.8491156467503,142.43821974017152,63.76708578636581,116.0887905342332
340.60982940754803,183.39914034693996,64.58742708028436,114.77635937284862
370.4146329852247,219.30691370969055,64.84059100754804,113.2585838251083
303.35276025120334,141.0730877491293,63.60030353523779,114.56469388035393
340.12323394598434,182.76720228891972,64.08642079703628,113.57558663644983
309.2038063133075,138.19648218763896,64.08635524334449,113.57561047668929
345.2207563409604,178.19848962044745,64.69866473555288,112.39230248833654
317.2767165041736,130.01036101652798,64.602019775829,112.49052796491713
346.4177681324503,170.14872641093206,65.04137175313048,111.71520274533339
379.9748142328287,210.7404525678502,65.01910169177985,111.20225479592311
316.06656165597,135.26273634910604,63.057564461280535,112.64666480728519
350.77410790697604,173.0794786482663,63.8559797256236,111.39871571743015
320.1915585679617,128.0489755761211,63.82759281790706,111.38707671999495
352.44214967762076,169.54543408127574,64.30112186337145,110.5409925116553
328.0435859263621,156.29514605398617,64.30102994872956,110.54019450303946
363.747825938727,197.4703349366224,64.4360194753204,110.03774954929888
322.36272553329377,125.46415370473011,64.41366566657022,110.03167827789792
356.54027122631067,166.9952396972445,64.86285291067344,109.18627486545383
369.40046692434373,196.34720311790485,64.86331800091557,109.18583090002329
329.9119977710298,148.02943231973416,64.85830271001988,109.18732663467176
364.2530443928006,190.3562969333044,65.14911714828162,108.61413673247768
367.36948680376986,199.90811024852232,65.1549526711699,108.55774326410695
329.4655701099641,157.42220337708073,65.1324692176944,108.56279345294378
362.36754003020826,197.02917037685722,65.77840879256448,107.08960575720641
361.60514764967564,195.15506045021215,65.7743161320484,107.06720501696208
330.2463290271867,133.64605599721767,65.0464582358096,107.6574675958459
362.44831602299536,179.72588384290097,64.87262048920117,107.73609968646433
378.5628182179716,201.80209370407712,64.87522690415723,107.73187066735962
392.9337271520797,201.25576385630058,65.30077585479681,106.71236764266533
351.6635683981526,157.02935417964704,65.30368219544805,106.70990152125334
386.4121093286664,197.41737414073475,65.52961509684266,105.91004757057357
347.4443006870299,158.5666102764946,65.52887665412487,105.90864187610694
381.7793974116925,198.92456022707864,65.70942291104379,105.0917032104816
341.4204605141223,151.9392444110772,65.68259516344854,105.13619291302109
373.6639603651224,192.68655346057304,65.515855914932,104.45629184791693
347.386276095723,152.07837681159066,64.9092845611155,105.28724416598075
380.9674854269099,192.16099004904032,64.97093119609738,104.47116657466165
355.2824574689612,162.2620827003047,64.95959223033907,104.47433524603336
390.43452764340117,200.5972010303667,65.17234004254713,103.81534681503746
357.37421779340684,150.5974459070947,65.16764270769526,103.82177662359825
391.15274549350556,192.17578855138245,65.00959906542953,103.68977780396979
361.73240049861204,178.75213549876315,65.00811680224096,103.69025014945825
391.0587599375921,207.57774675292086,65.2878118316114,102.9831458311677
361.07802401331037,164.9153550978291,63.325709718369794,105.24551817813554
393.6232326525389,199.37194133117873,63.751362029034475,103.2231905032903
362.52661321787514,169.919241999473,62.60979086599258,104.64407479538394
393.3348808387151,201.33116625640332,62.759198428462284,104.23103506461155
364.31739247813,168.14139680406657,61.1309907510825,105.7684238711341
395.8678537087364,198.46084077134435,61.176944158059726,105.69137986339871
366.90224309249794,160.4739952137155,59.61189626697793,108.58175437824511
386.8675631385791,185.25658761619144,59.738530875908204,108.45619219862155
381.0662994633452,170.51122714830072,59.72347958242868,108.42838919912187
403.8913663134078,195.32495269094645,59.81266183282273,108.27185009019843
376.4718484923968,156.276646859886,58.24202531002891,109.75446465723834
403.945847116267,191.97243365122455,58.77484235834304,108.41827440845537
387.1382852563196,150.0062786160147,58.81532545175872,109.02846628876628
418.70174685081867,187.88030548887664,58.82980435005628,109.01043896650764
390.00014549401334,169.00778064842405,58.8392185551749,109.01348392000493
421.4829856636296,198.035638629248,58.909516121424446,108.89527315860013
387.42087089649095,156.55325148409173,58.11330745322742,110.16717263204904
422.2764914496252,193.47595747000236,58.31185729439544,109.55326679089161
388.4027673332542,153.6868876166767,58.291112634583676,109.72922297190895
423.16574008181885,190.90676599940193,58.55830125205601,109.17208217109844
391.6675864296868,150.06877995775267,58.4777422370073,109.42648717783689
426.3445898008269,189.0310304742387,59.23938141724979,108.0801914275723
393.7959093406781,147.8123029828082,59.19851386722241,108.1921373315844
427.524854902942,187.86384292370462,59.64592663120922,107.17114277007191
397.7703035471261,153.00302966217666,59.6432581226139,107.19091284053881
431.52593493002723,189.0819944409509,59.989979803535434,106.05104770581792
400.8043132050263,160.71622663283853,59.99241315834942,106.05173498041168
434.5347699443847,195.7276225291964,60.49607153335072,104.7496283762357
400.2384581227052,177.98334338082066,60.499589336028365,104.74613725032067
416.047031838266,204.51268478137746,60.49767095132044,104.7405433513512
399.8662699166923,158.07055635013322,60.37505594811512,105.75583424333735
431.85102228320056,195.33262685194404,60.53771525701173,105.10285056775523
395.07157674935775,148.30282208264967,60.53725051440325,105.10211577421416
426.2506562908181,188.56829402719552,60.92795513489842,104.6300523347498
394.99001255177063,158.02967583089162,60.926843934984944,104.63173363629043
426.18433842365414,192.70727533850564,61.068706250410905,103.82953204917298
394.1361528874268,158.0253454575634,61.06865883299947,103.8265071983669
425.7440733434504,194.07058496994148,61.08488263441089,102.75389207573352
394.14046830428236,165.14732023302608,61.084761617645135,102.75319303454415
426.2972009055704,198.40545447393518,60.99507310896027,101.6017415340666
388.4697312466923,130.55849937836115,60.98225835931638,101.63851019465315
421.01888291624545,171.6370358686153,61.70581480618314,100.88818066396179
422.72225344001436,187.48464324222329,61.70583606425757,100.88814543485131
405.4149778096969,191.14016740728238,61.70582072089468,100.88804338447792
385.819079775826,135.13302499651653,61.65277568223061,100.98333786271104
418.50808387675795,178.8579050503079,61.961799375678524,100.8502656772201
406.08231515855823,178.4987592394565,61.96179722828638,100.85025680147986
413.9554789951624,196.1234823416592,61.9615810069444,100.84957870261836
453.4193761853818,196.34611309752003,62.74397966712994,99.25539906100056
404.2815316358405,176.95473457252632,62.737129621313365,99.23404797812601
438.60150469812845,213.10664718754856,63.29205751921473,97.7184459100355
387.3727400072428,169.886426776605,63.29556131575077,97.72420765505018
419.80199898751965,205.72766561302427,62.721185321974104,97.62058554609987
383.0105469003363,163.46716249653693,62.72199354018401,97.61999087478547
413.2163876259934,199.78792400795982,63.35125148295057,96.11264721292733
397.85568928195954,161.57515118272266,63.353633161727984,96.1138424954413
429.07001105243813,199.72182957045953,63.10346999645075,95.4525155243581
396.54188100865827,154.9507489718028,63.10393765026078,95.45278535738144
427.303015301565,192.2830286351215,62.75414216227952,94.9963696842723
417.75610471429763,209.30898761908384,62.754166623300804,94.99634296676095
402.5520692667118,184.4503404154908,62.756035576084386,94.99485017558803
432.6646915040349,222.6461115398956,62.508656000867695,94.77382456198809
419.7523524988739,188.37702272966018,62.50972870510301,94.77281261875731
436.3402203070155,212.24469327869934,62.50979721957728,94.77271346535426
422.06385970379813,195.74150196083914,62.512870931799114,94.77074141086881
420.9717984973237,220.8840705530062,62.51365460190822,94.77022086459567
384.1655930541992,173.63691171230425,62.51721057679599,94.77129272570616
415.99308021100546,212.74293579031217,62.360479673093096,94.16358318217416
405.0713271869781,188.62651049834693,62.36515499712493,94.16126348085777
436.61430127106826,225.827001697025,62.90866160102627,93.25001005096006
412.4219040562007,196.8439933139852,62.92393215445048,93.24128171546764
441.76035524823783,233.04137208590006,63.399664994896284,92.52566503320581
455.21420323368955,205.77754808460386,63.40515902786502,92.52152939105345
450.8643098537421,237.2284277540475,63.40596282782477,92.52055832307944
449.1249138985356,214.7004664771748,63.40859386921519,92.51850589127574
459.32646297792394,235.96856417586508,63.433187396829034,92.49643950892911
461.0389586609882,202.69147674323935,63.98117512009809,90.81317545970694
460.91485603042554,241.5709503483045,63.98162307536346,90.81235611522484
462.90233631569447,207.09858801908072,64.75678849628889,88.76235307554515
408.3022484393751,198.3627322299531,64.11814990443165,89.34240893737146
438.31373071990066,232.30762988264252,64.45032449330952,88.59481058819917
426.88930619723817,212.19768375389978,64.51225690859282,88.55642885499748
434.78787245235577,229.43946995756377,64.53160056984815,88.53766745100911
418.6431783431891,228.00050781286888,64.53667394655386,88.53204660637684
433.45284140125625,211.6887664110787,64.62270817963196,88.47555753739928
414.54952314200455,214.46274411105296,64.6765636114051,88.4568817459014
415.77813618075544,219.43187875503307,64.71864313745122,88.3770141136344
409.61961742858784,218.32033839061876,64.81529465156507,88.27767674020357
398.74228188381056,208.47111954534608,64.81148132886423,88.13932817235164
408.0590818940158,217.2587648815466,64.86421211558509,88.05638882242604
393.4835694294605,198.42974777355317,64.83073000904446,88.04009060628681
367.4268990967167,188.3144193423063,64.83138658574704,88.03314624409468
398.7422254933749,217.84928051151496,64.44411007426987,87.41730729634148
364.3288726622111,192.93426689078566,64.44899304293043,87.41633364160045
396.7621420881025,219.22626856645803,64.45423001150199,87.25488013285188
352.41137767917184,161.4482458348911,63.54993615768629,88.9058415016286
382.38700235341173,200.91655349556754,63.00162594955407,88.83187495646062
416.82077290449433,223.94679326017433,63.24855601504961,88.44772455866098
382.5787930945639,194.29495654397974,63.24916593882959,88.44733801574779
414.3027699276056,220.31215743175864,63.856567614403495,87.2152355747445
392.97750939283526,193.86209408991823,63.85712169211985,87.21636826706467
429.5862270817282,215.3923882177338,64.62505843913736,85.78641281210105
415.40352583110507,212.12833006847916,64.65336899245086,85.78758863971959
352.69055411033,147.30530820992755,64.05845772458747,87.0382293222452
378.4538255382115,183.1293827892349,63.47340676536923,88.36380133039115
411.6370551960253,215.7399066047455,63.297100881538626,87.91636694924122
408.48212955274016,220.3867087144447,63.40753817297581,87.77329315956828
445.94275182751403,213.08227710519085,64.54135599111572,85.78814790049667
396.64607025870464,214.45128085409465,64.33345534706527,86.11294869942495
427.72083851392875,233.91894413652736,64.7474120533822,85.49561003886112
398.67567394575195,214.90373229301434,64.54441064929382,86.03666013218255
437.4680321074457,234.99164416289452,65.0845853036365,85.32405995054609
401.0478455861049,231.09729083827554,65.69875968305716,83.82535393652034
413.40183300689245,225.5940732353814,67.62813458104927,82.79402489423607
420.04963594321947,230.7958980478329,67.72745063734222,82.72901232117577
381.1467977003286,226.37314779769446,67.26791522179373,82.72228009717776
418.7993056411589,220.76473012906484,67.7892218683426,81.48062337121803
388.3260092606042,236.24547047691746,68.08734925413876,80.06371498580614
375.72749147041804,223.19189238260324,68.88483784297874,80.16156749000952
410.6432165389785,218.13793006567,69.52725738996917,78.8665848122465
381.6377035600384,232.72374003781795,68.87115745835811,78.20422694816554
416.9519603385504,224.98844452818605,69.50949448707232,77.32422253078529
381.3868506053407,226.4070044997225,68.2697330576384,78.73957142092486
386.5339947758139,219.0474655787917,68.83544110776039,78.38388567622603
377.78618672374404,215.10494183457482,67.74596079029399,79.08934639433721
389.80573808740314,224.73586300452672,67.05910991445914,78.95301877460737
381.93796129504693,213.2899607483353,65.50150181155887,80.18411472659989
365.1905003775041,213.24742898186472,65.18237475046425,80.36921665643102
394.44116230933275,233.91935100371472,64.96775938760337,78.50760621134316
396.5054209167568,203.11034880344198,64.9838959081266,77.73996892450691
396.2043085654459,231.63494574889455,65.08458076819326,76.76633247425171
413.3750448340128,201.99781923252473,64.9600327475992,77.45333560098243
385.5767145384257,227.20104709547408,64.26285974039543,77.85869894014155
418.17176944253856,223.56202239342826,65.20410422243603,76.774946725002
383.5475308804545,226.24886283428577,64.67006539224387,77.56748436589238
417.9062032263749,219.45295347222742,65.03750090368443,76.85343060859304
383.8869828272629,224.29249080565495,64.2909472845508,78.08298328344426
415.4952146245754,221.3303900434139,64.48240654076375,77.73203190357597
383.2039358729484,227.59140127233437,63.56255794660949,79.3383721457031
416.525180173739,220.23346682848796,62.63678098466866,79.52609187612015
386.9414460916109,224.28420821044946,62.80024547642984,79.76910399134302
423.6177581862222,215.91806955094438,63.247518644587984,78.48371784171448
398.67335067491183,229.84901710965653,62.33340650527606,79.74238166618623
414.70275786908826,216.07018915584206,63.91813240829268,79.24837361079611
430.2678506229076,232.5367716937996,64.10386172029499,78.94679633481837
429.468234966831,201.74093268710834,64.38655744249348,78.29448126589861
429.9099704607896,231.9804688797139,64.85698514649323,77.9611370095516
429.904576881117,201.08349829333383,64.9142743386017,77.4525458162448
426.771121542888,229.09811732578748,65.72969650586595,76.9763975688102
451.3743097290558,202.83795584966012,65.73051428226893,76.97614702783999
425.50435701670693,213.89244959493962,64.6982470444451,77.12592059808492
402.5361675946656,199.2088317006053,64.39604287814058,77.4626786886777
387.75280555792784,205.22282006415887,64.34137713457876,77.51373134311045
423.93926312871173,209.6561844911242,64.10349321981765,77.62582683370209
453.5837919321893,210.0760201251591,64.46359973045742,77.38259451580784
428.6967303252775,224.58686830814543,65.18559346732215,76.08478485795271
400.2282008536602,189.88293556323046,65.18184642083854,76.08895618650054
430.1194830588289,218.17819672010535,64.08458687497189,76.11741543958786
452.33485845242586,196.38752888549567,64.08458880607638,76.11741491119052
435.08728540753,228.16898495856157,64.26531264981381,75.50347831824664
451.647246978512,197.69708765680522,64.27506319696862,75.77987059617583
433.15906256659036,230.9267453864701,64.75915631453967,75.12989615103558
451.4369699612158,200.62558731988918,64.748989132557,75.44232399602369
432.98511746813125,235.67833486705825,65.26344903404063,74.78811605952684
451.51564986516325,204.21989370602745,65.2309745915781,74.9441012777135
450.34481775538103,236.8534541063996,65.36907467269394,74.47177865650116
450.95258843319766,206.15248657312708,65.3601006891115,74.26026352629037
449.8417395375268,225.86876058337032,65.39492335506766,74.25273073950918
452.0408018240272,195.53784304300893,65.34105134606025,74.28212374300998
452.82688459778103,231.312710231693,65.06785034030963,74.20695452716171
452.88676352301667,200.94670872598945,65.00096513559932,74.32281584021574
455.9534464291489,235.79280426187563,65.03496529272644,73.79879564393022
457.9282530160509,203.43375633333176,65.26376325609027,73.44150406888285
431.9175682777967,227.2910023674311,64.73872507096372,73.29147180260809
451.98784654655105,203.595247228442,64.73874823065708,73.29149093105485
451.3475480503534,240.90744814544627,64.72573794131979,73.25105904848547
426.47699028041427,227.10253573968305,64.77881238822431,73.30450236104785
453.7661253717134,202.87467890894666,64.66717908742854,73.26830837585926
454.5748558503199,240.49767460274975,64.27200402927011,73.11915828407537
455.516630178603,209.9654245954155,63.98173350014922,73.16313680225767
433.9662969069268,234.64296366359193,63.9169028362078,72.79508987572554
460.62878983025666,210.59584339710503,63.82968212611693,72.8707559809021
428.09800206296285,213.92856884700706,62.962404030461876,74.1152114289422
457.3861062379766,210.5437382413737,63.12469033881418,74.14923620514276
425.12725872391246,213.81767499245854,62.66602217538791,75.2487263402529
456.164874480357,210.96914844894707,62.952532292574205,75.3535148734567
429.4034035302922,188.35800752636302,62.964118277561695,75.45475902379428
456.8997711226083,218.89647926871174,62.86025586865814,75.30816876047194
456.60097114132566,191.97263752680436,62.85747558860387,75.3124788648336
456.74393190443294,227.3974529210258,63.361148810497184,74.27141695427582
459.08802767471167,198.1790678745333,63.40384791903774,74.27463085285419
476.889106784492,233.69430702415485,63.5397774139729,73.85051681641195
459.97669826827143,204.2899837246099,63.51949947541965,74.12268884906051
475.4847963804205,241.4829292131184,63.54143264115419,73.92699452835718
474.6863177392752,209.88139629149507,63.81377762530504,73.68563069489971
471.21562837173303,249.0867316199718,64.00613163904762,73.42131486464457
471.97059997075,218.52979838234967,63.937983131167215,73.17558873844519
506.9884139138901,222.4966264688157,64.04719481924207,73.31588124900611
473.5952440871498,224.19565938903906,64.20778506909164,72.70984698292202
493.6985724724183,210.2683016172026,64.40144082732989,72.69528424575141
466.2107322982481,237.84686080173648,64.06449875303244,72.44879209294747
493.74288499601926,217.3942607997987,64.04133113586819,72.42245261245135
458.4305137209422,218.87524452434678,63.82360972500237,72.73470269565641
494.77705911482866,223.21812102377905,63.645299707936914,72.99834033679606
461.2105627704568,223.3652939251153,63.33070789396088,73.34711603208683
489.2941766337592,224.60429744336085,64.03741880772742,72.83754611746961
458.8320746926648,210.48307788668393,63.74116322886064,73.59346976478156
494.8453676031494,216.4554225940212,63.724063555389435,73.67490205862062
460.4413119024484,216.6259810150991,63.783088858644646,73.59307448292911
492.01870538191764,222.7745686899355,63.97763628599061,73.49634405190284
457.46888021260423,223.03312331175817,64.39483690126882,72.72707112797197
440.9749558254992,194.09705990066084,64.13671462552212,73.01037479630153
444.6708703384788,231.02458346708488,64.18113175085215,72.31575967807046
444.3173701276166,201.9217774598295,64.32850114873872,72.52725323742362
444.39548149277437,237.70959765614734,64.40523398295636,71.48591720523832
418.8386355124355,213.5617726424223,64.00280406287503,72.06827748856615
444.956350759962,242.45573587855398,63.72027217422108,71.60731669747642
418.98140575912606,218.11727280106464,63.3662497713009,71.91285194602987
419.3514216982721,256.59484423217543,62.49218526310256,72.42424687928457
419.7195382545237,226.9561035406096,62.51347770366746,71.69809338396533
393.4965313925279,203.6703518906624,62.51293636886589,71.69858404510119
422.6344506386283,232.37402043567562,62.1710388922815,71.33227126165136
396.3483468284422,208.27542623936714,61.83767080293696,71.76196607452528
406.3204190945564,227.85733040830098,61.955570488623316,71.71507605371609
405.5958199804188,200.36566206731388,61.983852038726,71.61474198907575
391.3664703035729,237.23585393450654,61.77066510061947,71.9538434816805
394.6851686588432,208.33159330913438,61.72689486209237,71.74894417132445
412.66534316042436,244.78380313195171,61.237609421397664,72.12422939943433
396.4387984992455,217.97439391923535,60.8492808730276,73.31063171262076
395.9488121014892,185.25705568301538,60.863370322015015,73.20220926539875
395.717574998545,224.40142039229275,60.63052776156253,73.71253826891696
395.6825109562154,192.09442058868862,60.6233190918303,73.46388396350466
396.02595609409275,230.9196207964642,60.427364213623235,73.65659539831267
394.3600209136208,203.0417861880792,60.676745890289446,73.56679271505408
394.7189137354524,240.4276551534337,60.97736650882612,72.94759725450854
394.22293110834545,212.98173907045881,61.61021821132918,72.66766082772973
394.3341600825101,247.27324012735187,61.61995605288079,72.14378113611382
395.43643997605113,221.98024850203737,61.312405632082225,72.51407044244372
395.36410164028996,192.1213491450817,61.30458635001387,72.515463308063
395.83032603322505,232.08251687591996,61.17286430077911,72.1738607665308
397.8930252504025,204.15315091708322,60.997373562295806,72.20053142728112
399.2289019876602,242.56619776128485,60.88204479211881,71.79590246410362
400.7459697169702,217.22464015852225,61.02955270951315,71.55787524700041
394.2469262585505,204.34504580665234,61.03036014832559,71.55937002264689
383.768214407566,191.9168772071119,61.030358121792396,71.55938023349664
409.53612247055105,223.00850738483007,60.84050433640549,71.81953291286959
388.73924587267874,220.23475544911622,60.85784186020881,71.85800385440686
384.1608139316673,220.5231981774007,60.88447055758004,71.94440060997675
384.720909739241,191.04429485702622,60.880121624642705,71.94683515211128
410.6146622323841,223.53349091759992,60.78076636782241,71.93345331351613
384.76426647741954,203.00720526711652,60.42642609853253,72.33524872060313
391.6325890419046,218.81863016665753,61.11178057895735,72.17406901741747
380.31712402352713,208.8620655075761,61.12221503419264,72.19814334375165
363.75375119897853,203.8847714375798,61.05474558979796,72.96782375581603
392.4105781817995,236.22194561363534,60.68065942479859,72.92805606857792
390.9868349458986,212.00079209375303,61.26932898626025,72.50233234491836
365.6880102930674,238.99234703637828,60.824810983332824,72.65444138030473
393.2535068521641,226.54791308370446,60.57421364628627,71.79794276920863
367.1958381836134,199.3846341263702,60.0316873756853,72.78671035233523
394.41488704961654,229.6299170972331,59.68318105349513,72.48250995275905
369.6703500153798,205.07900475513645,59.28634742799799,73.35442035706578
399.9366458076166,210.59017832355678,59.520173201784786,73.70982483644264
367.7467494899708,213.1515897479082,58.94040803556192,74.8237003849872
368.8249472826962,180.87314064383202,58.64084866550684,74.14508901782418
387.2102250470229,219.7967501697472,58.307603337260524,74.87798252070584
387.48791120416473,189.029230057149,58.39914363937649,74.41878684623359
357.38543320254354,194.9836644297136,58.402517297056555,74.41934160655897
390.14311096846455,199.51527777102632,57.59722654067835,75.36886456987557
366.3398259739643,183.57364046184526,57.59728468276728,75.36886103725352
400.257696579839,187.9374582123328,57.31128417439554,75.78721337067644
391.7973357967805,196.9359242932,57.3131992435501,75.78791866317982
401.0346186988272,208.49073057957116,57.3136771994579,75.78846787448677
414.3563150366369,204.91210772953548,57.31371476953918,75.78853207888608
411.8098149069932,214.75082732396024,57.30257345053196,75.80260098805017
410.77903864682827,199.05955459286696,57.3025883768805,75.8025944957784
422.90921863383744,210.3132598892257,57.30382263377212,75.80520686995777
417.70973486196357,216.98326204444658,57.30852308112075,75.80660627575189
418.4160376316984,212.74517953272374,57.30860842706735,75.80654022934452
422.72153185695805,208.21184100676163,57.30862132380048,75.80653117890238
442.8270697354596,224.18192170960458,57.3124071791683,75.80622912510535
423.8178663302307,200.5059771478881,57.31307927065503,75.80578837708255
444.9840639306317,235.29557035531903,57.31316888767768,75.80585740133841
445.44323623241354,218.239413099971,57.31318523669064,75.80584379335458
445.5090500034738,206.52016012356165,57.31319530842626,75.8058401093936
461.1419487282311,223.29967532332043,57.31392052831415,75.80540416542597
433.29414375811155,223.46299859672712,57.80752995136664,75.57292832297094
407.5374295049761,199.93323578795008,57.37777477717303,75.85051949983381
458.97047766229576,216.92278950824027,57.37777378663481,75.85052008668654
426.38283306686134,216.05652370737403,57.44351972232714,76.14254895316373
400.64419256886424,193.95207866694264,57.95875438507281,75.54775319041237
