289.5,67.5,64,236
284.10061337050126,70.09947853521058,65.35723626668812,235.15567810981207
280.9833300975108,69.36539276720069,66.31106207747655,234.09610632763025
277.7630420569682,69.91213716828824,66.9150353258641,233.09478867423138
274.02343288193816,70.42829876371005,67.5516233425063,232.27853931799905
270.61642992168856,72.5187368337302,68.28248067268171,231.51293095089488
267.4821725731859,73.66139995396873,69.16246953302085,230.44949406990742
260.4296854102537,80.40071760640166,70.09630588706236,229.07875049802675
255.73391979315676,82.2174375136469,70.87156718873982,227.88190053171695
252.2933099584489,86.02071161344281,72.4456996844915,226.1728268004057
248.4648618859536,95.15147170988921,74.1179069441216,222.56868040803468
242.8799286170398,89.61731611385287,74.98478828454301,220.56434942999874
243.60997378300027,93.18199840470515,76.58448811633039,217.40137376898286
246.33354974992523,91.402172277782,78.22631857726046,215.2279362977584
237.68687720536957,107.85894918853198,81.47284548542419,211.59325552201236
241.49934937907966,100.63383206416277,85.09218322436072,208.7933175849357
248.072861666108,97.7367603714462,89.09951304545883,205.0789875010435
230.35362719108616,116.86861539104424,93.48692106231582,202.2727690975309
245.47424829485928,93.89479377716314,95.72570279167888,199.309523227369
248.56347699351988,89.16102648291664,99.0787912557071,197.70620849649197
241.29387842030513,104.23577592086735,99.76828057538646,197.30190999764733
243.54395848169366,106.65314629364613,99.38118670452161,198.15182676818534
251.80000709069847,101.57577360213175,99.8378856980757,197.2186295877393
235.4454661799438,114.90323173648301,100.98915941342132,195.72182883198872
229.144321135586,129.63085958846753,103.33253525336528,192.99630201847242
229.15904935800256,127.37654998855255,106.24543418293094,190.71300611501127
227.39739760006375,134.59447047314646,109.71299980133313,187.74933644555284
220.91291622187478,130.36232836781622,113.0082225025563,185.81368865013707
229.89001662195852,121.90313624612492,118.28488856572541,184.62919903518213
267.4063520473998,101.08769122765163,120.41319016390901,187.000437289912
302.80275368039764,124.172514021576,123.71658994528889,184.55092600934915
252.96064610291893,102.22272929940723,125.94040509951878,186.2869723521352
272.8809329465035,114.88664381972544,128.8387761820501,184.741003198386
265.7742520196411,109.38956030082966,130.96861686008842,183.68461564895853
271.65266017525744,96.01395295611565,128.55285970884594,186.4993866956654
262.0817145159885,92.30522528295808,126.35715434553238,190.4658227399891
251.59450991103296,91.78994197486739,122.3221069219222,194.2654944073957
259.7610419136795,92.70887592317811,119.11146329796341,197.57517869080692
261.6997246422438,99.99213020424142,117.6970496952953,198.58212049906598
259.6519746702868,99.18068284447503,116.45662876732533,199.49965896130107
262.2849834176552,102.37185321123272,117.86835003087998,198.67654584597688
249.38095561834757,109.57218929600118,118.44187363517254,195.95589213732208
251.28844031833086,115.91063637457162,122.48663515934985,192.97435908730245
269.8283787756326,117.54124363484216,125.67764048360908,190.41913652172607
299.99923354545047,103.86539397016347,124.97483629597149,190.50652833695744
277.6329693773514,109.18788739003318,128.59291170938218,187.86151053101236
296.20209492123263,103.11935635544629,126.51849641881338,187.24891362743153
292.018913895548,103.3840918476063,126.10502935254519,185.76571026947676
297.9787277404813,99.68377811585633,124.61795143099633,185.86213623904703
304.29542548935046,93.86808748072698,120.92339039086602,187.69576427084877
302.10711724855696,87.94339641751336,118.03418654372018,190.51414709131808
280.18429926954354,95.7295650374307,118.7669669321644,190.5883166827778
283.67948698933264,94.51939937572254,118.94402427624232,191.29084787709496
282.4985597437681,88.17391880497765,116.80375330534409,192.9101391911877
288.70776471498436,89.1536887021189,115.15093444349853,195.03785099467177
289.87985309581757,89.43664345009162,111.45247080772384,197.14182457010185
304.68078865163545,92.33469678799003,108.78053005832061,198.8041939254469
322.4477764597475,83.3243993110097,108.54586062488232,201.45368664314685
286.9332050885683,88.80757877123031,106.32098660180769,203.3827285876066
296.5343422228592,86.71984725732915,103.81590333364434,205.11680511615083
301.1522812158167,86.04767229791487,100.07357196615484,207.88559322723805
302.55060709764973,79.46795293569804,97.22798413169755,209.7397044399939
322.6238831360337,105.6789205644533,98.2950486211317,209.36342693250077
328.90496383096416,101.46569314769546,98.96581291292523,207.3585580548585
327.1990336827365,103.05436527392462,102.02026366996412,205.46497485854565
312.2996516705463,100.57350864215493,102.28391104633295,203.51897993470754
315.84470376197294,97.18944909509109,103.72537869890388,202.2203151242292
298.7003354399328,83.23060035822863,103.77053966907215,205.06159247241595
303.85129030464054,77.95404678413001,101.9258058176344,209.06994529851073
292.5216743042925,67.47031040601686,100.96835895515828,213.69219946853167
293.21719677376547,87.36531049194058,103.0984168832704,213.1636001243335
280.52320972955135,77.10312966631129,103.65768112627347,213.19440374181082
254.4542115176376,88.25882666014786,105.73397897989467,210.55357970222724
251.11899691001508,84.12950255516006,108.18125643195742,209.68630723885275
284.23993049488837,87.13677169429927,108.60203809005489,210.36530358279427
274.65486667675754,80.90005925925519,108.67494281649658,211.0263247842684
262.3659389187856,90.50506326431446,111.37765082789429,207.7927842215139
278.17506697868447,78.48275742449593,110.92343438424507,208.32889634487356
262.9597859482518,90.63901317481253,111.74244243632039,205.3910930244479
261.4601106288813,94.9083048969859,112.67887456028606,203.31388080128283
262.7678109987621,82.30702280065222,109.98828939973077,205.4852419515242
264.75745480054877,77.93498717549154,107.39212958380273,207.91260259447486
267.92025356746024,72.55777259743908,105.22354302604441,210.45307972084794
279.1618875785184,77.2848274422069,103.82514406720328,212.56698655425214
287.32505897385226,71.09052113009186,101.41976077364589,214.9411214632215
296.586182894508,70.3764598381079,99.46983305939861,216.93297640288694
297.30810393687347,75.37132100552535,99.48495210467469,216.27360133413328
310.20789045789684,83.51105970009516,100.48157173405042,214.4646421978323
324.69072326230264,106.95363419240071,103.46071122542372,209.92109728603194
296.13369024868746,83.2686236943928,102.93097823507514,210.6148374485823
327.2492901688686,117.29604509013687,105.54932493779603,207.9913507744778
287.8769936689247,87.32213161431457,105.21867726116437,208.7266462375456
312.6568421235765,110.1498408902783,108.04385351137162,205.8564537840846
282.43203473260667,92.90185617809747,107.22129540156803,205.83594990921503
299.7858962135395,106.83230827655733,108.9476835330577,203.34370409148008
282.70102209101486,97.76650237886588,108.34766166566325,202.64071399123065
311.1280840521429,109.97086652551037,111.1180650070485,200.38415926339658
278.05691534445515,104.27781646288108,110.29507096180025,200.41600989989257
307.5971324837843,105.3648254945744,111.56243196089173,199.59712322191388
298.97424648170636,101.64062719281365,111.61340921718214,199.31297940783608
296.63582275302497,101.66824226177752,112.60492303584961,198.98467016080383
293.3945995620443,102.62747353024932,115.30355860784869,197.71478728428605
277.55733290737624,97.82180938023868,115.19044364207392,198.94453118900492
289.9956490294671,105.70126563487652,114.94864477006578,200.18349688271226
271.20386861576225,87.57999097208246,112.66834245135644,202.3453569342582
279.7715956870238,93.35516091172283,109.61212018958179,206.17589906315254
260.6191714434287,74.32969136721748,108.10560703695145,209.38332262090668
259.14729649959025,74.57208008020288,106.91239058414705,212.88208623406103
256.63140881048594,68.84086922680379,105.87540380589449,216.0384690959297
264.4051683133048,84.31780369362892,106.77148808728631,217.736020298313
259.0139167622403,71.26054056706718,107.41567635989391,218.37328955306504
259.2242303614289,74.97058773850192,107.5794743964106,218.96872363167225
248.86635726481273,67.6939217822216,106.24944392107884,220.2124236793474
247.9798732924825,66.2462619922807,104.9547348928342,220.79870119120176
244.44182007066496,67.08077126294697,103.24194107826645,220.9552903837885
243.40848190561465,68.15696550708645,101.89585769426998,220.99999161768767
247.3941536811625,70.30600681249415,99.68824389013477,221.2580431496415
247.23925423232632,71.98440004087806,97.74857017112375,221.42074883991933
259.153181482122,67.33907323999313,95.70749699720358,221.50217746285284
260.2687381584831,68.91519930706673,95.61489900115191,220.24180654693862
259.4723822086693,69.75278333001324,95.36011756175921,219.57148223677126
280.73353890654045,73.44205390812922,93.66240691361625,221.22383737751733
263.6903422375617,67.77663669116913,92.60723616244871,222.04085675837848
274.66909314867445,69.24365932932338,91.42950553404421,224.08838367020445
285.5999647756609,62.984483237682824,91.0158931637169,225.4139026158788
280.9561005674695,62.65956893878962,91.21232921114718,226.2477782381693
274.9972348340356,63.056264736766195,90.13496016341801,228.24088190490238
281.1841751315066,65.35768733923786,89.68071492421838,230.422302908456
291.7902130896597,64.8737253065,88.81451942787521,230.37523872117555
284.2364153848997,68.5638654568723,87.92228030447238,230.86057428100068
285.90508899280917,72.40506829293756,87.07780561292827,230.61293730564762
283.3286821049766,73.88134390809768,86.03545720382355,230.15384385747421
287.863043808259,76.5086664291872,85.48364074707209,229.54351710350932
290.83573144092577,73.39742226504845,84.39383318782933,229.32075730452573
293.2450384257779,76.41837997079489,83.1478093353908,230.01027430011476
296.875316662205,71.4596230350642,82.79300895082037,229.702146560526
297.4158923770842,62.98885747284194,82.59999027951807,232.98110457237448
297.939545534898,55.042426427909845,82.9413210890823,234.48621177741433
296.24989767550585,59.34126014441554,83.40276505082146,235.63737965631964
293.9930488964499,58.383115048612964,83.96724949642912,236.22836403046128
281.04176171788635,60.947704229385806,85.06393616735242,235.74051593191973
277.37394235369305,59.12876614663921,85.02231814410308,236.7530235563092
270.26510557695565,62.78851612584897,85.84668445063475,235.6154520988143
267.9062252833463,63.05273646253241,86.29718322249829,234.70695598445678
277.8960591776745,60.004094998949824,85.09341808645705,234.84635518946493
282.6034404879915,57.17069949029576,84.76152672294685,235.02939385634602
282.9133600289151,55.94519079411117,84.3748758535211,234.71865911236614
276.3039797547788,55.42915479938735,83.47209534069165,234.2835304229222
276.35608682867587,45.29091032173827,82.30205281357787,234.79091213690765
278.4859320326476,48.03799756632931,81.94026885384062,234.57950952115235
276.48724231271336,49.22001339472263,80.76843745760607,234.3846402534918
279.50730571043187,45.70413289303255,80.32068255672706,233.9984556085758
289.5998141961876,49.096579772017094,80.23870641882104,233.16139937145493
287.81786528204526,50.185441120275414,79.5343006804981,232.48866911480093
292.65522915265825,56.091185907543405,79.31539336524528,230.98164947228582
292.67538417003084,56.21042697074347,78.92831317582016,229.42499067721081
296.1480616203702,59.55379838620644,79.4592620841706,226.91143997156087
298.0379516764755,62.46769946319323,79.68179759436165,224.5244059226267
302.07865573712553,60.74883320093693,79.4700481545378,222.73986816279864
303.1953840190373,56.9305314555406,78.92288427516375,221.1587991940322
304.13783376121233,53.75682560139644,77.92353846865363,220.59889571787247
308.7070146210262,57.451685530874414,77.72509255858942,219.28947262498167
307.91995330771766,51.530964080737704,76.10517024516116,220.10975868881684
312.0711730500399,51.497783664844334,75.47500229367141,219.2563014473303
305.00130658247895,38.45852274044269,73.60581465527565,220.99751682112677
309.1564972986907,42.72484603811962,72.60947281551229,221.1288765863716
322.1984559922373,48.36562195890599,72.30805891819048,220.0027499918391
319.42789464797727,44.82920832787255,71.26372488319515,218.69212484405017
331.0264234192862,49.885583254691056,70.12137566706159,216.81779565336723
324.710766770935,51.97802044839541,69.19334717211073,215.26562308941837
329.1547645296689,52.27947864537826,69.09510536263573,214.5118686815368
330.18361117273923,49.23180927920244,69.35335215293523,213.46234980250424
330.0787037250388,45.621439161746196,70.55287446233748,212.3567543406785
326.8527935332877,47.36787673454519,71.11513314541827,210.56857837047724
325.5039914346961,46.4624679400457,71.0224001266549,209.75096165322864
329.621512695356,47.66467087828505,71.55116785529722,208.6031745502317
331.7461559147745,48.92676256871667,70.92291504019899,207.5382304803383
335.083133438766,51.699054675383124,70.5910351743018,205.45220590498806
330.8284892614001,54.322828779697346,70.81457548255506,204.0782442095853
333.4466018556708,56.943969372376074,71.40545741487354,202.16609785970354
337.6978931939171,55.63154056312334,71.66928894364932,200.7447686970939
333.7688016736562,57.38569189056864,72.39682953385446,198.40470862174175
341.9942072199073,56.849384259911204,74.12813455366032,196.29274646929207
336.578861866919,54.90105986199977,73.58731616765432,196.26831088165702
331.3364173372671,54.392528473614476,72.7416393458634,196.4788902996172
329.2692017961751,57.76450862539758,73.39098041592888,195.07576920987844
327.5425996039024,59.601614112017884,74.62687707546343,193.03056506288848
331.76647088758915,63.34778558618562,76.63410697969383,189.9741945711783
336.8500834836227,64.06268685126635,78.6315749872773,187.0407345277674
326.64157291935635,68.84427714150954,80.82405274837681,184.2489578952518
321.5186474183987,70.18794323817598,82.10422956170443,180.5009355126949
329.8466005804572,67.8709945543664,82.63245488002102,177.74996617335637
323.51929641179373,70.96571622762215,83.2479509281068,175.65444777935915
318.39982265549,70.17867931773064,81.78796476738405,174.53359125982954
320.30315127783024,71.50527996091944,80.42575463559305,173.5106132662624
310.1023460528964,74.47052706269372,80.35744651718973,172.10962389692787
312.99375657919086,73.51787363046088,79.49902152399795,171.11085936101887
284.6843046135002,74.63799219928833,81.44273065268604,169.6356163848289
272.8775394187561,71.10967417007758,81.41477212116264,168.7023654399562
275.4632186187877,68.05484216581692,79.94807585330132,170.1402524222808
276.2426752770719,70.2729749745962,77.95858971768742,171.52933987033066
277.6902381429399,69.15199740255984,77.1711131652734,172.8834205760035
271.74951555378937,67.31197926170019,74.87414091619733,174.38878338692913
263.93299275501306,69.31391979585786,73.02961230998898,175.07230263556153
269.79821198327636,71.24972360333715,71.51282001574147,175.11096438075379
268.2752537187715,67.13503828531876,69.61971518814386,175.3856657761093
268.79994536382117,71.62717488319836,67.89502944479472,175.2956413953857
270.6888439545087,69.02192256444683,66.16285827346809,175.07227906562824
272.438458468095,72.90151342905679,64.89032279995209,175.2969488355701
269.55234916292954,67.28745730519572,63.239040695116735,175.06800756473137
274.4726418884769,69.02099547051377,61.87871400975489,175.53419512905734
277.6678024860708,71.1985988556822,60.37594723698372,176.65414023634935
275.99446015830927,66.61754115284333,58.87163169456977,177.8820581039846
274.236083317971,61.86873252286692,58.05494636039025,177.77570965201429
277.3848674399637,68.39470071096594,58.14914424064264,177.27939227890505
279.33043954523737,72.59809778206423,59.076592073845106,175.22443904297126
281.5384084855276,70.84696463889489,59.97091760008409,173.79527551625904
294.47599109258687,98.75805740765563,61.50496560910473,171.06519870155222
300.18721460514547,92.29441858167922,63.48463487228117,168.97498862930388
289.6791638002893,79.62430320500577,64.80633348890655,168.33634526058395
290.09926467093624,77.17070958282693,66.55079235922545,167.85174471045207
288.99752843251616,76.68443235887315,67.82740563339402,166.85975842666397
281.27833274156956,80.62693262222635,67.86797306049738,165.69979641485088
282.5508906433314,83.23319547350934,67.99556759515114,165.23321890222428
277.4183686938956,83.71460739943703,67.46272634906727,164.25832940773466
286.7469898868857,85.13314134984417,68.79294307580324,163.49479189863123
291.82904867757475,86.42769651750869,69.93950472565112,163.08162871875473
307.10374260318105,93.25960689032756,71.99575291518622,162.2458994460408
328.6019813073811,99.52049370018528,73.96267801216689,160.9338733801559
314.1763510104462,85.11779111065475,75.87181444680674,160.22707400560503
318.39993573809926,94.85783381942638,76.95995770456703,160.25989049256773
323.23634802728105,88.47357878626605,77.6291655122973,160.76605289358758
317.2910451628785,91.61130745926202,77.9954504866547,161.45375935818137
303.1598572685606,89.2914209364374,77.04389596730539,161.0866202918991
304.50822876315976,84.37947259480322,76.43303498173059,160.5534196922551
300.52266943995664,85.66292616609486,75.26226608195446,162.14590504986708
294.33178014485816,81.40540894385461,74.12915555482519,162.96596487615642
289.176161006707,79.81436512916568,73.33737584766119,163.8458936240492
283.1365471794189,77.5926473719148,71.83697834135245,164.925948185152
285.54734512755965,83.84962688321247,70.42687355933333,165.07178046489207
282.91905472403676,87.26066242153318,69.75335703518272,164.98714922176381
279.77711361176574,80.04638261518492,68.3018098991273,165.2640150687699
281.33269205160104,79.7392491960844,66.86472021644524,166.1030185293213
276.6127125336344,79.71291029421795,65.40104742071054,167.82726170581418
272.07279865476033,79.2459328349202,64.23374868837993,168.381936172308
274.1605701454971,78.4279455218008,64.56455186250147,167.4880492196858
275.8677941316251,82.13390309257936,65.13253466814193,167.2265657729287
276.0689932476466,86.88959150695364,65.93726202983859,166.9427589556233
274.0811545780754,86.52074419883124,66.07294917736276,166.4807321262645
291.19917605700886,99.7258910125619,67.55271564438054,164.2210186114911
313.3879530980664,99.79344932294293,68.12703687242856,162.71912610412522
299.73955765956885,86.86630239515449,68.75653662731219,161.94043627661353
307.68090377968826,112.20913375776624,70.00217426066997,160.4772413431969
298.5046868316246,89.08501195411239,69.76151962018409,161.397551458976
296.20825733971293,91.52981613763484,70.57736398811812,161.0777429110761
310.2696573164626,119.47730567611856,72.00925313590966,158.85937233778424
305.8161362086761,105.5328826936906,72.43488427747604,157.922905740163
307.04517903567177,96.32155403903622,72.24488098278819,157.153259074782
305.14586202844055,91.72664491229374,72.22279545663639,156.14849468162814
311.492030731197,101.19915602839053,71.19737326674442,157.57418747896807
303.815115950099,92.20654575659263,70.0363910169596,157.94244944191198
302.068937249819,97.1854658431562,69.94501211829964,158.21442190276585
311.371686001848,105.78579955434455,70.15217137400387,158.3860091303186
295.136974843247,91.80541348378627,68.78336857954758,157.75725440366992
294.5278665539768,99.55520544631935,67.95919067555349,156.47789948504692
307.60292186482616,100.50562003965355,69.64306617523695,154.90660987078914
295.1895156717865,92.7669402386508,71.44467488230073,153.04950355919445
300.6575420082312,99.31811237189632,71.64465150679297,152.2262054920547
290.1705579719752,94.36984162820579,71.50111166864144,151.5234157212467
302.5394984616198,112.6030222499082,72.09046061316631,150.57546310626608
296.89949090196836,108.37791743225043,73.1982976180713,149.68476999246354
332.4076911985729,131.43092486205921,74.29795256786035,150.3437267814162
316.46484563478856,115.43780899619699,75.91371808754873,149.60908626477283
282.5989715884654,109.4608244193272,77.37593745679713,149.25813035246193
250.58798276489492,105.49163522780803,78.25749623191741,148.65518869323424
251.21604348190954,112.7188141276223,78.98560942774166,149.19955091706777
244.5268753467731,114.96922242809885,81.03585839001273,149.15376089856812
235.73124886659383,108.87003437430883,80.01421059144101,150.82071113999274
252.22680096627454,113.1226385792242,79.15780585941206,153.91720922068788
258.7959005493031,101.1172824247198,78.97323579123766,155.74566891972256
255.77782083547027,99.98490655822829,78.89230290195903,158.14459587597446
256.73874883777063,105.51747731008977,78.683694648122,159.15289740221695
256.8737861366841,107.29239878833829,78.56177881591671,159.68704017067375
268.4217444209963,117.20085051783406,78.5912338185083,159.06685678144123
271.7759982007188,123.1388475189197,80.36236393240378,157.9426627862528
275.97525378270706,123.78992072464055,82.41297035188742,156.51950043127766
260.5558654473194,112.37198448658043,83.82335721160226,155.8656700590285
266.00740861184613,117.70617020752455,85.40252114500103,154.94008957757208
261.53198330120506,112.46969178861825,87.00004282472554,153.9860591375295
270.3525564324616,110.6173816518878,87.18024272460701,154.07482318793637
266.021005996251,105.27264165134112,87.08576608667825,154.06042590216273
265.916184407169,107.48446869788584,85.38825839046326,155.5994960593696
268.7260508089835,104.77281317032046,84.09952603908505,157.40742403660403
272.7041478019646,102.00583564835037,82.80007618950333,158.9372263346114
283.6435778843223,98.62554827032757,81.63908453704235,160.21785678028098
265.54013402253014,88.80256162942482,79.58706872933236,162.27489318560697
263.5878855761277,89.47535427057304,77.41436176429818,164.3545738654566
268.71489311383147,92.75942686855551,76.05552070184875,165.3769770653004
277.01215804317474,91.06692230484065,75.46316959853863,166.09667424392754
282.0793785373326,89.76135386905288,74.33676695789283,167.10095723251564
292.67830711297063,117.29980992775555,75.96415004319985,165.74496051111555
287.23616333561756,100.35292985437293,74.97128800553233,165.55269131548332
299.3273369185667,129.2623048135502,77.17216080185577,162.7238954490537
287.0521808638401,111.79180857536744,77.42796239262535,160.98159892650472
293.6302928871243,121.91486710240781,79.94138588761288,158.49772281500964
273.54426881444476,112.61219148725269,80.70711722534708,157.54269093592956
300.1219681564966,139.9086289557141,83.26634802232263,154.8604566563982
278.39929134365156,124.5858756710727,86.79785014263243,152.58429321743228
267.08504550627316,121.29553612712117,89.65109127565401,151.29708770608144
258.14441796322046,123.47224887725785,91.96115197581815,149.91790198210404
240.16534178065817,113.49474918411596,91.61871213589126,150.4157848120389
254.75003606374204,129.34500539446356,94.10077665221576,149.27426763019534
238.26269188847297,115.12620139036922,94.58677442226231,149.82599211535992
237.76768911226512,114.54836615350625,95.17616435709756,151.48807615130298
232.80864150117375,111.23003517801641,94.0016188672675,153.51767201269104
235.06377428409928,111.44339750374218,92.71447417901268,155.48303735640872
247.11439993551815,110.1536702721448,93.4132596137626,156.4367021634262
251.00327201821358,110.7412327700707,94.23826003618453,156.34670318935497
253.4939649822159,111.75134732293138,95.33835578616024,156.72383047138973
261.16479901687507,112.21738637491062,94.8061039222284,157.60301145194697
259.36831270719335,115.17717538342593,94.58425581414136,157.9433228008663
262.2000124214574,113.52384550462051,94.48130836623655,157.83308514937613
263.25609483130603,118.27131778763308,94.85148412540812,156.5875916132157
259.0960362632388,112.27713296832496,94.3382459223449,155.88504147534178
256.63412737759205,116.01910526728105,94.76699641298988,155.1436493155685
256.679048361707,102.22347400940288,92.91486356961471,157.26016874421487
259.3705216579275,99.96295302285506,90.89959498620166,160.25920726040624
263.71083323803055,92.5426712994115,88.11532219415511,164.07051884099678
268.363443421895,88.92958518787682,85.43621456335704,168.5205632013372
270.5108754928707,87.23335454926271,82.84152661143122,171.9688249246131
274.425591715575,90.5937007267709,80.89382215014271,175.1798184263715
277.7670746459757,88.11778733532228,79.38064794162547,178.41690609358415
281.5730969578248,89.86187373841636,77.54878894744152,182.07151561407107
289.3982031453256,91.57801131732218,75.75061730480597,184.73430833691842
293.6082879928823,100.74267018181038,74.55338079500683,184.79271285039437
300.79977424749393,111.23695007758273,74.64305826906526,183.53519826390968
293.13561552294607,90.32644598060642,73.07989898128443,184.80952601137903
294.1783711831395,97.39703274864556,71.37973168366827,186.99522959175414
297.23163839704654,97.19580918909705,70.93655060809058,187.5549336703379
293.49355252876467,98.87767430606954,69.51197985236824,187.70591788818132
294.13826189963805,100.06268444752895,68.15995297325678,188.79842367664324
297.0864552498562,104.37700340885404,68.9171119981597,187.17558170282703
300.4755947558668,121.74501964791261,70.53387158227727,183.7480999994059
284.9766299490983,108.59722360292974,70.63143310448267,182.7278437201478
285.0387076192125,112.80307465299174,71.22074577135972,182.25548630782515
272.1207301664434,100.44332240289464,71.22347384110788,182.85009417508434
273.88806249244624,102.72921322041836,69.76493391692696,185.11236409574525
273.7142919303995,98.38880943699488,68.50886407137624,187.2343270877991
263.95275463995574,98.74158770024047,69.92841257970694,187.01999129372234
257.82946537224984,116.78369512290675,72.93967752008295,184.83223861945237
261.4241881452451,129.41985089231275,75.78392207985593,182.69750297164637
274.16614618454133,124.16377661452766,76.37284976009296,182.38201986626078
272.34305200546544,121.12196393235432,77.07719090186835,181.27699979223772
261.1700391287629,128.98522042262454,80.35846020803834,179.77007188601485
248.19102881796712,126.4392081490123,83.73749034951622,177.9324590366108
266.78562136666886,132.99334664080766,86.7293915729151,176.68056511932699
259.05258081865594,122.92535459113147,86.23839077380319,176.12833337768322
255.43189213848171,127.20962373738163,88.60126513851549,175.12369839880006
251.5991602730387,120.00360133867855,88.09681779042444,176.02692650758252
243.13283125895683,117.41839206888183,87.79754494583442,176.86305229685647
247.03882444412045,113.2395946855429,87.76695839941229,178.6292775821148
253.80771676402657,108.74024312956757,86.36006900555995,181.42366694627265
262.98991901972994,110.28679188104664,86.65054115049556,183.57712202820738
236.007818368544,91.58788898588108,85.60423962160328,187.65210021778023
254.1348872206692,93.39400889763863,83.726873725568,192.5188409106176
255.8220008498257,100.67181845938825,84.54823114247131,194.15976587912223
252.27869426312162,101.24579274879855,84.30014684527224,195.59235251385718
249.4873280457089,101.96809614160415,84.92645806976174,195.82625601273145
275.22725450638933,122.97098629110883,87.42774491080225,193.6521610340452
255.6457584710593,90.24258559699047,87.49574383886522,195.71201526743704
255.7343416088138,92.33540876570473,88.96034382408354,196.14200345037278
255.18981152572258,97.97271182530343,90.71311332413248,196.04495725928473
257.8307020165156,111.57164242175273,93.31758715386894,193.46256195172646
256.90606601443665,108.68340371314929,95.12068906841887,192.27624889202156
267.1430891823866,121.8312160534204,97.91205378293282,188.9881393237485
252.9699731335483,110.55126805232614,97.27185866761326,188.9257569747064
268.20540832525364,107.07356726320847,97.70282391387622,189.8359796523216
293.2815846618163,109.67235215033703,97.00345004331069,190.51167599580637
280.8835169620054,83.6438171335653,95.75990099807507,195.0741247959902
277.9451500950933,80.68527300402471,94.9086324711242,199.24061930677112
270.140564261305,84.03085137772749,93.74142170327684,203.5467713562992
282.6379781619634,87.74779426446314,94.25289660030278,205.32441326688374
272.61583541112435,82.40464770359918,93.13520951409092,207.9742295739985
284.52478844926776,88.55448187285864,92.58684552471048,209.61246160500895
285.8827143733511,82.60984463596607,93.62281246080912,211.15008674244515
290.2264991171845,81.7358122864623,95.13808977856075,212.65912222198665
266.4611978868117,78.74472694650089,98.11185984642471,212.78161338532254
273.83496551988003,77.05811291535234,97.89938722194432,214.2196422146196
283.90783591729723,69.1300855536617,95.78544678285485,216.22962127927195
284.27351927380175,68.83534774527833,95.00391255508825,217.9973874901069
295.1889237200009,70.2163363328734,93.29617521976935,220.09610852397827
304.25111683164795,82.56740851792617,93.00012464748737,220.0711249790375
298.71916567071986,80.57637367255296,93.2718734268868,218.1689495078562
298.4601369659775,82.33753962124723,94.26902298260245,216.58987558634936
325.9185139112517,108.21420931355397,95.98053828246755,214.25149619805615
271.7147714826976,67.84621179549842,93.23757140090082,215.3651224681788
310.9813193463651,81.81242984518008,94.83406788834185,216.1727741350265
318.7423527539006,62.538526623548066,96.17822860165782,217.4635674503405
275.02691454090575,44.30764713031516,98.06669449291297,218.7255195162498
275.88979071962206,55.13223355197758,100.3655004845173,220.5987329709065
289.1819032060548,58.32804136829938,102.1539380761634,222.5796016707858
292.4731820097909,72.58345406215295,105.26408212113071,220.83117620284014
358.4782262419177,84.32415968025913,105.87243320770335,221.65397843288287
283.1601986468329,44.21792551625616,105.59568958584262,223.75620990060932
266.59824799961746,60.94405750717766,104.6398013776307,224.25148845961223
260.70335752591546,49.402221995635344,105.4236464441611,225.66706847302478
253.14287174969158,49.60402342039589,101.74901733591496,227.8496597997846
252.54387327557922,50.98136223928755,98.67432952651286,229.5626571385176
267.91825741782253,55.5468401822324,96.87245328150541,229.47581495784365
265.07960259419406,57.784804144667234,95.38763157047434,228.21038014803074
255.44390809457698,64.17378469509327,95.7927443712792,226.55697441149977
245.53367517155425,66.65399663666653,98.55273824139894,224.5045821304269
240.2530066602779,67.68744646682205,102.67898199457943,222.3330850319967
240.78115214741553,69.83695146566977,107.21057586861005,220.1583503261671
209.83531002302493,70.81228726281478,111.77829592259869,217.7930798836864
242.21750677394004,79.59998332331477,117.67842373738287,214.95702827193628
198.71847539632697,66.05008865902155,120.72785998291117,213.92264810246684
201.75825010843838,63.399672610578904,123.82758399990274,213.47912310681704
204.0985899405482,55.115097537117535,126.1301515670674,214.06518197351252
204.72611544377114,54.78785217586551,125.55142558397603,216.8580053775587
196.33085892858878,51.022347793999785,122.84309201957761,220.794246954475
192.52383724907605,51.74497871430759,119.39950059563702,224.23653048801452
194.40375408092476,47.80638246066593,116.1238317355864,227.31431728597
196.0831222486217,47.49516075210195,113.65690592570499,230.30678845368857
199.67545915357607,48.859824483671076,112.18417037059575,232.3682016516144
198.69987440954588,56.76423277452281,111.30549981915998,232.1143973495216
193.42158436221393,57.64177040590843,111.05601767506343,231.17540715980982
196.80978793333088,59.13132915164172,114.05298804848032,229.84890651153205
170.11475254883058,55.693285127758315,117.290996221438,228.16255966497886
158.8047334037425,64.20370561806911,122.7376880909684,225.85045209699467
165.51632518959576,62.91370732823128,126.19975148150112,222.24893639196722
185.77713255202443,68.49533448648901,129.2364847194704,220.0562924959495
190.41089002300984,75.19510891683692,133.52679098325683,217.58276405461805
189.78706002924315,79.45268868036524,136.01910949982937,215.17567515285515
140.99288476458713,80.8015128373961,141.1858459904315,212.11569779626217
168.56683750324106,77.1941708196855,145.90902267913927,209.74797247937494
146.04044107148843,84.85826887697448,149.0670350625114,208.53194142373127
153.6846882021655,81.30323300101773,152.4189376486066,207.389418734637
158.39414056625185,82.81943685274754,152.0173894481887,207.07979954025728
184.6005006166979,82.50396089301682,149.5907517985336,207.14927236730784
179.44387930776782,73.234535567275,145.33438376908364,209.43872813698056
195.27996050012933,75.3062808119189,143.05740378169673,210.57063762889453
204.7306921690274,77.42160306965013,142.41821106776493,211.26779672356452
207.18189052229224,76.60185208223365,141.4236662032698,211.95974779490626
213.1973532475504,82.5712931672902,141.47293703093175,211.07660462317298
205.15617038273245,86.95313026626239,139.37553578237177,210.13275561061008
220.5541100458774,92.74084660401113,141.2049250579909,207.8267599155197
194.26151889689942,92.54227819870664,137.14404626407062,206.24728607348118
211.7154582355846,97.63100889590109,137.72420763291345,203.86525620927722
197.5612527848358,94.10014988150635,136.0880670040807,201.91688161726506
186.65049875139917,101.2828678940525,135.1586067915806,199.92467090573288
190.25915050891172,99.7783585804528,136.62490066657486,197.92879642133968
190.62599692905428,105.97738199922868,140.1202123224506,194.8611042984309
178.08608989944116,105.64556430626594,142.3595288333669,192.95920877337468
171.5296071491391,110.49174944350807,144.88054620085157,191.28260636104903
171.2307969283787,112.96791563106673,148.3357614998619,189.92899818757977
196.84936209273982,119.13126478278905,151.09368133458867,188.8286199135761
174.50055950091348,117.81864418045653,153.2406203638191,188.00792595980076
166.24978882763853,115.98350832644799,153.06574727016283,187.787037710693
187.05918786785327,116.6718995347316,153.83382555926997,188.09074861795048
191.18683040021614,112.15196292790901,154.3806869005174,189.22765718956668
200.4971780907975,105.74565491379676,155.15885275685278,191.0573661424366
199.9512358263416,100.51033460916332,155.36710345758442,192.82517158868114
207.83432461349983,96.08128061948918,153.8535070599366,194.45735532459832
219.25121068246432,92.40105884291826,151.30811266048616,197.07664769153806
229.03059538994177,90.81009738105385,148.85039514338902,199.66214383127198
237.32309665923447,97.40946759756284,145.95090718396648,201.7927612409053
248.27324826417328,96.81469595626814,143.41945917021314,203.66489991959298
240.25891356621906,103.30368941111925,140.2577183527959,204.89881547874091
241.60125032735155,101.35685924844353,136.83742305738036,206.18469723758813
247.7344735667097,104.63041374489777,134.3328830868835,207.41224098780015
252.57489010907457,102.55062607535694,131.8983347906629,209.04792730892774
255.15914195268277,100.60182123547594,129.6212886022522,211.02487887139364
