213.5,121.5,21,95
214.73893205037754,118.51475533701742,21.03404310803875,94.09285630669207
213.74834009320872,116.00940366319304,21.313049126454942,93.67877666379319
212.47038297278303,114.24911891435464,21.548184099032323,93.17344298347578
211.9391275162648,112.77186465953434,21.985146834759647,92.51874971611834
210.37006862708245,113.70681214624057,22.293865310716086,91.93567933888937
208.36144746801253,111.85039171745528,22.482830742019033,91.80761403858659
208.81843011378632,110.9808204979085,22.1617593527399,92.01835957358287
209.38606161969295,109.2182976161456,21.8506010090477,91.94553121235799
209.71024018312997,110.5260744652478,21.379010405245555,92.31936269464295
211.80119063311687,109.39377719612457,21.283560430574077,91.97401499854834
215.00969623512248,108.02081438271566,21.12345757829192,92.48920897221569
219.1213729964975,109.16088998271957,20.99085427532938,92.94516258098963
222.4601085764411,111.46151347416081,21.02406308816832,92.99126236520064
221.75101619709525,111.42570003663815,21.27429546733234,93.05120026404325
220.75341354889713,110.87256754793597,21.750142793103738,92.6698579496176
218.31586755562023,111.47525271786301,22.709694300883967,92.01222619952595
217.87867474658708,110.44325800608738,23.53422334203563,91.41573090791583
210.1719357768728,110.55099095079768,24.673738037756095,91.04358143083773
215.1018421689689,107.08376119888014,24.66665261157062,91.3742855919858
214.62532218305714,102.0550909467264,24.100613948283726,91.97100110584338
214.70293949059376,102.53350074509562,23.060637378271203,92.47192710563436
215.42294698677324,101.38477071103391,22.42658965452709,92.23747228227799
215.09127566569816,101.39724189175155,21.82557500400441,92.92778843354303
216.35518548828026,102.30583260198223,21.945404051457643,93.67795788535207
219.30175384727443,101.7758615607709,22.09599423122596,93.77068172649203
221.2866473697508,101.13476143639393,22.19261892204607,93.58608356597128
221.50346078005538,100.64853076521695,22.279341740537227,93.8208640109677
221.15174194195868,98.9149466588766,22.520865324569904,93.73822516453127
218.9408444446644,96.99988707296431,22.372048814532384,93.67733061909362
218.46179245745867,95.33880214151375,22.307371825404765,93.59783776539349
221.04106925846162,99.6992553063354,22.273248547147006,92.75856019395529
222.50742106209506,99.66725188313609,22.040323848315914,91.55265050001123
222.1652735891171,108.56556716814367,22.01890813380975,89.01429378538934
223.03614479509974,100.55730271714528,22.039104644829408,89.15654855383863
223.7303189229174,101.30856424895272,22.165605710679316,89.06063040532271
226.4299235539229,103.17664840746163,22.211434871753788,88.80776453748385
227.08860854751578,111.59694317137175,22.592363075444283,87.33877744712417
224.0908194259402,104.88253236691077,23.098196340068846,87.07707857762541
222.6363708987124,103.35384140961881,23.933498189625297,85.60225437908917
225.85071777561603,110.98132782091078,24.456212678351797,84.52637049774515
224.3594670758996,115.14603908620757,24.461991422640253,84.1151470996756
221.7010603223003,108.33202634673178,24.107520135505613,85.75704553640273
225.9314077582226,114.03630049328237,23.623295920779775,86.38933290581383
223.7422671405219,111.76991270639932,22.79069304200457,87.81733769699198
225.21930252704712,111.32165916851,22.058751267675078,88.71095501946002
225.15358192244457,113.50737748120454,21.622468364421657,89.82943624725971
226.40107783469904,113.77856365948007,21.16375070761289,90.70711310641988
226.96078601965078,114.62828126475512,20.76848405811445,91.41950830068402
224.69979820750822,115.79038532078997,20.927621283875762,91.24418951066467
219.90679851685158,115.30047050585627,21.243184645435022,91.13624120808188
215.77427234894225,118.36189677595132,21.719376372439623,90.42634245904078
208.8563403510801,111.24254699379776,21.762511399045543,90.75680481885848
203.58019402114766,108.3414162237649,21.801499677381493,91.42565425702519
201.91021608143214,105.27126244538272,21.70196309202614,91.79074996409935
200.50427569458165,104.72358849723562,21.264346734614524,92.2137455107926
199.60960606776734,104.3728763847474,20.89312017048577,93.05807237114611
197.96097715974483,108.90305698494771,21.272180893022252,92.60434397574431
198.6587825398978,107.148380464246,21.911572396033883,92.19015367528993
198.38805273903264,113.59166367775637,22.865960410763257,91.05711301685051
199.41073592943837,114.8883327396041,23.970767206948267,89.76244824467891
200.79673556689156,118.95519154270066,25.07944226536928,88.3548119432933
201.6077551630381,121.4820480252465,26.239401544541707,86.90590513105863
202.74778303088473,126.29564145433898,27.206088189517303,85.45452748865073
206.8562970953966,130.95090368417635,27.488868678830624,84.5054571577435
199.98487227664424,125.16374964465992,27.583147280641427,84.3887200371801
198.00032565860403,116.14169991625302,27.339562749998322,84.97278243722778
202.9606477077519,117.54125228796033,27.02384335226023,85.55339626544247
204.50257972649132,115.53018693172254,26.285916537174757,86.30176155981167
207.7923577926768,113.49968457508007,25.585925367895776,87.1415942460779
213.8156606896969,116.52488792866738,25.56239742039471,87.01855620302891
222.67162256772085,114.89309490416284,25.47010516846093,87.51996166430638
227.65938713573712,112.53068608096102,25.545287107947274,87.15664550551779
229.40877995134807,111.37301291674248,25.428633630254424,86.71854989808377
223.0991167715594,105.94623356702462,25.67403179692799,86.55521557304155
217.9191339129227,108.61170606311074,26.160442860447766,85.82957644711091
208.32881753197717,105.05816639833927,25.8140262263981,86.35087161326516
204.13803014498887,106.392632675031,25.075409395277532,86.41843481985434
199.7163633286596,105.97961477908909,24.36254994803499,86.34022984222977
198.43682008141582,105.40754302181611,23.671769016172384,86.29210033254246
196.5579489201307,100.44059840112078,23.452493009184884,86.0920640687891
197.08643435705972,94.8482415213461,23.799705809610625,85.05602007920358
200.48864592644418,93.64411719735968,24.445915928004837,83.7623809883909
203.49960061453856,87.5596905350827,24.694003874817604,83.33646966865747
203.2718950453407,83.8312718861244,25.16972298769112,82.72183575407452
208.9050645768399,93.19623420636299,25.492509523477494,81.96277158610674
204.23045500324633,81.3395995484464,25.507809030876494,81.94755659651761
205.31086767222217,83.29242495151131,26.191069283333523,81.02087516196394
205.07264621037643,87.31883009918039,26.48067293607327,80.50338257509874
206.75844609650252,94.23494534099373,26.252844532313407,80.20885453353823
205.06841155942874,96.97371315464733,25.599294777410595,80.62848400011296
204.80004613630348,102.09540218544406,24.83271655320206,81.33563544273724
206.35478143801083,105.49309062195175,23.882650761204268,82.10768943851525
207.4982920203033,106.30410225023438,23.181362466173006,82.65122290321924
207.92682664771792,109.20819561078707,22.84119291003963,82.82691019756491
210.94242577570918,110.40972336405417,22.908853412723325,82.94645046760873
213.0832876376095,115.90006074831093,23.209117370146394,82.75441953089157
217.59795831244378,123.8252601281431,23.5955524124051,82.04867368048808
212.54088236371547,126.33648895767644,23.77691375187927,81.8092609598311
210.0098668171168,132.1821445012223,24.351362761809952,81.26782130468914
207.14099405235893,130.29295142603374,23.95256615496829,80.96634696677876
208.68666448734933,132.91813993902525,23.249115369622775,81.30387853967233
208.40094505562527,136.18584855125366,22.71512443183223,81.44749734413047
208.22419854040285,136.60159161049572,22.110910083383825,81.64071166793538
207.12450828533136,136.53485563589086,21.644297494429065,81.71081279035565
205.42148487838728,137.18934384633823,21.79575669824581,81.41455692875189
206.3932498867544,136.73470127494886,22.081960637229525,81.07437295455296
206.3351867422611,140.56485604953906,22.776509884576633,79.84549231632836
206.10549731102665,131.8032913576666,23.238541713554728,78.9177163332551
211.72491536537711,142.66190274994423,23.76866497287196,77.73486703770557
205.90777510287282,122.71148827766689,23.81871068565869,77.60320620963694
211.1323215523609,130.96648283775,24.61483203779304,76.43242224812198
206.02779947220137,127.06577111446241,25.00227420247029,76.50946083547083
204.21878793582266,123.09781532159532,24.77666526381901,76.76402479110195
205.71604156925775,120.15851623111541,24.37897224635129,76.80533196084026
208.9199807132076,120.5914561347594,23.78078396530316,77.19135683252331
210.4711667228094,118.87139661404625,23.020518558560013,77.53797357434385
211.30076935175674,118.33973952783052,22.139129985371532,78.02970195377567
212.66719480112312,120.08156061269364,21.487514641957247,78.02404161662388
212.58274341917328,119.69878175449475,21.09327937716734,77.5297369880205
212.96998933836525,119.25838600034905,20.854530938908464,76.7955570181465
213.9408609027607,122.90804165878313,21.33056746625787,75.86287193231301
213.2499727678179,119.35807438592921,21.45092132128665,75.21373823122875
218.4917894695124,120.7262090806465,22.001427237450837,73.82326362452102
216.3855295941717,119.94605534677164,21.775858826764352,73.09589988187938
220.09705044477312,123.00049274106544,21.569920684983746,71.74365677705036
219.86424511708498,122.43304254812544,21.34626039690903,70.84341840531275
220.52623380808538,118.15836908924248,21.28452372646593,69.48974251442934
225.6583734437192,123.10224260976682,21.869215341530314,67.8004855951191
224.78028278778183,122.55032975014994,22.471824841005404,66.00610443726188
227.6139975748832,125.67175186083358,23.358775926235065,64.71321799211638
220.71646529740045,123.08773059672109,24.215355160130812,63.00385224502554
227.90304636309295,127.29229754028076,25.042103516202918,62.08157687443813
230.34765488061805,129.91721862912897,26.04661939434801,61.012147200625016
234.249599565272,129.4436163875888,27.212174598164168,59.94187054138729
227.62231631165295,130.1885588969987,28.398240131569523,58.67478451132992
223.43763667392994,131.0338356337415,29.488828993832094,57.18778949273562
228.26999670596896,132.52545101541145,30.356634506807254,55.79335893313476
228.73911389608412,130.43508480201012,30.29834192370455,55.054631983447706
232.1249714782426,131.4440566663362,29.46554071149471,54.85242866692637
231.23362194773148,132.77284246978337,28.448515104969214,55.042016737114494
234.10812881316738,132.92962249059076,27.339746200229754,55.4410501491723
235.0143378180669,132.47714662516074,26.357338577371394,55.79576792116394
235.57547111188686,130.61301234921578,25.29472972440205,56.39159967320309
236.3303150310345,129.42545818731813,24.444099069598696,57.00906961997761
237.42898750599633,129.61561381478305,23.954830489812043,57.292583846871636
236.6032476168803,127.3225968332347,23.811059547492874,57.61701775267707
237.73567828863202,128.98950323441517,24.18258792174811,57.04731405340979
238.9706791428465,131.91092854217783,24.09491550266584,56.723444552235804
235.0543177035653,126.30934072181932,23.155538247002593,57.85937372422672
233.6588691898413,123.85651412877428,22.553553114124398,58.870394895149445
235.01290561966746,122.30304165078766,21.772296603507375,59.87958090224505
235.04405584470123,120.09055000260622,21.280940816502014,60.66134940286963
234.93333576374437,120.3106460933692,21.291809049006503,61.1887934793133
238.4846448865668,128.5077494256277,21.31460733813776,60.664096560730755
233.12230056646771,120.12106124707637,21.431598142553174,61.028510859432046
237.49805879747572,121.37537125439188,21.614945665826806,60.140823436192335
240.14244424583055,125.70327966811465,21.816739471326347,59.492328310182685
235.982472702894,124.01788573655374,22.519504593678256,59.02193734891355
238.2254081463346,122.4120927099586,22.693025200857136,58.40453284547388
235.68302783803227,116.7893008273598,22.96635163476831,58.274184998987494
235.9311473987636,117.38856124464631,23.04652500177502,58.41430187472693
236.86907917025275,116.22820326139421,22.878699932493937,59.02260604689043
239.18546444183713,115.51790250876468,22.26525564581226,59.93942034455797
241.4553461799725,117.29006687992455,21.667797526998463,61.281682573712374
240.68129145915293,117.250548104095,21.358748139252512,62.69644916743694
242.4350313337815,118.31099788085025,20.999796373690966,64.21428950206885
243.29777911795952,120.60214491753331,20.99755237941585,64.69613838675457
242.34875049990043,114.2467470894172,21.067387425415458,65.6725504907468
243.88703571809094,119.2211532016848,21.421184246990563,66.33360815067076
239.94941970819096,115.35425571688714,21.33266413482712,66.92460394885404
238.210499285307,117.23161636443075,21.0763479535237,67.68879299180391
236.30548889258705,114.08931109891047,20.572449428809016,68.79803892323574
232.41276920774843,114.4402408219355,20.038775887040963,69.89620831810596
231.66412625066368,116.22080670030496,19.721440062286472,70.8922491179607
228.72982777601229,112.58416145330195,19.303288536843798,71.79130199811632
227.15429974338076,116.20825355659895,19.43962918168565,72.61983994034075
226.2041983767909,115.69421110162044,19.525277340469174,73.28873740873829
227.40058434391054,119.22629606607413,19.65694279485646,73.39955854810222
222.07448227010363,112.8279920307993,20.346346666491772,73.07253031604222
227.4832354750793,123.2964257980494,20.973769990794864,72.07762133939165
223.5542424718718,117.31453775510371,21.251025263919438,71.90970196438724
219.90375754481474,113.3065443632523,22.1174681286285,71.92756730821606
219.0707242504754,112.06529611991199,22.910129743821514,71.6146454210232
217.3910629667065,112.1148046645373,23.38895680489211,72.03198527148224
218.65342077147704,110.23883150204759,23.002240118057763,72.98350610954195
219.2018921943928,108.64753369984146,22.33625215868694,74.4578819671206
221.59170514123622,109.74095492455396,21.846418176710927,75.33307976527169
220.95674204545995,109.5626642264454,21.331893076367024,76.69807561829072
220.31252813089623,108.07157065915762,20.914932780170957,78.43381985689118
220.69659432193515,108.46298993003245,20.809696472102694,79.976559670833
220.7295573691098,108.48549094384695,21.282876996610206,80.80755507358523
220.7684545036819,110.86549218168389,22.0748755306609,81.25689650044484
219.55873818584826,111.52304138660837,22.73595541419487,81.58541023992532
219.6419246042779,110.95402104894706,23.354025303102663,81.5694308084286
219.44753300454582,110.8911582156071,23.7102239485792,81.45653210906183
220.0494697453517,108.24236772747727,23.355391764006658,81.26199119658445
221.24301014268812,107.38622896534775,22.765081341056145,81.56794758628813
221.04302368790925,103.64122445614294,22.18859229104823,81.24670894753511
221.23174888228397,103.1312752164634,21.840591732150898,81.4324541349376
219.69450490241883,101.0102120404431,21.695635773393814,81.44498536918951
218.46553936574975,103.9311849749615,22.014540381165492,81.24583757240606
215.2583099426325,101.2688240487483,22.441273835306454,80.65205556165668
214.10530109985515,105.9574162462144,23.296405771371894,79.66733537901764
213.067192657267,110.74049730202024,24.244490580029673,78.4461794246944
210.02178764767996,105.83170654958835,24.157672947184512,78.48529824544421
210.74872315511095,104.81263774929904,24.51798526158273,77.5247670651797
209.22715485206732,103.0674858716005,24.517414248636356,76.62384125520157
210.225288893242,102.02900684863738,24.144761889698557,75.90228048545248
210.6718071722613,103.03668904466531,23.722221704114638,75.01482259109315
210.6294407777371,105.1251940208186,23.296881918355083,74.45147140221874
211.14190061737273,107.82261974415727,22.841122817829433,73.75765168565552
210.44921095887662,110.71679797156231,22.70867382156341,73.05600531063706
211.91992893502018,115.52627673843764,22.432379810268287,72.56225852451166
212.79825674056804,119.90506360919534,22.47474976732652,71.44085850294444
210.68524808183292,123.46455545902452,22.338438981775944,70.56578247886858
211.78474285576112,127.70618631133127,22.093067497308787,69.63779232628401
209.72294360656286,129.85935683708442,22.216890900308947,68.44677176463708
209.78586126972806,129.90453476195898,22.26689737737386,67.3505861584912
209.84196449930246,133.5583953258468,22.311806981983537,66.31805036978486
210.4061011186359,134.38010428105832,22.2521666092484,65.58007817165861
209.41586650948722,136.28881409546932,22.170445777209302,64.76790311879172
210.9264984679433,135.701710858688,22.23627950751133,64.13557472381977
210.14984760922138,142.15389543915416,22.783500408322375,62.809666544456974
211.23512490089678,145.7356176113892,23.572356870481045,61.59735785796248
211.33583911613314,147.36437663921947,24.327147273658127,60.56874367047462
212.6569992632147,148.18840577045515,25.084759870569094,59.239717439862474
223.05306632314282,160.54844681804636,26.007740609629103,58.013825807569525
209.32558300306422,148.88098519716402,26.578222473933884,57.64290106806808
208.63199635562862,151.37755616922573,27.340875426095852,57.11839425943998
208.00924664715131,148.1385532565131,27.541160732587542,57.74021794375915
208.28050059669252,155.45226353137718,28.068720247906768,57.20084203556755
203.7904042813508,147.44605907769719,27.36870441205295,58.49804986698572
201.5023167525505,144.23870473054453,26.445173430118626,59.98092616769607
200.71623758245912,142.5566617039155,25.65230058765048,61.436678001451675
199.03229356500415,142.05444721949294,24.921299568055247,63.09852241347933
198.90003574421843,141.6958015723365,24.106646636508707,64.74284487424963
198.93902602450993,141.88712750015162,23.4303663082328,66.30301961091749
197.07589456719853,143.20872147999924,23.02106376884914,67.53637512576968
198.6118405685192,143.65000376642624,22.616592374866478,69.04583488136394
200.57030496542117,142.802024912729,22.37169034255985,70.32258693280345
202.74373682351387,150.24895430311747,22.757629011082948,70.0953253761571
201.0632979655134,143.97530339339704,22.374555537831746,71.31818402408965
201.04474355732302,144.6903347331654,22.385380316339607,72.17465470507739
203.00070840080048,142.9479101381669,21.96160401690588,73.26030479855069
206.4798438744971,143.60278957926883,21.55913015463517,74.40296234050986
209.43302791485644,143.11655322429954,21.325820104346885,75.28733109280017
212.0044270657592,148.18825363846082,21.41104827224436,75.2834621762718
214.98596446365383,141.8622659440913,21.298716707347943,76.70701973203651
215.0493027869702,142.86708684676657,21.67721931355603,77.28356159713809
215.00325697113948,142.82481116296663,22.328723933719854,77.07586788628818
213.8561972098806,136.98441559301367,22.868649314892515,77.26685933573897
216.5249283483692,142.71295959178818,23.775259274383494,76.66795749974085
215.9119867435851,135.2845613650628,23.471563735405223,77.43395999524203
218.1387905582035,135.60211500638607,23.34132251856566,77.91842611746266
217.45563926130592,130.4292372249925,22.879490132169494,78.88272092474128
218.65137845172455,130.20824035117596,22.89087705056179,79.49525531370064
218.19178982257836,128.88210875064595,22.73581686763677,79.76436343848721
218.51954589555496,127.22774205080455,22.552377608566847,80.26005918509338
218.2059246442215,125.05830384298667,22.215206932529536,80.7091020142963
216.20428984944024,123.18966215624201,21.895380244478652,81.04636266072123
217.42102563819773,123.48226157351763,21.751446726646087,82.01576774841874
219.6426728810932,125.86227396398886,22.010914019803668,82.61065452259594
217.98260988636463,126.32069396087128,22.673591294140948,82.95383757741533
216.96503253581815,126.83591882691687,23.206883681699306,83.05155491031564
219.67399261861692,138.72714304193863,24.11259721935491,81.55402720244709
213.6999696331655,124.97549960010866,24.685620762547757,81.00594091746977
214.28901275861688,139.74336689464005,25.24130107949305,79.47368855457182
208.92722530567906,128.18453790582828,24.497779279881726,79.7362073763925
209.08752419800444,129.96084512050396,23.829171159142277,80.06865562874572
208.02710158770032,126.41820672427235,23.262713540117954,80.58753994043322
209.27575003525442,127.58063109841316,23.133859976935163,80.81357351327274
206.90505208693816,124.97081352178921,22.943360793776307,81.21031484998474
207.91070866239457,125.29132878552227,23.312338946159187,80.76849394744455
204.1323905238413,126.13601249776563,23.60706307943628,80.30850658669456
203.46816408167334,130.77097592414768,24.15568989259932,79.36554601197156
198.4421886062676,129.70389794511044,24.297853797031472,78.56199763866451
195.6976062674313,129.32215348713416,24.744862615826868,77.78623671963942
194.0424211176904,127.36860927502383,25.075875453559597,76.93658692090906
191.88668120203195,126.83300274392855,25.42094467517078,76.2330816587878
190.61811309522233,124.46772305557613,25.373600084601623,75.40565534480504
190.20479112233784,120.01162318878713,24.83229803451916,74.94659683410656
189.54551363071732,120.34956015900075,24.210659771249475,74.54589859935405
186.79534210026276,118.68733605675968,23.55386497040936,74.01572520060171
183.5439684127127,115.32555715102279,22.933484974511092,73.7777512141978
184.05688151913634,115.01223881522381,22.67024419319439,73.24167908018386
184.2903364918322,112.43120263322007,22.12452845411905,72.97340969702584
182.90274968480213,112.03134335575572,21.81216588959373,72.22860219876348
181.13766453495168,109.41648867940907,21.462050627497277,71.52903933739908
178.29828408021206,108.51107684890658,21.017359836489582,70.87638076661598
176.23665043192426,106.20279303613503,20.629320838305446,70.18681537698579
174.81829590807328,103.35468424156768,20.302545701063533,69.20422941696924
176.56268480832728,101.47324461871273,20.003304180910696,68.03316089026261
176.16933898795338,97.28933483826866,19.758461817615842,67.41340777275852
174.79000495595835,96.96061629048762,19.817697450058326,66.73892617955413
173.42519089997734,95.38528286204229,20.4679607939254,66.0322014540502
173.12957860988917,95.47555475574437,20.9978583284702,65.36945552013631
170.82365774661338,94.53708883946592,21.51070375996975,64.83880685768332
168.46712628169473,96.7971112359402,22.32625558920229,63.80273697021396
166.2415681818158,96.58251238513726,22.999117359919005,62.853949395119834
163.51881317238548,95.72059055478428,23.726642430253598,61.78823342127201
161.3580670932852,96.22026227748782,24.47417191916241,60.70823985799187
159.28338000643856,95.75291410311506,24.71923295372339,60.043712696385064
158.62079737691286,96.12908490914148,24.971409287597744,59.469697281516225
158.33305338641793,96.15209090449136,24.703263861316234,58.93372735195617
159.20888193539017,95.54510460555514,24.247864948218144,58.46289382084751
157.69255164937755,94.81571074574939,23.556579652347864,58.19129294115926
156.87665995989926,95.86814890030051,22.865916568632084,57.959664416076436
155.96718856056802,96.77526977258762,22.24557870222349,57.96930630728271
155.65714016836878,98.73851412842234,21.894437781381434,57.81385991306965
153.9172424445922,100.46981507279818,21.686397923211622,57.99530109965495
152.70140810010437,102.04557615966014,21.67330518749387,58.26697684570112
150.25850670486693,104.0779234686699,21.52021473834786,58.52171440918595
148.9569965818551,105.23490765503048,21.331846484430564,59.0615520475562
148.31687357871616,104.8429039180816,21.005268683330655,59.724957333554045
148.56037864274873,104.45335136968158,20.64693142567765,60.32240093568319
148.9198609127352,103.04236806771324,20.31834330791762,60.84253607101087
147.16825348012267,102.7374494415976,19.90610512677415,61.401537048940014
145.85277838944006,103.23021618494238,19.726348663757243,62.05601191516661
145.94349179899876,103.365447763444,19.904174571720116,62.70250169440261
147.02913388714404,104.8278353251848,20.007606107651924,63.57170961497263
143.2262945837644,103.7831576344343,20.358460665799374,63.98926344986399
142.75086458858004,106.21627385262695,21.037393524554062,64.23235902418627
141.36326133126335,105.80714755014134,21.31995259743562,64.58243729476357
137.91251995453686,103.41035424172247,21.715409497279154,64.80786773151432
141.1581041158519,102.99884234735481,22.1024663616791,65.42601556438383
140.5656009192708,102.25901325301993,22.422058340477758,66.00820657559404
139.47437022332483,101.06962598940913,22.363675605054183,66.83956068954824
139.64251777882632,102.132758870784,22.175325680922455,67.59054805395166
140.53438031002554,99.65423174712575,21.710925127950617,68.2722181710714
142.11246181491754,101.49730368179965,21.32662078690913,69.07194929581395
143.13435863318387,104.2479666405801,20.987082732631308,70.05812686690875
144.4308778204883,105.48653729661915,20.604564396257604,71.03754333199893
145.97925428627207,108.47819280437616,20.537839906948413,71.7937534925549
149.4879820886522,112.55024922619228,20.448363107844994,72.72733992790542
151.1068421786764,118.72857691141076,20.796419457915107,73.04732199580855
149.73142978483955,116.19300242465347,20.720829591268817,73.44006930030278
151.12993802892805,116.56954878360179,20.332306451420134,73.78260238423893
156.86590265059027,118.57251035936508,20.29778590200218,73.76178561964963
167.31289505721497,117.16432810628739,20.442338693141522,74.29005186764229
173.23783094961982,113.07815693772393,20.105753506686284,75.15210469315255
179.79671646971786,125.4495456127546,20.102607726255453,74.94285712921635
173.90943940298968,112.71754470689748,20.130306529300505,74.95333079448939
177.22550304897572,114.89256817721615,20.24921797112396,75.47513058498546
176.6031317816224,114.64116271495408,20.36334096407772,75.6278394067624
171.1089282585548,113.30957718101064,20.741922142487915,75.6890871421772
172.1163205244488,118.23751140480496,21.079331926945052,75.64429590620574
165.01262079675035,112.27394885546157,21.244658407333556,75.59146913374272
162.99892967083343,114.57229406941983,22.236510863450007,75.45181845892871
159.04729083312515,114.13486390254941,23.14996741958248,75.42225244809381
154.40856036857272,112.89321113123593,23.815509163337914,75.62974321908197
153.63926362927526,112.43991957301172,24.24612012670705,75.94146889147666
152.7117188152179,111.83106283808785,24.0030471807426,76.64149495931682
150.71209972794978,111.52788489874803,23.559966265320178,77.69125195893385
150.78752825386596,111.88521443579764,23.038305785368017,78.61621615776338
150.82782036294753,110.38354736880555,22.567013517041406,79.83051799800357
150.67297685201316,109.88352901368332,22.221694635986516,80.75929806990521
149.06313267598452,109.42475129562852,22.01452060296168,81.23311738680363
148.6641536191907,111.50970657047134,22.007040953589666,81.21773429974142
147.17491860842117,110.91229124085973,22.194044013846316,81.14702249079674
145.97524525251833,111.17523457623236,21.959919813563005,81.12868862715862
145.40664508821757,106.2993386388657,21.469612274922333,81.04602220181667
145.24346640462403,100.59839118394477,21.156569913655595,80.78466063839662
147.4347648985889,96.07968409613039,20.869029410854303,80.82190951622688
145.4875093765783,97.58774793891752,20.879703591446987,80.32964555782938
147.33526678142823,99.76825102097902,20.918039862858592,79.604507530852
155.39974740582144,110.94782192363245,21.014450083532743,79.2693116873123
155.03977763037255,95.33929617712104,21.018652884992452,79.26577921244257
165.09848251684116,106.97113567822552,21.330815449249123,78.5223925191434
164.96878189160603,108.26986349821203,21.26838156417147,78.3561730224079
169.296624522897,115.41576252581496,21.30939030924701,77.91709926618795
170.7230542555155,121.34405145170413,21.306692255428196,77.7511703238103
167.05573258146984,110.76224396315158,21.296200506894728,77.72800865273354
177.2462458482168,128.66922682944718,22.01109064342169,76.27988745551943
167.74879241533287,116.77169917559266,22.011740017334212,76.2752234706565
173.2399908448442,131.28224026962675,22.79844418909891,74.34489477777348
166.69348737958083,122.58571822390522,22.616322353907343,74.43097985624676
173.9771656606826,136.60058912728675,23.224338543498448,72.55809436088333
167.94301213841584,124.0598167945833,22.694449050868062,72.31264761299293
179.19935840554135,140.79037303146578,23.43803990198715,71.04208945345931
165.54116451584898,124.28016086857303,22.860926884683042,71.1823359603668
173.37228321812304,139.07424546614993,23.57088373712499,69.46615667011065
161.6043446022078,127.23695448306316,23.392981076016838,69.48387353615806
169.20024619922197,143.72934883177513,24.074900590630747,67.87993448292484
157.33248581034283,124.53767672404325,23.420638296010697,68.30063412208948
163.7937270075425,137.8640014339474,23.724790436229608,66.39176733548263
158.04311630673283,118.1828960877346,23.18138104830466,66.64958898954573
159.26340064624486,126.35469700644884,23.073283612765543,64.68701383990327
157.73490501879346,110.493330835682,22.68040670505177,65.02790093468055
164.2017272343316,121.58802402599969,23.236621988155083,63.29358674325669
160.00229710289122,97.2233685000485,23.229268071963816,63.30309564140119
169.40312621322954,105.18822079608528,23.216521547215425,62.47363831458469
169.2010886004428,101.36671646757338,23.13931776053502,62.32463406504495
172.39299962277232,99.14894527308452,22.968391106729975,61.8096889176534
181.8117141152527,108.72344897369682,23.151330171721824,61.19353569905613
171.49104728448813,86.9090110059378,23.151613518160623,61.19081940885682
178.07731334457503,104.66799266139125,23.654740978039037,59.909454994754356
177.36372446539977,105.07666774282262,23.485440382706397,59.59280310535577
178.69789745930956,110.40332815810206,23.383998021595385,59.20078931259458
171.99314129193868,113.9146722359332,23.287301874573103,58.90358402912207
168.0564456236,116.52257928743165,22.807673849941292,58.82854041125229
166.32420565267856,125.9784310294807,22.672168021667446,57.84763048968223
159.1977509024409,121.07129731345566,22.13487343198374,58.1213963217143
162.0269489895853,132.68911802943154,22.386652170698436,57.054720607970715
152.23165835279883,130.01785799866565,22.200656491509346,57.04594175858878
157.61973129313708,143.54234068470015,22.32419488740413,56.3614423427658
148.29925320955473,138.877642401071,22.15102056801715,56.32963680658979
150.38026097645957,147.37103311861318,22.00562434821071,55.60353488361693
144.5989075434784,140.50556174500488,21.61143424912158,56.61030205662292
155.7854424796433,155.32268605849774,22.146451741846306,55.54643457686631
146.26129214402619,130.66794908425277,21.674393930982603,56.513856744384434
151.53465617566258,142.74482131561552,21.75876470318864,55.73761905439592
153.63052492373066,143.28756953320266,21.57709111240135,55.86725299778271
158.75608722606486,156.39227016323903,21.51039035673303,55.67591340364326
153.2221295245178,128.4991334695407,21.50918433435813,55.678427868535074
160.54221813776462,151.44170433711793,21.492144957250108,55.68096772669999
161.24207109870898,139.45370574849647,21.490614829708043,55.68447978606971
161.75350499118142,142.84184000196092,21.299113383618113,55.68440805547315
164.312005566713,146.204577479695,21.288800440795562,55.66457133155561
165.609221837849,133.70359912600378,21.288518396009678,55.665517609654316
172.0885161222182,146.43647482353504,21.28868330721358,55.65902855939437
169.95603506436862,136.1726260162483,21.288616881269746,55.65908632428592
168.09782236596885,132.44114246467163,21.288564044512846,55.65905795188765
171.48430188227627,138.2120114816885,21.288525709716215,55.65900179404668
169.95346345218957,120.76253716064393,21.288504835062,55.65910508457413
172.9107150341998,132.05841795821522,21.28855790516248,55.65875602374362
165.87761953770888,113.98896211703743,21.2884881951409,55.65895234825494
164.99806163964303,111.28058253284468,21.24524854323796,55.72904175790564
163.31096929394226,108.17636449103526,21.20419900230482,55.848577923002956
163.32679577687188,111.21105504044962,21.153803151577183,56.18951603045058
160.53713580144782,109.779796780678,21.109854589683763,56.457202122107034
160.0731135749369,115.47066216652041,21.135045525287193,56.73882636797033
153.16492009888262,108.6028964985511,20.972170318687976,57.30270013062203
155.31922683787278,114.43424108815029,20.84258459534683,57.08430697980664
148.66312817730693,103.98390756952911,20.81702295656115,57.120634812925715
155.48432682025464,119.81979936151357,20.956896137346213,56.91491887637219
147.9961925121385,112.88585618550177,20.956411372721913,56.91649817747546
150.42958857945388,119.92111058364873,20.944799468050483,56.912845197042074
152.58302110836428,123.91971837512313,20.944582591102147,56.91078065310938
146.9992516807904,106.14718471610075,20.944551245863458,56.9109494095673
153.26552879956134,123.55175563383176,20.748075260422205,56.66284163574045
153.69782565876298,111.80752578326077,20.74807235030262,56.662843173802194
155.9643122194826,119.7414593010473,20.748491598682033,56.65514075915118
154.22540966538625,116.30780900695811,20.748476479545538,56.655113982507416
157.8013969069418,122.87964807595353,20.748458968944252,56.65509493692433
156.41295258854782,110.34696586502645,20.748459118321843,56.655096095169704
161.40876982503636,118.56173361124507,20.74845172783219,56.655039504459644
158.6774923955817,90.95973396353267,20.748446758872166,56.65505806613727
167.9073897946767,111.89967337244781,20.82689743666451,56.38872197812793
174.05115215781004,122.24111734155116,20.82697196681662,56.388499800815
167.83753648170892,98.98838920354248,20.82696793147011,56.38850929557752
175.64592918869604,116.82190699129349,20.95523569653816,56.078199007749866
169.9657572566412,106.42962032128207,20.954815804530483,56.07876878746214
181.51573845502577,127.52979304908932,21.192937262631723,55.90552991741723
173.06493905429022,118.94340721117172,21.19236306901099,55.90667778912064
174.32901818885736,122.73016447517337,21.18899792593345,55.918927173163105
173.4687574479898,120.20829189760124,21.17704120997339,55.96762596191526
172.1281837793154,119.42790321566295,21.05766434642885,56.23212888082027
174.74030765037605,124.89634154343182,21.094361628505727,55.6575957553281
169.4220750494571,124.5151676194015,21.032502901969956,55.74461068930448
176.91049510328602,134.18484632300988,21.16690865906097,55.38312817674077
169.99711868431982,132.93626043971136,21.1704812178755,55.37750472916681
169.99683580709024,136.2881531138547,21.162916667739278,55.37244267728211
167.04241879971374,138.54579441173115,21.16141444322962,55.367763576165
164.57425842892468,139.32945461753238,21.152220755113916,55.36729729735602
164.68398473467673,144.09702323070505,21.11712512459597,55.341363202502194
164.72827952257828,148.33704539556098,21.115373048567367,55.33730975570996
162.0733919009732,149.87915348423473,21.110198747252497,55.319944358468135
158.9678492919893,144.95973975973584,21.109339918588585,55.32179566812143
156.66272041048705,138.85976770498291,21.10457840338974,55.32991476515083
158.6369839227937,143.61258711515532,21.081980338761515,55.3397110224539
158.56060537153846,145.72092690451439,21.08087866638902,55.33948456273471
156.6475952614961,141.5296507204796,21.07870949864827,55.33966987011432
155.94413252169184,135.59051771782174,21.07486571491646,55.34870416132431
161.82278203619921,140.76356665207066,21.04930404932078,55.54169381012358
160.06765345146388,144.39619646181885,21.022570826504648,55.576637641279675
157.40206319209486,136.48930056883353,20.765948095265877,56.07970491929538
158.61130903931036,131.39340004399372,20.25671020900207,56.69362986578575
164.9607985367278,144.60323324825075,20.41705059611228,56.639952442190584
156.92679742822222,131.076225405149,20.118355675294026,57.616118887051734
162.53133688532694,137.5224990942731,20.153131463208325,57.97524854614572
158.66663278714415,125.58955687500318,19.889467419565527,59.326613977408
162.45829594429435,136.7777994566766,19.888375096340408,58.749046209206355
157.59449545419312,121.31409410999278,19.863846062300485,59.59616526590614
165.34322564752122,133.4610531315954,20.541048111630666,58.59682534637275
158.3924804114446,119.13760622239309,20.656688528400146,59.507526046897326
168.7729865186064,134.0278036317798,21.1811592613343,58.661216573985605
158.81479293083652,114.51171178363367,21.18250778073674,58.66399767484042
170.8808913341824,131.63749934654598,21.794019337124723,57.56699013849495
163.84908756579523,105.57898376300349,21.83573332401196,57.54197593087582
171.09033177470343,122.64532500386505,22.12044989317448,56.53969559781994
166.28957478975278,105.93667186181229,22.06027815117494,57.23740805610632
173.50830372047258,117.43834032142331,22.041634469511116,56.65797839113709
168.63706029191403,101.05472659334548,22.637091481419212,56.692926330006266
173.09727482841663,113.95349984368058,22.901200208791217,55.96772493271246
169.82515072584727,106.79870921378576,22.75249104821357,56.905323136353246
169.92540607396901,107.69811331261612,22.368833470268317,57.93451368808157
169.95104967178003,106.05728897624013,21.926229673390754,58.89302656002434
171.99994094385934,108.11484013602465,21.387755536955,59.914638193070324
169.60596240258494,107.35553956127889,20.83434529810592,60.92136588737034
167.02147477267997,102.1428831585726,20.272717299164526,61.601807261842445
172.01803342155588,117.61505524959081,21.284181130691174,60.61669185375754
170.23804773460512,106.07183606448135,20.698014359530564,61.97909653203119
169.17091055322803,102.7643091758253,20.387947336848956,62.90124667575613
175.3809991965732,109.352779872515,20.50565116293232,62.61305096776991
170.89853083260107,101.84714903344468,20.25125420345708,63.85368956032421
173.91073928620872,103.01720804972473,20.19567569806053,64.43426452377868
175.12538234883675,104.46237622563777,20.062146522467344,64.56729326927014
171.88805487472123,103.90722565526434,20.10293983541397,64.68491645584326
170.25281313334884,99.1267771061197,20.133762792132163,65.18840979567352
170.6223364291342,101.14657464333452,19.887983612468474,65.57623404512967
168.07052556702877,104.45234408481161,20.06943985441384,65.38772122082736
164.11112306189187,104.37428473538668,20.250756327433322,65.58388539399247
162.00278154209605,101.79851985101249,20.281453137831868,65.74047109007824
160.81108531528457,104.35466773621937,20.606346099982026,65.57895082657613
158.3189319753147,104.64212360677911,20.856683018765395,65.77086270218058
156.65728335134298,104.74212857073242,20.925317487746685,65.98871708514841
150.71881844112082,97.2256555518832,20.9765596853941,66.71649039930395
149.45929783485494,100.7146779340584,20.971400564822492,66.82427933584196
146.41804189148533,96.30708229105221,21.06115535298051,67.20517656789822
144.54801217476205,96.75982928969628,21.024324489358104,67.5569245961258
141.52232562277362,92.80541573891959,20.641636803080438,68.53317792591727
141.73497825385564,92.97368317582843,20.219400003601244,69.22653446258262
141.28442023642472,91.52584272601132,19.8126218729369,69.82717239127628
140.45865815418344,93.91572739119131,19.667303325337663,70.24155654105525
138.39504644982037,91.66964544931038,19.57985527894349,70.43428686661943
137.55400119960714,93.85826387636865,19.659032686526434,70.7075417037397
136.6142796761892,91.02476198393417,19.44387953013505,71.65713010440942
136.49155492009265,89.03982735990594,18.998774654938032,72.45391130164523
136.65933140456076,89.49259610928348,18.784504495133675,72.98201306657351
135.91362724603547,89.61947062823239,18.541789714328807,73.56071853812213
136.3820474864084,89.13957045880767,18.350592077379936,73.9888832525846
136.6134516481196,90.71758084845808,18.147012715313373,74.42032343971833
138.97841016702372,97.76126171792184,18.027511726530527,74.86585051104939
142.84591574054824,104.1494012443446,17.894555993051426,75.1839325742522
145.8152495492202,109.79324483360074,17.885154274197955,75.4780125235374
149.5799991732933,115.74660405107136,17.85213388120811,75.46885592622613
155.19599087137607,126.48106377833474,18.11325500936108,74.34370953960335
159.45003989973588,124.3229112040047,18.50399330681035,74.12111360980123
159.93378534628403,123.67084915147788,18.776212346672672,74.47670545178359
159.87385222623507,123.33288947390382,19.2143547452597,74.55060625544436
158.44657428657717,123.07297051770607,19.74577705036568,74.19062404177544
158.28365549688436,119.74099407695584,19.68363209993312,73.85949667616258
154.4058215122207,117.35802544313322,19.70978848735968,73.3728568153681
155.0114305900052,114.7124620713696,19.628984402684345,72.95730609562679
155.2634156396004,111.50246371721785,19.178135602759344,73.12103243124042
155.14965266838007,107.77409768603542,18.84683632527289,73.23709782118914
154.29832341650592,101.71631808517586,18.624240625969804,73.3573973088045
155.41574774020324,100.2785866680262,18.998031658848276,72.79161538447616
155.5800873422176,97.53387156374114,19.13193886865534,72.49738948174502
152.43856990055238,96.84662886790773,19.30474387480412,72.05406177867195
154.6591909416286,98.82013188728286,19.32837133725181,71.49892915425903
152.7652780628338,95.64146925490566,18.980891271096034,71.29714568655649
149.59119042013333,97.96800048948852,18.678590963807547,70.94236725455497
141.57325487979645,94.32649112904119,18.700825514473532,71.30016396023558
136.08443331995323,93.65219926737598,18.98665533514294,71.41610310884334
137.71015904787672,104.4047182506469,19.459372165755326,70.1685799644458
131.56810707022615,102.26741135370203,19.54413588087601,70.04842916887188
131.2886570700149,111.61213795389429,19.544780924142447,70.04727338410775
126.08679356780954,115.89470388681025,19.544826119243794,70.04717911017134
144.68874120697456,118.2675027901515,19.545007642344316,70.04708214298428
166.61357148710746,121.71546185816744,19.8987845113542,69.62399297850217
188.04219298357276,121.7681260071646,20.611732572825264,68.71069795931663
210.26177075439338,125.66217465538648,21.507809887698286,67.76895129662303
233.72688272748718,128.94368396393847,22.353309766831742,66.88693606781749
246.93415744589703,118.2173490652925,22.35336563794375,66.88687193120433
235.38354571893925,100.84719876879194,22.35337500209601,66.8868734721331
246.45811173800362,99.63896305721306,22.353435496646455,66.88676255500867
267.0276723332219,103.74290064982989,23.186215056086397,66.166754647071
264.8541814067634,107.01035773763988,23.18620477974796,66.16676587470998
260.9836538426547,110.04538745529437,23.18614724924781,66.16680796462165
249.35872975912207,110.51605076872046,23.186146919355323,66.16677729502251
261.667555924788,127.13717266564157,23.186305711080713,66.16649956906683
253.83836864926639,129.88050205267848,23.18630413705171,66.1664126154978
271.86763603886027,151.7219420423753,23.996326252040625,65.01681167223875
288.7347867222845,171.78575891699552,24.557342091247893,64.2758455024978
250.02256779990282,143.57927090938344,24.557342780906353,64.27584634759324
227.54301553625717,140.66137886999473,24.55729061041581,64.27587866291847
223.24092252184886,149.38932239810862,24.560665523471467,64.26482415117297
212.261964633313,138.02135518844753,24.56072285630082,64.264640424042
217.29381814595072,150.84524298304711,24.568577046538373,64.25162857629263
204.44025569995193,136.33821754264872,24.568754743974264,64.25120160106736
214.89936400302335,158.00812126268764,24.670133004865573,64.11326782343815
192.29807783978816,185.40911761576433,24.670104399513626,64.11325661521583
199.7668446734043,186.18285626848228,25.616523203411194,63.27642372976649
206.1702552673942,184.04558133022584,26.28702672517176,62.677088027934296
196.36851425759087,175.34950051369793,26.318260762268768,62.65424840433446
213.71864186265867,180.8939661406454,26.882276074412307,62.08207550891344
225.9861593391266,183.25193430378872,27.413786497681212,61.54288030601329
206.53268716769838,178.8815343786093,27.419675589131742,61.5286368779444
221.5324114300464,181.53455574521263,27.892001929002028,61.06112561335006
211.736920057701,179.2703963674393,27.90882698557259,61.04763997521094
219.36527150793785,177.1461031127105,28.920667757528076,60.334425181293554
201.65726519054002,168.69738633049502,28.9205309203673,60.33464930787861
204.94767772413783,180.96680103881542,28.92089771389722,60.3302959350893
211.45730563144843,192.79623214013196,28.92188119819027,60.32766529632883
199.17337120569698,176.43830499456686,28.922168827363436,60.32749996282209
