214.0652,139.3108,89.5396,52.8183
215.4429,139.1357,88.8558,50.8783
212.2997,140.7392,88.8105,49.6431
208.6143,140.5917,88.7007,48.5501
206.9685,140.9616,89.7340,47.0392
204.8386,142.3053,89.7882,45.6548
204.3559,143.5033,90.7235,45.2473
202.1958,145.4419,91.1046,44.9630
199.5286,145.9719,91.5762,44.8425
199.4704,146.7913,91.7360,45.1100
197.7030,147.4477,91.7989,45.1354
194.2484,147.8386,92.0387,45.2466
193.1603,148.2541,92.8248,45.6934
190.7766,147.9750,93.5692,45.4949
187.9075,149.1866,94.2025,45.5477
189.0277,150.5877,94.8933,46.0811
185.5716,150.8382,94.3086,46.3855
185.9859,151.0045,95.3365,46.4356
183.8816,151.2080,96.2976,45.5126
181.8367,154.4824,96.4097,45.4814
180.5442,154.9406,96.1287,45.6325
181.8695,158.5181,97.1636,45.5858
179.3424,159.4277,96.3740,45.1420
177.4589,161.4841,95.9860,45.0887
176.1446,161.1269,94.6587,44.8763
174.7179,161.1096,94.3154,44.1511
172.8511,162.3192,94.2401,44.0404
173.1336,163.0666,94.8945,43.8866
170.1409,162.6305,94.8708,43.3347
170.7571,165.9328,94.7888,44.5669
167.1649,165.5682,94.0823,44.6944
165.7988,165.8955,93.2087,44.4994
164.1860,166.0858,92.5929,44.6459
163.2686,167.7440,91.7559,45.5432
159.7071,167.5477,90.6759,45.4350
161.1004,169.3639,89.9608,46.7549
160.3990,168.6061,89.1509,47.0138
161.7281,168.7540,88.8198,47.1707
159.0945,169.2886,88.0406,47.2411
158.1993,168.3399,86.6527,48.4550
159.6068,166.6741,85.8917,49.8530
160.3182,165.6855,84.7441,51.4276
159.3984,164.7644,83.6272,51.8442
160.8228,163.2514,82.0031,52.5447
161.5786,162.1211,81.3258,52.2500
158.2674,161.6685,80.3514,53.0290
163.0273,164.3494,80.2410,53.0492
154.8191,161.5326,78.0055,53.4390
162.5955,164.1192,77.0566,53.8841
156.7820,160.6155,74.6874,53.6087
165.9127,164.7701,73.8319,53.5281
157.7600,161.4662,71.8454,52.8835
175.2070,174.0574,71.4429,52.0242
159.6807,163.6342,68.9427,52.0926
181.1994,180.1358,68.2319,50.8612
162.3348,164.5893,67.2217,50.9232
184.7584,183.3906,66.3780,49.8479
164.7708,165.6599,66.9722,49.0911
186.1605,185.8707,65.3322,49.3149
172.3163,165.6427,66.8580,48.4682
188.8247,185.1662,66.8577,48.4684
173.4036,165.6713,66.6782,47.9467
189.9356,180.8872,66.6779,47.9467
167.3451,166.2057,66.1435,48.1517
192.0402,188.9068,64.2852,49.0294
166.2298,167.5153,64.1050,49.1850
190.2344,188.3907,62.2486,49.4068
167.1991,165.8524,62.2558,49.3800
189.9507,186.7517,61.0221,49.9379
169.0998,166.1771,61.1392,49.8623
188.7069,186.2056,60.9294,50.1717
167.1562,166.0459,60.9572,50.1546
179.9995,174.6442,60.9124,50.1429
166.6895,162.3064,60.9753,50.0016
176.0290,167.3270,60.6344,50.0941
157.8344,164.5934,60.4310,50.2032
180.1081,181.4222,59.9416,49.8929
158.5987,166.7459,59.9430,49.8997
174.7798,178.4453,59.9278,49.8662
154.9814,164.4362,59.8218,49.9545
175.4972,182.8306,59.2622,49.6803
150.0367,164.0970,58.6583,49.9450
169.3842,180.3184,58.3581,49.7187
151.1200,166.1277,58.3027,49.8547
169.2036,183.7774,58.2935,49.8555
145.6546,164.0652,58.1227,49.9285
164.7124,185.3531,57.5535,50.2553
145.2745,166.2685,57.5533,50.2554
162.8982,182.6466,57.5481,50.2552
153.0962,175.5164,57.5480,50.2554
158.3719,175.0060,57.5479,50.2555
146.5872,167.6154,57.5477,50.2556
165.9022,183.3272,57.5465,50.2555
152.2271,176.5433,57.5465,50.2555
153.1440,177.0902,57.5465,50.2555
156.7106,177.9800,57.5465,50.2555
158.1309,180.7878,57.5465,50.2555
165.1927,186.1956,57.5465,50.2555
167.3409,186.5082,57.5465,50.2555
167.5105,187.4705,57.5465,50.2555
169.7777,190.0607,57.5465,50.2555
168.3813,189.4640,57.5465,50.2555
176.6585,195.7057,57.5465,50.2555
156.5322,173.1106,57.5464,50.2555
176.9825,193.2671,57.5458,50.2560
181.3039,193.1423,57.5458,50.2560
164.4308,179.4424,57.5458,50.2560
174.1600,188.8455,57.5455,50.2562
185.3495,198.5569,57.5455,50.2562
158.1991,172.7712,57.5455,50.2562
178.8389,189.0825,57.5441,50.2556
178.8475,193.3412,57.5441,50.2556
173.7112,191.2527,57.5441,50.2556
173.1672,194.1685,57.5441,50.2556
171.4020,193.0504,57.5441,50.2556
174.2862,196.0678,57.5441,50.2556
165.5229,187.9363,57.5441,50.2556
175.9041,198.4599,57.5441,50.2556
155.2224,180.5091,57.5441,50.2556
174.3887,197.5720,57.5441,50.2557
178.8469,200.9693,57.5441,50.2557
185.7941,210.9608,57.5440,50.2557
173.2292,197.6443,57.5440,50.2557
189.2224,214.2033,57.5440,50.2557
174.2512,198.1080,57.5440,50.2557
185.7458,210.0856,57.5440,50.2557
185.0273,205.2810,57.5440,50.2557
198.2189,220.1227,57.5440,50.2557
198.4781,218.6740,57.5440,50.2557
196.6400,214.7536,57.5440,50.2557
192.4745,210.8871,57.5440,50.2557
206.5512,225.0247,57.5440,50.2557
214.2435,232.5613,57.5440,50.2557
205.0966,220.8653,57.5440,50.2557
208.5900,221.3578,57.5440,50.2557
214.3502,223.7888,57.5440,50.2557
223.6762,231.7478,57.5440,50.2557
217.5639,224.2503,57.5440,50.2557
198.4076,199.9094,57.5440,50.2557
202.1800,202.0456,57.5440,50.2557
203.4060,201.7754,57.5440,50.2557
225.5257,224.6479,55.2881,51.3944
243.8363,243.4429,55.2881,51.3944
265.6292,223.6960,53.2523,52.8848
243.9787,243.1926,52.2277,51.0841
263.3914,243.5068,52.2277,51.0841
236.2753,242.1193,52.7137,48.4181
262.5393,242.2142,51.5686,49.3849
236.4035,240.7030,51.5147,47.0783
261.7511,241.1008,50.4139,47.9023
241.4247,253.9944,50.0074,46.7876
261.1848,234.9583,48.0762,49.0064
261.0631,259.8189,47.0856,47.6690
261.4225,236.7369,46.3527,46.6039
260.8604,259.9316,45.6521,45.2208
261.4911,237.9091,44.8584,44.6249
261.1483,260.2899,44.5068,43.1796
261.6016,239.3464,43.4802,42.9805
261.4542,260.9858,42.7581,41.7750
262.3074,240.5448,41.8346,41.3184
262.0761,261.2990,41.3460,40.1098
262.7385,241.6423,40.3708,39.7061
262.7231,262.1310,39.6123,39.2181
262.8969,243.0037,39.0392,39.0744
262.6457,260.6150,38.8200,38.9609
278.0682,246.9447,37.7852,39.7210
261.9778,259.0360,37.5305,38.8896
281.5195,258.5479,37.0054,38.4206
262.5458,255.1939,37.2562,37.5811
281.8527,255.8818,36.6475,37.7543
264.1729,252.2944,36.9198,36.3304
282.9022,254.5186,36.4478,36.6287
268.0959,263.8622,36.4469,36.6261
286.5399,263.3488,36.2400,36.1767
268.9752,260.3201,36.2457,35.2286
283.8895,271.9251,36.2457,35.2286
284.5008,254.9647,35.6266,34.9097
284.7852,273.8604,35.0962,34.7110
271.3481,262.1449,33.9231,35.2423
285.5409,275.5721,33.4100,34.6166
268.5594,271.7557,33.8716,33.4924
282.1119,281.8078,33.8716,33.4924
282.8651,266.1000,33.2490,32.8143
282.7928,283.1349,32.7870,32.2705
270.2094,271.7922,31.6970,32.7292
277.9814,286.0800,31.6943,32.7274
278.1816,271.4038,31.3149,32.0941
277.9990,285.8825,31.0487,31.9351
293.8656,286.3161,30.5555,32.0189
277.5698,282.0812,31.0513,30.5715
289.3561,292.4846,31.0513,30.5715
276.4021,279.9708,30.8121,29.3803
284.0979,293.3117,30.7987,29.3802
272.1242,281.0511,29.9452,29.5780
279.5776,293.1085,29.9698,29.5002
267.6562,281.4608,29.1560,29.2365
278.8881,289.3436,29.3530,28.2937
271.1909,275.4823,28.7557,28.6656
278.4582,285.5556,28.7631,28.6182
289.5923,295.1903,28.7631,28.6182
277.8787,282.7368,28.3658,27.8050
277.4215,297.0054,28.1015,28.0091
277.0957,283.2537,28.0993,27.2313
276.6648,295.7440,27.7759,27.2581
287.5557,284.9187,27.3045,27.1177
276.5507,293.2632,27.3043,27.1166
287.3630,282.0589,26.8805,26.9698
279.3827,292.2685,26.9955,26.5669
280.0151,306.3983,26.9944,26.5683
279.3624,292.7318,27.1689,25.2758
285.9811,305.8313,27.1689,25.2758
286.3013,292.5768,26.9709,24.9004
280.9048,304.9593,26.9701,24.9015
280.4832,290.9200,27.1287,23.6683
280.1285,303.7552,26.8191,23.9446
280.6619,290.2191,26.0002,23.4542
280.6048,302.8387,25.6687,23.6937
287.3235,289.4817,25.0680,23.4866
281.2186,300.4649,25.0649,23.4875
287.8177,287.6966,24.3696,23.5997
281.4675,297.5122,24.3681,23.5977
272.0503,306.3948,24.3681,23.5977
280.9581,297.0383,23.8198,23.6383
281.5369,309.1766,23.8196,23.6385
281.4077,297.4948,23.8050,22.8734
275.9166,309.3390,23.8047,22.8739
276.2379,298.1174,23.4756,22.5346
285.5649,289.2327,22.6556,22.7587
279.2226,298.2470,22.7910,22.3960
279.2847,311.5508,22.7671,22.4264
279.3399,300.8545,22.9166,21.7637
268.6752,301.2471,22.5506,22.2640
279.6197,299.9661,22.5769,21.4509
270.9999,291.3843,22.5751,21.4514
276.4134,302.3955,22.3193,21.5650
270.6767,291.2841,22.3193,21.5650
276.3540,301.7095,22.1552,21.4643
276.5611,291.3493,21.8462,21.2065
276.7320,302.6786,21.5330,21.0952
276.5871,292.7716,21.3667,20.9604
276.9489,303.7680,21.0870,20.8148
276.6602,293.8997,20.9901,20.6079
276.7206,305.4162,20.6732,20.6002
276.3315,295.3605,20.5992,20.3533
269.8405,302.8549,20.5992,20.3533
270.3394,292.9074,20.4692,20.1246
270.2486,303.8995,20.4103,20.0397
270.6856,294.1474,20.2030,19.7920
270.8377,304.9452,20.0445,19.4891
276.2105,295.7383,19.5431,20.2513
276.3131,306.2120,19.5425,20.2516
276.8133,296.8670,19.5862,20.0940
285.0433,305.2861,19.3549,20.0350
285.1728,296.0664,19.4322,19.7987
292.8293,303.4954,19.4321,19.7985
285.3231,297.0269,19.2719,20.0039
295.1588,296.4359,19.2095,19.4457
286.9088,297.0646,19.1231,19.5721
296.2288,296.0456,19.1841,18.9673
287.3054,296.3963,18.9369,19.0373
296.9317,295.9558,18.5993,18.7023
289.5817,303.0457,18.5993,18.7023
294.1847,294.2842,18.4653,18.8642
298.2664,304.2795,18.4652,18.8643
298.2457,295.2195,18.4688,18.4057
290.6685,288.8929,18.2720,18.5731
297.9745,295.7136,18.2720,18.5731
292.8740,286.7987,18.1858,18.6686
300.5354,293.3447,18.1858,18.6686
293.0898,286.5436,17.7093,18.9211
300.7112,293.1092,17.7093,18.9211
293.3880,286.2976,17.3525,19.0228
300.9815,292.7321,17.3525,19.0228
300.9965,284.2685,17.4814,18.3378
301.1406,293.8749,17.3641,17.9266
301.3618,285.5171,17.1953,17.4331
301.4530,294.6006,17.0715,16.9328
310.1184,294.3675,16.7845,16.9219
310.5107,286.3363,16.5717,16.5827
306.3870,294.2966,16.3492,16.4782
306.8461,286.4564,16.0663,16.0567
313.4100,293.5301,16.0663,16.0567
309.4132,286.2071,15.7908,16.2815
314.9535,293.0055,15.7908,16.2815
319.1427,285.7896,15.7908,16.2815
315.1412,294.3494,15.4673,16.4518
320.4951,288.8477,15.4673,16.4518
314.1361,295.4034,15.2424,16.4741
318.3089,288.4137,15.2424,16.4741
318.6041,297.1270,15.2424,16.4741
322.7271,290.0703,15.2424,16.4741
316.5697,296.7218,15.0008,16.5963
321.8369,291.3045,15.0008,16.5963
327.6461,291.3701,15.0008,16.5963
331.0388,297.7372,15.0008,16.5963
331.3907,290.3515,14.9231,16.0431
331.6956,299.0135,14.9231,16.0431
335.8026,292.0182,14.9231,16.0431
339.5178,287.0717,14.9231,16.0431
339.8318,295.3764,14.9231,16.0431
340.2372,288.0558,14.7398,15.5085
332.8884,288.7637,14.4403,15.8343
338.5291,288.9969,14.4404,15.8343
341.9786,284.3877,14.4404,15.8343
345.2993,290.3584,14.4404,15.8343
345.7143,283.2196,14.4110,15.3405
348.9488,290.6274,14.4110,15.3405
349.3799,283.7961,14.3534,14.8658
352.3769,289.2739,14.3534,14.8658
352.7137,282.4725,14.1044,14.5215
355.7758,289.3322,14.1044,14.5215
356.1961,282.6135,13.8455,14.1859
360.0335,290.2667,13.6327,14.2932
360.4923,283.7740,13.4089,13.9355
364.0671,290.7736,13.4089,13.9355
364.5047,284.3470,13.2457,13.6291
364.7443,291.9333,13.0465,13.6055
371.6518,292.6136,12.8887,13.6883
371.9117,286.4210,12.7604,13.3694
376.3986,291.8947,12.7604,13.3694
376.7302,285.7584,12.5990,13.0530
376.9713,292.9805,12.4107,12.9952
383.5421,293.4896,12.2524,13.0595
386.3362,293.8039,12.2524,13.0595
389.0427,298.4503,12.2524,13.0595
394.1977,294.0761,12.0547,13.0511
394.4438,301.1203,11.9259,12.9066
397.8966,295.4621,11.6618,13.0680
398.0501,302.4356,11.6239,12.8926
403.0721,298.1430,11.4571,12.8797
407.9300,293.9657,11.3103,12.7995
404.9997,300.4050,11.2074,12.7680
409.7521,296.0798,11.0699,12.7399
409.9449,302.7611,11.0589,12.5121
410.1825,297.3475,11.0477,11.9407
407.4690,292.0525,10.6760,12.0746
413.3627,292.7441,10.5302,12.0945
413.5983,287.5000,10.5245,11.6850
419.4019,288.1023,10.4231,11.7213
419.7790,282.8010,10.4663,11.3094
424.2950,287.7144,10.4663,11.3094
424.5808,282.5465,10.3971,10.9340
420.7419,278.8354,10.0000,11.0351
425.0746,283.5792,10.0000,11.0351
425.3106,278.6817,10.0000,10.6344
430.6290,279.2045,10.0000,10.7173
430.8775,274.1919,10.0000,10.4048
431.0411,279.8108,10.0000,10.2605
435.0193,276.0642,10.0000,10.4605
437.2774,276.0454,10.0000,10.4605
433.4238,272.5478,10.0000,10.6606
435.7278,276.6174,10.0000,10.6606
439.8139,272.8562,10.0000,10.8576
440.0066,278.7060,10.0000,10.7366
440.0800,273.7922,10.0000,10.3964
444.3261,278.2848,10.0000,10.3964
440.3598,274.8992,10.0000,10.4602
444.4085,271.1479,10.0000,10.6088
444.5539,276.9102,10.0000,10.4658
442.1344,272.4141,10.0000,10.5443
446.3886,277.0403,10.0000,10.5443
446.5906,272.1826,10.0000,10.2391
442.6289,276.4404,10.0000,10.3527
445.3000,271.7202,10.0000,10.4968
448.8480,268.0628,10.0000,10.4968
446.4286,273.5377,10.0000,10.6012
442.3777,269.9526,10.0000,10.7641
445.9913,274.3532,10.0000,10.7641
446.1044,269.3939,10.0000,10.3922
442.1353,273.7572,10.0000,10.6098
444.6662,270.2672,10.0000,10.6098
440.6510,274.6580,10.0000,10.6969
443.0753,271.1646,10.0000,10.6969
445.4087,267.7148,10.0000,10.6969
445.6168,273.5615,10.0000,10.6979
442.9355,268.6151,10.0000,10.7742
445.2203,272.4438,10.0000,10.7742
441.0991,268.8680,10.0000,10.9770
443.8057,274.4732,10.0000,10.9770
444.0235,269.5652,10.0000,10.6199
440.0390,273.9677,10.0000,10.6887
444.0111,270.2604,10.0000,10.7946
438.8488,270.7294,10.0000,10.9977
444.2699,271.1552,10.0000,11.1503
446.5708,271.0719,10.0000,11.1503
442.4896,275.5159,10.0000,11.1826
444.9615,275.5865,10.0000,11.1826
450.4359,276.1229,10.0000,11.1341
447.8749,271.3503,10.0000,11.1581
451.4705,275.7297,10.0000,11.1581
451.5999,281.6847,10.0000,10.9976
451.8458,276.7491,10.0000,10.6445
455.3726,281.0975,10.0000,10.6445
460.6711,281.4047,10.0000,10.6727
465.9591,281.6810,10.0000,10.7714
471.3838,281.8563,10.0000,10.7654
467.3733,286.0616,10.0000,10.7588
471.3090,281.9926,10.0000,10.8157
474.0291,286.9339,10.0000,10.8157
474.2126,282.0703,10.0000,10.4086
478.2139,285.8333,10.0000,10.4086
482.2421,281.7655,10.0000,10.5501
485.6557,284.9037,10.0000,10.5501
489.3907,284.4005,10.0000,10.5501
494.7308,284.8216,10.0000,10.6324
490.6149,281.1506,10.0000,10.9746
494.4463,280.8535,10.0000,10.9746
499.8515,281.2131,10.0000,11.0179
505.2615,281.6332,10.0000,11.0549
509.4434,286.4066,10.0000,11.0562
509.5632,281.1515,10.0558,10.6554
509.7866,287.0420,10.0000,10.6362
509.8317,282.1436,10.0000,10.3971
513.1674,278.7205,10.0000,10.3971
516.6237,282.8498,10.0000,10.3971
512.6717,279.3054,10.0000,10.6591
516.0889,275.7032,10.0000,10.6591
512.0623,279.9954,10.0000,10.7171
512.3302,275.1096,10.0000,10.4088
514.2688,274.9688,10.0000,10.4088
516.3776,270.5587,10.0000,10.4088
513.9472,275.9759,10.0000,10.5309
514.2385,271.1555,10.0000,10.2830
514.4025,276.7387,10.0000,10.1603
510.4725,273.2699,10.0000,10.4670
505.4814,273.5115,10.0000,10.6888
508.7849,273.1908,10.0000,10.6888
503.6939,273.7699,10.0000,10.8033
507.1181,270.1229,10.0000,10.8033
507.2533,275.9997,10.0000,10.7172
507.4729,271.0724,10.0000,10.3990
502.4580,271.3511,10.0000,10.6887
498.3993,275.8380,10.0000,10.7994
502.5063,272.2926,10.0000,10.7994
507.8842,272.7364,10.0000,10.8622
508.1468,267.6836,10.0233,10.5329
511.6201,271.4698,10.0233,10.5329
515.0826,267.8954,10.0233,10.5329
518.5179,272.0365,10.0233,10.5329
520.7725,267.3864,10.0233,10.5329
520.8760,273.0984,10.0000,10.4345
524.2554,269.6320,10.0000,10.4345
529.4698,270.0187,10.0000,10.4995
532.8558,266.4758,10.0000,10.4995
532.9637,272.3391,10.0000,10.4476
533.1392,267.4905,10.0000,10.1743
528.1979,268.0336,10.0000,10.4370
530.0906,267.8905,10.0000,10.4370
527.5704,263.2197,10.0000,10.5638
529.8475,266.7249,10.0000,10.5638
525.8481,271.0561,10.0000,10.7066
528.5779,266.0905,10.0000,10.6606
526.1634,261.2740,10.0000,10.7781
523.6047,266.6300,10.0000,10.7603
518.4668,266.5686,10.0000,10.6662
521.9011,262.9525,10.0000,10.6662
519.3392,268.4791,10.0000,10.7573
519.5075,263.5827,10.0000,10.4298
514.5115,263.9366,10.0000,10.6578
510.5716,260.3749,10.0000,10.8373
512.4781,261.1584,10.0000,10.8373
507.3636,261.5695,10.0000,10.9866
509.4859,262.7654,10.0000,10.9866
505.4790,259.2099,10.0000,11.0662
505.6352,265.2185,10.0000,10.9508
507.8099,269.2535,10.0000,10.9508
503.8154,265.7306,10.0000,11.1043
501.2304,271.4563,10.0000,11.0776
501.4411,266.6080,10.0000,10.6769
496.4619,267.3881,10.0000,10.7823
500.4519,267.5498,10.0000,10.7823
495.4133,268.2985,10.0000,10.9428
490.4181,268.9613,10.0000,11.0322
494.6404,265.3813,10.0000,11.0322
489.5554,265.8987,10.0000,11.0764
489.7256,271.7017,10.0000,10.8721
489.9496,266.8396,10.0000,10.4677
493.4698,263.3869,10.0000,10.4677
490.9143,268.8809,10.0000,10.5350
491.0588,263.9994,10.0000,10.2258
491.2221,269.5879,10.0000,10.2222
495.2877,265.8560,10.0000,10.2222
490.3215,266.4965,10.0000,10.3290
495.6179,267.0335,10.0000,10.4227
490.6462,267.5559,10.0000,10.5251
494.6751,263.8912,10.0000,10.5251
494.8651,269.6494,10.0000,10.4299
492.2337,264.8634,10.0000,10.4516
496.4912,269.3578,10.0000,10.4516
496.5978,264.5751,10.0000,10.1019
496.6760,270.1830,10.0000,10.0731
496.7791,265.4198,10.0000,10.0000
496.9385,271.0414,10.0000,10.0300
497.0354,266.2940,10.0000,10.0000
497.1529,271.9577,10.0000,10.0948
497.3283,267.2259,10.0000,10.0000
501.4815,271.8247,10.0000,10.0000
497.6108,268.6660,10.0000,10.1044
497.8480,274.3971,10.0000,10.1285
498.0556,269.6170,10.0000,10.0000
494.2802,266.2791,10.0000,10.1382
499.5331,266.8588,10.0000,10.2220
495.7306,271.3208,10.0000,10.2220
495.9938,266.5140,10.0000,10.0000
496.2218,272.1321,10.0000,10.0063
496.4308,267.2829,10.0000,10.0000
500.1435,267.3271,10.0000,10.0000
495.2748,267.7088,10.0000,10.2122
498.9197,267.6679,10.0000,10.2122
494.9925,264.1794,10.0000,10.4526
498.4136,268.6299,10.0000,10.4526
498.6535,263.6884,10.0000,10.0862
498.7621,269.3566,10.0000,10.1102
498.9987,264.4860,10.0000,10.0000
499.2743,259.5392,10.0000,10.0000
496.8390,264.9837,10.0000,10.0326
497.0102,260.0875,10.0000,10.0000
499.7255,265.5222,10.0000,10.0000
499.9361,260.7453,10.0000,10.0000
