1
266.1683,141.4523,102.4152,96.7192
304.7407,180.3615,97.3905,97.2919
286.6785,106.1473,93.6586,101.6247
324.6927,146.5550,91.4227,100.7512
303.0857,72.0990,86.2292,107.4663
340.4921,111.8889,84.5141,104.0298
362.3514,159.7589,85.2738,103.1768
405.8736,163.1395,84.1962,102.3443
360.6139,168.9465,83.7565,99.5328
404.0536,171.9698,83.3903,99.2538
370.1504,208.8449,82.2310,97.3428
401.9138,177.1506,80.8636,95.7465
368.8908,211.4885,80.2186,93.7617
401.0262,248.1393,78.9164,91.6421
368.6402,220.3570,76.5862,88.1568
399.0484,190.4456,75.4037,85.7528
369.4189,221.1737,73.7845,85.1747
331.1205,223.9846,72.8289,84.5565
360.3537,195.4599,71.3287,82.1628
323.3762,196.6582,70.3975,82.1820
359.4425,196.8914,70.2960,81.7154
322.7826,198.2834,69.4579,81.3238
294.8246,226.7302,68.4298,81.3744
312.7796,192.0417,67.8734,80.0439
294.4564,228.4719,67.2809,79.3338
321.4905,202.2547,66.2723,76.4017
303.7946,237.2972,65.7374,75.9246
304.0244,274.4053,65.2778,73.0510
287.4235,241.1732,63.6390,72.0111
287.8202,276.3987,62.8455,69.8867
320.9725,277.7050,61.3165,69.3637
289.8305,279.1540,59.8342,68.5227
315.0622,305.2004,57.8558,66.9351
292.3272,282.8810,56.1920,64.4401
321.4109,284.2849,54.9828,63.5310
299.8076,263.6696,53.4258,61.8631
327.5544,264.9579,52.3632,61.1010
300.3222,266.2179,51.4765,60.3664
320.9893,247.0307,50.6205,58.2627
307.8220,274.0695,49.5369,57.3081
308.2211,249.1222,48.7385,55.0767
333.3211,250.1043,47.5624,54.7466
333.5305,226.2912,47.1434,52.4575
334.0464,252.0714,46.1116,51.0719
352.1864,234.4048,45.0206,49.6862
334.9738,252.3376,43.6619,49.6044
346.5531,230.5117,42.5235,49.2158
324.5381,231.4596,41.7973,48.7637
335.6632,210.4991,40.9236,47.9316
335.8891,189.6570,40.4718,46.2716
315.1041,190.3408,39.7183,46.2692
331.0538,175.5185,38.9414,44.7913
331.2876,155.9171,38.4738,43.1417
346.8331,173.5382,36.9322,42.5880
331.7257,159.4376,35.8596,42.0047
322.1818,178.6663,35.3433,41.5302
336.3636,164.8850,34.8012,40.0618
336.6929,184.1461,34.1425,39.2426
327.7661,202.2716,33.5167,38.7958
328.1285,220.9722,32.7918,37.8112
328.2720,204.5093,32.5048,36.2911
328.7227,222.3313,31.6033,35.3029
316.4999,234.9744,30.7713,35.2943
303.9268,223.3486,29.9226,34.6307
288.4161,224.0235,29.4508,34.2968
288.5380,209.0759,29.2070,33.0937
288.6989,194.4840,28.8851,31.8778
274.1824,194.9662,28.2633,31.8700
259.8232,195.5143,27.6387,31.7203
245.6113,196.1009,27.1010,31.4813
238.4887,182.0829,26.5957,30.9382
252.8045,182.6849,26.0315,30.6396
239.1708,183.2670,25.6556,30.3670
253.0868,183.8643,25.1490,30.0540
242.8696,194.4864,24.7398,29.6533
256.3208,195.1133,24.3644,29.2552
249.6741,208.4250,24.1615,28.7810
259.8744,199.2709,23.7516,27.9315
259.9601,187.0981,23.5802,27.0667
260.0807,200.1569,23.3390,26.4568
254.0121,212.3916,22.9354,26.2850
242.2348,212.8251,22.4750,26.1927
248.2082,201.5946,22.0160,25.6779
257.0305,193.2895,21.6338,25.0259
257.1717,205.3787,21.3514,24.3455
262.7525,194.8567,20.9785,23.8121
268.2396,206.2526,20.5794,23.5805
276.3794,198.2510,20.2855,22.9030
276.5463,209.3972,19.9518,22.3649
284.4959,217.8743,19.3736,22.0640
292.2787,226.4748,18.8090,21.8207
299.8770,234.9577,18.3185,21.4792
307.2249,228.0102,18.0261,20.9706
314.4991,235.8772,17.5926,20.5787
309.8075,245.6813,17.3652,20.1917
305.1992,255.0409,17.1253,19.7945
312.2928,248.5999,16.8830,19.3126
312.3987,239.9992,16.6711,18.8536
303.8846,240.3912,16.3649,18.6289
295.4872,240.7743,16.0849,18.4135
295.5760,232.5665,15.9073,17.9970
295.6867,241.2803,15.6859,17.6468
289.5309,235.4128,15.4046,17.3137
285.5312,243.5064,15.1638,17.0925
285.6316,251.7986,14.9629,16.7558
279.7705,246.1977,14.7016,16.4736
283.5831,254.1438,14.4377,16.2853
283.6617,246.8214,14.2806,15.9384
291.1556,247.1351,14.0398,15.7867
291.2245,240.0193,13.9019,15.4635
291.3026,233.0108,13.7457,15.1497
291.3887,226.0965,13.5736,14.8759
291.4634,219.2896,13.4241,14.6048
286.2854,214.3057,13.1890,14.4225
281.1877,209.3819,12.9510,14.2717
276.1558,204.5370,12.7290,14.1042
272.8575,198.0643,12.5668,13.9541
267.9485,193.3413,12.3646,13.7976
263.1080,188.6868,12.1611,13.6339
256.8970,188.9458,11.9953,13.5220
252.1562,193.8275,11.8370,13.3986
249.0367,200.0771,11.7204,13.2134
249.1006,206.4599,11.5926,13.0070
249.1505,212.7569,11.4928,12.8048
249.2066,218.9668,11.3805,12.6250
253.6227,214.5254,11.2405,12.4378
259.4690,214.7585,11.1036,12.3443
265.2656,214.9912,10.9534,12.2480
269.5306,210.8775,10.8237,12.0751
275.1880,211.0957,10.6837,11.9993
272.3889,205.6269,10.5690,11.8678
277.9289,205.8625,10.4378,11.7499
277.9592,200.5318,10.3773,11.5841
272.6580,200.7375,10.2625,11.5184
268.6060,196.8489,10.1377,11.4098
273.9203,197.0564,10.0237,11.3341
273.9562,202.5032,9.9519,11.1984
270.0143,206.6842,9.8455,11.1596
270.0428,212.0475,9.7884,11.0131
274.0421,216.3355,9.6484,10.9506
279.1189,216.5322,9.5460,10.8813
279.1332,211.6236,9.5173,10.7315
281.7304,206.8802,9.4227,10.6562
285.5600,203.3100,9.3489,10.5274
289.3507,199.6208,9.2765,10.3967
291.7180,195.0161,9.1873,10.3154
287.0029,195.2042,9.1005,10.2461
290.5651,199.1895,8.9805,10.1936
295.2862,199.3747,8.8941,10.1251
295.3104,204.2218,8.8456,10.0103
295.3271,209.0268,8.8123,9.8978
295.3489,213.7946,8.7686,9.7870
295.3739,218.5236,8.7188,9.6763
297.5846,223.1745,8.6410,9.6413
300.9460,226.7930,8.5378,9.5994
300.9748,231.4034,8.4802,9.5147
298.7357,235.8382,8.4260,9.4264
298.7661,240.3758,8.3654,9.3441
303.1241,240.5391,8.2916,9.2963
307.4518,240.7088,8.2189,9.2339
307.4742,236.4951,8.1741,9.1446
304.1031,233.3891,8.1005,9.0862
300.8913,236.6543,8.0312,9.0487
305.0919,236.8121,7.9643,9.0020
309.2633,236.9733,7.9004,8.9466
313.4049,237.1390,7.8379,8.8805
316.4568,234.1513,7.7866,8.8034
319.6275,237.5665,7.7123,8.7625
315.6362,237.7180,7.6563,8.7187
311.6656,237.8701,7.6076,8.6724
308.6197,240.9613,7.5495,8.6397
304.6962,241.1123,7.4977,8.5925
301.6844,244.1675,7.4434,8.5599
299.6886,248.1002,7.4051,8.5024
296.7108,251.1237,7.3522,8.4641
292.8737,251.2726,7.3098,8.4152
289.0567,251.4226,7.2717,8.3627
292.8951,251.5676,7.2229,8.3188
295.7247,248.7871,7.1893,8.2540
299.5142,248.9322,7.1452,8.2069
301.3483,245.3332,7.1014,8.1564
301.3571,241.6413,7.0836,8.0959
305.0828,241.7831,7.0386,8.0512
301.4208,241.9213,7.0002,8.0123
297.7781,242.0564,6.9607,7.9785
294.8623,239.3764,6.9143,7.9305
298.5050,239.5129,6.8717,7.8912
295.7392,242.3155,6.8269,7.8622
295.7500,246.0408,6.8054,7.8094
293.0108,248.8136,6.7633,7.7843
293.0221,252.5032,6.7407,7.7317
295.6669,255.4782,6.6900,7.7039
295.6755,251.9925,6.6727,7.6528
295.6871,255.6248,6.6496,7.6031
295.6947,252.1723,6.6343,7.5539
