380.9730,215.8680,71.5089,84.7889
380.6301,216.3180,71.8098,87.6440
377.7952,219.9079,75.8696,87.9692
378.9734,224.1893,74.0232,86.2464
380.3304,223.9629,74.6792,92.3093
382.6901,226.5110,74.4347,90.7080
384.5369,226.1484,76.0861,92.5682
387.2023,225.4339,73.9554,92.6272
384.5760,225.9270,79.9530,94.5160
388.2997,227.4131,77.7257,95.1438
387.7836,226.7614,81.2278,93.6473
391.0810,223.0126,81.9429,95.3897
401.1977,221.3087,79.8046,96.0976
406.8984,216.6082,79.4381,99.3736
414.0064,214.6452,78.7772,101.4447
416.4619,210.9814,78.6861,101.1573
413.5105,208.2365,85.7640,101.6370
413.9607,207.5038,90.7685,105.2124
415.1425,206.5236,96.6449,97.9078
415.6783,201.6224,99.2833,103.5202
425.4955,197.9087,90.1289,108.1975
431.3162,192.2094,93.1575,109.9132
434.0374,190.7209,94.7752,112.1067
438.4618,190.9602,94.7364,112.3581
440.2328,193.6046,101.7544,105.9159
451.3512,203.1899,98.2926,105.9202
451.9502,203.9285,98.4097,102.2730
451.7698,198.5460,97.1204,108.6880
442.0956,186.8642,93.5689,106.1721
431.3615,172.0653,94.1970,111.2313
426.1731,168.1050,93.7838,104.1926
422.7102,164.8719,85.2096,101.6471
416.9156,163.3762,93.5939,103.2425
417.2696,165.6560,95.1208,106.7304
419.6523,174.1705,103.4454,100.8276
427.5007,178.8147,98.7835,117.2421
445.7891,201.7403,94.0518,113.6094
452.0521,211.9365,103.0608,118.5620
453.7383,213.6495,95.5384,106.4311
447.8413,183.8657,94.7173,118.3076
439.8120,180.1321,100.8461,108.7153
439.0621,171.7913,101.2957,109.9279
437.6968,168.3892,98.4963,111.0276
437.3237,164.3419,94.1126,109.9088
439.2558,168.1702,90.9334,111.8881
440.9710,176.8353,95.2979,106.9610
445.5979,187.7386,95.0541,111.1917
450.0406,200.5244,92.5938,114.4463
454.7639,216.2064,94.9122,115.9722
455.4024,221.6626,97.0152,124.4648
451.3655,214.0852,93.3989,116.3296
445.3958,196.5056,90.4385,116.9688
442.4170,190.3426,91.1111,118.7898
439.6642,187.2122,87.2766,117.7356
435.7590,189.5583,84.1620,107.9139
435.5425,194.0015,85.1400,111.7569
433.6467,204.0321,83.8817,114.0509
434.8668,220.7623,80.1514,105.1505
440.2792,237.0799,78.7116,108.5702
432.2261,247.4237,84.3278,118.9427
427.0575,251.3811,84.0150,101.9878
416.9376,235.1693,76.1748,95.8464
408.1154,215.4554,79.9642,98.0041
402.6959,205.5349,76.3231,92.0903
396.8148,200.8540,74.3104,98.3919
389.5013,202.4853,75.7275,91.4093
383.6619,207.2843,78.0262,89.2414
384.1440,211.4981,74.7321,91.2187
383.9977,221.9816,75.3447,95.7968
381.6169,233.2592,82.1063,109.7516
381.8147,254.6449,77.0006,99.3203
378.2331,273.1919,80.1988,99.6562
376.1734,261.2478,72.2783,91.9895
367.9877,252.7503,75.0046,85.2995
357.9643,225.3360,74.9514,96.6179
352.4442,213.7995,71.3867,91.4711
348.5752,211.6846,69.6897,88.6659
339.7086,208.3092,74.8379,92.9066
343.3659,209.3094,68.6582,92.1613
332.1668,217.2115,78.9463,92.1669
330.6973,224.6391,80.1804,97.4367
335.1163,236.9670,71.9373,94.9359
327.8950,256.5851,85.7700,87.6098
335.5141,265.9406,69.6167,87.7189
330.7419,267.9016,77.8012,96.9868
331.4742,261.1283,69.5866,92.0234
327.3995,257.3692,66.3759,87.4067
317.8156,259.7046,76.1088,91.4209
316.0644,265.3838,71.1063,85.5974
314.1378,268.8562,72.2394,84.1576
309.0662,276.8849,78.0276,83.0603
313.1328,285.5151,74.4795,68.6099
313.0732,292.5323,64.3636,65.2154
313.4965,295.5022,69.3621,66.1605
309.7842,296.6691,75.2716,61.5569
309.7291,295.8317,72.4618,64.8317
309.4316,296.4821,71.0017,57.5357
309.7468,290.9875,75.7764,58.1749
313.2245,286.0111,68.3610,59.0978
314.8227,285.2961,68.6247,57.4078
316.0459,280.1273,69.7082,58.0705
317.2671,277.8512,69.8458,57.1127
321.3070,272.7487,67.5109,56.4175
322.7577,268.9185,66.6647,52.7730
323.4525,288.0126,66.0700,32.8997
330.0900,247.4500,57.3600,63.1000
332.0000,243.0000,56.0000,63.0000
355.4702,250.6526,32.1897,48.7348
345.7333,249.9215,45.5434,51.7520
355.3218,240.8561,35.9314,61.7728
353.5668,245.7104,37.4165,53.3742
331.3300,234.0000,56.6700,63.3300
328.0000,232.5000,57.0000,63.5000
339.6118,238.9795,34.8313,48.5610
321.3300,229.5000,57.6700,63.8300
326.9491,229.5634,47.1018,54.8731
329.8222,224.7966,44.5656,54.8868
337.5501,236.3781,41.1398,38.5789
340.4052,228.4759,36.0896,48.5382
319.8200,222.9100,65.6300,70.9100
346.5885,215.9189,40.4581,42.9371
352.0771,218.1380,33.8659,54.8840
321.1800,219.0900,71.3700,76.0900
326.6891,215.2592,62.7618,73.2415
327.8351,217.4948,67.1649,78.4654
333.3673,218.2290,62.7403,84.1120
314.0065,216.6661,87.1669,85.5927
320.8093,210.9533,88.2063,92.2134
322.1575,215.8055,91.7050,91.5591
327.9978,216.0366,89.3093,94.0369
335.0000,220.8600,81.8600,87.5700
335.6551,222.4700,88.9299,91.2799
338.4951,223.5719,91.5047,94.3311
339.0000,228.0000,94.0000,97.0000
339.5778,230.2672,93.5394,91.7506
340.7623,230.1203,93.2555,93.0895
348.5247,228.4258,85.1806,92.6684
341.3601,229.9050,93.4398,91.4951
349.6161,227.0829,84.9778,94.2291
353.3443,228.0645,79.9165,92.9910
352.3176,228.8324,83.0848,92.4651
348.6700,235.4349,85.9849,85.6953
345.2002,231.6744,85.8295,88.3711
334.5759,229.3557,93.8132,89.2087
335.1250,226.6040,91.4901,91.4020
331.5157,222.6516,89.5636,94.4567
329.0591,220.5754,90.3418,93.4892
324.9438,216.4417,91.1824,98.6265
317.2813,220.2612,91.8373,93.3875
309.6561,215.6392,91.7378,99.4616
303.4063,220.2963,89.6124,95.9575
294.9326,221.5917,90.3098,94.8067
288.5975,218.8976,91.9950,98.4448
286.7822,217.0656,93.2005,100.4989
292.1211,217.9720,85.5979,100.4060
288.3068,217.8365,91.3964,99.9269
287.2774,222.2781,90.4952,95.9987
287.6328,217.3870,90.5045,103.7910
284.8348,217.3898,94.8054,105.9005
285.1175,219.8291,95.9700,105.9918
284.4778,223.5549,98.5744,103.6852
285.4902,218.9944,98.0845,110.2313
287.3322,223.9384,99.7256,108.1533
294.4812,226.6573,93.3975,108.8004
299.1248,230.5661,94.5553,106.8528
305.0000,234.0000,96.0000,104.0000
314.0819,238.3432,95.5962,99.4236
321.8371,240.8407,94.6658,96.8386
328.1968,240.5709,90.7664,99.3282
334.3266,244.3962,90.8069,98.0626
340.0000,247.0000,93.0000,96.0000
347.0642,250.9863,90.8315,92.0073
356.4796,255.7975,86.2408,88.4249
356.9556,257.7013,90.1388,83.0174
366.5926,257.6740,81.0748,82.9869
364.9741,258.5509,86.7318,83.0681
367.3445,262.6783,88.8261,74.4333
372.0908,264.0907,85.7484,73.6087
373.8680,264.5364,87.1589,71.4772
384.6124,263.9413,81.1201,70.9074
382.5614,265.8442,86.0922,65.8116
382.7386,264.5232,90.5029,65.9637
390.3857,261.4310,85.4585,68.0581
392.8054,259.9269,89.0693,74.0411
401.0000,259.0000,84.8000,77.8000
416.9296,255.2038,74.0207,48.5723
425.3336,249.5597,70.3727,49.4006
431.0699,255.5434,60.6703,49.2433
433.7874,263.7976,77.4201,86.3248
428.0439,262.2457,87.4223,93.3285
421.9311,257.9951,86.2577,96.0898
424.6705,250.3814,81.5040,86.6271
420.3608,242.6673,80.6285,92.1154
419.9100,242.6959,80.5700,88.3932
416.4793,239.3557,76.1063,85.9386
415.6515,244.6994,74.5471,92.3012
411.9471,259.0231,86.0107,82.5737
411.9944,268.9166,87.1811,79.2669
411.7508,271.6387,88.6583,81.6875
414.0669,271.8247,88.3613,85.8606
404.7968,259.3019,92.7265,82.1012
413.1306,239.8956,81.7839,90.3637
414.7554,229.9886,84.2592,90.2027
412.1623,229.3965,85.1204,86.8520
409.2507,228.8209,86.9736,84.2182
408.5510,237.4751,84.8981,76.6099
409.8646,242.5179,79.5609,81.5192
406.7348,253.7164,79.7404,83.7271
399.5547,259.5505,79.0005,73.8391
399.3492,248.3955,70.3166,80.5990
387.0019,244.6465,73.7762,81.1769
382.4101,240.6542,74.7348,80.6115
380.7898,238.1019,74.6104,80.2662
379.6443,238.3434,73.5563,75.5531
373.0339,245.0065,75.3473,72.6520
372.5879,253.4733,66.4041,67.9133
372.2304,262.8381,67.7892,68.8788
372.5058,273.8644,64.4885,65.9462
376.6576,275.7106,61.3199,61.8237
376.9561,272.5376,66.3528,64.6997
374.8118,268.7607,66.9865,68.2637
375.0000,261.0000,73.0000,68.0000
378.8583,257.8462,67.7084,63.6176
380.0775,258.8427,67.4099,62.8196
376.8059,261.4510,67.8583,65.9981
376.0895,267.2496,64.8609,64.9007
376.5350,273.3590,64.2400,66.9271
377.0000,273.0000,64.0000,72.0000
373.0000,264.0000,64.0000,72.0000
374.3252,257.0702,57.5496,66.4046
370.5573,249.8575,57.1405,63.3750
367.6979,246.8839,57.8143,61.8421
373.7674,246.7789,49.3701,58.9972
372.1120,247.9573,49.1460,57.6604
373.9901,256.8450,46.8597,54.4951
375.9485,262.9943,44.5031,53.9264
374.9390,264.8532,46.8421,56.9535
375.6927,269.0778,47.6846,58.1594
382.7845,253.3843,52.1011,60.4414
385.1851,261.8782,49.1198,58.4287
387.1156,267.0392,46.5288,57.8965
389.2874,271.2159,45.2701,52.8531
389.0000,268.0000,47.0000,52.0000
387.4886,261.7529,46.4529,53.6441
385.9865,252.6931,44.4170,53.1938
386.7321,244.5028,43.4258,50.7194
386.5571,239.8179,42.4407,49.4991
386.7987,233.8391,41.2677,51.2319
389.0409,231.5395,41.8682,51.5010
389.1596,234.6397,43.7858,49.9606
389.5131,239.9436,43.1939,48.0328
390.7168,241.8358,46.4065,53.3084
389.4292,241.1498,44.1066,52.7503
389.4684,232.3164,43.3533,50.2272
392.4510,224.6287,40.5031,48.8626
393.1714,218.4479,36.5473,44.2691
393.9511,213.8701,35.3327,43.4898
391.0861,212.8827,39.2579,44.7247
388.4461,213.9888,41.3679,45.2073
386.3378,216.9395,43.0744,47.3259
384.0587,222.2489,44.8027,47.0371
381.1812,225.9876,48.0976,47.0948
379.0970,224.6392,48.1009,45.9115
374.2369,218.7751,52.3061,49.6598
374.0000,212.0000,49.0000,51.0000
377.0000,210.0000,44.0000,50.0000
374.0575,208.4700,44.7800,52.5500
372.1413,208.6863,50.2373,55.7374
370.5797,213.9650,44.4357,51.0350
368.2243,220.7576,45.8463,48.5148
366.6758,229.9164,49.0535,44.8371
366.4399,234.4563,47.3951,47.0924
364.0000,234.0000,51.0000,47.0000
367.9703,233.9825,37.4294,41.2051
368.3146,233.0593,37.1708,41.0614
368.0532,233.3969,36.9536,40.9562
369.6313,233.7569,38.6124,42.2111
373.0000,234.0000,38.0000,41.0000
373.6147,238.6185,38.4356,36.8730
373.1791,242.4834,38.5617,36.1333
374.4863,240.0105,39.1075,38.5891
375.3689,240.9297,35.9723,36.2956
371.2264,235.8576,42.4372,43.3447
372.3080,231.1549,38.4440,42.2802
371.2535,225.3217,39.6029,47.0767
372.2009,224.3971,41.0582,45.2658
372.1337,225.8515,41.7876,42.4171
374.7482,227.9026,40.1786,43.4748
377.3679,231.4575,37.7543,37.0650
380.0420,231.0104,36.7960,35.1943
380.9604,227.8638,35.1492,38.7073
381.0000,219.0000,35.0000,42.0000
381.8316,217.8014,36.2317,44.6422
385.7782,214.1039,35.0387,47.9023
387.0000,212.0000,38.0000,48.0000
386.9893,212.8643,40.5313,51.0614
392.6608,217.8623,34.3835,47.3454
391.5908,222.6976,38.0283,44.6348
390.5799,222.2494,40.9402,49.0312
392.0093,216.7933,36.7565,52.4283
384.6127,216.2173,49.5145,53.7653
385.0564,210.7911,49.5172,51.5778
389.6137,206.1628,42.2275,52.9394
390.5219,204.0979,44.4162,53.0241
391.4749,207.8605,42.3152,49.6790
394.3257,211.3203,41.4087,47.8795
392.5968,216.2832,45.0514,49.9186
394.0000,225.0000,42.0000,49.0000
393.0000,225.0000,44.0000,57.0000
395.0000,230.0000,44.0000,55.0000
395.9192,225.6239,46.8716,51.5171
396.0833,216.8822,44.0834,51.9255
395.3425,211.4639,47.2149,53.5523
396.3123,208.3951,47.6104,53.0998
397.4656,208.0730,44.5888,54.9140
399.2758,214.4461,44.6985,45.6828
399.3984,217.4645,43.0332,45.3460
401.0648,219.4364,40.8403,46.9972
399.0497,215.7160,40.1905,46.3181
401.3133,211.6797,37.2734,46.8455
397.2616,204.6815,42.3517,52.7371
395.0000,203.0000,41.0000,47.0000
395.8463,199.3504,40.0975,45.7492
397.0000,197.0000,42.0000,45.0000
394.7258,201.8653,42.4684,44.0943
391.0701,207.8771,42.6299,43.3657
387.8109,214.1050,43.2282,44.3700
391.9566,215.3906,38.0567,50.6138
391.0000,213.0000,36.0000,49.0000
390.5413,208.6797,35.4825,48.5355
389.5625,203.8460,35.5950,46.2030
384.2125,202.7659,40.6951,46.1733
385.0103,199.3117,39.1393,47.7266
388.1128,199.0550,37.6245,48.0900
389.5429,201.8204,35.8942,48.4391
386.1711,208.6180,38.8479,48.7990
386.1037,216.0183,40.3977,49.2234
391.2297,221.6470,35.1755,47.2959
389.8368,217.2493,38.3114,47.8615
392.5442,214.1232,35.7516,46.4337
394.0312,208.5058,35.1576,48.9983
398.8366,204.6401,32.3167,48.3599
401.0809,201.4572,33.2482,48.7356
400.4603,205.0688,34.0345,47.9274
400.1229,210.2834,33.2642,48.4032
404.1762,213.0415,31.7226,45.0420
405.8785,215.6367,33.2429,44.5766
405.1570,215.2543,38.3109,46.7414
404.7618,215.0627,41.1763,48.7445
402.0355,215.5535,42.0390,48.2530
402.9684,217.6032,40.4031,43.9786
408.0403,219.4625,34.1894,44.2549
405.7581,216.4257,32.5239,48.0185
410.4300,215.4276,26.1250,47.0048
410.6132,214.9734,24.3136,47.5032
408.4832,213.5926,26.0636,50.4348
405.0000,212.0000,27.0000,53.0000
407.9277,211.6320,22.7047,50.1059
404.6142,210.7329,26.8816,51.5991
400.8913,210.0375,28.7075,52.2750
400.5764,208.2318,27.6073,50.4864
400.1212,209.4566,26.8576,47.3819
396.4317,208.7524,28.7265,48.4753
396.3874,215.1032,28.0952,42.9835
392.0000,209.0000,31.0000,49.0000
394.5363,207.6188,28.1723,48.9324
392.4102,207.2546,31.0947,46.6108
391.0514,208.8369,28.9772,44.6063
388.4390,209.5371,31.5720,45.5208
387.7247,208.7830,34.0606,48.9189
386.9836,208.1062,33.7929,55.2276
387.8773,207.7334,38.4003,54.0733
390.0381,209.0476,37.5137,53.0747
392.1755,208.4620,35.0791,51.0310
392.5344,209.5601,36.2011,50.0847
392.0688,210.4685,37.8273,50.5631
395.9756,212.7808,36.0388,45.2284
398.8311,214.2365,35.0727,46.2170
402.0489,214.2480,35.7623,46.7640
404.4942,215.7446,38.5566,46.0207
410.7474,215.5199,38.8853,50.7753
415.1891,219.1093,40.0768,50.9265
423.0000,224.0000,42.0000,49.0000
419.4459,226.0996,42.8982,48.8907
422.1286,230.4021,44.9428,49.1908
422.5727,233.1964,45.4597,51.0172
422.8628,232.1478,46.9344,55.7644
426.8062,236.9572,44.0377,52.1355
427.0000,248.0000,45.0000,41.0000
422.0000,239.0000,47.0000,49.0000
424.0000,242.0000,43.0000,51.0000
423.0000,243.0000,45.0000,45.0000
