1
299.5172,134.2708,72.7639,82.1688
297.7661,150.8053,71.5545,81.6789
299.0252,161.4198,72.4158,79.2393
298.4822,154.6868,72.3500,79.3243
303.0107,153.2356,71.6574,80.6184
305.4395,148.3910,72.3677,80.0506
307.8800,151.2989,72.7879,79.7583
305.1038,149.9754,73.3024,80.3469
303.9210,151.6255,73.6087,80.8563
311.9141,174.1395,75.2894,75.9505
315.0217,187.3809,75.6703,75.1831
314.3703,147.7207,75.7179,75.6926
328.4834,171.3626,75.5741,71.9854
328.0727,138.6435,74.7386,73.2148
340.7238,163.0161,74.1578,70.5142
331.8326,138.3573,72.2637,72.5975
349.2503,164.1259,69.0822,69.8836
348.3930,167.1892,69.0820,69.8821
350.2436,168.9342,69.0814,69.8800
350.8810,165.5001,69.0818,69.8789
345.7165,122.1260,68.8762,72.1043
363.4774,149.8142,71.1586,67.4816
390.1586,177.8307,70.0844,68.2141
386.6964,179.4117,70.0881,68.2082
387.0832,180.1235,70.0903,68.2038
388.8138,183.2785,70.1046,68.1793
388.3395,186.6351,70.1140,68.1660
387.8700,184.1536,70.1137,68.1656
354.5989,102.4444,73.6172,74.4688
364.5339,126.1705,74.4827,72.8354
340.7012,94.8100,73.1693,76.3296
345.1387,120.1674,74.7389,72.5296
343.9852,122.8920,74.7365,72.5273
347.4539,125.6158,74.7358,72.5261
372.3907,153.6098,72.1275,72.7413
396.4282,183.9624,71.1728,72.8088
396.8553,189.2541,71.1781,72.8009
401.7210,194.5864,71.1779,72.8004
405.0036,192.6117,71.1765,72.8006
372.6823,111.8030,72.7188,78.6569
369.7799,112.9763,72.7202,78.6574
363.7254,96.1833,72.7960,78.7540
374.2248,124.4530,72.0477,77.8804
358.8090,90.4661,73.6703,77.1451
381.4579,117.9509,70.7236,77.0314
405.7093,147.7289,70.1087,76.8664
429.9908,177.1377,69.4989,76.8970
449.2929,213.1543,70.3624,76.0536
468.4030,245.4132,66.4488,79.7289
465.6007,236.4872,66.4366,79.7440
455.9554,210.2889,65.9643,80.2098
371.2485,115.0218,69.6154,86.1057
368.3116,120.1575,69.6177,86.1021
358.1332,110.0163,69.6529,86.0852
373.3479,145.1127,68.3422,85.0864
367.7656,152.2142,68.3423,85.0855
364.4208,160.9777,68.3435,85.0820
384.1745,195.6425,63.2391,85.9786
361.4154,167.9489,64.2248,84.5775
386.0901,202.4410,64.2249,83.3845
387.0785,208.7433,64.2372,83.3711
413.0192,245.3351,61.3319,83.3953
412.6164,239.2933,61.3221,83.3963
405.8682,206.8647,62.1434,81.1545
368.8480,205.7656,62.3932,80.2757
309.8208,129.6273,64.6334,81.4464
316.6678,147.7802,64.5191,81.1659
337.5323,186.2174,57.4496,87.7798
338.6584,185.3290,57.3967,87.8433
351.7784,227.4075,59.7933,83.4525
300.9218,192.0955,63.4407,81.6442
300.1617,196.2766,63.4412,81.6430
319.2243,231.3219,62.3672,82.1297
346.6708,237.9479,61.0382,82.9274
356.2692,207.1286,61.0478,81.5279
375.5700,187.7088,59.5716,82.7596
336.5080,216.2075,57.2431,83.0702
374.4570,236.6206,52.5936,88.4971
337.0362,207.7633,52.1488,86.6010
326.9976,232.9197,53.4552,84.1516
345.0034,261.4530,49.9368,85.8784
338.2139,235.2478,53.2547,78.7184
333.0594,276.6496,54.3583,75.2100
367.5621,279.0766,55.1785,72.7915
373.7506,273.5798,52.4876,72.9444
355.2360,279.5164,54.0714,70.2485
357.0848,263.4187,55.9157,70.3198
362.5753,251.3247,50.8248,75.3740
339.6510,282.3149,49.4946,71.9943
306.0735,287.7717,51.3057,67.4856
337.3342,291.5384,49.7292,66.3995
303.6699,291.5399,51.2408,63.7279
330.1641,294.6086,51.1232,61.4636
333.5228,270.7756,41.5587,72.2536
335.3156,300.5471,43.8564,64.6871
311.0009,280.6772,47.0688,60.4954
333.4706,303.4589,46.2221,57.7785
319.6915,281.4559,46.2353,55.1571
340.5277,305.3105,44.2346,53.7802
333.5938,288.5389,42.1622,50.5822
332.1748,268.0201,42.0332,47.7794
331.9795,291.9257,41.2278,46.1549
331.0826,272.4090,40.2677,44.3647
341.6064,295.7144,39.5421,44.3480
342.0175,276.5994,39.1372,43.4863
341.6740,258.8904,38.9642,42.1746
357.2501,244.2996,38.2815,42.1416
339.9244,262.6221,37.4904,42.4647
354.9268,248.5418,36.8150,41.7001
354.9026,270.9061,36.1907,40.8946
344.7477,254.1113,35.5213,40.7125
334.8592,236.0677,35.5189,40.0396
344.1688,256.0671,35.8979,39.3537
329.6736,242.8398,35.2221,39.0470
338.5824,227.3475,34.4123,38.1408
329.6714,247.1182,34.1482,37.6697
344.0452,234.5805,33.2895,37.3321
325.7198,235.6946,33.0235,37.4690
343.3647,235.7490,32.4024,37.1575
343.5273,220.6202,31.8330,36.3171
356.9628,234.9394,31.2201,35.7057
338.8838,235.9602,30.6660,36.6470
351.2420,224.4762,30.3004,34.8379
351.2184,242.0256,30.0763,33.9532
338.3059,255.5347,29.8286,33.8748
337.7843,240.4240,29.7768,32.9659
353.5656,240.6809,29.7813,32.7501
353.3388,258.5054,29.0994,31.7399
353.3811,244.5770,28.5634,30.7541
365.3927,257.6701,27.3221,30.8370
365.5882,244.0608,27.2268,29.6368
365.7818,259.6127,26.6094,29.1257
380.1567,260.3594,26.1242,29.0656
366.5335,261.4074,25.9870,29.0100
380.7007,262.3113,25.6397,28.8673
370.4797,252.8365,25.1451,28.5313
377.6642,267.4270,24.7167,28.1578
377.4051,255.0521,24.5424,27.2610
384.3696,269.0571,24.0696,27.0752
384.2941,257.1345,23.7803,26.0420
378.5833,270.6833,23.1146,25.7762
378.4580,259.3468,22.8223,24.8921
366.6104,260.1895,22.6102,24.8487
379.0394,261.1410,22.1040,24.8186
367.4424,262.0920,21.8411,24.7169
362.0911,251.3137,21.4165,24.1863
353.4857,260.9964,21.1726,24.0388
353.5203,250.4837,21.0455,23.0899
342.7632,251.3443,20.7486,23.0565
334.5189,260.7704,20.2389,22.8626
326.6093,253.2743,19.7301,22.7063
321.8152,264.9220,19.3615,22.2290
321.7873,255.4177,19.2107,21.2169
330.0600,264.1900,18.7516,21.0709
322.6703,257.4609,18.3180,20.8088
322.8030,268.3029,18.0900,20.1984
322.8954,259.3654,17.8950,19.4357
323.0279,269.6450,17.5146,19.0495
323.1180,261.1530,17.2507,18.4434
323.3192,271.0030,16.8017,18.0556
328.0951,263.0437,16.2694,18.0160
328.3150,272.5363,15.9624,17.5186
337.0226,273.1329,15.6663,17.4662
341.3625,282.0926,15.4124,17.3412
347.8911,276.4917,15.1986,17.1690
354.3097,283.7777,14.8439,16.9634
362.4541,284.3763,14.6764,16.8336
368.6729,278.8915,14.5294,16.6756
372.7805,287.3636,14.3124,16.4670
380.6418,287.9122,14.1613,16.3280
388.4098,288.4330,14.0483,16.2189
394.3980,295.2347,13.7626,15.9716
394.2835,288.3055,13.7352,15.6630
400.3107,294.7531,13.4676,15.4668
404.2227,288.2682,13.2419,15.2647
404.3556,296.1858,13.1105,14.8268
409.9608,291.3423,12.8764,14.6493
413.7241,298.9276,12.6058,14.4664
419.0929,294.3474,12.4345,14.2860
419.0866,288.2215,12.3400,13.7323
424.3878,293.9083,12.0816,13.6055
427.8089,288.0758,11.8322,13.4681
432.8460,293.5699,11.6457,13.2991
437.7617,289.2145,11.5573,13.2090
441.0762,283.4911,11.2843,13.0496
445.9778,279.1906,11.1812,12.8655
450.8296,275.0891,10.9774,12.6157
453.9937,281.5894,10.8277,12.4117
457.0416,287.8806,10.7074,12.1988
457.0599,294.2229,10.5888,11.8408
459.9977,289.0533,10.3666,11.7592
457.3878,283.8752,10.1469,11.5716
453.3086,280.2901,10.0000,11.3819
449.2031,276.6546,10.0000,11.2114
449.1235,282.5331,10.0000,10.9877
449.0673,288.2208,10.0000,10.7187
448.9598,293.9615,10.0000,10.4894
448.8825,299.5577,10.0000,10.2995
448.7973,305.3709,10.0000,10.1880
448.6490,300.5480,10.0000,10.0025
448.5304,295.7090,10.0000,10.0000
448.3791,290.9226,10.0000,10.0000
448.1566,286.1502,10.0000,10.0000
448.0365,281.4604,10.0000,10.0000
448.0240,276.5712,10.0000,10.0000
444.1422,280.6552,10.0000,10.0019
444.0240,285.9428,10.0000,10.0000
443.7566,286.6949,10.0000,10.0000
438.7549,287.0898,10.0000,10.1438
433.7235,287.3821,10.0000,10.4111
429.7987,283.7787,10.0000,10.4458
425.8513,280.2106,10.0000,10.4056
421.8804,276.6216,10.0000,10.3787
416.7912,276.9864,10.0000,10.3857
411.7378,277.3525,10.0000,10.4005
409.2256,282.8402,10.0000,10.4043
406.7950,288.2121,10.0000,10.3998
406.7188,293.9570,10.0000,10.2803
406.7213,299.4686,10.0000,10.1317
402.8600,295.9310,10.0000,10.1945
405.4137,291.1720,10.0000,10.3764
405.1762,286.3460,10.0000,10.2136
410.1988,286.5295,10.0000,10.3916
409.8760,286.9149,10.0000,10.3916
409.6617,287.3541,10.0000,10.3916
409.6869,292.8373,10.0000,10.3197
407.1856,298.2650,10.0000,10.2976
403.2721,294.7438,10.0000,10.2957
400.7956,289.8861,10.0000,10.2711
398.2368,285.0749,10.0000,10.1933
395.8322,280.2427,10.0000,10.1926
395.6291,275.3888,10.0000,10.0260
391.6980,271.8406,10.0000,10.0447
391.6097,277.2945,10.0000,10.0000
391.5341,282.8860,10.0000,10.0000
391.4740,288.4310,10.0000,10.0000
393.9595,293.7585,10.0000,10.0883
396.5408,289.0172,10.0000,10.2318
401.6331,289.3932,10.0000,10.2812
406.7691,289.6865,10.0000,10.3276
406.6794,295.3821,10.0000,10.2181
406.6003,290.5433,10.0000,10.0914
406.5130,285.6940,10.0000,10.0000
406.3060,280.8425,10.0000,10.0000
406.0580,276.2696,10.0000,10.0000
405.9119,271.3703,10.0000,10.0000
405.8839,266.4008,10.0000,10.0000
405.8873,261.5193,10.0000,10.0000
405.8293,256.6921,10.0000,10.0000
405.7837,262.2616,10.0000,10.0000
410.8319,262.5221,10.0000,10.0382
405.8991,262.8224,10.0000,10.0642
405.8919,257.9719,10.0000,10.0000
405.6914,253.0167,10.0000,10.0000
405.5205,248.1136,10.0000,10.0000
405.4731,243.2766,10.0000,10.0000
405.4651,238.4050,10.0000,10.0000
405.4791,233.5246,10.0000,10.0000
401.5406,237.7948,10.0000,10.0175
401.5158,243.0982,10.0000,10.0000
401.1530,243.5350,10.0000,10.0000
395.9636,243.7475,10.0000,10.0044
395.9186,238.9272,10.0000,10.0283
395.8048,234.0283,10.0000,10.0000
393.2474,229.0656,10.0000,10.0888
388.1446,229.3002,10.0000,10.2308
392.1292,233.3497,10.0000,10.2571
387.0714,233.7097,10.0000,10.3490
387.0605,239.2691,10.0000,10.2448
387.0655,244.9689,10.0000,10.1469
387.0309,250.4315,10.0000,10.0243
383.1571,254.6221,10.0000,10.0526
383.0867,249.8364,10.0000,10.0000
379.2852,246.2141,10.0000,10.2280
383.4395,250.2903,10.0000,10.2493
387.2831,246.5892,10.0000,10.3848
387.1837,252.0336,10.0000,10.3166
392.3009,252.3125,10.0000,10.3374
388.3090,256.5412,10.0000,10.3361
388.2561,251.6839,10.0000,10.2294
388.3525,257.1316,10.0000,10.1550
388.3102,252.2268,10.0000,10.0000
388.3436,247.6481,10.0000,10.0480
385.8573,242.7273,10.0000,10.2080
390.9562,243.2522,10.0000,10.3107
387.0386,239.4423,10.0000,10.3974
389.7059,244.8887,10.0000,10.5609
394.9480,245.1145,10.0000,10.5663
390.9061,241.3986,10.0000,10.5611
396.1419,241.6333,10.0000,10.5569
396.0819,236.6306,10.0000,10.2372
393.3425,232.0741,10.0000,10.4535
398.4536,232.3141,10.0000,10.5153
402.4183,228.6775,10.0000,10.6414
402.2354,234.1343,10.0000,10.3576
406.0923,238.4051,10.0000,10.3643
406.0052,244.0079,10.0000,10.4359
405.9353,239.2359,10.0000,10.2011
405.9002,234.4035,10.0000,10.0792
405.8534,239.9208,10.0000,10.0000
405.7580,235.0506,10.0000,10.0000
405.7315,230.2187,10.0000,10.0000
405.7452,225.3074,10.0000,10.0000
409.7131,229.6672,10.0000,10.1233
412.1411,235.1019,10.0000,10.2093
411.7883,235.4937,10.0000,10.2093
411.8058,241.0271,10.0000,10.1091
411.7991,246.5706,10.0000,10.0633
411.7482,252.0950,10.0000,10.0048
414.2850,247.5238,10.0000,10.2014
414.2687,242.8533,10.0000,10.0318
414.3264,238.0658,10.0000,10.0000
414.3593,233.2371,10.0000,10.0000
414.3590,228.3289,10.0000,10.0000
416.9289,233.6764,10.0000,10.0810
414.4199,239.0539,10.0000,10.2357
418.3913,235.4444,10.0000,10.2539
413.1821,235.8349,10.0000,10.3983
413.0879,231.1955,10.0000,10.1654
413.0321,226.3727,10.0000,10.0000
410.5858,221.7516,10.0000,10.0133
410.5535,216.9185,10.0000,10.0000
414.4504,213.3834,10.0000,10.0370
411.9841,218.7425,10.0000,10.1051
408.0241,223.0660,10.0000,10.2042
405.5900,228.4413,10.0000,10.2989
405.5388,233.9563,10.0000,10.0939
401.6158,230.1454,10.0000,10.1063
404.2407,225.3897,10.0000,10.1903
401.6472,220.7528,10.0000,10.2730
396.6091,221.1714,10.0000,10.3080
397.5648,219.8906,10.0000,10.3080
398.5040,218.5815,10.0000,10.3080
402.5058,222.8830,10.0000,10.3485
402.4651,228.4044,10.0000,10.2119
402.4586,233.8798,10.0000,10.1005
402.4008,239.3565,10.0000,10.0252
404.9332,234.6564,10.0000,10.1566
404.9082,229.8362,10.0000,10.0071
405.8753,228.6234,10.0000,10.0071
409.7858,225.0511,10.0000,10.0433
412.3831,220.3931,10.0000,10.1251
412.3311,225.8504,10.0000,10.0298
412.2599,231.2453,10.0000,10.0000
417.3604,231.5312,10.0000,10.0862
417.3860,236.9487,10.0000,10.0000
419.8775,232.2175,10.0000,10.2000
419.8067,237.7745,10.0000,10.1563
417.3028,233.0182,10.0000,10.1827
419.9127,238.4610,10.0000,10.2265
419.8081,233.6621,10.0000,10.0310
415.8319,237.7087,10.0000,10.1310
418.4770,232.9739,10.0000,10.3607
414.4818,237.2200,10.0000,10.3659
417.0409,232.5754,10.0000,10.4280
411.8617,232.8528,10.0000,10.4311
415.8052,229.2211,10.0000,10.4292
411.8193,233.4738,10.0000,10.4160
409.2423,228.7269,10.0000,10.4268
409.1152,223.7535,10.0000,10.2830
409.0902,229.2678,10.0000,10.1707
404.0614,229.6213,10.0000,10.2051
406.6446,235.0517,10.0000,10.3084
404.1067,230.2942,10.0000,10.2864
403.9673,225.4709,10.0000,10.1600
398.9401,225.7386,10.0000,10.1718
404.0322,226.0024,10.0000,10.1881
398.9734,226.2770,10.0000,10.2028
398.9021,231.7610,10.0000,10.0563
398.7267,226.9464,10.0000,10.0000
402.5320,231.3494,10.0000,10.0297
403.0891,229.3729,10.0000,10.0297
408.1004,229.6199,10.0000,10.0595
403.0362,229.9389,10.0000,10.0930
408.0987,230.2025,10.0000,10.1059
413.1348,230.4644,10.0000,10.1313
412.8553,230.9949,10.0000,10.1313
416.7169,235.4085,10.0000,10.1370
420.6241,231.8067,10.0000,10.1387
424.4268,236.2244,10.0000,10.1485
428.2711,240.6563,10.0000,10.1667
433.3297,240.9269,10.0000,10.2190
435.8642,246.3290,10.0000,10.3003
439.7462,250.5527,10.0000,10.3995
439.5748,256.0640,10.0000,10.2531
443.4604,252.4198,10.0000,10.2937
443.3460,257.9557,10.0000,10.2067
443.2384,263.4355,10.0000,10.1515
440.7358,258.6841,10.0000,10.2067
440.6248,264.2284,10.0000,10.0184
440.4683,259.3795,10.0000,10.0000
