73.5,126.5,29,23
74.5616690972598,129.21195284911465,28.92015555319159,22.869567068646894
74.05008701936488,127.8141817346573,28.89562526432506,22.852082392501828
73.61298670088934,145.2129528362792,28.170247759109998,23.31216195439474
99.22847843775119,122.60418545262033,28.569093692124557,21.395766515413627
77.36857351908674,125.98884158479473,27.92575960855504,20.55096663738688
77.59615976265336,133.20989697903775,27.086910681898114,20.441301947228432
102.57388033246453,123.79254408107273,27.321922117959357,18.990613074579397
79.37123813808196,127.34120387698722,26.73959282874597,19.046820265739917
80.29694649312404,130.63030818791535,26.53923336200898,18.77823011693664
80.21335894247231,129.6214099242775,26.4988121463788,18.75603931854401
80.03586468511972,128.7892004197147,26.484188056704337,18.74517131938411
106.90109563789426,123.27990633758759,27.371020462678704,17.589360107722754
80.8948085321642,123.76421466630978,27.098774117498174,18.16007822429571
82.09968054340187,130.44216676903494,25.58512411920421,17.99879987333759
82.00003294182932,129.62709265368565,25.584336036779185,17.99851037229331
82.43515000656035,129.015401295263,25.578829106394725,17.994165795170417
82.61856815105209,128.46987003905448,25.576706784257716,17.993282063347653
82.97593978703969,127.7023824892817,25.575922848563323,17.992903979146867
83.64714731379394,127.33789751355292,25.574766201693926,17.99222700944658
84.27895680665459,127.4999710484124,25.573113086829874,17.991801378373946
85.2511864280716,127.1586660140902,25.57271130859545,17.991644711464595
86.05863544082611,126.12034056523333,25.571695228696484,17.991133343400755
86.59735491904861,126.01269506850784,25.569454684192994,17.990106802405023
87.42399227905716,126.44972801356221,25.566287467113227,17.988937643196106
88.06194677999939,127.34879191602562,25.55715025859425,17.98731743523889
88.66981699454408,127.37512680776067,25.551977542288697,17.9863472081791
89.20196604909084,127.03152658785932,25.539426636068395,17.98068156102196
90.17853674880905,126.88941894059157,25.530234578405963,17.977909431660674
90.93238511693248,125.94711971557993,25.519116177921127,17.97171932653868
91.46854959884834,126.16103499249202,25.512529945183754,17.969824219930523
91.46032926216967,130.0738677150593,25.47558479830133,17.95193570274399
91.88588296321471,129.66542554285277,25.473602423867792,17.951188444869732
92.61633544997562,129.00840160332896,25.47085415524861,17.949906533802004
93.61553092230392,128.0847579927126,25.468264063367595,17.949000467185247
94.4466959614838,128.3098149541399,25.465845498336392,17.947855908496958
94.96780253247265,127.85917724837687,25.464916798306636,17.94758728554197
95.26067852775695,127.69434429125371,25.463103763998696,17.946939606639084
95.4607080923295,127.36126276746714,25.4585702691424,17.94516650795294
96.16098295963482,127.27705289824812,25.448431434647727,17.93822799565378
96.5577205946036,127.68678654375064,25.44432080065454,17.93702262605452
96.84799056324258,127.96003363647819,25.42902732619855,17.931378603105532
96.4053103758009,132.01952048200002,25.39838673882452,17.919881146497932
96.73453338263684,131.72624701430863,25.397516749684943,17.919581074606086
97.12704838406775,131.55543681981484,25.394599524056257,17.918329290999566
97.15451506867772,131.1960199395594,25.392265279446725,17.91740018978181
97.97874761849968,130.51497282208948,25.389404194199468,17.916159292122728
98.49949135651022,130.73302195218025,25.373188849144594,17.906577237013607
98.28034130799449,133.79524088459175,25.34094475696134,17.886948179563664
98.6738724861455,133.0765133547168,25.340057234433882,17.886652661386883
99.14447074969726,132.5016152451696,25.33975906615223,17.886498614596903
99.89458963020724,131.2244850244478,25.336209313440676,17.88420855326344
100.51104226837981,131.161118102277,25.327444204331883,17.878269625793543
100.43862460725988,130.76568653022795,25.322749920467817,17.875898302385217
101.09864881978523,130.61502302385782,25.319296096094632,17.873007559330997
101.73177261686949,130.1157793191585,25.309570322948126,17.865068276720667
102.10413359380745,129.9637217283423,25.302404409359237,17.86105322387314
102.1940048742487,133.749160296761,25.204564344993432,17.806175404204886
102.55549187511829,133.5363926706247,25.203533483284147,17.805765285088086
102.54336915944803,133.33273558626914,25.202242539504393,17.805283190104493
102.53124690888912,133.12908681867043,25.20095170485794,17.804801061500736
102.66940777590351,132.47073621582314,25.199700399677425,17.80431841499958
102.95660686799086,131.6255872690456,25.19313438741968,17.799711385115607
103.20760274092588,131.45531316226905,25.191782318597383,17.798770820077525
103.87772488744903,131.36040613486026,25.191138588600374,17.798342018154212
104.450378732429,131.29715966839854,25.18964474713592,17.797397597943466
104.39373075922268,130.21990403375656,25.18843778674925,17.796660940515398
104.73058606347655,130.36660274600592,25.18708837332896,17.795708132572855
105.26641866943991,129.8858375980074,25.185158092394342,17.794498007274687
106.02998333529955,129.75944441618913,25.183082500222817,17.793347543728473
106.18941789468188,130.2097747871997,25.181623552490105,17.792754905974434
106.77470850936521,130.6005318109181,25.180990781794996,17.79235645006367
106.99161235243926,130.41801445723814,25.178898345662155,17.791309412991154
107.03335754719791,130.63417794271808,25.17824486722714,17.79099753321209
107.39164088057201,130.50026092487423,25.17572736095944,17.789932187739048
107.64678792741492,130.9537198108229,25.17422149530859,17.789118026834185
107.70487512498286,131.23415445341828,25.173436730371172,17.788739767091236
107.50580061054637,131.87742232241786,25.17262844713707,17.788431374558705
107.65430198439581,131.81280310535473,25.171434342540838,17.78785165232335
107.72356845829647,132.1991458918946,25.17036930061855,17.787363206585862
107.67262231059433,132.41124962208835,25.169995627104026,17.787178897596036
107.8945126539991,132.44469904141408,25.169148559316856,17.786786370242005
108.05190565702057,132.04813707720265,25.16860101214575,17.78646202929763
108.19636161007858,131.86789704281856,25.16794575123236,17.786185671016206
108.4452304513823,131.6701671606583,25.167449982897242,17.785923761371258
108.460930255462,131.66844204214237,25.16582580425486,17.78522723900482
108.60028611570381,131.3192238073774,25.16546360254718,17.78506979402593
108.66873590283126,131.42462672061237,25.165236823111172,17.784950800222404
108.83220407610537,131.05805224364016,25.164704601061324,17.784713237595803
108.89853771795671,130.9538997434082,25.162704869710574,17.78362086247607
109.0215846272916,131.1538700937445,25.162151520925672,17.78332104977913
109.08258630289022,131.43100489022862,25.1612356016361,17.782801077725342
109.31605407288434,131.24963767253362,25.1604244770455,17.782346382093863
109.31477453385637,130.84271061426313,25.159367917558782,17.781793388420652
109.50982784249229,130.99435738968614,25.15620684596029,17.780108727869592
109.5868804513062,131.69697379149517,25.1550709290794,17.779638907573737
109.6461344562347,131.66711640582466,25.15351825913097,17.778852028938942
109.50078995569736,131.40675999469667,25.15300486405128,17.778602732092445
109.77323292045277,130.812874428731,25.152161164192844,17.778003397791522
109.75847176454789,130.7463221243765,25.15021149340431,17.77686354961327
138.11113871451929,125.93328847354647,24.798545806352145,17.78613435774303
107.87926806117727,126.92138483952861,25.173091861571336,17.58744428176172
108.10463091261929,133.450467305283,25.024200980388358,17.569864868136225
108.41561815727697,133.80541562363317,25.02357403765044,17.569515572305807
108.45114093837209,133.50042856647704,25.023374466833236,17.569436564574453
108.78451251988403,133.49913401938284,25.0223128447754,17.568900064066835
109.07921902003913,133.68737954459561,25.021475505647604,17.568417106998353
109.33354269254777,133.64567023269856,25.020875085698247,17.568131572128724
134.27869207287796,124.97809476913355,24.402587128260528,17.46018443102144
110.38543255706401,128.64691266424904,24.51745241232981,16.796231330457175
109.5203339754865,131.50773234520443,24.400118137611003,16.776299331675073
110.04342927915256,130.98094476390747,24.39544633769007,16.77390704412708
110.49206428617987,130.78556476032654,24.393191265327793,16.772742372009652
111.22070364286961,130.4326597348012,24.392689290115122,16.77245601230896
111.73334427917379,130.9944545058255,24.389040212025805,16.771251376075476
112.0764838007943,130.53170013433913,24.388542468852663,16.771105946150875
111.58851996424772,130.79176650723002,24.38666506391621,16.77068046288514
112.0521680599951,130.93041096723425,24.38583450295279,16.77028715535496
137.95218077164603,123.95945941209722,23.92273077154546,16.89050828931065
111.8041607965349,126.16549232332409,23.654699066494253,17.055138862730935
111.78107016826668,126.9670554446551,23.653768487699978,17.05482121477256
111.16495880011941,131.02549520686438,23.61063242787484,17.032714982895556
111.37868577793455,131.4409742840961,23.610419439995102,17.03259509146693
111.50096311945478,131.49941603083317,23.609978991998176,17.032340922846156
111.54820077328117,131.88130138760354,23.60970170265785,17.03219881133335
111.52045474800859,131.9676943434832,23.609378682335468,17.0320506304109
111.39610282286499,131.66478663860502,23.608653902747484,17.031634291109473
111.12840173825117,131.78306822381137,23.60794131968248,17.031374226647113
111.37353217553863,132.0170961919656,23.607593104037406,17.03115186892525
133.23818447090127,122.44974646646132,21.997810608038677,16.79923030247775
132.74852323417156,124.60111903652664,21.997621522488558,16.79915039595918
132.97762289159877,124.91099249910891,21.997138523618833,16.798828529159483
132.9506462862477,125.71308061462462,21.99678511917698,16.798601606523487
133.11748058874127,125.30419384532189,21.994887411101463,16.796592053583808
133.12350674830665,125.82647795245042,21.994500226661405,16.796279453607465
132.86591635894746,126.46849976968645,21.994306821724983,16.79612141731808
133.0188738458914,126.40722735908011,21.993924869525596,16.79581828658213
110.93004694677816,127.04073975555127,21.475297234646586,16.815424362551525
134.7596523234023,124.12270796506576,21.69842214424014,16.342301008097778
111.61508067246892,127.16396288835456,21.670785355774814,16.030740048391497
135.39371295390055,123.46808417192182,21.09382932562643,16.551955431849017
111.28644454053662,126.57075401379542,21.308076235362073,16.058762983972166
112.16779094420444,127.19584276730237,21.306917403627637,16.058201861464507
112.16738255892133,131.17564032152643,21.272546840371614,16.0312935587415
112.04505833561275,131.3552509447406,21.272375720381284,16.031196734386548
133.88700553496983,123.57441663885962,20.69148577723356,15.079784749224658
157.98505659008623,130.067962963951,20.314490722664793,15.619501791424707
157.83388902295874,131.61596241622422,20.31448368048242,15.619496882544738
135.42289464546477,123.971608585621,20.646936150069983,15.030992019337125
135.19556142976316,125.1110580123665,20.64669239255981,15.03092488619832
111.32124524154311,127.69986749378515,21.27874380586516,14.617791282552904
111.56660753938469,128.69900447165145,21.27841982253629,14.6176646952514
134.95684412341706,122.46375020026478,21.48850527873911,14.61420854686262
134.96119784618145,124.6365580747074,21.488015998697414,14.614175283176378
134.87608705528905,126.05354798713029,21.487786714259812,14.614147885240994
134.70757280911963,126.36648668133859,21.48771502859533,14.614119863012434
134.96618091719938,126.49663361138758,21.487380874394162,14.613917814332972
134.8226454708265,126.94996704715808,21.486857269936063,14.613674392308267
134.9365914592902,127.72916826089448,21.486616933781487,14.613585215377151
135.14926026825802,127.85453738764527,21.48591764678231,14.613046667237912
154.5014917562381,130.7188302912107,19.831411946212786,14.706562929961748
136.13458635334726,125.69723818315981,20.23252011527568,14.111393798285246
113.08837230421958,127.88391112414662,20.218346498443182,14.212581474203468
136.114022465637,125.11054962302714,19.815823183664993,14.821683359804247
136.8894436152454,125.46706627128573,19.815726848498432,14.821570729028029
136.7312602005832,126.20873893180536,19.8155070641678,14.821402950675225
136.81652191602356,126.80765109489118,19.81533925128709,14.821231918113208
137.0815231701525,127.19273675833986,19.81512541595321,14.82106700944399
137.00123248579897,127.36797268196895,19.814914150769216,14.820823471817176
137.1796924117886,127.94669375955449,19.814577715251865,14.820526816829178
137.41112164088068,128.20137608347787,19.81444537324813,14.820372397902414
137.66931298384227,128.02989074125736,19.814290230678996,14.820206354533546
138.0654686486751,127.90984328856307,19.81413500128642,14.819944412278248
161.61869045639233,130.84940487223116,19.62601490269769,14.916825845466947
139.07659837872123,124.31796092277472,20.318372428401236,14.308779067255841
139.12121060196725,124.91740871676348,20.31795309862222,14.308528236549144
138.9332491589467,125.35063918654427,20.317342506164874,14.308112116342558
139.19755704368984,125.78995642633569,20.31703351892425,14.307891313975297
139.53299110612662,125.7624024665861,20.316694461566996,14.30759142624352
139.38907512017175,126.08144066978973,20.31634891344004,14.307370072784268
139.22531872304424,126.28753643494292,20.315985169656834,14.307138309819504
139.33773114264608,126.97683681721223,20.315540570297447,14.306858954506348
139.30543831936177,127.47776441505795,20.315230862654747,14.30668913975057
139.3271233707086,127.77982798508714,20.31505328442405,14.306569422616228
139.27304878450516,128.21026928647603,20.3148900288333,14.306490781592315
138.99411143645997,128.32852712729357,20.313165981008122,14.305469698703533
139.01863691731356,128.85784662699936,20.31282956392505,14.30526709302971
139.3420079380375,129.39249220650166,20.3119664334955,14.304779244419443
139.8363961726231,129.29859944931417,20.311758508712167,14.304524338381412
140.3858434147633,129.30297473012297,20.31151936748753,14.304178641693406
140.12508997046336,129.09056989148002,20.311029281142282,14.303859024583875
140.50663522722226,129.49985084765422,20.310907248211503,14.303765623340047
141.1093323315272,130.032230143514,20.3106049928792,14.303515112102982
141.72313391207558,130.01636020898832,20.310376862300043,14.303229629033918
142.1834976294707,130.45069576082133,20.310077286339283,14.302984192653794
142.37427972229167,130.71969653854958,20.30988519485171,14.302801724702645
142.87861259275672,131.27266916825567,20.309658517947472,14.302560772846592
143.27136467036365,131.72075000437806,20.309588608796837,14.302493840038927
143.7764976424931,132.54258496581056,20.309576689997257,14.302486965918153
144.30292907765832,133.71134491180138,20.30955917851539,14.302481474418693
144.64471432410784,135.23768754711395,20.30954858017812,14.30248074931054
144.87814807923598,136.94209047710433,20.309545506786687,14.302480736497756
145.14192836129416,138.7752124028724,20.309544580693697,14.302480676541776
118.62265550167439,128.21134871480038,21.447589048712537,13.66003021149928
118.10089912757442,129.00626523615136,21.44710915832451,13.659782830685435
140.11899867970314,123.77177120182212,21.03681032262178,13.564950060415725
140.85840400990085,124.20702332572078,21.0335370815455,13.563726389324332
141.3475411917941,125.00505845604039,21.03118864015278,13.563487642089978
141.5875006171279,125.26083580752184,21.029498418120614,13.56253320796785
141.710544157022,126.04693585633058,21.02747292757341,13.561883718031666
141.52466811115696,127.128464395992,21.027082674590314,13.561703244696352
140.94914425899282,127.3670888601268,21.026610603527942,13.561577696134082
140.83017501396557,127.69766337251546,21.024616705515186,13.560814339634515
141.25183409826965,128.130388545777,21.021336359630414,13.559819216194933
140.86330793285387,128.61366802688562,21.02005264233576,13.559390153002667
140.77210538397867,129.3391023557016,21.018166883963197,13.558888946084751
117.52782041643269,128.14375395223172,21.343475405480948,13.555221157611355
117.40903941599079,129.22795931179544,21.343398366609883,13.555207626670546
117.2330421531299,130.1808434155288,21.34308068510968,13.555121029311236
117.536836164295,131.306136218104,21.342608348719256,13.55499366466988
117.65633968466855,132.3836732284253,21.34175023566074,13.554958477645464
117.81388330758647,133.22776623018606,21.34157340165964,13.554947556330658
117.98906348757475,133.7603017231301,21.341509568830354,13.55494028542363
118.18507384573704,134.42803763602217,21.34140184927474,13.554929480109172
118.46192831632561,135.2990147026191,21.341363016415922,13.554921924941143
118.5996867154113,135.88561319517987,21.3413280979557,13.554913864609022
118.7356107136054,136.2782769070102,21.34129510353208,13.554909464744487
119.0750357756927,136.750447217159,21.34128412644839,13.554906748900107
119.35294204989711,137.42558694166317,21.341276963152332,13.554904842959717
119.45239477056234,138.1527820174796,21.341271774402525,13.554903548214673
119.64618700914839,138.66646789039174,21.341265665417353,13.554901659224782
119.72224140517176,139.2479642308169,21.341259120251138,13.554899548442826
119.84529686080499,140.0551811695003,21.341255608448346,13.55489872123173
139.86058624994482,126.80540820762896,21.16989161288351,12.657903049515404
140.0921113862361,127.88808185113393,21.169214030740186,12.657874013161573
140.1650058857811,128.77046787658196,21.16824005936393,12.657796652969848
140.2995969404746,129.29560759186683,21.167750055985515,12.657725671763856
140.38545067026064,129.68786815122985,21.16732615442448,12.657665157228598
140.68147862080494,130.0534044327379,21.166908937608632,12.657586759156231
141.09732041851208,130.44423307283597,21.166106162945532,12.657524232225477
141.05352248168035,130.68169338028906,21.165957524945085,12.65751098574081
140.78362339351958,130.90729769542878,21.16586803456439,12.65749953263311
140.47486847449338,131.6510794254251,21.165799962193496,12.657492172532077
140.3173710691386,132.05016844850695,21.16567702631145,12.657463771696921
140.36646003096004,132.6231898561095,21.16549351217014,12.657443514704129
140.48395917070195,133.18057679436885,21.16541698609287,12.657433970956738
140.66798243508623,134.03597926796374,21.165343457135474,12.657428837037513
140.64117884782672,134.90925705892295,21.165283741986944,12.657423219070214
140.60981910700565,135.8055012025262,21.165263128669373,12.657421241868922
120.38058664501196,128.796359098006,20.501470819990743,13.08236553086532
120.29283277792275,130.2485213226323,20.50145957950733,13.082363228982118
120.20452931694722,131.1712792107828,20.5014161710341,13.082359365980645
120.17465515211147,132.0487042830483,20.50133186071335,13.082350072279796
120.04291156361253,133.351549296342,20.501292359625893,13.082341703483523
140.82710389223766,128.17340863298702,20.5529409665358,12.608121473796977
140.81726254951056,128.99523654876646,20.55257794685034,12.608110094333128
140.85141748732778,129.70661136558135,20.552409971218896,12.60809865516896
140.8788967339507,130.7176972137261,20.55229075002508,12.608092495759989
141.0739446640791,131.8689040173951,20.55220974682202,12.608086629968623
140.8619941641683,132.7836506710924,20.552167495272265,12.608081600009315
140.96008254666955,133.8662573921222,20.552148930772123,12.608078643408072
140.8639595701371,134.94555928254044,20.552140340532596,12.608076861854439
140.90469997772956,136.23678838243114,20.5521367799768,12.608076442911067
141.1025313003531,137.46693727895314,20.552134445713428,12.608076472819327
141.2386889102369,138.74205559581083,20.552132880368543,12.608076541069268
159.72850235344163,122.95583056766287,20.08647923004309,13.252416474684544
180.98519865320742,118.28607692128105,19.49333275477909,13.69855409276556
180.6864973775404,130.47583041609255,19.19447510418211,13.496445784783205
180.8459174255821,131.29802038333318,19.19445995497912,13.496439267202577
180.95938214206112,132.62641768810806,19.194452870162724,13.496438728850325
180.78000834903918,133.82175168567076,19.194447162453905,13.496438172231997
180.98625401430877,135.18610093921563,19.19444009032806,13.496436726680914
180.80945668206496,136.72682281397812,19.194433299127198,13.496435333265582
180.94014384163506,138.26700068629074,19.194422039269277,13.496433087099232
180.7491236991193,140.14570609553428,19.194416042009372,13.496432794887756
180.54227488897922,141.98852689029056,19.19441439299481,13.49643273255112
180.3361848347698,143.70555510334034,19.194412468351675,13.496432588495008
180.25381986864335,145.2870786290669,19.19441083846699,13.496432373894876
180.0529859681854,146.85521805162753,19.194409822577967,13.496432158076653
179.92710051349667,148.4361845065157,19.19440910309881,13.49643195513317
179.80562558257773,150.19210584274703,19.194408242361476,13.496431771913057
179.6632108581918,152.08462763162422,19.19440738913326,13.496431672170804
201.86369058012062,136.08333546291678,18.450026009240503,14.00045033575756
201.49357445559016,137.60999584397106,18.450021677929552,14.000449027842107
201.2519381140487,139.1992025918688,18.45001867927843,14.000447969485542
200.98465714196024,140.74381271533045,18.450015651531505,14.000446577466438
200.75392597254915,142.22069299001066,18.450009949410543,14.000444744689302
200.5765914775135,143.78900483301132,18.45000561346638,14.00044277232629
200.56546189297887,144.8805241031601,18.450003166693037,14.000441989902217
200.4269654129987,146.15227646132942,18.449998858453483,14.000440558017932
200.35826098969747,147.38789504687347,18.449996498095214,14.000439854291312
200.33507575119026,148.7914071548113,18.449993242721657,14.000438686816473
200.03815258877123,150.1682554754703,18.449992054360866,14.000438248730342
199.91303766679658,151.5613115314568,18.44998914217231,14.00043701474806
199.70041005557934,152.8397410298311,18.44998680101578,14.000436080743599
199.57194475089676,153.98380716116722,18.449982320554337,14.000433624589911
199.54659932684933,155.1781709813729,18.449980465074283,14.00043245703317
199.36299508903633,156.37218044865642,18.449979148563134,14.000431892140769
199.21592031632264,157.67566450351376,18.44997825210557,14.000431470032948
199.22750246782704,158.72282879159425,18.449977455857937,14.000431058926262
199.37237636982098,159.60651829726052,18.449976502599053,14.000430497033713
220.28552842791447,144.05759048981946,17.754112144712845,14.365850885475444
219.79959829588657,145.99571794989686,17.754108423707006,14.36584790127949
219.74306450053905,147.42545389113423,17.75410143605725,14.365843286794851
219.8448041312249,148.92785849949414,17.75409708375271,14.365840111792556
220.00364774681412,150.62090497005423,17.754093221495534,14.365836972460718
219.98623394673717,152.12402188432117,17.75408609400447,14.365831352468737
219.9247232929547,153.6604063344146,17.754079637308664,14.365825895274986
219.64993028987385,154.83385644020137,17.75407577111013,14.365823285782788
219.17396610813807,156.1154430955565,17.75406943933787,14.36581683183831
218.8362603611638,157.5628411637012,17.75406446371245,14.365812775474414
218.48361757771193,158.61243643940162,17.754059832290046,14.365808406095653
217.87286737231997,160.00245358615646,17.754056627694638,14.365805555228178
217.49449406571895,161.35145197270012,17.75405599510808,14.365804921667213
217.1028245721842,162.76321018823577,17.754054408866743,14.365803428950434
216.80273394974068,164.06311325996677,17.754048590536637,14.365798587444575
216.2936059524621,165.850276238085,17.754038980121003,14.36579151701138
215.66852682899213,167.4922844443413,17.754019724428773,14.36577597806444
215.2571779849555,169.27271970418494,17.754012322456116,14.365769191668782
214.75634843583538,170.39443849581113,17.753996887805982,14.365754116656149
214.30096964826865,171.9429724508805,17.753989947539516,14.365748078999736
213.76389830894718,173.28328181953918,17.75397956050102,14.36574071367634
213.5879990818391,174.17739275068237,17.753969973383064,14.365733415713413
213.04031879311734,175.45668816132985,17.753968125976105,14.365732052884056
212.66982335478718,176.74604429178004,17.753966337345535,14.365730586432507
212.28667423131367,178.18561779505802,17.753964442481195,14.36572920212993
211.91219379071876,179.59680011126122,17.753963755792302,14.36572866159672
211.46192732244097,181.1661309282196,17.753963075805096,14.36572817384395
210.8056135192292,182.7601862516855,17.753962413033044,14.365727640056022
210.3923133161902,184.54453398107424,17.753961850273292,14.365727249637906
210.03879667440071,186.29678122739293,17.75396144006187,14.365726947216602
209.5815479025003,187.9350284094225,17.753960952723336,14.365726609341563
209.04365126939743,189.61086258643536,17.753960237376955,14.365726136327789
208.46799696547714,191.29607891646702,17.753959831850803,14.365725853126008
207.97454685356894,193.06260479671008,17.753959010821607,14.365725345005046
207.52718528881996,194.824023618966,17.753958248107658,14.365724862511012
207.09001119156818,196.70556486674036,17.753957325332152,14.3657243943976
206.6394704031539,198.4568635240529,17.753956446048864,14.365723934936126
206.2759561701435,200.10746110215513,17.7539552904685,14.365723208129207
205.88952474375793,201.68870283906293,17.753954099527046,14.365722472808525
205.44211795849787,203.29882834668712,17.75395341719377,14.365722064096994
204.98743207700045,204.97185459224136,17.753952552453477,14.365721504369752
204.48471185738103,206.5524063230113,17.753951922089332,14.36572105300748
204.1233440379588,208.23337073541705,17.75395066584946,14.365720452759565
203.7122903423782,209.94048274174645,17.75394913262175,14.36571963422309
203.20245066378965,211.64836288290726,17.753947989768335,14.365718915347506
202.71440927505387,213.3970937560978,17.753946713723487,14.365718249517538
202.31753522654418,215.26642910044728,17.753944763059167,14.365717194683954
201.8794581647848,217.02338329623848,17.753942973701776,14.365716235657713
201.47188072299664,218.99630585850943,17.753940443795436,14.36571480771007
201.07822751954293,220.62777065487575,17.75393660804995,14.365712270336301
200.7792355289269,222.24888148655822,17.753934069945313,14.365710531898099
200.213146790417,223.92357545112685,17.75393252512981,14.365709533226532
199.75520347906053,225.78683182626193,17.75393125559651,14.36570873821763
199.26582210222307,227.5319489869275,17.753930011716673,14.365707838212215
199.00643102280821,229.2357951705961,17.753929316466152,14.365707426441377
198.72294287886706,231.06263935515707,17.75392893789797,14.365707249687
198.38571089757167,232.81714641163214,17.75392873432434,14.365707176735748
198.14839860698714,232.81714645743034,17.753928532692708,14.3657070851393
197.9338919986311,232.81714649525946,17.753928348134867,14.365707009481069
197.63927414874382,232.81714652449045,17.753928205681508,14.36570695101912
197.3927420765734,232.81714656979463,17.75392797629074,14.365706860410759
197.14324209562054,232.81714660320532,17.753927835914883,14.36570679358936
196.88903427028993,232.81714663060976,17.75392772796636,14.365706738780464
196.60506887949984,232.81714666772024,17.753927572733193,14.3657066645595
196.3532265611741,232.81714671020382,17.753927390639983,14.365706579592358
196.07210958196586,232.81714675740793,17.753927185772177,14.365706485184134
195.77809437268482,232.8171467949743,17.753927027628315,14.365706410051393
195.4866474516961,232.81714683899153,17.753926842372675,14.365706322016909
195.1944618608821,232.81714688883943,17.753926636042166,14.365706222321155
194.89851652186155,232.8171469762686,17.753926323349127,14.365706047462817
194.63765746455545,232.817147030075,17.75392611473058,14.36570593985
194.3644695615078,232.81714707627117,17.753925930911894,14.36570584745766
194.08232006392586,232.8171471369183,17.753925700268585,14.365705726163391
193.807824341705,232.81714719389905,17.7539254645651,14.365705612201893
193.53394257877892,232.81714725716677,17.753925225559016,14.365705485666448
193.29970248753884,232.81714731094473,17.75392502964979,14.36570537811056
193.04975407178333,232.81714735839438,17.75392485798697,14.365705283211224
192.79297348558515,232.81714741011962,17.75392466239477,14.365705179760768
192.51326461559594,232.81714747655852,17.753924439345234,14.365705046882978
192.22923621186234,232.81714754141706,17.753924186570735,14.365704917165871
191.93990044658293,232.8171475837338,17.753924023327695,14.365704832532407
191.6505155793645,232.81714763115713,17.75392383550804,14.365704737685736
191.3694376660432,232.81714767684943,17.753923640555634,14.365704646301136
191.11789863972834,232.81714772107946,17.75392347091061,14.36570455784106
190.92406233293036,232.8171477716335,17.75392327275992,14.365704456732972
190.6607942485607,232.81714784095453,17.75392303641274,14.36570431809095
190.3616616229688,232.8171479008652,17.75392281852232,14.365704198269638
190.07569284135604,232.81714794853505,17.753922641898704,14.365704102929923
189.83080658725794,232.81714799957683,17.75392244287106,14.365704000846307
189.53187844792492,232.8171480593892,17.75392219993062,14.36570388122155
189.28289278402224,232.8171481161072,17.75392199300697,14.365703767785616
189.02664812745562,232.81714816341147,17.75392180847867,14.365703673177036
