150.5,53.5,40,148
147.1929952238858,33.999789676446724,39.72712486289737,147.33910091444054
140.87378071617053,87.53248022066828,45.80893852569727,136.4572601702357
141.10000630579378,60.01748196209445,44.83191747740929,136.39916006873102
138.09690217291947,43.59714452208816,44.15562919545897,135.4784290039194
136.46569672173115,54.16601295806737,43.789340556743724,135.23112448974905
131.1320219990858,107.30299696730742,47.5848500018818,127.07679300691348
130.2504164467135,79.24613174278386,47.381253383581075,127.07374794326527
127.36986595927911,73.51155388203176,47.34809957863415,127.05949473685199
125.81776608849756,99.22110455052581,47.6249596709968,125.92183794942447
123.08180018055086,92.35299687088082,47.58117731834166,125.87313166259628
120.31386228829703,85.18596964796453,47.532738279698656,125.78401887973014
117.28493920527426,82.16330703050423,47.51988666132039,125.74996169506454
115.14722372294739,79.55112880928448,47.516297793363044,125.73705016646524
113.45320865746689,77.96048079114962,47.515522534919725,125.73432401454828
112.58968649901965,76.46280495382177,47.515346435745194,125.7329873232677
111.99295943837062,75.42472424795059,47.51522147932261,125.73159236332123
111.27510706520356,74.39053965350962,47.514703314775694,125.72508381325055
111.01511879331552,73.44111635783909,47.51443818079067,125.71236939232354
109.87352561916668,72.29080356390791,47.5137957937368,125.70636866030063
108.87110918250221,70.16059925319323,47.513411830136405,125.69568772789701
108.06906416515167,120.54617206984918,52.09097088377366,119.23836197983898
108.1862053881383,122.8910385853893,52.09096443448542,119.23833765847556
108.30130044666883,124.56738052636231,52.09096013907677,119.23832230031796
108.54608453652496,126.96891361431403,52.09095718281994,119.23831141082202
108.93228912069394,130.7409146387626,52.09095602305742,119.2383047423265
109.53523198769386,133.1054286155315,52.090952361506304,119.23828784759604
109.79236546296829,136.61070109886452,52.09095029256834,119.23827573691759
110.51594120073345,138.63894357562563,52.090945709585604,119.2382516407867
111.50926032103084,140.94217131241538,52.09094351158575,119.23823957235858
112.90418178614406,143.73034619358972,52.09094008750858,119.23821808759779
114.12877871544381,144.7354036603247,52.09093565342384,119.23819708151126
115.69986175206203,146.22911693417885,52.09092999583684,119.2381693966417
116.91709307862075,149.08723868552192,52.09092798267302,119.23815867059741
116.83142398119053,151.6960817425553,52.09092711269696,119.23815253394766
116.75688214125927,156.02937167772137,52.09092650765786,119.23814714176488
116.5767181383875,161.5535536532522,52.09092652453839,119.23814496896247
117.18789928052165,167.84752509815348,52.09092663937136,119.23814324889872
117.38286314986134,175.57633722082895,52.09092676476669,119.23814248529828
117.00492177474806,183.5885218260817,52.090926894181806,119.23814156092563
116.95771613467556,191.34477258396026,52.09092696510111,119.23814080810791
141.4449451866739,82.69436784141482,44.392946674825154,121.43374094261287
140.27195141303196,127.61272271512706,49.8801745804617,113.56022699596964
139.76376757630428,131.10011922484526,49.8800428537782,113.56002380120977
139.52349170111398,134.59048881655377,49.880009833717736,113.55992693651834
139.2700871361881,138.90791983580365,49.879996615928526,113.55987725306005
139.08331014470545,145.65836508822056,49.87999103454179,113.5598517308312
138.5624339791811,152.7122777271201,49.87999066955319,113.5598469638964
138.3583003683074,159.86521704475737,49.87999057209815,113.55984219947145
138.12046770058265,165.617062174943,49.87999048725387,113.55983789033316
137.35371714352718,172.9388243974916,49.87999081076879,113.55983475413485
136.90848483312294,180.12877680783882,49.87999094688561,113.55983372677535
136.53027509085155,187.22984728375656,49.87999101118615,113.55983262937103
136.05639131217805,195.65182696213978,49.879991012819474,113.55983117360556
135.74490318119513,202.93594250698303,49.87999103128934,113.55983071288638
169.8174571800974,93.55133627083332,44.02265616580908,109.83352926917016
168.39866513031728,89.3920815461569,44.01908497476566,109.82567992335697
168.41216452223642,87.11160979015477,44.01654927452242,109.82052140746818
168.9362187770805,84.87046696911874,44.00780701010399,109.80376787641401
170.40467681790798,82.48594414149997,44.003664995374116,109.79437305618767
170.8859576842702,79.55993464934892,43.99969949220288,109.78504007363186
172.12950880050235,78.3817415407167,43.979813513019245,109.74530979576386
171.98650800049964,77.43535529816762,43.953509215550376,109.68162454675407
171.83450852358305,76.40702085021609,43.91168640133811,109.60711077206386
171.42157809181953,78.29881622467227,43.85294400291753,109.50923331431973
171.07565186213606,79.23981652320087,43.79529886983531,109.43772630571007
170.45925337674652,80.53418293854205,43.725967287223874,109.35026663024011
173.0116017461869,126.33862215392179,47.959911715030074,101.37903773561347
171.34904888530508,127.77365948942901,47.957810586741886,101.3774513763666
169.9395305904007,127.70681639746215,47.95698290347932,101.37669670610855
168.90183764244478,126.73390493537565,47.956716200056476,101.37646970161636
167.63006946402032,126.67381144737223,47.95635802756271,101.37609282036586
166.32869001054996,129.53149567049826,47.95604810592065,101.37575027590825
166.23250679865862,130.90404405397425,47.955150775454754,101.37440718060238
165.61023990634578,131.39402370363854,47.951839387198355,101.37169744401412
164.20217274237228,133.11849231360276,47.950279051143845,101.37032339547237
163.20793580312017,135.14548272778157,47.948908011397094,101.36906883588308
161.65161734760468,134.3545622634668,47.94789007051456,101.36832693312988
159.34704311235566,132.7797699985975,47.94122004049381,101.3654270459068
157.32579730041448,134.79922083514947,47.93877786844726,101.36395375186169
155.29653414025205,138.1611952392216,47.935261475606794,101.36087829958291
153.68667972707635,139.09290660696348,47.93486179289445,101.36042615469054
151.56855594324526,139.2002223063004,47.934632939200476,101.36012156983378
149.36225710482202,140.3741602801884,47.93449896855548,101.35994478740204
147.5740321198117,137.84889464951397,47.93441442891731,101.35982116059778
145.86455156130424,139.08065529938585,47.93433295865195,101.35967733659253
144.25548905506415,142.73756211649732,47.93429233506955,101.3595848823318
142.47820337663785,146.420410037908,47.934260592099136,101.35950393056265
140.73243452098245,151.0804772672058,47.93424380473743,101.35944736808523
138.36686043006137,153.9448086052366,47.934230869025924,101.35940092966398
136.26399536847626,155.83024482628204,47.93419383750249,101.35932883966966
134.81583054254412,157.33253582899502,47.93411493147493,101.35922195097345
132.7186785175903,158.86829220810387,47.93407159979081,101.35914965105351
130.05187982918295,158.8853061355152,47.93396927338891,101.35894823307825
128.32743230197778,160.4589094807149,47.9339269117226,101.35884246812442
126.64694168579284,162.9229988364344,47.933917381381924,101.35881059582728
124.56599196278698,169.35837830939633,47.9339120155345,101.35878014264021
122.23106943946314,172.84033100530476,47.93390718959308,101.35874432250917
121.10692867573947,175.88866234285518,47.933903900298475,101.35872557212143
120.37147475034313,177.59117034068217,47.93390132113664,101.35871073995013
119.62784423292294,180.40797621632677,47.933899153309774,101.35869826997197
119.02954098031802,184.4165664254877,47.933898664844385,101.35869447976289
118.45218434796298,189.30549494729732,47.933898537296756,101.35869330925158
118.32206101824775,194.63003891192568,47.93389844303458,101.35869233220434
118.04204331524909,199.22531799134873,47.93389838188409,101.35869165321661
118.38007798497033,206.06535363321618,47.933898361689806,101.35869124655694
118.01642873525424,211.3206545120436,47.93389836296831,101.35869097591281
117.75080493355392,211.32065472808253,47.93389835055474,101.35869054383494
117.29759344790742,211.32065494999048,47.933898349168594,101.35869010001905
117.02680659690466,211.3206551641179,47.93389834788507,101.35868967176415
116.76503775294785,211.32065534746363,47.933898340390826,101.35868930507276
116.59993768718996,211.32065556984855,47.93389833619874,101.35868886030286
116.23056287905898,211.32065578825518,47.93389832916207,101.35868842348967
115.67675156836837,211.32065596879312,47.93389832709969,101.35868806241373
115.363006847159,211.32065615528882,47.93389832192474,101.35868768942238
148.2348349867619,109.05640495110092,40.08690570849039,102.64578079604036
144.79903308232795,108.53841218426966,40.086383414910834,102.64478963464214
142.85949936392552,105.2679761666988,40.08189782360897,102.63903319459465
141.16315681144337,100.85739395538795,40.07968308345001,102.63616864840532
140.3157182841328,94.03795071970112,40.07845370420271,102.63486976363883
139.44033996456704,91.24822698664592,40.07707375523762,102.6335858378425
138.95557957013082,91.67844485792133,40.06887988632655,102.62274087364251
139.87614899217428,93.0917087671096,40.065065899951456,102.61722412170275
140.79772728854027,93.37428834675609,40.06229152558032,102.61456245901469
142.15022344835901,94.05150337277406,40.05424034325669,102.6058699834634
143.71681226855785,96.96382855694227,40.05182218047438,102.60161031642095
145.10671971075857,100.47763869737466,40.049081156241435,102.59757869293533
146.29334024894308,104.46724574900036,40.04703396567559,102.59320570754281
146.86960357034664,105.34178533602517,40.046464834770326,102.59202749632277
148.37928467179844,106.22831111431796,40.044886988937684,102.58898104666315
149.92880312090884,107.30962032567137,40.043179945682105,102.58648811795962
150.2589986540004,108.35625394680233,40.041206521615514,102.58355147643626
150.98966542021867,105.86883317988098,40.04054739427692,102.5815320102179
151.4190369192944,107.79779309737475,40.04040036341826,102.58081041360316
152.12404633847163,108.97689247765584,40.04036873629121,102.58068393392476
153.30195606124565,110.52958630868334,40.04032965382605,102.58052803380215
154.63737993336986,111.57540132300312,40.0403252723859,102.58049413171899
154.77273830690464,150.8384308024025,43.97350170997818,97.14832250202178
154.93290851659586,154.9342236579063,43.97350150675555,97.14832137811135
154.63635448741223,161.2901072696819,43.97350144754242,97.14832039754113
155.08038275888774,165.66880114499736,43.973501242424774,97.14831790081642
155.49063680334504,170.1025977723742,43.973501216349696,97.14831268927566
156.19083089346384,175.54215990693,43.97350139613559,97.14831020055952
156.42624550000875,180.5628729807415,43.973501491078785,97.14830880421827
156.22664479711463,185.85950189568973,43.973501563344215,97.14830792470026
156.0186754940653,192.15775910924316,43.973501643050916,97.14830724576231
155.44875719675102,198.20803001384783,43.97350168792053,97.14830655136011
167.0318231675275,103.06720252061324,38.152700938384164,98.98036131810275
165.67437844490865,104.21012745048253,38.142188028427746,98.9695878476769
165.29568015965924,141.6224612434928,41.40224248924639,94.63723746136336
