177.5,51.5,21,129
175.30003248628776,51.75262557147581,23.158342858616475,120.6256706977161
174.2366071891502,55.20955519367783,23.7897366381257,118.23424187323394
174.52866220220074,57.54636006512078,24.25158262761147,114.49267663642104
174.80762649020278,53.22140287845578,23.512976250236733,115.1258826357276
174.02376902286267,54.6545249226554,23.16244527331876,115.65041184368457
172.94923876962966,58.664234708570994,24.05396603063931,111.21120343442051
174.44992915482237,56.669421046875364,23.134638206344572,108.95042783041309
174.98770659146857,55.365790648647696,21.95773277226784,109.90301469288558
175.52320619618015,56.68732586345688,21.74275431145991,110.8147426279065
174.6580163431286,56.52388637867983,21.491126633262816,110.40866399591334
174.50376039162165,54.683235954574315,21.373572197260717,109.85291240348107
174.06996875118142,58.90686079470642,21.691205951354384,108.81556672636017
173.54944623876116,57.77755304593725,21.710359263052535,109.98590059242878
173.85188810835393,58.91733754916732,21.699226179518064,108.7308259955298
173.32521945483643,59.71680954192867,21.495174775577446,108.27493220379372
172.31890052412575,57.2644133294895,21.32083787312856,106.90977805350727
173.26902661223306,58.70235912026234,20.70642859242173,107.00995520708427
171.7039388748027,58.4568335414873,20.87552089353064,107.03906777482302
170.73724242803127,58.27859599205171,21.163263161844583,106.23234237606694
172.03692517408084,59.24620894549811,21.19315701766113,104.49545442643713
170.27496897772565,62.57243633990389,21.777220272111627,104.01923722078598
170.29577113625987,62.552794221051485,21.715548006195164,102.69591850934833
170.147127832231,64.27353073979104,21.10364068124278,104.85500899802278
170.3839812972218,65.6959281278504,21.356159723436797,104.31398834032754
170.65153828304574,67.21473494769943,20.80634215391548,106.8362516194222
171.3617830155327,66.37630534934046,20.199868494662837,107.90009134974
171.16304162202812,69.76254307745076,20.340692518978607,108.32143637005137
170.72047457449048,69.90912710338168,20.688540332468193,106.3726082849635
170.7961165812239,75.68152014465493,20.76880191631612,106.52021073696292
169.99777892459653,77.89332396155595,21.574337626909745,103.44838113355637
168.81531913351185,75.59259412855673,21.438211266772605,100.215875021204
168.29932920955918,76.94552192475518,21.99237420512634,97.578601628321
167.4614921994047,76.81182715375057,21.967138849290915,96.39346138231295
167.0486878241143,81.43489286045747,22.867691648991627,95.07974402376976
167.18189779462054,78.6484294911449,23.721133668390245,93.82663192496204
167.2831206412213,86.23939532511812,26.01047326304578,95.03834458990133
165.14071564732134,83.60753957678536,27.448550396002535,92.55538822462839
163.74037474400748,84.31151694973427,28.702819973092307,90.13559051265085
164.57983117762632,96.94285814462575,31.949713628223996,90.15832758697923
158.89177952298306,98.76189235472879,31.862971135203395,88.22258498769598
158.03176726006407,117.00041348143769,34.5727049191209,80.8631670171151
141.50565260892614,155.39893945294727,36.91598608602078,77.43955104821703
133.48164124024407,190.60486330471065,45.61245395277945,66.30310159908484
136.2223334030751,190.84905634543244,45.61224266560005,66.30188730913513
156.15514648283553,103.92009013352884,43.0420266623292,72.27258218411419
149.5514028346418,130.14440817436935,42.935273503089206,68.28460512953282
148.7816362831218,156.71991089528967,45.78074878390173,63.93825667011404
145.01239518386527,183.72692037136898,45.090704866997335,61.75195073065069
143.56660958022493,187.9442498022901,45.08757793127264,61.75270999777574
142.74038815776166,193.12358714432293,45.086811924384925,61.75282571135415
142.6997764166346,193.12359157363161,45.08675234394259,61.752816852736764
155.10723922325974,116.50554209602998,41.29010294529187,69.80350626204158
161.32993662557573,126.05112893856762,39.11060112314286,72.80081638739112
153.01368144312883,129.41609263688633,35.65199172180128,77.79206895291188
153.5690949308367,149.3419886072793,37.03304397116274,75.71474829508495
147.36115152064912,171.36891290065668,37.35088925711412,70.51473576790052
142.2302402947089,191.26764226487484,41.80776385590616,65.46471547025033
141.50312245053004,191.26765828040334,41.8077343074093,65.46468343919335
140.5788694792119,191.2676888984042,41.8076834930723,65.46462220319161
139.53186028358408,191.26772148054138,41.807629780827575,65.46455703891722
156.3573955516004,118.07211950299002,38.021391169233425,72.8282799149184
150.6686838523791,130.3974093293915,33.09912813579127,77.81755278591916
146.43406288174694,154.7194348416831,33.45582983199944,71.66582277574024
135.7524061480893,180.22070992950853,38.2387809793684,63.153655748282745
163.6952017408659,112.05150611866001,33.323080388297655,73.67294105552665
164.35884522326296,123.5576014971779,30.09381886467329,75.69879236697233
165.8448378983804,118.2481118985146,26.44912643359732,77.5364958150924
167.57525562515556,112.37463580589538,23.82678998965623,79.19964196242799
169.2991964695785,121.43527312308893,23.7032782081895,76.29055604874401
151.93851178971804,151.18620609705442,28.189669845742433,67.49358130564704
146.4008021761365,174.02757600849904,33.18254426928616,60.58816615927147
140.71716345404297,197.07794091389525,38.78917680075344,53.84411817220949
140.8251885616138,197.07794378992767,38.78916482759429,53.844112420144654
140.9710487176725,197.07794550190116,38.789158408890465,53.844108996197704
141.1579059150477,197.07794726597191,38.789153752394526,53.84410546805618
141.45289829471557,197.07794882310802,38.78914977413716,53.84410235378398
141.69857952764093,197.07794967383236,38.78914815146804,53.844100652335264
141.8428615957714,197.07795108549914,38.78914327319127,53.84409782900174
142.12968120935548,197.0779533651392,38.789133782923464,53.84409326972161
142.22007472772674,197.07795420049592,38.78913164219705,53.84409159900815
142.3511146777999,197.07795626621615,38.78912111637364,53.844087467567725
142.5734469182891,197.07795771793707,38.78911342469804,53.84408456412585
142.81885380588514,197.07795964425748,38.78910140111956,53.844080711485034
142.97416403138953,197.0779616816299,38.789089873546004,53.84407663674023
143.09380531931714,197.07796340894848,38.78906817983,53.844073182103045
142.8228232803133,197.0779655605465,38.78904555396502,53.84406887890702
142.3212041932026,197.07796699488628,38.78903205639535,53.84406601022743
141.64854302166611,197.0779674663496,38.789008544709105,53.8440650673008
141.00322578435706,197.07796633977708,38.78896726001169,53.84406732044585
139.5864231435798,197.0779677510599,38.788905501695005,53.8440644978802
137.94753037504205,197.07797421981383,38.78869497553811,53.84405156037233
136.93271645600873,197.07798846353296,38.788567459677076,53.844023072934064
136.17780296025614,197.0779982969965,38.78845573429385,53.844003406006976
135.91425717285526,197.07801536482816,38.788384697611086,53.843969270343706
135.6201362640681,197.0780316210116,38.78831418732365,53.84393675797681
135.63186043127973,197.07808650209023,38.78819948063097,53.84382699581951
136.2277885256035,197.07809530140952,38.788163436636765,53.843809397180934
136.44159582238524,197.0781143443686,38.788113970684456,53.84377131126278
136.06116916712725,197.0781649712304,38.78805939278794,53.843670057539214
135.07607472910496,197.07828188127178,38.7879559390443,53.843436237456466
134.1699549947302,197.07866678501136,38.78740775577811,53.84266642997725
133.8270217537004,197.078864417972,38.78711277934547,53.84227116405601
132.99800395430586,197.0790953759421,38.786875992537325,53.84180924811578
133.19287275097165,197.07987683918245,38.78572375806387,53.840246321635114
133.49782677922002,197.08060518692105,38.784624338232476,53.838789626157904
133.72142412120834,197.08165794489398,38.78310270275203,53.83668411021207
134.21293190765297,197.08233382553112,38.782338416369456,53.83533234893773
135.31537845174844,197.08273961085285,38.78155785793313,53.83452077829427
136.11316606062064,197.08395936146468,38.77732914249284,53.83208127707065
137.2966280929274,197.08432529494726,38.77528540128933,53.83134941010549
137.81126120069092,197.08455631458924,38.773794831018314,53.83088737082155
138.33564985410518,197.08467049471727,38.773312664456206,53.830659010565476
138.48641975464483,197.0847205911473,38.773106439817745,53.83055881770541
138.20533449989244,197.0847431787683,38.77214937201768,53.830513642463444
138.26420571187228,197.08476688753427,38.7718122881335,53.830466224931484
137.95264509331662,197.08481008856805,38.77114612213814,53.8303798228639
137.44468746520465,197.08483675897378,38.770774289967875,53.830326482052456
136.99607309093125,197.08487685336408,38.77047415171967,53.83024629327183
136.41938839484376,197.08489599764562,38.76981596267971,53.830208004708766
135.97967763482694,197.0849298556979,38.76921901004188,53.830140288604156
135.12365360491967,197.0849545814212,38.76811954883745,53.83009083715761
134.72065518235334,197.08494889093558,38.766559287952006,53.83010221812885
134.30414304987983,197.0850278551459,38.765788720669406,53.829944289708195
133.7914102673273,197.08509084264904,38.76516473670982,53.82981831470195
133.5822457609837,197.08516266996494,38.764220194118245,53.82967466007009
133.25911290667545,197.08530173961847,38.76354704231834,53.829396520763076
132.44323837596716,197.08543304056064,38.763117081899615,53.82913391887868
132.1888817493175,197.08553310546836,38.76222391420516,53.8289337890633
131.7083775185532,197.08562806615524,38.76174377118816,53.82874386768951
131.41060802419693,197.0856591353177,38.76122749065934,53.82868172936457
130.9894854086784,197.0856851456215,38.761096370339885,53.828629708756964
131.04274798770825,197.08570859920673,38.76093574558533,53.82858280158653
130.68836889478547,197.08571881532274,38.760872217506545,53.82856236935452
129.9428233780917,197.08573622907736,38.76078998352952,53.82852754184529
129.54290918240264,197.08574179092588,38.76072660502169,53.82851641814826
129.30242394610315,197.08575105660628,38.76064566241565,53.828497886787446
129.02983896308857,197.08575971794937,38.76059441891875,53.82848056410125
128.53664354187873,197.0857680781518,38.76050836314506,53.8284638436964
127.8952144740745,197.08577156920984,38.760389156147916,53.828456861580314
127.21895304061754,197.08578449704714,38.76021012067232,53.8284310059057
126.54215362913831,197.08581001354665,38.75987119853646,53.828379972906724
125.54030374239122,197.08583218920796,38.759607263153086,53.828335621584046
124.51267269960992,197.08587264724486,38.75929803104297,53.82825470551031
123.41122423682302,197.08592703284756,38.75827340014398,53.82814593430487
122.43917043312663,197.0859927508698,38.758036725386496,53.828014498260394
120.98401769629174,197.0863555411827,38.757110204427356,53.8272889176346
119.76618370615287,197.08678735966942,38.75546343594105,53.82642528066115
118.33966450256844,197.08798677820383,38.75372546066366,53.824026443592366
116.39889665789589,197.08812197001427,38.75346097529562,53.823756059971466
115.52393007294538,197.08820777528985,38.753345030969335,53.82358444942028
113.57566268931667,197.08887833521268,38.752711638741886,53.822243329574626
112.11918792353771,197.0898729778904,38.75142772417859,53.8202540442192
110.99532603398941,197.0903250706079,38.751175677011744,53.81934985878423
110.05993070354387,197.0909004674121,38.75076601479799,53.81819906517578
109.00989414715526,197.09123586640806,38.75064658073072,53.81752826718386
108.3761129320323,197.09161332834597,38.75017681779274,53.81677334330804
107.94989010703183,197.09172134509586,38.74997814349101,53.81655730980825
107.76565795493315,197.091777316379,38.74988433888176,53.816445367242
107.42528073228685,197.09200033340056,38.749608927969376,53.81599933319885
107.13248619326617,197.09222839908858,38.749117872095766,53.81554320182284
106.777498491991,197.09229885622455,38.74898570971998,53.815402287550924
106.52679639566914,197.09233488378504,38.74891057468503,53.81533023242989
106.5380900520697,197.0923685305494,38.74882343600395,53.81526293890118
106.26557365004368,197.0924033861435,38.748759663842165,53.815193227713
106.31666698583933,197.09242162939682,38.748710908040955,53.81515674120632
105.90993408170894,197.0924501196499,38.74869043824464,53.81509976070023
105.40023864153973,197.0924984174623,38.7486659400125,53.81500316507539
104.7301767812491,197.0925620535462,38.74862213816333,53.814875892907565
104.25535093625368,197.09262167507484,38.74856602204381,53.81475664985031
104.18902744222359,197.09263144099117,38.74855625704078,53.81473711801763
104.40025985865238,197.09263756430403,38.74855388756211,53.81472487139194
104.87450999490144,197.09263967499663,38.74855240055973,53.814720650006734
105.32483345222525,197.09264240656177,38.74855014590816,53.81471518687649
105.83299608158251,197.0926437217514,38.74854904967684,53.81471255649724
106.22960508705728,197.09264464725786,38.74854834009603,53.81471070548431
106.67728184923382,197.09264521990545,38.7485478945851,53.81470956018909
107.14757635275609,197.09264577330595,38.74854742141888,53.814708453388135
107.66014465033996,197.09264628682848,38.748546939417956,53.814707426343055
108.19342817558876,197.09264671138644,38.7485465946241,53.81470657722713
108.72293397313067,197.09264709130912,38.748546339681596,53.814705817381736
109.23701167102145,197.09264762916507,38.748546032324704,53.814704741669836
109.79335497359719,197.09264823644864,38.748545584399764,53.8147035271027
110.24617560773083,197.09264893777714,38.748545037453596,53.81470212444573
110.84750482441419,197.0926495957926,38.74854466129973,53.8147008084148
111.51291358852085,197.09265016583268,38.748544355681624,53.814699668334626
112.08417568004175,197.0926507196099,38.74854393820377,53.81469856078018
112.71186496668469,197.09265116672896,38.748543492015976,53.81469766654208
113.28211152963365,197.09265166266817,38.74854292459737,53.814696674663665
113.82808133433778,197.09265228921282,38.74854216845296,53.81469542157437
114.37649439109322,197.09265287017186,38.748541654612495,53.81469425965626
114.88796799057266,197.0926534716158,38.748541171008526,53.81469305676843
115.45888789857295,197.09265425850595,38.74854062083131,53.81469148298814
116.06279073919673,197.09265503324914,38.7485402155008,53.81468993350169
116.67140571346211,197.09265570244276,38.748539871691115,53.81468859511451
117.28482163840283,197.09265631280383,38.74853957717619,53.81468737439236
117.87480031092284,197.09265699750787,38.74853926433987,53.814686004984274
118.47782876132167,197.09265777661062,38.74853895839082,53.814684446778735
119.08943371473481,197.09265850218992,38.74853867108662,53.81468299562017
119.72796053336553,197.09265924403593,38.74853838999585,53.81468151192812
120.38029295801842,197.09265984417505,38.74853815250648,53.81468031164993
120.99934522953556,197.0926605452949,38.74853783367721,53.81467890941022
121.61178636174492,197.09266129126547,38.74853745669441,53.814677417469056
122.23026985457287,197.09266203705533,38.74853708099334,53.81467592588934
122.85309630662647,197.09266283876877,38.748536733305514,53.81467432246245
123.44489613061108,197.09266365129702,38.74853643817288,53.81467269740594
124.11551025727611,197.0926644461518,38.74853595469452,53.8146711076964
124.8151247732038,197.09266513858978,38.748535138056724,53.81466972282046
125.43771502430292,197.0926657476341,38.7485346466541,53.814668504731785
126.21368281151379,197.09266635150937,38.74853402973663,53.81466729698125
126.9037854710158,197.09266710389144,38.74853314989582,53.81466579221712
127.57918870824503,197.09266783460328,38.74853255407659,53.81466433079347
128.1549002671244,197.09266881812408,38.74853205613752,53.81466236375186
128.62672206755622,197.0926699454742,38.74853142917369,53.81466010905158
129.22479063873723,197.09267087777272,38.748529926955975,53.81465824445456
