123.5,87.5,132,176
120.78742294739217,79.39449242470306,131.95267953017293,175.75275747542298
122.28036657692121,76.92796689035198,131.9227322792783,175.500550632443
121.77480594451198,82.85770645219011,131.91259638200265,175.19157905423793
121.97147091662185,79.57598859669599,131.85977460075821,174.9690655350321
121.37318779862146,80.24505414276305,131.83081331181089,174.88260814132326
121.53074444542143,80.1355841774885,131.7984772382217,174.78951900817074
123.14269284896831,79.51972766761554,131.77858853354493,174.72358669748758
124.98294608320474,85.95235475579267,131.71340608545782,174.3530234162139
126.3991202502237,79.1373006978615,131.6994750621346,174.27949631631694
130.22906847315855,84.18214220358662,131.5762283202444,173.51928584667579
131.71419656565732,78.47798021360823,131.5525780560385,173.3668731704436
133.34480505364456,79.04030094215189,131.53439687336848,173.25216458898953
134.59145104150875,77.74152223297263,131.51306115069184,173.07879743917178
135.40854365367778,77.99549848969528,131.49914307914005,172.97623345979554
136.5363698475071,78.57346322645654,131.4897386983021,172.90598876257917
137.2567820836492,83.95736979918203,131.46916511865703,172.27932799902516
138.91885461548264,77.78865460912928,131.449606227094,172.16340449729472
140.7020139670181,78.17412445675293,131.44133052710538,172.08379147984664
141.56388609462422,76.05873285297086,131.43511008514082,171.96440312140126
140.77017044157105,74.94952136208349,131.43587874113885,171.92644721409215
140.76234859317964,75.51971435288863,131.43532543822278,171.88471597949115
139.73049771873073,75.24154738675465,131.43614643264976,171.85420528867027
138.23891100915196,75.50461003353493,131.43634079258794,171.83916556496825
136.05863845113453,74.51722275879308,131.4374222169114,171.82026750512273
132.71498889957186,74.2018794310907,131.440857203368,171.7889080260556
130.48936766570156,73.98478179994886,131.4446127936672,171.75698799245228
129.1153799609165,73.38677577182537,131.44690691737918,171.7287701168679
126.91591602464646,73.99537260486278,131.45399862353742,171.6792563566845
126.1885047552651,72.44493249723635,131.4551251498032,171.6523525581892
125.67681763979238,73.45106842745018,131.455800620716,171.63851190351104
125.8743622977077,73.7842209961875,131.45740119670052,171.61168062153186
125.51603260775477,72.50824790939569,131.45988272969782,171.57686150580884
127.78679717402716,74.15934175329761,131.46330598973117,171.53070938433495
127.06916124582142,73.201243308375,131.46941522464454,171.47927457652546
129.38404387219055,74.37300788840669,131.47376423734815,171.43386663037504
130.25102524007258,74.71649529808928,131.47705862457758,171.39904071342607
130.17379631406988,75.1217270583086,131.47992331297348,171.37544642087366
131.0049602462219,74.53077935231748,131.48069426077265,171.36138727162236
130.6594165418647,76.16515124775572,131.48583550297178,171.32156084105168
131.70075863347853,74.90234981913638,131.49035911393352,171.2731521340356
132.27886548555844,73.99607601449587,131.49149690360917,171.25957447914882
131.99533887492663,74.72333934533437,131.49377841304647,171.24159056687674
132.13950197820384,74.71791186976839,131.4955002692934,171.22818713352763
132.5188876023893,74.55602660228854,131.496146554797,171.22140354079414
133.55556710929747,75.06072585363093,131.4969683824266,171.2145086716085
132.63908418096094,74.33976643207828,131.49921643705193,171.20142520682197
133.34042193927456,74.84469409047973,131.50076829640886,171.18809082650816
134.231741631493,73.99993380438008,131.50259637069695,171.1779336929427
135.67740158226573,74.22057448410646,131.50415786258412,171.16416879390863
136.30838416537392,73.9228058586098,131.50571424845364,171.1545503384963
137.27607762723926,73.99739277849076,131.50765971646183,171.1420428711528
138.3795830901261,74.12996844802034,131.50998364099945,171.12992746487296
138.9116332021814,73.32700150786177,131.51097431158794,171.12190417851835
140.14806226994705,73.42087042465121,131.51170774214245,171.1155529796469
140.48707429009826,73.2105949217141,131.51288506635723,171.10609280249767
140.74264332976475,73.39530386801427,131.51513907782171,171.09420764953663
140.91331683772643,73.0302430160489,131.5174776292773,171.0803023349203
142.1267511756247,72.88187314426655,131.52015054131041,171.06160756300878
141.64965342133033,72.05217227834899,131.52354241239453,171.04352061018966
140.79394154617626,72.4000514611195,131.52600050356114,171.02967258066624
140.8478628563937,72.82992548202743,131.5279725716896,171.0185206348892
139.200456703779,71.69616250298198,131.52934668073675,171.00973519542762
138.82130003650127,71.89836844749823,131.53060914344312,171.00013031728417
137.1089167104103,71.62347761872537,131.53251493480047,170.98939764396593
137.4784910366904,73.08163469735035,131.53353753592145,170.98141273514432
135.38254301315465,72.42517131321954,131.53644823524522,170.96163638985004
134.32180445468452,72.42526817447065,131.5388243046696,170.94742536759887
134.16035041386414,73.41824922368042,131.53966843362593,170.94115143675134
134.97155906913062,73.22753947093253,131.5414508711322,170.9285123570802
134.32634773114916,73.09148510031207,131.54453207160842,170.91394484047237
134.43284971482367,72.07001078820858,131.54782617778955,170.8959696499058
134.34509655319815,71.85737682725706,131.5493701761829,170.88328582820608
134.30190223823968,71.38312564254227,131.55162258826724,170.8654522453537
134.70578726718128,71.63522411309835,131.5527402504921,170.85403715195693
134.7308434868581,70.54260266658196,131.5550596217857,170.83700810666573
135.63159544633106,71.47906569789168,131.55645673242657,170.82635979024684
134.6004598143506,70.37301335080883,131.55709893945698,170.82099312325226
134.416593145435,70.6178209190347,131.55791106103865,170.8164174891828
134.97811772637533,69.29592131809878,131.55919504239228,170.81046955779965
134.3415332196393,70.37047668860221,131.56006023620793,170.80465577380878
134.40781252083406,71.45571847041093,131.56063680356294,170.80089951464996
134.7949035667782,71.78853962529442,131.56088754963778,170.7980398143457
136.15725895583037,73.199583937321,131.5611742919802,170.79504346400472
136.49909071174312,73.67229188784911,131.56139379149582,170.7916308726752
137.82531276174484,74.35601914752661,131.56177528544075,170.787220376834
138.35464723555495,75.44100647684648,131.5620262444367,170.78407292003752
137.90772128618272,76.20037235791192,131.5622941898006,170.7808079671794
139.72653579423474,77.10559478361257,131.5624937621823,170.7779631371404
139.6577989848076,75.69904166393354,131.56283245650553,170.77458587887884
140.84895214235343,76.3758677738538,131.5631345551102,170.7703435968969
141.78734294912374,77.37522856938185,131.56346234994814,170.76712745799688
141.7499993856071,77.13817683377219,131.56377770695713,170.76399468811397
142.0728394289219,77.46639274574709,131.5640759518934,170.75996609959967
142.76017234968168,78.1178731610262,131.56436659898316,170.75519920062104
143.70289630428417,78.94481734484133,131.56464847951207,170.7518493967191
143.7462766404111,78.11424731418887,131.5649922842465,170.74835379975985
144.37034279187029,78.93233711691248,131.56565608671298,170.74338344857748
144.01464756719207,77.1930177559423,131.56601444349815,170.73999154040615
143.8824219934645,77.62576186740323,131.5666962027544,170.73472702802124
143.66112326914492,77.37134193429047,131.56716845016828,170.73084624977272
143.38589997147164,75.89380380312228,131.56775874039246,170.7260712471555
144.14526787388408,76.47235304961919,131.56877651089263,170.7204765555075
145.39326217303966,77.24278319614933,131.5697585661154,170.71475582314667
146.1173209566904,76.21695846291416,131.5710254497264,170.708343451467
146.1821369866791,76.49883602611607,131.57168359999602,170.70359495643754
146.82956700291464,76.37226023159569,131.57206182397942,170.69837569896836
148.21381505186062,76.2551250085271,131.57273362617292,170.69131713080424
147.83084762907208,75.94849162825587,131.5733596147859,170.68440835089947
149.8520601672414,76.0603963890602,131.5740649362439,170.67642355253452
151.17078495068836,75.08888515247159,131.57447256806518,170.66745184503242
152.42355398920688,75.00695404343325,131.5749679115909,170.6578033030402
153.650251125189,73.66127944626747,131.57508559298054,170.6507124224511
156.78948815690515,74.64500979971955,131.5755150138927,170.63244173610818
158.57002530559885,74.68249309374734,131.57568186640768,170.61476074746312
161.12647655099863,73.59277986423088,131.57547173171767,170.59950413154488
164.0308866313169,72.49190812375726,131.57587283878138,170.5708966412702
166.29291618175068,72.13035478184754,131.57597459988278,170.55631096898
169.56318582908702,72.61605201846258,131.5762148958168,170.53785493321178
173.31089229265336,72.35530303375427,131.57618666182984,170.5159061233773
176.0406747082771,70.86639360944447,131.57533107054212,170.49335446952497
179.93307256407695,71.75200293215232,131.5752214475044,170.47267488851662
183.74826681798382,70.25872293198731,131.57455410439405,170.4527818515847
187.07136957146918,69.91061933484697,131.57259183777978,170.42727395320637
190.73484279807954,68.18518171623779,131.5675204799265,170.37860862302665
195.12694618385802,68.3825525583758,131.56517119890907,170.35442487279641
199.6104394289506,66.93997452393073,131.5564605037068,170.28508718062395
203.85806382345302,66.74425097904806,131.5483256673387,170.2376739433839
206.66159787496755,64.14894313497369,131.53829201865534,170.16906330935856
211.78853654883733,64.3289481665218,131.53022231862087,170.12197286296157
215.32182759799608,62.35696600428598,131.51822090877994,170.05650058007237
219.00011157679796,61.7972137432012,131.50863066190004,170.0072607766041
223.3663583008111,60.56801693808478,131.49823079602712,169.95930220063394
227.18681498374093,59.95051927031308,131.48990915456318,169.9126738150546
232.0820100447813,59.750177050059605,131.47781073475295,169.83702016704913
235.49518239986367,58.63435577802571,131.467642439078,169.79077798936095
238.48262596561136,59.68024947969563,131.4536146062886,169.7376422908093
243.27006054902262,59.82800205635505,131.44651639741286,169.70606534226533
247.79676549550135,60.05086481984003,131.42875580407704,169.62577541557613
251.85528963780274,59.45379408394459,131.41905786890052,169.57626537808204
256.14592617628,59.99215932480824,131.4160928974147,169.55871837471014
261.44692927618695,59.72223650940251,131.41345860769607,169.53905621829398
266.7001681537522,61.29226235737681,131.40688739248247,169.4714797172764
271.53098706728923,61.9686632226158,131.39338475065014,169.37352634781374
276.17904119118464,61.75925580088986,131.38959580064986,169.34921761224035
281.3797098713093,63.752162324467335,131.38488205185075,169.31739359401607
287.2612217807134,65.92849512275541,131.3815933404644,169.29460728134495
293.1560271584345,67.49497195758548,131.3765952406619,169.25900039436914
299.05171640459963,68.36523973801411,131.37168620786528,169.22279790045218
304.6156755099172,71.38837188051068,131.36104704996453,169.162291920055
308.5846557711386,70.40666435005919,131.35698068493141,169.13177068068026
313.9897719773255,71.14274744564919,131.35202037491356,169.09444147318098
320.9291381377268,69.43278623733089,131.35011147940395,169.07842529309212
328.72098263919963,70.27406341717743,131.34855767695876,169.0561747644995
335.6503851489501,69.80921443775365,131.34649170164732,169.0358593242229
342.6604186524522,69.29244566383385,131.341880894289,168.99237229301437
348.54797381485145,68.47270641835466,131.33944608371178,168.972470705657
354.6179209999433,68.06464525553571,131.33766855007593,168.95895443094548
361.4081456127124,67.22990987334339,131.3353405098404,168.94242639791344
366.54217523780676,66.83146652701525,131.3339476720052,168.93241986108515
372.0974628374769,65.86594155095662,131.33261968030655,168.92303738388875
378.5881929904083,65.9151952821955,131.3313811227958,168.91398723214718
384.7458891425397,65.27659279682314,131.32876633775908,168.89439957651098
391.0496670131724,65.5668752820929,131.3262807106295,168.8675678356086
397.23692812275374,65.60338527789713,131.3226786727412,168.8190888643935
401.5209558932805,66.27295136940359,131.31886072629223,168.77098971093687
405.18522108503254,66.39941826149985,131.3087936682886,168.660569678728
408.0784127167077,65.99655504868795,131.29262782360885,168.50032320396116
410.56059488865725,66.70865569241252,131.2850520195963,168.43211864445544
413.50756711339034,66.93155665820211,131.27454568048165,168.3022891900739
415.17307358695234,67.68628726989881,131.26704290334055,168.21538937376974
417.47806685206154,68.66502150631999,131.26389602995195,168.183823029147
418.68941573943414,69.78840960715353,131.25792317547965,168.1206691877094
420.2876052774076,71.22797032038066,131.2539941460721,168.08376544504725
421.9466236789992,72.25002005879372,131.24882760694217,168.03383067349762
422.847512244483,73.29977234151312,131.24158432473703,167.96844070728673
423.5147764945615,73.65768258267165,131.23591670352442,167.91076237441806
422.7021474576276,76.02042778335525,131.22918255651368,167.82679247323398
422.56243051553554,76.43561054432803,131.22527580778223,167.78800011813564
421.9743147745593,77.10595025977457,131.22018972190955,167.73796664423566
420.21770586817007,78.31914609152793,131.21608284863748,167.6802416295937
418.84033839636504,79.49699291546206,131.21321080906267,167.6492919678552
417.1352485545458,80.08855895889351,131.20838528563942,167.60107666337143
414.11454005947877,79.24146515610285,131.19712655174393,167.53143038852826
411.9841834549986,79.51282916124474,131.1922510003284,167.48626949545869
409.48863596783985,79.70954936493544,131.1854950797179,167.43490351210568
407.54971773418765,79.94032002957276,131.17881459260022,167.38224223778175
406.13039574414,79.83860290048524,131.16634215385707,167.28369287126006
405.2993619931899,79.74264848349185,131.1370327312424,167.088600280219
403.9282397062216,79.16560204841305,131.11440093951745,166.9408313873761
402.5242953440943,79.48769904725015,131.0971501412196,166.8149184918824
401.1759266314018,79.84680593807596,131.08570713905326,166.73202710221761
398.6184417485476,79.96505576919016,131.07250212296242,166.6576025721208
397.25884300521204,80.83147921066373,131.05334993350135,166.5333530869779
395.8502010892329,80.92297506785532,131.01144926190437,166.2720422775196
394.56997230058795,80.87953545614005,131.00071266728867,166.19759093513994
393.3884042579952,80.96516232078513,130.98327667186197,166.06664736890068
392.1891251039053,81.6154893824038,130.97304916003438,165.9930274568221
391.38558990805495,82.42651311694881,130.96557408721952,165.93332751905072
391.9106665173607,83.858177952016,130.96239159366746,165.9116044658902
391.4343403651333,84.53444148221767,130.95957577993144,165.89007427648144
390.0882805205633,86.73743305585572,130.95769856279105,165.87486347188724
388.10595375388465,88.82119098624267,130.95649363667565,165.86148331515386
385.30575668377094,91.29589295088684,130.95592180018795,165.85746007357915
381.16828950961195,95.9655427936955,130.95560952832773,165.8555322141337
378.0547245988292,100.19104451827337,130.95520505576482,165.8532268088012
374.0110110072278,107.37681521944694,130.95503534565705,165.85160613704488
370.3157910216937,112.14286110344715,130.95496857234048,165.85023984817045
367.52051450066983,114.04715039036387,130.95491969330675,165.8486397384636
365.9270810449425,114.09523082943078,130.95485094153804,165.84774536640563
363.99152311511676,115.8237322283525,130.95480581715023,165.8439631744124
365.03396382578234,117.07995678780006,130.9546745712952,165.841394836691
362.4994113087324,122.52312607946759,130.95438597059885,165.83815294830222
360.9562059936349,125.88596346429536,130.95402296683702,165.83461229195845
358.6541257990381,127.43138076192066,130.95354334901154,165.82672948084175
358.3694179809863,130.98113857895868,130.95292555406195,165.82307861956238
356.6571450726866,132.37530790760798,130.95264260288488,165.81994103495666
355.8430012466058,135.93109961413086,130.95219912349282,165.8169892327812
354.9455746490084,135.34872111215805,130.95191229068783,165.8069762391301
355.557611490638,137.6051838718937,130.95116719782163,165.80122092000673
354.0422341006782,138.91922822914188,130.95097906087116,165.79793145706674
352.33884444115535,139.45296454184887,130.95053324792835,165.78638336645045
353.1496969197723,143.01183240679933,130.9492044007714,165.77540337003953
352.62884028597705,143.0873875541939,130.94808124067325,165.76509368543503
353.430334626067,145.57744349202244,130.9473251359099,165.75836094490978
353.77501605391757,149.07213889596568,130.94468378394336,165.7430979064935
354.69980441165,150.75341925251723,130.94373845046704,165.73685042199756
355.29734145601077,153.2375745933922,130.94153223684464,165.72261173884382
355.07917219945926,154.77016624804423,130.93987495851243,165.71074955266292
355.0633800990429,157.00039913325543,130.93767528393937,165.69080406880062
355.7129857210993,158.79917918958694,130.93525463964957,165.67181360678762
355.93863651420156,160.15586644298816,130.93234767982398,165.65045236368758
356.58000752943633,162.7300026604644,130.9290319856429,165.62653762908297
355.448189395891,164.91247826191236,130.91321330621565,165.5168659672027
356.47429422877735,164.69762059612952,130.88913512542837,165.38090526527148
356.5237568564076,165.51305295048815,130.84706727353554,165.13904919779728
355.97503217419,166.16178955524492,130.82839641874006,165.00553561066678
355.8374878124772,164.99232892416586,130.8153643955531,164.92420168865132
355.590904235299,165.9087122181453,130.7990674052029,164.82350220884678
354.56827017276817,166.76973293381747,130.79037473009356,164.76557453749695
354.1612374298741,167.22337502869505,130.7751975095829,164.6757497522103
353.5813919294605,167.77471811131426,130.76173952073273,164.5820929753996
352.24762162567333,166.7078717691984,130.75560173017476,164.52548734076848
351.21685627190243,166.1783901684271,130.74799939442727,164.4331750267547
349.54475516969853,165.3011154329693,130.7450870358468,164.39366843974025
348.9109392841477,165.56526050490956,130.74204684325682,164.36770210214564
347.8919187955957,165.28797242019112,130.73258697159068,164.2889504298238
346.91537955775794,162.42721333804474,130.73024936393026,164.2556377568668
346.2650810686668,159.30732277788996,130.72737644579607,164.22721323447618
345.55708067681104,159.5447296091051,130.725625201996,164.2088807903839
344.4982159442891,157.90137416895783,130.722767794939,164.1780746285184
343.4723299923025,156.54894112576216,130.7201285260454,164.14217228229256
342.7402468736976,155.01194008702993,130.71563726966397,164.09767150445612
342.2493773561216,155.07685057965995,130.70897673959598,164.04926378823907
339.72029678772213,151.89161904231577,130.7081497820651,164.03522778989884
338.4521656894476,151.91146068885922,130.70642236222014,163.99538097452486
336.6300856512005,151.02376314852785,130.70565589071015,163.9619738081402
334.86218680499934,150.18624415323575,130.7045413802774,163.9272011841385
332.24207831016895,149.37784205037377,130.70452208758962,163.90943598335306
329.99639530434587,148.79276309669052,130.70473009066026,163.90109049659273
327.3539000201197,148.2542421811471,130.70488818154305,163.89317913878332
323.38818013219554,148.88703154718996,130.70544836449588,163.88449487595878
319.7655104571409,149.11246980815508,130.70549648154238,163.8817156724394
317.01974248930196,149.35864277892625,130.70543142692492,163.87996566767234
314.4275303988434,150.28153712441596,130.70539878258572,163.8787551236274
309.72828498749556,151.5961507697664,130.7053872554278,163.87812795347094
306.7664768774636,151.2266870683252,130.70545191604347,163.8770315645634
303.9290837554554,152.6507044895372,130.70544157879164,163.8761480015888
301.53578457992546,153.98698168857914,130.70544410847089,163.87495147360684
297.6813169919632,156.25736521031047,130.70543782473965,163.87426783849992
293.53528451143103,156.47783805159258,130.70548771012034,163.87359481499905
290.14241310301185,156.32894353317687,130.70558837989446,163.8724951685114
287.1115222292343,155.509075631592,130.70567836643266,163.87079582534932
282.9328265205319,155.20135354732017,130.7058138481686,163.8694522622455
279.26047687390275,154.98747883434675,130.7058490445946,163.8688217650871
273.53554182893777,153.3117517275948,130.7059043380768,163.8679798646231
268.7196626007154,151.13036484105226,130.70596704714603,163.86710474625917
263.14990999559916,149.82295671965767,130.70601836943914,163.86633685399286
256.93459978629807,148.46072067260144,130.70620456105158,163.8648010097203
251.93118145440081,146.54894275031768,130.70651332415022,163.86270044025582
246.89784706300864,145.09076758411186,130.70673103424173,163.86091059970911
242.7004831821806,143.06517273004556,130.7069494804071,163.8593664096788
238.68360210146236,141.0798736120674,130.70718617492463,163.85811782671124
234.53794353870768,139.23718896948162,130.70752105403503,163.8564739626213
231.1023840774339,136.65498471834005,130.7079729958392,163.85468802597012
228.18767674204804,132.65029176659826,130.70848065367147,163.85292356934627
223.6675125120185,130.47721520620345,130.70865942500984,163.85198406165688
220.1206550727225,129.17176285067677,130.70873111512523,163.85135536931367
217.32153431982783,126.00672850946202,130.7090574483377,163.8498848976904
213.07623812244788,124.22654626905674,130.70940593135447,163.8480261824713
209.90166701956605,121.34791716594323,130.7096835817592,163.8462755042684
207.6047068695728,118.82077779273794,130.71002601995988,163.8446365108108
205.620570031022,118.28294928913387,130.7102256137332,163.84335393519424
204.26143514554826,116.76897063211412,130.71060059212394,163.84145266006138
202.55612801848625,115.30557118809675,130.71084378110817,163.8403018811192
200.48266929698696,113.74692680067774,130.71111186345004,163.83909495321367
198.4587226414657,111.90404227463189,130.71140395150059,163.8373079769393
196.01766620525498,111.49217838696184,130.71156787601552,163.8361724376508
193.99369322031754,110.95418485018743,130.71199893042407,163.83397669469417
192.59372876859987,110.77485337756096,130.71239255935382,163.8322595566246
190.81402802902647,109.36197832581799,130.71268721171842,163.83063520179755
189.42391307096085,109.25223751221206,130.71294075989917,163.82946344408546
187.67160622381164,108.03681088566549,130.71324837624044,163.82806214433742
184.7632160464546,108.5109810345702,130.71335497530876,163.82738127941604
183.03353410062067,107.91816169195525,130.71350274911774,163.82637326474054
181.35895631751194,108.11266760848336,130.713583236371,163.82579709347706
179.4625567450409,106.33114793691674,130.71371499239706,163.8249152234603
177.67121716132232,105.15037190955404,130.7138395810531,163.8238738657864
176.0202612276542,104.07416750231482,130.7142218024695,163.82170113348138
174.60765592092616,102.686447247879,130.7145987844101,163.8198117206306
173.51155707402452,101.2223959447075,130.7147157420531,163.8188922532279
172.6073312967708,100.57400522579904,130.71494035354448,163.81745961309528
170.8056061458618,100.03853885397261,130.71520476325742,163.81608882319406
169.48479249882143,99.34938446003065,130.71568062911547,163.81361047690746
168.78073552876617,98.39259548508225,130.71598817274165,163.81165965254277
166.51504243851704,96.97633155581728,130.71649199468885,163.80877786980685
164.7248848838973,97.23651213820729,130.71687346058727,163.80659028042814
162.87723394350073,94.74663142495007,130.71725289417583,163.8041887545195
160.602862937482,93.69850968186806,130.71785771825552,163.80094803543753
158.98421480023802,92.36074273806241,130.71886210736747,163.7967696275166
156.51975843213228,91.17697097249717,130.71976724088734,163.79303844894554
157.1783266906857,90.76364032560204,130.72135809785735,163.78780552381414
156.89626799925708,89.77234388971168,130.7222449661882,163.78477467828682
156.54509113130473,88.00501715450777,130.72311795582368,163.78142971081317
157.18503834159685,87.66909919770488,130.72387581986163,163.77865328110764
154.45997217195122,85.93023613835726,130.72443082760995,163.7761762481
156.22869963413777,86.00517916824994,130.72534222098585,163.77321888613912
152.7859539060012,84.66879735553796,130.72591546436837,163.77038508228756
152.7762663326436,83.84541064045823,130.72624472729393,163.76812866148725
150.7197386356976,82.02654577861134,130.72633406054746,163.7663072224613
148.21174168776457,82.02657109636301,130.72625568315914,163.76407956246496
147.25461364244387,82.5816568685168,130.7261314618346,163.76242900280704
146.5281532658692,82.08894466641577,130.72594104326154,163.76133460675047
147.12530022550197,83.34111789927782,130.7258452555573,163.75942668625342
144.6595665767196,82.53469740546728,130.72568241853944,163.75791771259367
143.41385039495376,85.23191466991995,130.72549471828944,163.75676893503112
143.1604441488343,86.92082095785312,130.72534294422815,163.75618652655368
142.16192743555365,88.57986295293267,130.72516491449065,163.7554474403405
142.88790863454133,89.81539841542772,130.7250343341422,163.75470603843695
142.19452562781834,90.22231710646581,130.72497609736698,163.75445358010498
142.3261560778778,90.64592838840714,130.72485861746742,163.753645641867
143.35532041876303,90.65015717256044,130.72478989968627,163.75299938239883
144.0425632559538,91.13229711852279,130.72471592746075,163.75229884714452
145.08400092076008,90.58319063239523,130.72469439194612,163.75139239457968
146.19234591225998,91.97031445914703,130.72498081313637,163.7474081745325
147.46640634232864,92.98095891742027,130.7249287148246,163.74455306726642
151.43954388801063,94.39786380598915,130.72521972834954,163.74028211230274
154.62204721720872,94.15409086261664,130.72544506076756,163.7310121387763
155.99059866171007,94.67582852134555,130.725549346066,163.72576902861675
158.46999016693334,94.82016460096382,130.72557428087094,163.72097200694773
161.93943474087723,95.5893198921549,130.72550263405128,163.71655381767775
164.68221506215224,95.50917841041714,130.72618380897563,163.71043049241027
166.0459833423742,95.58697109570464,130.7261693833126,163.7053983930097
168.29526824363404,95.20166081182067,130.72608276179267,163.6986428454555
168.93927911145227,95.22517305700549,130.7259339366558,163.69761255489828
170.33060663737206,95.04953950722441,130.72586426727776,163.6967327011161
171.60743385884612,96.60435736426065,130.72571309924723,163.69567447689653
172.29265428207424,96.9575154065236,130.72556455873737,163.69481274188846
172.4377005411394,97.6006110720939,130.7254326037898,163.69397244872698
172.46437680770563,97.9634697151176,130.72528723715033,163.69306373640242
172.17438768807546,98.57919317621601,130.72512750834733,163.69227319962735
172.71452182963728,100.34554931197522,130.72482684321227,163.69091797805095
175.11625204485136,100.69951106880501,130.72454376950404,163.68706693982472
174.5330626335296,101.05345619948417,130.72442595766424,163.68652401189763
175.6690963145174,99.74570625798502,130.72434031184468,163.68566656838837
172.7643292969172,96.8202742257185,130.72432120068274,163.68532957548732
172.37553313898783,95.90609444705731,130.72431155922033,163.6848692618609
172.03499445433707,95.86802395525491,130.7242880235803,163.6844911287064
172.35582437489626,96.60505609214064,130.7242700973064,163.68418054565456
171.4980251043201,94.14730020497765,130.7241767143636,163.68333909427253
170.79289961204535,94.07023211277611,130.72432592755843,163.68101214736706
170.21407422815682,94.24874765519311,130.72439083603678,163.67705141103426
171.83343435739604,92.55159142243244,130.72542811540012,163.67089505026166
170.86727544604832,91.17477963418216,130.72573445299574,163.6658814368971
171.09572523888946,90.32320899943532,130.7262146256715,163.66004751050608
171.86161914706003,88.72521708258417,130.72627822019618,163.65759460714784
171.98499104784986,87.9321584291066,130.7264472258427,163.65123351959463
173.0223046780147,87.63721795041306,130.7261982175424,163.64583436614566
174.6021083946834,87.94978134360736,130.72588705839016,163.6411148630632
175.8756051081669,88.8730073865949,130.72567207189863,163.63846212973397
176.86066097508643,89.94605695759326,130.72518950657,163.63308287833175
177.7545241159803,91.5270691248977,130.72397393073015,163.6238583884647
179.96189608724035,93.18385393141196,130.72214760219322,163.60891066836524
182.0201667512881,94.43362099316163,130.72058649489242,163.58378612509662
184.07422914412405,94.5256480561938,130.7229596607281,163.5511238628552
184.43125212249538,94.86099076375905,130.7234931073858,163.52875715566768
184.33789490713298,96.45265845826685,130.72322520445053,163.51785585822006
185.05662581006715,96.04203725141929,130.72419478076145,163.48511880356955
185.4898015358494,97.20021309998697,130.72431974578473,163.4762016653026
186.6146929855745,97.73035028515062,130.7268518907376,163.44188857484437
187.0673289276777,96.99369395355205,130.7281169432912,163.4085249217802
187.7325432570459,97.94064251531711,130.72970975939302,163.39135788266935
188.436119533944,98.76108048429066,130.73079776231376,163.3757073694888
189.34303163985498,98.34660221064914,130.73291178482103,163.34975425833983
191.27806358209222,99.30672861339269,130.73485217090013,163.3277703909173
190.05665491353813,98.97399173955853,130.73523257449085,163.3159795077911
190.52077345906517,99.46574404947098,130.73562452415484,163.29881334364322
190.3379256489061,99.35779534879168,130.73588299447144,163.28719270804027
190.1221219977649,99.69027827653166,130.73632850566767,163.2711938802245
190.971023346233,100.20987766296484,130.73641537515294,163.25825023812595
190.14266046852862,100.09523921524945,130.73641643917077,163.24605940434589
188.37806772330612,99.80505009600886,130.73607998747707,163.24160789515022
189.1554773064729,100.996949651646,130.73599302462708,163.23614402137898
188.16721980331846,99.56512005221558,130.73569507221862,163.232118855921
188.99479124055944,99.91784485698496,130.73528645162003,163.2254137818284
190.00151242754993,99.50194869885631,130.73497068934867,163.21949953222875
190.29036984739707,100.61850703030001,130.7344537590095,163.21524849281548
189.52255453186058,100.63052104255122,130.73373259011757,163.2092621609872
190.45212386737907,100.93804686677731,130.732498472494,163.19789946784203
191.38158824478592,99.60728196236344,130.73025893238676,163.17434350320175
191.40073497226007,98.98644144936425,130.72976667982505,163.16083248780305
191.38987297050016,98.70770812459865,130.72907191613106,163.15338765261592
191.6431030999736,100.17140056189446,130.72821669916496,163.14781555077516
193.05184142011785,99.16689427671123,130.7256766967548,163.09046216388148
193.63719315891404,99.05265345717713,130.72453567815447,163.0433146401613
193.02034010418026,98.26151893458943,130.72782763547661,162.9437218078953
194.28726519219643,99.3906551355658,130.72338567592072,162.8961983168465
193.84141607035883,97.58140646391927,130.7268992529623,162.78680612232827
193.97923387413962,97.19321317023035,130.72670412968608,162.76963643672255
194.44617812178637,97.44008478971384,130.72618181385886,162.7614226503179
194.79535178985225,97.33836837569511,130.7255963113948,162.74430394286819
193.86458951368388,97.77898160857337,130.72559640103168,162.72998245109542
193.701522935188,97.67253278199155,130.72446685841945,162.7130753798042
193.32956022282895,97.97827049083625,130.7233848873932,162.688143164515
193.68021905132102,97.95085013134242,130.72178624219265,162.67429900008696
193.63687545557644,98.44540471633312,130.7210840166891,162.64149718169477
194.40313728109933,98.64846819796877,130.72021651169285,162.62558716502534
194.09239932275995,99.24573111631874,130.72083530881136,162.60124629822744
193.56109066114004,99.33303200624114,130.72135341368264,162.57746432662734
193.47745357617157,99.77664417319811,130.7217432656255,162.54237839279122
193.75960299204553,99.40284487700005,130.72082843036426,162.51523438188534
192.54937957354468,99.72531563999583,130.72108731723168,162.49728657165687
194.3144084387065,100.21548444587,130.72070244800724,162.49076362617973
193.93174063964267,100.33790728791418,130.72032226826093,162.4735396315302
193.86203640234504,99.83457501260014,130.72057422248955,162.44612200785713
194.3993144255381,99.49110370902126,130.71994438650682,162.4249380700625
194.66824942466755,100.00465756222752,130.72042723534724,162.39713734044517
193.96638434502643,100.16401046779829,130.720905627471,162.36364556600674
193.7088967048617,100.50230210709245,130.72026294114852,162.3488537312432
193.58909139400853,101.34888283406329,130.72064693848523,162.31381481682178
194.52597431548108,102.0559182389245,130.71974915660581,162.29484245489903
193.88468202325072,101.89916664054763,130.71980736720332,162.2632655740046
194.424505010814,101.70194212313808,130.71910786329107,162.24719456187432
194.16928656727978,101.85824423440629,130.71916495909971,162.22978338566932
193.85646487781887,102.29102271879265,130.71917831692627,162.21707715208413
194.2700620707641,103.07757733028807,130.7197184014032,162.19470972081845
193.8099135624123,104.18980624480967,130.7200531907623,162.16484055296908
195.021106719678,105.26224525267946,130.71891340485644,162.15218375915333
195.40005102541932,106.11397854949142,130.7188849770896,162.08172969871728
195.48661392446792,105.31031334003731,130.71832113742462,162.06170048894813
195.12992397176998,106.07796099932249,130.71844891564987,162.04195947926908
196.55771457861715,107.02913305247307,130.71537791580747,162.00016136581917
196.06526343118344,107.10437378929095,130.7136405321967,161.95307876658546
196.90264055235497,107.41371719593484,130.7104629090019,161.92782241279704
196.95078480344438,107.21750377285176,130.70795278608455,161.90068229982052
196.6287901165211,107.84106809774475,130.70569131592939,161.8607424947153
196.37352688505013,106.38902135144026,130.7024825441339,161.81465140366035
196.3362120213302,106.51153187485257,130.7020559422042,161.7791554800743
197.07657384650253,106.13132674255901,130.70116684843916,161.74672407176408
196.52752607336737,105.30386807215005,130.70076548079956,161.71141604980428
196.54748978639233,105.42973563621891,130.7005304193827,161.70508418165917
196.8619898610892,105.5184124254504,130.70030121744531,161.69989371714786
196.51602801814698,105.99968716060499,130.700111861452,161.6950622615558
197.63314409198244,107.25286068481425,130.6993570678308,161.68724059422553
198.60444663975682,106.53564846809395,130.69877060040247,161.66220214657787
198.81815231482454,106.28645904989212,130.69792096348564,161.64306383353315
198.73717118337657,106.11412216628395,130.69805184744482,161.62311169976567
198.28234111032992,106.28008298485585,130.69803788550973,161.61640090213183
199.13493318563368,106.50105651595113,130.69809875290758,161.59649069635415
199.35082962610556,106.23761623055533,130.69770903205904,161.57948269826758
199.60924247665614,106.23671285163884,130.6981021591592,161.55580855986605
200.373975440331,106.34545582512455,130.69782271900732,161.5488294097315
200.8267064041902,106.1212197973933,130.69781560572304,161.53695643536307
200.32448242060383,107.42217550100403,130.69767926045677,161.53338649313793
202.60902798266198,108.72497412806312,130.69745534291394,161.52600195798337
204.3974958543506,109.72916607929486,130.69695611915952,161.51978170412525
204.76759752481635,109.6242716967696,130.69623750561067,161.509417584454
205.2785408456731,108.5734096079871,130.69587588926495,161.50194843697628
205.70577112032868,108.93793238712587,130.69563799525005,161.49453559773866
205.42595602582088,109.15374867605456,130.69530299099407,161.48795035789016
206.31444170297553,109.75751929922234,130.69497479369005,161.47710038619755
206.8209890610686,109.92677012373612,130.69395681300048,161.4617325932281
207.7562002485995,109.53302915283122,130.69263727359382,161.4409357359809
208.7367316515884,109.0954861531056,130.6909430541563,161.4248731086278
209.07820151610434,109.06036164275838,130.69049874033513,161.41819063037747
211.85661891769183,111.22769037028529,130.69022397668036,161.41155803952043
213.7201155800857,109.83069836848979,130.6895101490393,161.40564771022568
215.3611532749958,110.31612841464276,130.6891637421445,161.39971600651532
218.40577176368777,112.38307299454796,130.68890314796974,161.39324059639975
220.85074131163083,111.16205639682565,130.68827584254996,161.38285999446583
223.48961617346168,113.6538177976179,130.6879981380838,161.37817515980026
226.32053469162042,113.58110248243045,130.687359240957,161.37166946772453
228.6980883120337,113.57451190417764,130.68569094971542,161.35852982031966
230.40707299367756,112.95586813070196,130.6834565927601,161.34455732508047
232.64706247309172,113.75305673435551,130.68294741008532,161.34033118932183
235.9370954385368,114.26848763384557,130.68264536850788,161.33591859383293
236.8471222123346,113.74428888837471,130.68091078396316,161.32346796789994
239.31498954807654,113.41153948455684,130.6802227853003,161.31506086647425
241.16962195475367,113.66336027780358,130.67957828177575,161.30742219250214
242.57291130681537,115.02382865842235,130.67889109147683,161.2985399223077
244.06082012869382,114.61925239108987,130.67510718680987,161.2732510335565
245.63030973549485,113.66086753126389,130.67405598224101,161.26253039962418
246.92922896908013,115.37021777874429,130.67325936039214,161.2522073136447
248.72933081933644,115.75773642562741,130.67030254517923,161.23340114904792
250.2364986090978,115.41365539121429,130.66755792329806,161.21016509317934
252.32100532696555,114.88839626423187,130.6645849080948,161.18387370244508
253.80226164021406,115.42699996506963,130.6623898932921,161.14418575572563
256.20290509289333,115.03188768126834,130.65880339305443,161.1187245146696
256.8970466356567,114.12545274093341,130.65702603052733,161.09625115364787
259.76362786898363,113.76424629084278,130.65643087420665,161.0796166457252
260.3972214673188,114.21022841495895,130.6549593958057,161.05237327847811
262.42457708453594,112.31443497614767,130.65256768804377,161.02027236427634
263.44961949610286,111.77817811274255,130.65089089637348,160.9849451954338
266.22975901036097,111.2587029198433,130.65028946871794,160.96409638689636
268.42191434577137,110.70381437124388,130.64814804457072,160.9139580368601
270.4408607942565,109.11816059890792,130.64832868733438,160.87490290872623
271.84406931297093,107.6659971806735,130.64785990735174,160.82837282113806
273.61456670700005,107.31668020262367,130.6479255669864,160.79810622544176
276.8049376389198,107.29421480141696,130.64873782988641,160.78155580534485
277.0716388726177,106.87250977024033,130.64885415368929,160.7509643647074
279.77262495286664,105.90780224770721,130.65145829476614,160.71727063177374
280.8433897267947,104.8701418371615,130.65093688556652,160.68832266357379
283.1998327794143,104.82165260680117,130.65145352843533,160.67295719458644
286.0093619731607,104.4279613674993,130.65293480616472,160.65310276332386
288.8363695358262,104.10726821983397,130.65413828206061,160.61909780184527
289.9845833531327,103.17670854602987,130.65430693612856,160.54111986418278
292.7336983758364,100.95730339340537,130.65322921921228,160.51202703222475
295.31842861900554,100.96106084570063,130.65400484356135,160.45775783449048
298.19775679920286,100.04881063271125,130.6518673239565,160.40878914616565
300.58024692450135,99.05182141040133,130.64936971648697,160.36073368003414
303.2994541773216,96.43292502342246,130.6499582015691,160.33057258131123
304.68333197569956,96.74874536721127,130.65812371115166,160.26477660837517
307.75793303719166,96.0736891423079,130.6641907341331,160.22041192919937
310.70854744597,95.11423898527352,130.66788583243945,160.19245574454987
312.1341044187388,94.82054967313275,130.67013969238278,160.1813785821264
315.30865749465283,91.51017520259265,130.67264515478195,160.17107836701763
313.88688913397544,90.65080682532376,130.67285173125458,160.1699768599511
317.13017100380205,90.63966885790836,130.67371093471655,160.1652451684123
318.7556422693078,89.21380788101186,130.67607884567593,160.1581261798225
318.7367366583644,89.52651137292314,130.67665366761418,160.156507373967
319.4982380198043,87.35923592446434,130.6776291780717,160.15429774994954
318.72357124110164,88.11914467374385,130.67778556567723,160.15378047378738
318.01341113224106,87.89091550187845,130.67787825578003,160.15349921304505
316.54861853881425,87.82796726465679,130.67793759043022,160.15325723877316
314.7929461017828,88.23007875582192,130.6779931063542,160.15306831072223
313.4500805147755,88.92249204761328,130.6781113634223,160.15271838882165
310.4789214038335,89.16042809560415,130.67818314823347,160.15250816665736
306.7247703947404,89.26038182791625,130.678245420326,160.15230783759128
301.69716920835623,91.1435321397572,130.6782949000279,160.1520735266993
296.6364548447069,93.46693220360596,130.67841530060542,160.15174299204986
292.16288067313883,95.35086966660775,130.67858030633914,160.15126451608901
287.926853641849,97.66634102746394,130.67874487306926,160.15080065332438
286.5610703366898,102.43182414693375,130.6789000263259,160.15046261873047
283.51927609179637,103.76702469686394,130.6789218504633,160.1503963348491
280.1275564606392,107.11789716795998,130.67894007319634,160.15034206648514
277.79446181130845,109.92244529146778,130.67903316137816,160.15012872352227
275.18640547961814,111.50012540237276,130.67919962724895,160.14976418156766
272.2978422343731,113.59679423039087,130.6794868614525,160.14919271510664
270.9937872789333,116.94118504672883,130.67997033419113,160.14849949948393
270.43937506534803,121.0824100455901,130.680351978006,160.14792797313592
268.45297820974497,123.85816839075261,130.6806179468262,160.1474686215255
264.8368138623516,127.568795858616,130.68076080100627,160.14712976627357
262.90061295273256,129.38207647832473,130.68091349381007,160.1467773090521
261.03593598673456,131.31964438733502,130.68094785335728,160.14665365037908
259.18135892826785,131.7558677672442,130.6810238967891,160.14636458346996
257.77956752649754,134.35694787775418,130.68103714504716,160.1462798438648
257.86726839439086,136.14274002838266,130.68110410740456,160.14569826439435
255.70121850049742,136.09789277906128,130.68109110603737,160.14393981428807
252.77166361295127,137.782108266132,130.68105237877975,160.1409704280525
250.17503372117258,140.55693682569074,130.68043971055494,160.13083452628118
247.54456494127072,141.91100698171368,130.67971192612035,160.12573886717414
246.3823714729271,141.50970011470517,130.679001301925,160.1227129169909
245.09820103447072,140.4442708698367,130.67873723270137,160.1216570295153
245.80718965410367,136.54934625967954,130.67866687381417,160.1213603758062
248.31691169632023,129.07512233546805,130.67863959846304,160.12119124272283
249.3923342741756,121.12066838509782,130.6786294799838,160.12110732980364
248.37710426097016,115.03842782768724,130.67861388993956,160.12101096049392
245.64429845227323,110.74420398006487,130.6785973602082,160.1208842462538
243.4995381948456,106.16892447362501,130.67857424637083,160.1206673497097
238.39197250463212,102.76205365242677,130.67852141506685,160.12032589274094
234.04048913246913,100.38527228864025,130.6784098894343,160.11976970094142
232.10442385032428,98.02609708283899,130.67827821426783,160.11902822030152
228.07093220974315,95.20963881792542,130.6780131510087,160.11773034888353
225.33817112530497,91.80425803982689,130.67683190496808,160.11230881487063
221.99206062422223,86.38439508256043,130.6754489146714,160.10034348337084
221.81016799733015,55.5551457382051,130.67889357321016,159.81938141768697
217.83870515199627,47.944683606465546,130.69293618816386,159.74845940583648
214.21401100047024,42.130340792181485,130.7018116433155,159.6886045757254
212.91887945706367,40.09649709445638,130.70876388761462,159.66044150349373
211.82950519987475,40.36572662096974,130.7135719818417,159.64164846656885
210.87994440580815,39.54609901939139,130.71751358302114,159.62522945059408
209.63729765314645,40.55637707440174,130.72661246821212,159.58359344269283
207.1826611058335,40.29088994138786,130.73562034601065,159.5450251815218
205.95417186075605,41.13988237161729,130.7404618427573,159.5168394104947
203.66862656830278,43.931867024761246,130.74237241591462,159.50180263747095
201.5496370213299,44.97217320541388,130.74342686157544,159.4908065939147
200.5723177020173,45.655433580486005,130.7444963263878,159.47670629302735
197.75076403562656,44.05684720106967,130.74649562312797,159.46115198200528
193.6862030633186,45.778172586062155,130.75008160277807,159.44119589509526
190.7704418118683,46.43778938964239,130.75124226256955,159.4307943373046
187.91393004070883,49.104142961069414,130.75166128218342,159.42505777169055
184.82037568819783,51.642782003075624,130.75240676699062,159.41949170473745
181.25613292837733,54.615760470483295,130.7525334456892,159.41633004656396
179.14307320751635,56.79969693079177,130.75275891310696,159.41087434701635
176.9970484932328,60.47090780030767,130.7531046406548,159.4036662691784
175.70760674517305,61.50104023000509,130.7529802727759,159.3983015791561
173.37349061130715,61.24683797214766,130.753241883159,159.38668185485403
173.03707570977502,64.73549274047568,130.75342850156142,159.37452839653662
171.87616637260282,64.31600615984732,130.75356114647158,159.36418204018088
171.2973873526451,65.9169103305933,130.75348421286108,159.3502163061871
171.3059106677042,67.66143254670547,130.7528170993146,159.33810726062046
171.4125863406538,70.01811355041102,130.75204652366955,159.33137309897353
171.3480987021779,72.63085740572562,130.75182220636208,159.3258541841207
170.95158170784666,76.79331748040956,130.75158989863786,159.32052651064393
167.94051426215256,78.61041887335354,130.7526972250236,159.31290300942393
166.2485143011786,81.738289567794,130.75262079008374,159.30510979025127
165.34526862044737,84.24614021609909,130.75216241685834,159.29596881926363
163.9718186930942,87.23968041490485,130.75195691153357,159.28789661943654
162.67592808981885,90.63871147491415,130.75150708285173,159.2801138878457
160.99350777889984,93.37281774267059,130.75090590552594,159.2660110210645
160.02438833234922,96.162475264748,130.75031966816454,159.25664560383228
159.9425332381282,99.50665681195385,130.74923107533084,159.249487305258
159.6926970777959,102.3519460232568,130.74473756776737,159.21576494268015
161.5737181803381,104.38734535364854,130.73976614248346,159.1852342262326
163.10419595803654,104.73485411276826,130.73593591705787,159.1608489511496
166.06933805409543,105.22979294644318,130.73414093316154,159.14463079918062
169.5840028622496,105.54566494271263,130.73250554216446,159.12631188264956
172.82383490603024,107.24050842847589,130.73084924802973,159.11247821121765
175.43245274415023,108.84152033323235,130.72740017381003,159.08511889908021
177.78563908713892,110.0134294177586,130.72391406925348,159.06399503163294
180.17519219372545,113.6300487763469,130.72199043512097,159.0433598834871
182.7220020078974,115.90480947921704,130.7211761923667,159.03522460521876
184.7447237886782,117.78154630360477,130.72013189227974,159.01980809297893
185.50727934301946,116.92128962487818,130.7137448674976,158.9840696384509
184.89813412070794,115.75268724464465,130.7116876692221,158.97263276493055
183.23224118290085,113.15151946082356,130.70990187239673,158.94733104161813
181.05828881492124,112.41249241845897,130.7086473676333,158.92502392219998
182.1932761012782,108.66953557811499,130.70687867603812,158.91341429508765
181.10983558771687,104.52689945822563,130.70329947900913,158.89187615583805
181.9877474576714,101.17497589547109,130.69493646202343,158.8566585878962
180.08399780296787,96.9972238156415,130.68893942018838,158.81839729803144
179.10362142950993,94.8644082425686,130.67779981023173,158.7791635607544
176.47116430983198,92.5582577708553,130.65374024129903,158.67842033761605
172.5464969491028,92.65246980809808,130.61821063246563,158.38509713981946
169.39629753317416,104.2074109600139,130.59772523657026,158.08424536882472
167.77252610868905,94.81267888871992,130.40783865743987,156.96379930938633
167.23280264146354,103.47753615116115,130.3315695302988,156.5697213048896
166.1473210301881,94.47153951298232,130.130819114544,155.7440356719455
163.46880649203467,96.23182945819605,130.09373560387576,155.51121770816906
162.37371911477746,95.51969879141372,130.07574304386077,155.39079630056855
162.51105278728687,103.51360521894898,130.049835862626,154.9992778485742
164.8060433383871,98.34933875275,130.04676023985667,154.95005943056933
167.0424827891111,99.3784087382662,130.0319497092278,154.77757557792987
169.3942578736248,109.82227923500669,130.02602756144057,154.52041739389713
174.34967829929013,100.892824808357,130.0246248433497,154.4772838582805
180.30621522182724,102.07934096294665,130.0225779529263,154.4582750056747
184.94400558776232,102.5204392659932,130.0167716580069,154.411109908981
187.79883139957275,114.30109776187999,129.99599046437868,153.89793630404824
191.38274352394666,103.5206194621798,129.99681493541846,153.8031006671205
192.09271171850884,116.21305843719311,129.99509417873273,153.6015627897257
194.0080283606224,104.84791664575899,129.99127387706486,153.44039739798458
194.93914102142918,119.36276433486572,129.98237618740168,153.2206480799518
196.68019246543432,110.88481902418482,129.7284146072222,152.334417577046
194.62949878542756,126.71021914220746,129.62484638938537,151.87505029388157
196.43110282247892,120.81013713571774,129.54001967247564,151.62806274130926
195.99240206902277,114.62848541210656,129.46319826183114,151.23523978472303
196.10740594650025,110.15115994455071,129.23701545334674,150.1991384996809
195.6010579552721,106.93593434461692,129.22213200903764,150.13090243224502
191.3722515384934,124.72433293216119,129.11245835120096,149.67781207478345
192.0163141877337,120.65720931725139,128.47891155966693,147.05627622354837
192.99277934060484,117.41238730030838,128.44982201510933,146.6257823752017
191.04376898269527,113.72421005591328,128.43091563170057,146.37584177427024
189.70728921683022,111.81423594867532,128.42514419877006,146.32842462848615
185.83126330772592,108.9174760443371,128.42183493680898,146.31526900305002
187.26906377947677,106.89130222533974,128.42095218254676,146.3103604192735
189.09882639184514,106.75835463139852,128.42060473796138,146.307779776601
190.83546214116785,108.39329694696768,128.42019953608414,146.30545300488345
192.4516602507654,108.30158218018933,128.41969947892215,146.30313929593794
194.05918660787492,109.8532378876353,128.41945046038182,146.30195447940415
197.46031030603984,111.94103686668832,128.41890508660447,146.29702083175343
200.95918790957018,113.67747087629796,128.41743627175575,146.2895811648901
205.2868100180835,114.59226213736402,128.41598729703864,146.28001753027783
209.25422017251216,115.50097501342307,128.4147302206032,146.27252710950432
213.63664419321583,116.5985753621367,128.4134939727139,146.2662967394544
218.2668189331906,117.5826550211623,128.41261161770336,146.2614946315625
222.22997404707695,118.37800719535893,128.41066261887354,146.25318619438596
224.12484644849243,118.60054388211981,128.40532471644843,146.23428057718326
226.40760575171106,119.99073987334116,128.39779809151753,146.20372766219967
227.29739731959097,122.47949801803864,128.3923607973562,146.16540414471632
226.5266555044057,126.51829153153108,128.3855070873718,146.12858955578076
224.8818419291973,130.91259344716207,128.36662298061702,146.01428877932838
221.67720931288613,135.40064240605818,128.36082149418417,145.9747324188481
215.6482893006885,139.20067505131354,128.35706846285433,145.95595641971926
208.02953365338806,142.49814311441224,128.35253244757976,145.9346110489845
202.7680147817186,147.78443629745368,128.3475302586677,145.91886844053104
197.1374732316849,154.01024502044595,128.34470878720188,145.91006582151184
191.07548594078202,158.5366612259033,128.343660480824,145.90702951502826
186.31774260118027,162.19542467872972,128.3425417828303,145.9042594796452
184.00239592719146,164.3709008616434,128.34099006702618,145.90158897416936
183.1018280302912,165.90271309742513,128.34025348819944,145.90031882885413
181.55221218297362,168.32381215624616,128.33940826900096,145.8985056713866
179.02821685492492,168.842883897845,128.3385293152656,145.89662017044296
178.015174960739,167.98740486887328,128.3378725526426,145.89510698166703
178.3669891263475,170.26277088366925,128.33720715639643,145.8935521218749
178.73420706464674,171.7984044001409,128.33653586863076,145.8918847173801
179.61811955744662,174.33729532632356,128.33628340519445,145.89131233767102
180.9253796382759,178.23507795699174,128.33624588475595,145.8912144530436
187.44667949941004,179.1349135872449,128.33614379737534,145.89104032007023
194.17342504971043,179.29132832080728,128.3360733358127,145.89080788930718
203.2802445073067,178.14174683352405,128.33604602340333,145.89066447120396
216.5087322762303,175.8020165094472,128.335941518271,145.89040233340796
225.71065187462636,178.29434223199743,128.3357964743109,145.89013161035342
236.4731694820855,178.20481350964133,128.3354824050225,145.88961739669273
246.4400356773976,179.50413423103427,128.33480207738657,145.8886319654883
258.16784840184977,182.9950861949896,128.3323302387117,145.88715101121045
264.4141692325368,189.64457372381185,128.3301871201233,145.88526648396146
272.65637205788585,183.687784921579,128.32614912994768,145.88292764555607
275.5307633306028,183.6388326134416,128.32506298420256,145.88193893232975
278.4193719627272,178.85986220140083,128.32451665272347,145.88154159112804
281.1505290196778,179.75922543138938,128.32178582129305,145.87928601165936
278.9261503575636,180.68314702543904,128.32082753120255,145.87819057956438
275.94802758728713,182.7445418722241,128.31971995667374,145.87663101142155
274.4855433625436,187.0172970473065,128.31884778993464,145.8752872261981
273.5377173175505,188.73315608697837,128.31862228020452,145.87466689274976
273.72095315171794,190.54017525798392,128.3185361909789,145.87440237352308
274.5473260618592,190.43175443197833,128.31836336016008,145.87390222997058
274.38270714226405,188.76549007333244,128.31819374581346,145.8734121675077
272.08834314451957,185.29860578880064,128.31795155697628,145.872543190032
270.8882424016295,180.96699766698734,128.31780414100777,145.8711447562294
266.99765220627,176.66416820179484,128.3177741092108,145.86899748086486
262.4439073853758,171.784491992465,128.31763302132404,145.8634725801886
259.8935864309561,143.56395802643044,128.33732133214093,145.65554988115423
255.91619179909424,137.15640397999113,128.33943954483925,145.64979234292932
253.88749783701581,135.54302661611737,128.33961034787185,145.6491718017407
252.197071202679,134.1690992064478,128.3398529121234,145.647745929933
252.08859844069383,134.3977084920985,128.340439014483,145.64499894676635
249.8052415818974,133.1468786927961,128.3404970962421,145.64386571013557
252.56106480461477,132.47625030653296,128.34146490099045,145.63597838151892
259.30675366372265,130.70103847817887,128.34189702774543,145.63389106143572
262.31836710799274,127.77890256682808,128.34177146900868,145.6327077144596
269.9644636925408,129.81588614861448,128.3417202142802,145.6313223189227
276.8710414942559,131.96609232874374,128.3415042547099,145.63010047990443
283.2287352160263,135.82314382962204,128.34140020502898,145.62971064724573
292.45059492512775,139.4607231692741,128.3413358008642,145.62942665513637
303.24997437194065,141.68657463998346,128.34132225330768,145.62927848895572
313.51194180142954,142.99459550385694,128.34129028739633,145.6290333272183
322.3646644827078,144.28887296120922,128.34126065054784,145.62884968936916
330.51042162010515,145.02303798832048,128.34123120851672,145.62869468874314
340.76195159895786,148.52381488047604,128.34120584248612,145.62854375935146
348.10469405329536,147.6324623262434,128.34116671933356,145.62813956052764
353.58374109491496,150.49266491935117,128.34103276487858,145.6273236077105
359.91019814163,153.81692406301357,128.34098884967116,145.6266873050964
367.18153271973983,156.96132419965994,128.3409384449774,145.62588952280097
371.90440486049545,160.57204116750626,128.34089004054138,145.6255492417409
377.71958287449206,162.96434518108924,128.34081355356375,145.62458636762065
384.36274707339317,163.63403285295033,128.3406694666746,145.622345146747
388.59320080115515,167.54878953612666,128.34058602390698,145.62194049545167
393.05250911192724,170.60951007046657,128.34039686970905,145.6209504002826
396.9632727616011,174.05825076646335,128.34014194356072,145.61964391597337
402.2445441648756,176.29778408275843,128.33983496922616,145.61827084112247
407.592939114209,178.84680335607874,128.33974135199244,145.61785850374088
413.31688642702323,181.09586121451935,128.33962542814618,145.61703768966117
417.9630290246441,184.0359431016962,128.33948310094647,145.61525612127062
419.5993426576246,186.77792481251709,128.33912842180794,145.61419141178703
422.4405378013514,187.0865887940456,128.33882603260872,145.61313172589823
423.9586921378447,188.44257418783621,128.3384477547485,145.61209629254984
423.7133679860344,186.69627748547668,128.33801181054153,145.61119351768824
423.1226553506295,186.4181114661609,128.33772600366126,145.61063518785818
420.60082778942325,185.53966830495244,128.3364730793513,145.60816668048685
417.60108280138957,185.70730261717992,128.3359477966296,145.6073631126897
415.255617737738,185.4687010450254,128.33517460438318,145.60612749218816
412.4747209835299,186.60835192850237,128.33392404160193,145.60434733549428
409.8766497038662,187.30916998931048,128.32983647931684,145.59882925873123
405.57037570145076,187.3501635342514,128.31407904896696,145.57785530490844
401.67987253135436,187.95609983212557,128.309387452148,145.57186883472465
399.3572243382497,188.45642096104547,128.29737573670337,145.5579079190098
397.8190856002249,188.73345586391298,128.28053812142898,145.53512858482858
396.2180877676726,189.71461430758913,128.2348838784678,145.47629234647076
394.3647707793448,189.67295634161044,128.19411327977565,145.40840849057298
392.3894390007705,191.93228238663437,128.16207100539646,145.35112400764183
388.4862668408622,192.93086971151556,128.07586819462833,145.21623354138165
386.65172654556727,203.4516675307603,127.28636399975679,144.1429015289908
385.782360370559,198.08212255779767,125.92234962469088,141.9225979736343
385.2561467608219,197.66030412215386,125.7334452668641,141.51455768942725
384.8467688452695,198.7240900460548,125.59272415018454,141.27299386584104
385.02820924833577,198.64091486870922,125.49159985359438,141.08425547994503
385.47770561774774,201.1266643703027,125.41743746803043,140.92950938737204
385.3998933483703,199.3105388913479,125.36623904521646,140.81879083234216
383.6910401170388,198.69121971331356,125.3314375351622,140.7477157055541
382.7754875017799,198.31468740218128,125.31837004953931,140.71887849142342
382.6144385676942,198.40358446698332,125.30769613960396,140.69744181409268
381.4433451227186,198.94950324781064,125.29286718139548,140.66764887295196
374.9800288318985,211.02594175133333,125.08994596817483,140.41344778448567
372.66423225263156,207.8146819714687,124.32054434902926,139.6997306765819
373.3049320552933,204.92690266763418,124.29497717740624,139.6499919285991
371.64927054115964,202.1141543219536,124.2826770252842,139.62799382702204
364.3341900483767,234.72950451065935,123.49394801146049,138.78025853750117
366.23542377640774,204.50888608724335,122.23549381719342,137.83801149761442
364.93464072682116,203.10238833539495,122.20781105886839,137.79735905399983
361.15504454038245,199.38325568021114,122.09706677479396,137.70270734166235
357.8316710506394,212.16306134119017,121.93115210648342,137.51658730693572
359.7008904039093,202.4497349582873,119.48609175306247,135.84345712901586
356.2904555274651,201.44460512798386,119.27958437734983,135.76634949340388
354.2713090620345,201.20323342558868,118.76941110261407,135.56270589572617
352.77766488801467,200.2436577318456,118.68411315266479,135.50921784172212
351.2898807335072,200.27294236884137,118.5000120624183,135.40069973012245
349.96227498177984,199.12386388215202,118.3645808275307,135.34164964364095
348.47847290042205,198.46950884378975,118.24560542901284,135.30838987268635
348.53908282264445,199.01818522942807,116.63481687424084,135.05162590946938
347.11667499315723,196.303758216415,116.32986465754394,134.89973805317135
346.2958227798665,198.42560983869546,116.02576222320162,134.81774173304888
346.8588536021576,197.39871500251806,114.01438349144598,134.33875195021875
346.44421695065097,196.82061618212742,112.97480286780059,134.00128413422814
346.58149629213204,197.34726809565217,112.3825641835796,133.81819459064502
346.53230955234744,196.9368578577164,111.88814831120861,133.61034523237961
346.4691559810453,198.62859550680827,110.74133719629035,133.47478067218722
347.4283202125579,197.23216054405611,108.60054381417484,132.79689001381394
347.43410146211585,197.92196812014834,108.20793910281114,132.69086506872944
346.88840975945567,196.61023818818052,107.99116589859622,132.5352054410879
348.05061688008294,198.50482328837518,106.96003595433113,132.32801642279694
347.60007409553043,198.0897070764937,106.83073936706408,132.22949493411102
347.3851202225597,198.7232983195396,106.2039111205739,131.9539509892409
346.5361878720896,198.71487948328382,105.88991211301797,131.73990276864592
344.9660350894554,199.43429704225832,104.99356082174964,131.21929699220388
345.6896540745408,198.4428138997985,103.9999159268542,130.49782721335708
344.32465507293284,198.98597706838638,103.45408151544301,129.64420147740148
344.0705564415623,199.81364030884924,102.60759072982138,128.55305835085343
343.12894489801306,200.71150408354677,102.25931056870513,128.0868386292172
339.7657797994903,197.07722676410958,102.20350670965937,127.89603171489942
338.3075372393659,197.3546140975464,102.01457577041414,127.26686041541407
334.4268990318774,195.1988323807403,101.90141056170344,126.95726238814979
330.3805988081169,193.20672133027276,101.8852530365072,126.90671209299721
324.92485539327447,192.290020694328,101.84086160844055,126.75579844636863
320.6085984791149,190.46380555400316,101.83461391637387,126.71639356199456
314.2500712884996,189.60814342592346,101.83375562365426,126.70966364277704
308.16935357090944,191.61155933371347,101.832588634213,126.69797023395058
301.2822642027844,192.62883130208704,101.8316895506389,126.69073857595102
294.9320839564162,191.86836712365152,101.82775774601204,126.65696858477668
289.51441303062836,189.99367698399308,101.8020995365525,126.52997700358942
284.17649818302095,192.11526509317474,101.76640140736546,126.37471858994408
279.2150112924506,191.68176519196405,101.63270499960241,125.9355977582865
275.0566143304808,192.79293161304187,101.58252504658896,125.46600935239489
273.09555085386404,195.02965366312088,101.56578395401547,125.19422016327815
269.8694287520391,194.62002116223812,101.57270707459662,125.00786301652985
267.93248941294274,192.6844028171915,101.57314477187799,124.9196976222725
266.3747672294327,194.9203839786811,101.58468489161424,124.78118847769912
264.242263498593,193.07990482273678,101.65018559365004,124.40772059635043
265.4443656819565,194.06388078552408,101.63709760761445,124.23773169396158
264.56535345518415,195.204782366455,101.64690090217785,124.09805485389235
263.3348293673948,191.79315483654105,101.70728045669338,123.99470659645948
264.84345411631347,194.25545365216274,101.75254264136645,123.71710117178957
264.55939047589237,193.02731870693742,101.87132838664039,123.53275607582053
263.9032677723417,191.6633492551329,101.90716285643242,123.44709229350121
265.68034367856865,189.9816777192603,101.9503325542935,123.35305435519095
266.04121656475024,186.23734354224686,101.95447068304958,123.34309695390773
264.7255612092542,182.10633006947563,101.96918541053641,123.30855788992866
264.47732864354225,180.5852568921715,101.9699402882447,123.30467491523706
262.6398156087591,179.62656509431412,101.97163628922284,123.29590115564329
261.14176473645705,180.2048721927144,101.981839777525,123.25750597682519
258.5376969246269,178.72160156127958,101.9927588904126,123.21171313134217
255.7071240791959,176.77391441566255,101.99732127210103,123.19014935609367
253.72045493517493,175.40264672413778,101.99922925847667,123.18215688040908
248.13984935398227,175.41464395723304,101.99983880495627,123.1773536402092
241.63346543235826,173.48762725759195,102.0015125548815,123.16981835014508
237.27213070143773,170.42132987948426,102.01078975903215,123.13583385983947
232.29689655607646,168.5434592539596,102.01965820386847,123.09835053775336
229.94595801434,165.13813919883364,102.04132803483897,123.03228309414183
226.7287434862771,162.96608122447117,102.04342552892254,123.02386427190116
223.6791282135055,161.5353193080281,102.04368089288612,123.02252289520784
222.61143032979268,159.52300212964582,102.04424833122543,123.02043529762672
220.94845388568012,161.19757095821842,102.04444872273118,123.01914247957758
219.56278349389817,160.84470814148946,102.04523782477659,123.01599031114033
217.3452373511803,164.0620904774723,102.04572594227412,123.01406074125596
215.76893787679214,164.18671654517777,102.0467829427319,123.01109256916769
214.60472260419328,164.43745880253212,102.04768095809867,123.00861414700735
212.72271170427268,163.75363536002442,102.0491843520256,123.00464335719515
209.60901323006496,164.15425064940877,102.04999448174597,123.00253672127852
205.44582856946593,164.31310267411777,102.0524988661154,122.9967508411205
201.9145910548372,162.10684146102838,102.05679022532892,122.98923552086985
199.91332737928948,159.30993379795495,102.06431983663249,122.9790698289503
196.08870605400415,157.86452604584161,102.06943607195043,122.97135604202404
195.63910325203267,155.4559553335407,102.0899640693108,122.94577409702748
194.11491285820026,152.98006624675625,102.11648783373646,122.91116501778872
191.6342361346865,151.19364092321996,102.13548660165635,122.8901064012505
188.89187238813895,150.20954928358873,102.14604388677411,122.87593539718011
185.73349423200318,148.78450031486432,102.15846126700833,122.86209166516481
186.6990658622487,146.18045032244714,102.18921073055444,122.82386663397743
189.34697110531164,142.9597142143482,102.20515876264757,122.80357928291457
194.30228843893318,140.87893557183003,102.21819391046797,122.78812841594288
199.50936355987065,140.39035841468566,102.22739018806323,122.77419392264873
203.81361139924468,139.8910406074101,102.22844975376097,122.77201700668228
211.98467214637262,140.57627883336534,102.22893194297677,122.77086416603127
220.35459721921978,141.73243871643737,102.22908347574922,122.77011862054458
229.96770997896562,140.66163024192397,102.22932508882595,122.76885393772015
238.9367417694736,138.35560072062214,102.22990400964103,122.76630326200107
246.94623809259295,137.28771866034214,102.2306161821279,122.76287241719852
253.2534296049563,135.2751707481264,102.23112611699595,122.75939520543612
259.689818421828,132.16289437052802,102.23492490689752,122.74261018444882
265.1714450605567,127.78220667319985,102.29016623545817,122.65118234881953
269.1872318928604,125.29554847737049,102.30459114415407,122.63279809121677
270.1120788005093,121.27119829498241,102.31778375768916,122.62046902178884
272.3478152215125,119.63942420029159,102.32766944382007,122.60724638101607
273.4133067335472,118.84318666709088,102.33005443504,122.60312079567646
272.0969328933598,118.3029698558368,102.3310224446994,122.60062194595561
268.4650291780786,119.5403514621052,102.33122904899831,122.59979672170005
263.17241687368113,121.57990086910937,102.33130961482455,122.59898932385994
257.7884963978812,122.21874904908526,102.3314007800475,122.59714969723031
250.39216275875307,123.20207133732879,102.33144835310355,122.59627071617935
245.07631277389117,124.91325121898508,102.33148118568137,122.59588632708855
243.3337391377693,125.18002496804449,102.3316466826413,122.59490442268921
244.95349876676056,127.19643168618823,102.33168707507991,122.5945974523136
246.34034299519104,130.7587102043223,102.33168431195979,122.59432325295947
246.7200504740762,132.61383972188304,102.33167383464678,122.59413625839592
247.61217223059737,133.22614880294682,102.33165852728527,122.59395449858921
248.35584744469296,135.1879850903316,102.33165296012469,122.59383252959354
250.92942335918542,138.42802454614596,102.33165069397549,122.59379798289406
253.93191819587798,141.0237994112893,102.33164635307935,122.59373604176143
256.43319693651006,143.34359778321436,102.3316437653089,122.59370762676869
257.92940273166965,146.31498177071188,102.33163854324523,122.5936643565161
258.95763140339864,149.18493982343904,102.33163180517971,122.59361021624122
260.1646769405674,152.43509268471942,102.33162516535154,122.59355197216559
262.3400048403212,154.51263776433524,102.33162349105753,122.59339192768003
262.2907398964549,154.27022345529485,102.33153050536463,122.5922130937497
263.65480462252185,153.91540139919664,102.3315595271993,122.59119263561453
264.32323183594235,152.64887155967293,102.33152534514736,122.59029221067334
264.3583612609842,152.05604358428053,102.33150457866468,122.58924042639651
262.82140473696836,152.74736690373146,102.33134002049519,122.58809140903085
259.68409733145495,151.80814713059556,102.33121938077733,122.58703569220299
257.6979086800898,151.41332496173425,102.33114404297416,122.58619506507807
258.16392980780273,152.50161818909766,102.33112674329789,122.5853638727261
260.1866062478703,152.12677596495544,102.33112536844227,122.58503955912778
261.1229471953981,153.09751192216441,102.33110566000923,122.58443483030248
263.57502148166026,153.9317790946784,102.33111711022055,122.58424712872235
264.95925692399317,156.85004294271448,102.33110745297174,122.58413615399422
266.1859092143334,159.52853192263916,102.33109810315678,122.584046965202
267.2212921456827,161.17417789147157,102.33109058320107,122.58398165297965
267.8224376557485,163.3666250704701,102.33107913078804,122.58390775625585
268.6453386399359,164.82299905766845,102.33106154046492,122.583705939696
269.9129638546166,166.87587895819684,102.33105652965219,122.5836666586588
272.80336693207244,169.54114884673373,102.33105596250901,122.58364894197928
274.93927492692393,171.47884214395089,102.33105336544521,122.58361091550762
279.2597443050712,172.61339943296315,102.33105622902366,122.58359080464615
282.4782735064766,175.6142641065952,102.33105532133008,122.5835737796172
286.5616490436612,179.368280703354,102.33104847913863,122.58353094635956
290.27598534663383,182.4315149985736,102.3310448490234,122.58350955669557
291.17556171207696,183.70818705507827,102.33104222742821,122.58350230243562
423.71700950090366,181.06432582085478,106.56516325133738,123.09235895667356
422.1995885303363,181.06021209137054,106.56517891378557,123.09216569680825
421.06016896042604,182.1613885649639,106.56518299539383,123.09204797148433
421.8611292719251,183.7860856035438,106.56522386588776,123.09180655469441
425.3839131419914,185.6865517803003,106.56527752086626,123.09163351667209
429.876053082631,188.41901785418392,106.56531637280239,123.09151984653552
436.889075917144,189.92903999725948,106.56537658451373,123.0913785049492
444.2798208389914,190.92165146681006,106.56549532236191,123.09113626824823
449.9491510558993,192.68902864457945,106.56555711755006,123.09100243616223
453.2557247384206,193.37711441432845,106.56559468140141,123.09088732938824
455.9683000900216,195.56131956839397,106.56561010826537,123.09085279945546
459.71211316405174,198.36759054693374,106.56561766534428,123.09083153710856
463.3550487128499,200.44045093239515,106.56562761022835,123.09080502201459
463.74564402513835,200.68137890800392,106.5656335202851,123.09078229032528
460.7289419312979,200.68853365003883,106.56564289442834,123.09072212732873
455.1596035244952,201.1537499687568,106.56565832345126,123.09056588378313
449.5546115259883,201.09190028512427,106.5656518190613,123.09034383434833
444.35928973856784,201.8642366237632,106.56563987632414,123.09025471610676
441.93997901247224,204.36602957317865,106.56563875847742,123.09023031401044
440.1911942952774,204.30316227104476,106.56563910869966,123.0902237494216
438.83492709866374,205.65424942934666,106.56563859744699,123.09021265226973
437.8376703306525,206.12474943735722,106.5656278929757,123.09013769795132
436.38904485645304,206.31388157061252,106.56561817548102,123.09005843543665
435.34997876591643,206.6212904524839,106.56561748874117,123.0899896860715
435.8861801537293,205.32018241315114,106.5656223163793,123.08994207569583
436.5361480992084,203.63084763987024,106.56564775392762,123.08978738824887
435.5025162603248,203.98603249388552,106.56565521946025,123.08965405078179
434.32574863149847,204.94813173119775,106.56567509053154,123.08952867624735
432.719952314868,205.90295645089105,106.56568244051306,123.08941273753217
431.2333738350342,206.52688809238504,106.56571179664978,123.08924370846567
430.95232954553694,207.15796844838852,106.56573817176009,123.08908784875366
431.03343671225736,209.17038413694448,106.56580781022497,123.08877972985094
431.07505819551284,213.61394499930117,106.56586790782193,123.08843874396814
429.8490501881546,219.7250022193732,106.56589236446347,123.08819091149009
429.8064166655411,224.43746045602308,106.56587803762008,123.08807626466738
428.57123004075237,229.31937581058847,106.56585405323463,123.08800516857373
425.6850168240491,233.65717931195726,106.565834331093,123.08797246850948
421.2687098006916,239.6905660439983,106.56582680340618,123.08796383597037
416.64649037644585,243.76113841750316,106.56582080479072,123.08796002676581
414.03392136794844,245.5622808915169,106.56581872702854,123.08795831810296
409.8222961440322,246.35266720107444,106.56581706914811,123.08795654916945
407.23507634074093,248.32200790691758,106.5658162918195,123.0879543557754
395.9984672974848,324.30233218060846,110.03830004910805,127.79501515897964
391.3060714589789,317.80143091079145,110.03798182469164,127.78252212061065
392.17295222713767,309.7393059490548,110.02991279897904,127.74665394105665
394.220042634982,303.08311887172545,110.01414690028257,127.6782164044312
396.12056899791935,298.20542333285334,109.68732804014574,127.13053264544439
395.35274740414394,293.45419277160437,108.87885048680607,126.46267230340379
396.6957177085285,290.7592069325946,107.82858256652115,126.14850808664787
396.7158742638662,286.960625580392,107.0328682021454,125.77240323581637
398.5842969023482,286.1311321543706,104.32206860522757,125.47018710877128
399.09169353833147,282.35766466173084,103.04093355760531,124.01643354119439
398.9253338748733,282.40273213853993,101.97006828502677,122.76059445644981
399.8408236744499,282.76698168836515,100.6852486089501,122.01126621007145
400.84682756762976,282.2464416976085,98.56232525113917,120.68136330622407
401.15941573106886,281.26948215068234,98.03696202048627,118.9680947093415
401.6708482379123,281.32064453566767,97.49040225315252,117.72368808264325
402.27288003417067,282.1643704244819,96.32918565324766,116.8466840574905
402.9752590644649,281.72381951271484,95.21985008707067,115.30826407240039
403.97474247108306,282.24119252961015,93.70742201184666,114.20737870565958
404.5942017206505,282.25285755889547,93.16555795845528,113.25685703198428
404.95799959386756,281.90822421267904,92.69126359408611,112.18282056374969
405.803209198633,282.1368970485123,92.00033488405163,110.96708470386598
405.83441932694507,278.68770798503664,91.89179907628366,110.62033038452827
406.3600032748162,279.19422088379184,91.81259160591826,110.3929763575906
406.20761258955673,274.6298082237326,91.72770194877687,110.16916343308016
406.0917460529353,273.72482892188475,91.40011987700392,109.51226460345673
406.01975161831695,272.9201018543163,91.35276783783257,109.38187501243557
404.35285546050085,269.6207488733715,91.20949721286715,109.01386325429333
403.0473458333284,268.0266048294293,91.102088809131,108.76686911180057
401.3289395350537,267.135298222189,90.96023448025016,108.16649911857846
399.2761409173645,265.6226113381733,90.92370181755727,107.78481417078963
396.8822221578143,262.71811444919376,90.88991839549558,107.48008610121448
393.968342205531,261.2765084194476,90.87516807667353,107.2264246770489
391.3951280619088,259.4985956097234,90.85563748253965,107.08842910470969
386.9600455507184,257.7165119351159,90.83610256900744,107.0259945194917
383.55690497192666,256.40025100755264,90.772215517515,106.84787460902376
380.9822418901789,255.9933879192558,90.71506356211401,106.67485137498811
377.5188739579141,255.1059458520652,90.58509538230153,106.29765711924793
375.11263622157185,254.51975801831247,90.33504748996528,105.93084821644084
372.7957188776961,253.0386563865645,90.16194114530708,105.53277239668482
370.59961558828894,252.33262216482444,89.94718599697912,105.08436613446882
368.75456236947423,251.17670408659052,89.86816411200716,104.89055558530924
366.8107596430004,250.4652436522839,89.68235666975227,104.41988957991427
365.3633781907495,248.75384202958003,89.57544277638728,104.02327844810955
363.92532833095936,247.98322869618175,89.52241933274428,103.79264523064401
363.76346233444735,247.81344536761418,89.4150524771869,103.76591407650938
363.8136168444701,244.32493023921646,89.33193621762385,103.3445836040873
364.97784953369745,243.39623495629377,89.25299400201095,103.16013409348616
365.37872478376613,242.8185541425465,89.14779428836876,102.97531723129562
366.78978252943244,239.61686444380527,89.14489528682806,102.70315284368287
367.77032020510063,238.4335360238072,89.10329715984165,102.56897045028056
368.1652476707283,237.18122689863014,89.05374258592802,102.46452555213614
368.77265157453576,235.32353392106577,89.03571724806262,102.38504542221239
368.65530094822026,233.1853058076753,89.00764448026021,102.25693965253338
370.15818789190274,231.24395738936158,88.9878115261228,102.17182776571107
371.02218474767955,230.5751252097767,88.97300169442143,102.11537143167406
370.59538935316795,228.68971428888452,88.94926474325223,101.9789822081661
371.65937696877927,225.9840538553206,88.93187400948135,101.90629142520844
371.23550215373615,225.1580931808057,88.89809925554582,101.79866434856382
370.2510305153983,222.12753079745664,88.88691340948743,101.73707650310988
369.31782749299805,219.77589863459835,88.87498624334289,101.66605074398757
368.3840299155118,217.566688253691,88.86202791435235,101.57735232703027
367.3131526993052,216.23984870591738,88.85672934345445,101.54160881515563
365.6271942485409,213.8990000983982,88.85178658006605,101.49985966102287
363.1478676107762,212.6293289758706,88.84443977548672,101.44392030512591
361.34328476396587,211.10563359479727,88.83500986897924,101.41023563735624
360.49355213746395,210.998598425098,88.82771864939548,101.35344891083865
359.4969066116909,209.45525771697086,88.82082850282139,101.30727562700444
358.2044484276333,206.77998479435524,88.80960830095992,101.23400288397887
356.6192757813741,205.75692450830837,88.80668169902337,101.20807169253803
355.73592560936424,203.68244240883857,88.79753568092912,101.14536644643984
354.604575029829,201.43660192441604,88.79369035219138,101.11925375988936
353.3569038012738,199.5684586780327,88.7880786581481,101.07911274525556
352.31153144615575,198.4042580406962,88.78307470543564,101.05847208114683
351.0102368496265,195.63067016595613,88.77898970415819,101.02794101681467
350.7057880036549,195.27944628012654,88.7645092384858,100.95008626390724
349.65690541609257,193.27345780944472,88.76084280541038,100.91225279572494
347.59024514871004,190.9824878248549,88.75009939059042,100.8524142958189
345.9970831037442,190.97952515160392,88.74549454451738,100.83019747134027
344.38381381705193,190.09312240841422,88.74431238044477,100.81676035346403
342.8323563130158,188.7829709695939,88.74287348379293,100.79378773176082
340.34937770312195,186.20530594408334,88.74128853210236,100.77764380283196
337.58294632683914,184.97197448982428,88.74076362368776,100.76797285476741
334.7624902247634,183.68139945278153,88.74032651219595,100.76266543793191
330.4305362458967,182.3846898244699,88.7385068545728,100.74124156444348
327.1592834067385,181.67225387567973,88.73838376778299,100.73906227546225
323.1260305152448,179.97105486355073,88.73802076872703,100.73497855686132
318.5721957231094,180.05842570402038,88.73777924307339,100.7342717992371
315.8705862778424,179.58657172673475,88.73766876120145,100.73381583531315
311.94258452515396,180.22878984145805,88.73732518253293,100.73278240642655
309.4206597650197,179.91046982751283,88.73695187107536,100.73145294045104
306.93542709515884,179.5315990452616,88.73653193400261,100.72997795794119
303.2571262765408,179.19448529593492,88.73612082252039,100.72892798505218
300.87195846666685,178.2330355336887,88.73566395798493,100.72779076828787
297.7793388614168,178.00839391209786,88.73517986373649,100.72671895852156
295.1280988056655,177.63977578787612,88.73455366725572,100.72529546747076
292.14489831068545,175.8757495545636,88.73311160149068,100.7212200768875
289.16203467930416,175.8351523201514,88.73212448208169,100.7190514746279
285.5562536934957,174.71684930820945,88.73131462752667,100.71717168537094
282.6746561941712,173.1929746742902,88.73036043718034,100.7142071756673
278.9523616457123,172.6858252187631,88.72977674738546,100.71265649642001
275.86306278403487,172.53967862983072,88.7282015505133,100.7082391234997
271.9724633260195,173.1480258054695,88.72655783043562,100.70538692577132
268.5471843122749,172.45144888400642,88.72579416068969,100.70395945079589
264.94590052945546,173.72322426689243,88.72436220698043,100.70232004862555
262.18239701073713,173.14003430606866,88.72333169635196,100.70063489916716
259.3340189902289,173.22113784224067,88.72154275827288,100.69746145314112
257.18800877534846,172.94285470151462,88.72128585191324,100.69696963866119
255.4186602748892,172.45993664464135,88.72007396687593,100.6934690042846
252.80720619444563,172.56124031230982,88.71912329445007,100.68919499194948
250.4393758768557,170.79683018453576,88.71895648364602,100.68812256446842
248.42430122164984,168.16988956325264,88.71883187972061,100.68743856808206
245.65697965013828,167.64078884204753,88.71877129120683,100.68718513931458
242.07063902408152,166.58516827807082,88.71872114378422,100.68701278841667
239.9356119103317,165.27761413337862,88.71868860599459,100.68690911414748
238.12539315347436,164.18618146431987,88.71865750322364,100.6868139420111
236.1242032308491,162.54952462918504,88.7186092936646,100.68662168614856
234.10575594317027,162.07735880236248,88.71855328079594,100.68640687868835
232.04985784721657,161.31324318372856,88.7184305464643,100.68594646651921
229.51203152256411,160.85749795941285,88.71822174175925,100.68514163326357
227.51066933228824,160.22487978842747,88.71813564410051,100.68475714755945
224.75028366136306,159.97015207902595,88.71804488344235,100.68427510117165
222.20388542171798,160.7324268971684,88.71791867520199,100.68361107260617
221.12652592086965,160.10297762645104,88.71783344716233,100.68221756081824
220.09251303531613,161.4580883012216,88.71787654462436,100.67996277736289
219.75285517215258,161.4622475041686,88.71783659000893,100.67822034936431
221.38079774466448,162.008272957182,88.71808523976965,100.67544325372418
222.13572264356685,161.82664619733825,88.72063106231099,100.66705573356337
222.76764222767525,161.7241510054396,88.72116150106592,100.66462225156552
223.75142703266786,162.01837664016577,88.72146105364021,100.66359418748884
226.65005683863734,162.04227281906074,88.72175641148888,100.66275457278216
230.45292976507108,162.35226652222025,88.72235955001543,100.66150629457596
235.04914106112406,162.92963039552848,88.72399632985771,100.65907246847644
238.54002954725254,163.31441136531765,88.72508898269228,100.65781541333183
242.3457746292706,164.5397920514167,88.72734212386244,100.65525426696384
245.98828974116424,164.7173508860344,88.72863401692699,100.65349474725693
249.24817293486032,165.99355054571026,88.7298856577941,100.65121101323236
253.0011336899695,166.83744499950052,88.73117011071056,100.64929632936091
254.26427886468204,168.11088495202702,88.7315442567536,100.64865627721322
255.66468998157453,168.50241837543973,88.73267104716903,100.64678441530067
254.39286143585204,168.37934782580828,88.73408680369887,100.64475309728047
255.77209023150232,166.55959255214657,88.73667752935384,100.64173224964543
255.5693264646311,165.68553268627815,88.73700470089076,100.6409694492625
256.1277616435823,164.25846929171905,88.73722230323165,100.64040973973877
254.54952832206843,161.96153154145088,88.7374160580758,100.63994730005903
252.2854767387699,162.34486061624398,88.73748596814208,100.63967112946148
248.4141771074849,159.5216810427109,88.7376087673942,100.63930700611138
243.37041203465458,158.38162020350603,88.73762689675844,100.63915548543969
238.33826310093218,157.65798370311964,88.73763948588291,100.63898857723115
233.22488807028813,155.4042776161131,88.73762963658756,100.63859397329014
228.8945419549392,153.14802332867097,88.73757529288358,100.6381459289117
226.9559172809461,151.1168651630494,88.73757182371584,100.63727752199563
224.64383470634255,148.6620778489223,88.7376224595257,100.63650087385214
221.6357442380359,146.99645123934908,88.73765959731091,100.63599559385308
219.24481462891902,144.55352058360154,88.7377509703908,100.63522732389676
215.43835795283303,142.7858022728576,88.73782986898003,100.63442765922125
211.30698961794334,141.46533885612183,88.7378521527731,100.63389979603755
207.76477391750674,140.11156569222797,88.73787670092413,100.63363882135032
