58.5,100.5,28,23
58.66515314881355,100.9533163660229,27.99999951711594,22.999999572145775
59.69231763568987,101.83274554988184,27.999999461820334,22.999999527525144
60.97537261386822,101.85198550784264,27.99999940116982,22.999999468750286
61.986114000205575,101.753803721403,27.999999334565054,22.99999939881779
63.22641216862248,101.55042637002451,27.999999301671057,22.9999993694428
64.57909716863122,102.02530100576791,27.99999925099438,22.99999932929449
65.3196403658339,102.84600403210356,27.999999110708902,22.999999216679036
66.74991810723446,102.72974172708365,27.999999038292927,22.999999118805487
67.82319199096429,102.39256281561457,27.999998349919572,22.9999981565912
69.11975717441078,103.32278301451805,27.999998094720933,22.99999777457709
70.7759738707135,104.17961356094175,27.999996275983268,22.999995014554393
71.4948580817205,105.11533292690905,27.999994525150004,22.999994070629448
71.71357479680381,105.37905791913244,27.999993145688325,22.999993217194632
71.10509420773091,105.8495841463858,27.9999923439681,22.999992186237566
70.76010928310212,105.4688616641698,27.999991819118325,22.999991509151933
70.15138404470538,106.17337683081126,27.999991438749337,22.99999113650132
70.13370006689023,107.03694958343434,27.999990128555087,22.999990111006756
69.1877053348621,106.9224445173396,27.999989050199527,22.99998860324356
68.46223579907354,106.84203712123815,27.999988108844846,22.99998735183112
68.2239300264031,106.98311955502272,27.999986371028378,22.99998553801297
67.47427269197348,107.24459946386915,27.9999820825588,22.99998089953458
66.70359256167842,107.77815189375438,27.99998172646496,22.999980498573024
67.18123099630081,108.30735124545009,27.99998140608264,22.999980161156046
68.21802839836069,109.01630772671962,27.99998117212279,22.999979920250887
68.71377137908479,108.97472086658112,27.999980985191662,22.99997970988289
70.31323873933006,109.24272872406358,27.999980819754818,22.99997956508169
72.61710989983168,109.39108022410844,27.99998080832191,22.99997954598718
74.75003231566268,110.0775078853116,27.999980798589842,22.99997952925252
76.1392842644159,110.70041689637488,27.999980795889286,22.999979526039247
76.689146709573,111.82592377478457,27.999980794376683,22.999979525018198
77.04026759950145,113.272091005839,27.999980792893506,22.999979524121503
77.28919611736595,114.5211772671733,27.999980791370884,22.999979523044104
77.28490664195652,116.11548409485376,27.999980787925196,22.999979520866162
77.2589173273356,117.67675421466471,27.999980780634043,22.999979516763666
77.10636281782166,119.80364582895116,27.99998077561406,22.999979514203954
76.816410789251,121.6692347377348,27.999980753318145,22.99997950349093
101.29268674181749,110.21564025933185,25.609009506144123,22.08085734884661
100.14948051137532,110.65654873704709,25.609009251116607,22.080856840197292
100.17895977991608,111.50026003433837,25.609009061921885,22.08085652115794
100.13089502082481,111.43965590271088,25.609009006222802,22.08085640723043
100.08283026173353,111.3790517710834,25.609008950523723,22.080856293302926
102.02727754214555,111.52021641236156,25.609008947652555,22.08085627204954
103.36821886757485,112.07429776306506,25.609008916651767,22.080856212167813
105.06679105190855,111.62228705842001,25.609008865611326,22.080856060312122
107.40313340890705,111.59308045143834,25.60900882110895,22.08085560480849
107.86295680477949,111.70798017066144,25.60900817327733,22.080854438614384
107.85295006361142,111.2889568316032,25.60900814256996,22.080854387166198
109.49013087284669,109.3630176421636,25.609008134512013,22.0808543614281
109.44101109268553,108.28076371481758,25.609008131428833,22.080854350214366
109.296564451772,106.69154354911916,25.609008130842387,22.080854349198493
110.67880987399019,106.32413110273359,25.60900812922523,22.080854346110875
111.04940163397377,105.7477667052726,25.60900812862147,22.08085434502761
110.84323138881071,106.14825991086359,25.60900812693748,22.08085434303293
110.47741289095877,106.52836350284159,25.609008121603758,22.080854335285437
110.11159439310683,106.90846709481958,25.609008116270036,22.080854327537946
109.72052998994697,107.81993298056446,25.609008111707205,22.08085432255819
109.44371483027487,108.80931895895851,25.60900807903114,22.080854290742632
131.12215301752468,98.10458362553666,23.808093313418233,21.345992071844133
129.66406320214097,98.88909032857678,23.80809328720323,21.345992022926374
128.6669421160286,98.8576031713251,23.80809326811326,21.345991996216053
128.0518083805928,98.75293838028301,23.80809321426561,21.345991913593014
128.253673104336,99.27830608284236,23.808093175758636,21.34599186289786
128.43778477657773,99.24535975026136,23.808093170594393,21.345991854030984
128.8288972238131,99.12359909939943,23.80809316969362,21.34599185281637
128.9430644459928,99.00186793918981,23.808093167115246,21.345991849093163
129.6929022634581,98.52809106776596,23.808093163707774,21.34599183808803
130.74699492657618,99.05541012007153,23.808093128761918,21.345991761621708
132.30408104101934,99.38423629180991,23.808093120105667,21.345991736622594
134.225280367855,99.61340354251612,23.80809310992807,21.34599168116352
134.7925222920508,100.02543512856168,23.808093075775975,21.345991631344912
135.35005133383237,99.84169937014912,23.80809305667353,21.345991602235355
135.7286800063023,99.50780866703722,23.808093054072252,21.34599159585766
136.57745952120618,100.63197362725559,23.808093023326066,21.34599155327432
138.09777051953176,100.8523821274335,23.80809302260081,21.345991551400267
139.17827362833108,100.7587635820576,23.80809301723669,21.345991543339
141.04331047700998,101.3251604963722,23.808093010293334,21.345991498851333
142.7525611668683,100.80845897964224,23.80809300768239,21.345991493332676
144.48081120861673,101.34060428310558,23.80809297759128,21.345991409935063
145.69491467127477,101.8733200287213,23.808092972898976,21.345991394342974
146.02722285346857,102.11983661216486,23.80809295487063,21.345991368353598
146.71883628992487,103.01730923327212,23.80809295344854,21.34599136615983
146.82612797058863,102.56575947273879,23.808092944329157,21.345991350330728
147.38210430758858,103.19594317743517,23.80809293279721,21.345991334431623
147.21604126031232,102.8285225151613,23.808092886755205,21.345991252633993
147.23963174102803,102.53642959337823,23.808092685975634,21.34599089987294
147.9601018562824,103.21077315037707,23.80809259714475,21.345990600183434
148.0734295037312,103.90509109382262,23.80809259177788,21.345990587086863
148.34384421995873,104.6788775329029,23.808092579412577,21.345990560107328
148.00323151194596,106.05929595572495,23.808092576393616,21.345990554139146
147.7887539140879,107.04486233549768,23.808092574775436,21.345990549873218
147.53760798974992,108.23961193875331,23.80809256525515,21.34599053083144
147.23415577083387,108.89997550267711,23.80809255600857,21.345990512892904
170.85941594965436,102.73046774816275,23.486096215701558,21.08751285022973
170.5894167370455,104.43353256918114,23.486080850788653,21.087478951372283
170.9798521084625,105.20674242299906,23.486078519018825,21.087474334297344
171.19528189676865,104.64564738182912,23.486075885537,21.087467503871725
171.6592447247791,105.0084753498212,23.486075756611918,21.087465156659388
172.33138929854184,104.7097782615154,23.48607567349374,21.08746444963833
173.069677471937,105.54712938333203,23.486074224469522,21.08745459835431
173.76148613439457,105.39650651164965,23.486072274119543,21.087436651724268
174.67213260512975,106.13271171563214,23.486067560684127,21.08742702825177
175.0410630229161,106.21726625390238,23.486067464342543,21.08742686406002
175.24785753776774,106.6447384324006,23.48606716712028,21.087426438166354
175.45465205261934,107.07221061089878,23.486066869898057,21.087426012272747
176.39291613179358,106.85947357879901,23.486066855432366,21.08742596920681
176.60528313664966,107.5838206218259,23.486066812309137,21.087425516232575
177.31155098581198,108.17724269956669,23.486066781403988,21.08742523282128
178.1456979025245,108.53228647888649,23.486066781711557,21.08742521194719
178.64515967062965,108.56330891049899,23.486066785616554,21.087425110797135
179.14462143873484,108.59433134211149,23.486066789521548,21.087425009647085
179.98838252700475,109.43116907589095,23.48606678590959,21.087424959988244
180.95310439115224,110.07231093711088,23.48606677461746,21.087424901298075
181.39907795606908,109.89079176524922,23.48606673540956,21.087424734937244
182.50875921840566,110.15821183644933,23.486066708066147,21.087423447803623
184.02504490817734,110.734581118463,23.48606664428813,21.087423097315398
185.0844454043369,111.3407876465231,23.486066530493826,21.0874227561534
185.6834193643965,111.23181860517717,23.486063609115735,21.087416872456533
185.95167623272854,111.74060368436385,23.486062247329603,21.087415421549313
186.64701153786183,112.46303207747798,23.48606193659305,21.087414682951348
187.02383286301904,113.1744437328136,23.486061785725514,21.087414562969204
187.36968830986933,113.1316263465261,23.486061721759732,21.087414515380956
187.4584991081952,113.71595860177196,23.48606165361424,21.087414460303055
187.58984663996063,114.12784611480646,23.48606148535087,21.087414427653684
187.615701283371,114.10014390754378,23.486061392266432,21.08741441378642
187.6415559267814,114.07244170028108,23.486061299181998,21.087414399919155
188.05846499910137,113.42624141197736,23.486061232583108,21.08741437800059
187.537082937281,113.90418201977594,23.486060573318248,21.087414459991777
187.86615118232098,114.91524786731381,23.48605794764107,21.087414446358302
187.72231580897488,114.90809196205711,23.48605653227729,21.087414417976632
187.66376092490918,115.71764673639525,23.486053745798944,21.08741438067576
187.57350382680346,116.32914668602315,23.486046200500958,21.08741441180174
187.05081726094232,116.40838262741308,23.486041720109256,21.087415975987103
186.1604755888159,116.61957083850089,23.486035705650846,21.087418987920213
185.91490217612622,116.81642923874163,23.486030423314606,21.087419804235232
185.66932879323699,117.01328760918157,23.486025140982147,21.0874206205472
185.66280950023364,118.35195432806546,23.486024683815604,21.08742053772937
185.77258275071185,120.0899717956801,23.48602462012267,21.087420482184534
185.6871212249653,121.91078881129225,23.486024125659196,21.087420199968417
185.74317047567624,123.08869284372726,23.48602392320418,21.08742015473647
185.25382928718312,123.89674478918435,23.48602390139433,21.087420151380265
184.6648679225437,124.92257514786502,23.486023547367864,21.087420210157234
183.15956161334412,125.06016900529045,23.48602343955545,21.087420196293234
182.23868776561437,125.61411752352839,23.48602337424224,21.087420203045507
180.8779905956671,125.94843931019172,23.48602269842026,21.08742016390234
179.41159230838196,126.76341422545865,23.48602255630047,21.087420141489215
178.0407316204283,127.39692064584837,23.486022540529934,21.087420135258718
176.30085094748168,127.9366406548221,23.48602252434736,21.08742011498429
174.64902981955302,128.1693338588122,23.48602250725545,21.08742009769012
173.66604295779078,127.71226172838624,23.486022495924267,21.087420080969423
172.5961281454203,127.94838684659493,23.486022485045112,21.08742006771182
171.57782141882436,128.11706795287017,23.48602247388152,21.087420055183113
170.7314798697174,127.3991126045801,23.486022471395096,21.087420050011524
170.7923799282833,127.43076064111702,23.486022464007327,21.087420041672136
170.38741277097554,127.2761635104656,23.486022460557194,21.08742003617889
168.8586993131255,127.10607980970906,23.486022446783384,21.087420004668516
167.12580060164635,127.0466479447424,23.48602244542529,21.08742000297911
164.4953811122456,126.40366087658585,23.486022438783657,21.087419994356615
163.74401944567018,126.16955837615737,23.486022435714755,21.08741999028307
162.1455395793574,125.78320589772818,23.486022434377286,21.087419988225744
161.1126688103255,126.13572210236961,23.486022433439672,21.087419987180343
159.94244009256687,125.71216068053427,23.486022429534245,21.087419982817117
158.99151819961529,126.53598592091203,23.48602242919784,21.087419982332
158.5816459360475,127.94080004514608,23.48602242899344,21.087419982078607
158.2274584477709,129.76630303704442,23.48602242843481,21.087419981634582
157.82307082546632,131.71585056648584,23.48602242690066,21.087419981192895
157.36096576019665,133.48852393498998,23.48602242627165,21.087419981092598
156.77011981810304,136.0979208695404,23.486022425464363,21.087419981010303
156.0984120695114,138.79003927617086,23.486022423914097,21.087419980340954
155.36536428887266,141.43896434269558,23.486022418441994,21.08741997928
154.71765313600494,143.89038012155044,23.486022408579938,21.087419975983174
154.34683008664675,146.3316445150577,23.48602239628482,21.087419970859486
153.9860879409063,148.3646783661309,23.48602238429131,21.087419964330774
153.5875476592691,150.32761395259607,23.486022311541184,21.08741992520476
153.29978468407563,152.58806886017,23.48602226285891,21.087419896281215
152.97907850122112,154.74071399310884,23.486022191605823,21.087419852571514
152.7434564547262,156.75594311379808,23.48602186001408,21.087419584673288
152.45610705945978,158.90696891787627,23.486021785133282,21.08741952070636
152.00702838911397,160.89825381165866,23.486021648446062,21.087419427660606
151.5723626458833,162.91511865900276,23.486021417416303,21.08741928619511
151.0907550528139,165.38931587129264,23.48602113324104,21.087419160168768
150.42549560207004,168.21400574923854,23.486021073775987,21.0874191345016
149.9497449444359,171.18135649500547,23.486020959963312,21.087419085686253
149.7467210816597,174.2004898702146,23.486020834668444,21.087418994050935
149.48459053723974,177.72233307262852,23.48602080652688,21.087418979146193
149.0821192186028,181.2458094828755,23.486020657107165,21.08741888310905
148.70125403362033,184.10856239190858,23.486020117724564,21.087418417063148
148.04299029808487,186.87593815613184,23.486019983738736,21.087418303869306
147.8068722752413,188.9394879638054,23.486019902764617,21.087418202529765
147.7358207388147,190.71039122441908,23.486019840031982,21.087418140729273
147.80316905006237,192.38532514391304,23.48601982035803,21.087418122481097
148.15573714514133,194.41396342236425,23.486019690914812,21.087417814510555
148.47294264278682,197.23485034055983,23.486019434568867,21.08741672515917
148.97742374109538,199.93350596178385,23.486019273130864,21.08741621650633
149.76695002684747,202.5559403001571,23.4860187922715,21.087414864588933
150.24641477060032,205.2543195990491,23.486018485864722,21.087414346333723
150.6261403017731,208.83525172521075,23.48601773994835,21.08741389787395
150.86047294906916,212.1030103534234,23.48601572059809,21.08741290350309
151.03031110344395,214.30826925124623,23.486015553587368,21.087412800423344
150.93250230179638,216.02753008608977,23.486015466200115,21.08741275434774
150.81726157217085,218.12442125584664,23.48601544985949,21.087412744393298
150.68927657532055,219.9784707028599,23.48601544233942,21.087412738763984
150.6225851023681,221.88158264491807,23.48601542709029,21.08741272397138
150.7710310592958,222.45629364496295,23.486015411151694,21.08741271007412
150.79191396058482,222.4562936656954,23.486015350577567,21.08741266860923
150.70294174306133,222.45629370803724,23.486015229745934,21.087412583925538
150.58781917031945,222.45629374261034,23.486015127746445,21.087412514779306
150.47269659757757,222.45629377718348,23.48601502574696,21.087412445633078
150.39672994620292,222.45629381026808,23.486014926673196,21.08741237946386
150.3022386281268,222.45629384052793,23.486014837682042,21.08741231894413
150.22602504899208,222.4562938724481,23.486014739844123,21.08741225510383
150.14981146985738,222.45629390436824,23.486014642006204,21.087412191263528
150.09060953004217,222.45629393228444,23.48601455789198,21.087412135431133
149.9127620489174,222.4562939542263,23.486014481107652,21.087412091547375
149.83214726144786,222.45629399058691,23.48601437109777,21.087412018826143
149.755754680657,222.4562940260858,23.486014261273333,21.087411947828418
149.72634042038578,222.4562940469636,23.486014204416517,21.087411906072795
149.6072067338099,222.45629406125732,23.486014155845837,21.08741187748536
149.4737940080908,222.45629407463474,23.486014110133624,21.08741185073051
149.44385342440782,222.45629408783668,23.486014074623036,21.08741182432662
149.40758805460516,222.45629410109612,23.48601403796605,21.08741179780776
149.37132268480252,222.45629411435556,23.48601400130907,21.087411771288902
149.28510914456245,222.45629413474518,23.486013949063505,21.087411730509636
149.2058280009202,222.45629415331032,23.486013903956223,21.087411693379362
149.13479923628685,222.4562941748968,23.48601385048693,21.087411650206366
149.0004834729902,222.4562942101745,23.486013769786137,21.087411579651015
148.86616770969357,222.45629424545217,23.486013689085347,21.087411509095666
148.72058156740556,222.45629427573763,23.486013618247892,21.087411448524755
148.56697799689096,222.45629433356154,23.486013443116907,21.087411332876897
148.31260309182207,222.45629442024767,23.486013291401644,21.08741115950466
148.05822818675318,222.45629450693377,23.48601313968639,21.087410986132433
147.8561506136422,222.45629455860052,23.48601303154437,21.08741088279895
147.71431362033573,222.4562946336916,23.486012867451944,21.08741073261678
147.50334859391356,222.45629465792507,23.486012815802233,21.08741068414984
147.30852360021268,222.4562946836626,23.48601275637857,21.087410632674803
147.10390377280996,222.45629470735912,23.486012701806725,21.087410585281734
147.16219469110658,222.45629474217466,23.48601263301094,21.08741051565065
147.2204856094032,222.4562947769902,23.486012564215155,21.087410446019565
147.2792315733705,222.4562948133724,23.48601249249793,21.087410373255185
147.33216869337804,222.4562948515552,23.486012418375452,21.087410296889555
147.4085945318206,222.45629494086734,23.48601224855805,21.08741011826533
147.35157218981968,222.4562950429839,23.486012035301624,21.08740991403219
147.29454984781873,222.45629514510046,23.486011822045207,21.08740970979906
147.34746495835685,222.45629525170216,23.486011599819797,21.087409496595658
147.4496607415512,222.45629537605197,23.486011349010475,21.087409247896062
147.41620002582164,222.45629548860998,23.486011106754543,21.087409022780015
147.52783324733608,222.45629555612624,23.486010967264907,21.08740888774753
147.63946646885054,222.4562956236425,23.486010827775274,21.087408752715046
147.7540440922002,222.45629569012982,23.486010689408587,21.087408619740387
147.87591246468114,222.45629574797303,23.486010554263274,21.08740850405394
147.8533068199175,222.45629578698572,23.48601048393202,21.087408426028542
147.75789247687615,222.45629596220385,23.486010190999377,21.087408075592297
147.66247813383478,222.45629613742196,23.486009898066758,21.08740772515608
147.71095955707324,222.45629626607723,23.48600968978917,21.087407467845527
147.7594409803117,222.4562963947325,23.486009481511594,21.087407210534987
147.6758637922734,222.4562965184343,23.48600926233233,21.08740696313142
147.7300627206896,222.45629665522506,23.48600904578777,21.08740668954991
147.77731887222274,222.45629678750302,23.486008832808444,21.087406424993954
147.7346063675038,222.45629692279593,23.486008592014116,21.08740615440813
147.78066233279094,222.45629704753617,23.48600839052528,21.08740590492764
147.77621070310585,222.4562971688404,23.486008167897914,21.087405662319217
147.74702206541235,222.45629730877334,23.486007912859147,21.08740538245331
147.88445262759504,222.45629738158996,23.48600773681794,21.08740523682008
148.01771051954879,222.4562974949299,23.486007505908024,21.087405010140202
148.14817492025156,222.45629762631296,23.486007245924394,21.087404747374094
148.26315005182144,222.45629773624495,23.48600703826463,21.087404527510124
148.36853008955126,222.4562978342842,23.48600685586472,21.087404331431642
148.51624635135514,222.4562979355493,23.486006631632485,21.08740412890145
148.67803818648497,222.45629800752948,23.486006474871164,21.087403984941012
148.83983002161477,222.4562980795097,23.486006318109848,21.087403840980578
148.8489269807229,222.45629814894926,23.486006149604542,21.087403702101472
148.84108271269892,222.4562983258201,23.486005688890433,21.087403348359803
148.82283631981952,222.4562984912861,23.486005244038157,21.087403017427796
148.80458992694008,222.4562986567521,23.486004799185924,21.087402686495818
148.89138910069335,222.45629876713264,23.486004592157524,21.08740246573473
149.02470517875483,222.45629884646814,23.48600442670572,21.08740230706371
149.02835004330566,222.4562989702807,23.486004108638475,21.087402059438613
149.07577090619384,222.4562992124263,23.486003684303366,21.08740157514739
149.12319176908196,222.4562994545719,23.4860032599683,21.087401090856215
149.06473317166433,222.45629964161415,23.486002807382164,21.087400716771707
149.12350060699316,222.45629977483108,23.48600257417569,21.087400450337842
149.15256171862984,222.4562999272973,23.48600224073196,21.087400145405404
149.17997627282665,222.45630008483647,23.486001969852264,21.087399830327083
149.20739082702346,222.45630024237562,23.486001698972586,21.087399515248784
149.26934666494202,222.4563004193949,23.486001292144607,21.08739916121024
149.33699192311988,222.45630063283755,23.486000832255893,21.08739873432491
149.39019617448048,222.45630080008416,23.486000448736387,21.087398399831674
149.46436095733512,222.4563010767179,23.485999962178266,21.08739784656422
149.50041874480303,222.45630130023952,23.48599955521785,21.087397399520942
149.53647653227094,222.45630152376114,23.485999148257477,21.08739695247771
149.54548817885268,222.45630161342518,23.485998958569546,21.087396773149646
149.52394626804787,222.45630169453827,23.485998777147945,21.087396610923463
149.54914515331075,222.4563018144222,23.485998507017957,21.087396371155585
149.5743440385736,222.45630193430614,23.485998236887983,21.08739613138772
149.65746571965124,222.4563020798811,23.485997965958354,21.087395840237786
149.7207160242892,222.45630223274492,23.485997680097224,21.087395534510144
149.82477880799743,222.45630236993904,23.48599734633095,21.087395260121927
149.7293752421021,222.45630247329606,23.485997031284242,21.0873950534079
149.80154440244448,222.45630262245544,23.485996767044565,21.08739475508913
149.77820685095887,222.45630278727072,23.485996370487182,21.087394425458587
149.752283573308,222.45630294921713,23.4859959819932,21.087394101565724
149.8873579070841,222.45630307739833,23.485995740735344,21.087393845203323
149.8640588165748,222.45630321799626,23.48599537927224,21.087393564007456
149.80212040063054,222.4563033213491,23.48599510306373,21.08739335730178
149.74018198468625,222.45630342470193,23.485994826855233,21.08739315059612
149.87815852614008,222.4563035174262,23.485994649364063,21.087392965147597
149.84887422814035,222.45630363795783,23.48599436540154,21.087392724084342
149.79958701900884,222.4563037255088,23.48599415274843,21.087392548982404
149.70712978448577,222.45630377655138,23.4859940179652,21.08739244689724
149.75064548089802,222.4563038691718,23.485993855471158,21.087392261656394
149.88359414361474,222.45630399939844,23.485993625241147,21.0873920012031
149.86793540805462,222.45630410916792,23.485993344506728,21.08739178166415
149.8582842541174,222.45630421566113,23.48599307560085,21.08739156867771
149.78964827993016,222.45630428909752,23.485992889552033,21.08739142180494
149.73531207410397,222.45630436540117,23.4859927046902,21.087391269197646
149.8156107185709,222.45630444627517,23.48599256131374,21.08739110744964
149.7536789554804,222.4563045394276,23.485992382992162,21.08739092114478
149.85258126916963,222.45630469240217,23.485992132096673,21.087390615195673
149.84753472742565,222.45630478824393,23.485991933607757,21.08739042351214
149.8195830649141,222.45630488143803,23.485991738195757,21.087390237123913
149.83076787827216,222.45630496562848,23.48599155026201,21.08739006874302
149.84195269163018,222.45630504981892,23.48599136232827,21.087389900362133
149.84653299552798,222.4563051233257,23.485991195879155,21.08738975334856
149.77861883902818,222.4563052946436,23.485990820138,21.08738941071278
149.58860866994738,222.4563054857922,23.485990361046937,21.087389028415625
149.70494451464793,222.4563056145485,23.485990126194707,21.087388770902972
149.82128035934844,222.45630574330482,23.48598989134249,21.087388513390334
149.80324397562077,222.45630582158586,23.485989700537036,21.087388356828296
149.44644337898146,222.4563059446602,23.485989245008184,21.087388110679633
149.49199639830562,222.4563060346348,23.485989077262367,21.08738793073043
149.53919364075836,222.45630614695875,23.48598882170937,21.087387706082517
149.58639087948586,222.45630625928268,23.485988566156276,21.087387481434615
149.56806709767278,222.45630637585938,23.485988348052743,21.087387248281242
149.67045948378038,222.45630647894473,23.48598816286318,21.08738704211057
149.68148172334742,222.4563066227295,23.48598789535517,21.087386754540987
149.67406966368583,222.45630678517077,23.4859876130911,21.087386429658466
149.77663202542243,222.45630691441045,23.485987416833847,21.087386171179112
149.7600090167624,222.4563070614383,23.48598710696226,21.087385877123392
149.7615656979829,222.4563072248851,23.48598678149659,21.087385550229765
149.7257946865584,222.45630735758922,23.485986504061636,21.087385284821526
149.81822662434237,222.45630749060138,23.485986300154124,21.087385018797253
149.59469282999171,222.45630769222257,23.485985763845928,21.08738461555485
149.64560397879114,222.4563077801341,23.485985611530293,21.087384439731814
149.76262534287065,222.4563078523277,23.485985453366194,21.087384295344574
149.61379529196034,222.45630796437567,23.48598514478259,21.08738407124869
149.69329010562467,222.45630822684524,23.48598457439879,21.08738354630955
149.85561899249896,222.45630855057811,23.485984002417165,21.087382898843796
149.74553447525898,222.45630880467084,23.48598331386327,21.087382390658323
149.85393324956647,222.45630904724254,23.485982819062187,21.087381905514917
149.67594202521468,222.45630921982786,23.485982308495295,21.087381560344294
149.77574940280508,222.45630931963095,23.48598198874884,21.08738136073813
149.55274272853856,222.4563095538925,23.48598126081056,21.08738089221499
149.5461527661609,222.4563096861563,23.4859809687915,21.087380627687445
149.58915758909603,222.4563098410534,23.485980661419386,21.087380317893185
149.63216241203114,222.45630999595053,23.485980354047292,21.08738000809895
149.74750584700027,222.45631014597734,23.48598004438219,21.087379708045304
149.91525147874407,222.4563103887393,23.485979335465725,21.087379222521385
149.74676881175034,222.4563106792965,23.48597857209828,21.087378641406964
149.76661292206353,222.45631101410672,23.48597754540207,21.08737797178654
149.5948268511042,222.45631128167517,23.485976772720367,21.087377436649636
149.65568591761937,222.4563115220531,23.48597619700111,21.087376955893767
149.62504095067678,222.4563117186679,23.485975728920884,21.087376562664204
149.60249376198675,222.456311883544,23.48597525489652,21.087376232912014
149.59698088139663,222.456312023088,23.485974899988722,21.08737595382402
149.5914680008065,222.45631216263197,23.485974545080953,21.087375674736045
149.5789541344518,222.45631230288575,23.485974194316892,21.087375394228523
149.62019770911158,222.4563124637829,23.485973786242166,21.0873750724342
149.66136365954344,222.4563126244166,23.485973378875318,21.08737475116682
149.811546380411,222.45631272390807,23.485973027510415,21.08737455218388
149.8014017843563,222.45631284591667,23.48597261599903,21.08737430816667
149.79298208967154,222.45631303787297,23.48597203732795,21.087373924254074
149.73906410410768,222.45631329699413,23.48597131493032,21.08737340601174
149.90898903006618,222.45631344918763,23.485970964861547,21.08737310162473
149.89387518447754,222.45631366543722,23.485970361606665,21.087372669125553
149.87876133982033,222.45631388168692,23.4859697583516,21.087372236626173
149.87432127365784,222.45631409180862,23.485969175790647,21.08737181638273
149.88906262454196,222.45631428958876,23.485968628198087,21.087371420822457
149.86843641093077,222.45631449267518,23.485967987867426,21.087371014649634
149.59456979918068,222.45631466433844,23.485967010413166,21.087370671323104
149.70248181456736,222.4563148658087,23.485966227668527,21.08737026838259
149.80865048137733,222.4563150572609,23.485965702491676,21.087369885478186
149.47709368016962,222.45631515841953,23.485965472433335,21.087369683160922
149.19205168274766,222.45631522049084,23.48596531267138,21.087369559018306
148.9380165904019,222.45631528858232,23.485965147669646,21.087369422835373
148.73961964222713,222.45631537799287,23.485964933482588,21.087369244014283
148.66150511427247,222.4563154688045,23.485964761610596,21.087369062391012
148.58339058631782,222.45631555961612,23.48596458973861,21.087368880767748
148.43464627173654,222.45631566533302,23.485964380466932,21.087368669333955
148.28148034677645,222.4563157791863,23.48596414883083,21.08736844162743
148.1422156874239,222.45631592262063,23.485963883128083,21.087368154758714
148.0195928759184,222.45631602980833,23.48596369181569,21.087367940383334
147.8969700718635,222.45631613699607,23.485963500503217,21.087367726007873
147.9483288518088,222.45631622067162,23.485963355110933,21.08736755865675
147.99904387550723,222.45631629913333,23.4859632171818,21.08736740173334
147.8719756277227,222.4563163328705,23.48596315040343,21.087367334258982
147.74490737993818,222.4563163666077,23.485963083625055,21.087367266784625
147.77149033877555,222.4563164109702,23.485963000347404,21.08736717805959
147.63608276207322,222.4563164454267,23.485962930296612,21.087367109146594
147.66742662162423,222.4563164993036,23.48596283171518,21.087367001392803
147.70279262273237,222.45631657531905,23.48596268542778,21.087366849361906
147.73815862384055,222.4563166513345,23.485962539140385,21.087366697331014
147.82622737419643,222.456316715627,23.485962411279953,21.087366568745985
147.81309205376414,222.45631676503697,23.485962308685064,21.087366469926042
147.7856874202183,222.4563168024912,23.485962232706985,21.087366395017654
147.80630696668808,222.45631684946238,23.485962144349568,21.08736630107526
147.82692651315787,222.45631689643358,23.485962055992154,21.08736620713287
147.82773827345403,222.45631694000681,23.485961970578607,21.087366119986346
147.7080845838056,222.45631698795273,23.485961886706402,21.087366024094564
147.6798886225033,222.45631700212644,23.48596185488893,21.087365995747135
147.65169266120105,222.45631701630015,23.48596182307146,21.087365967399705
147.55645104408225,222.45631703941183,23.48596177033227,21.087365921176353
147.64226360530287,222.4563170665623,23.485961710714307,21.087365866875405
147.71874208749182,222.4563170944511,23.485961649317225,21.087365811097815
147.8026063308343,222.45631712297623,23.485961586704548,21.087365754047514
147.77826789965965,222.4563171746824,23.485961492608826,21.08736565063521
147.80978439439295,222.45631721344193,23.48596142082063,21.087365573116124
147.83629439898485,222.45631724560667,23.48596135994052,21.087365508786647
147.77218514501612,222.456317289782,23.48596127666473,21.087365420436033
147.69075478829953,222.4563173338645,23.485961194242385,21.08736533227099
147.70979873405548,222.45631736447868,23.485961125227384,21.08736527104262
147.72884267981144,222.45631739509287,23.485961056212382,21.08736520981425
147.74232572615554,222.45631742720607,23.48596098398908,21.087365145587835
147.7550137876638,222.45631746161587,23.485960905186264,21.087365076768254
147.7733507492098,222.4563174978982,23.485960822229618,21.087365004203622
147.7949365819119,222.45631753475325,23.48596075260749,21.087364930493514
147.8044001904131,222.4563175752597,23.485960673903847,21.08736484948059
147.8138637989143,222.45631761576615,23.485960595200208,21.08736476846767
147.8269239255654,222.45631765650725,23.48596051657416,21.08736468698547
147.83264747044083,222.45631768560608,23.48596045135498,21.087364628787835
147.70591081452255,222.45631771204128,23.485960391924223,21.087364575917434
147.70270444280104,222.4563177228172,23.485960365699462,21.087364554365596
147.6994980710795,222.45631773359312,23.485960339474705,21.08736453281376
147.65554823727618,222.45631775484674,23.48596029237304,21.087364490306555
147.69234522395814,222.45631776970149,23.48596026332023,21.08736446059701
147.72914221064013,222.45631778455626,23.48596023426742,21.08736443088746
147.82231241604867,222.456317801465,23.485960200185065,21.08736439707003
147.8207689708216,222.45631782220656,23.485960154910384,21.087364355586892
147.80783506313955,222.45631786161007,23.485960079707905,21.08736427677986
147.78674081976217,222.456317904176,23.485960000284567,21.087364191648003
147.76564657638482,222.45631794674193,23.485959920861234,21.08736410651615
147.74030635851614,222.45631796792253,23.48595987570117,21.08736406415492
147.86078720419658,222.45631798278498,23.48595984031467,21.087364034430067
147.87437094752556,222.4563180016343,23.48595979498012,21.087363996731423
148.02620599156967,222.45631803615933,23.48595972580322,21.08736392768136
148.1780410356138,222.45631807068435,23.48595965662632,21.087363858631296
148.34026512549332,222.45631810728054,23.4859595855404,21.087363785438942
148.46021131238146,222.4563181405764,23.48595951570775,21.087363718847183
148.4552052042024,222.45631818409166,23.485959434174767,21.08736363181671
148.51870154163714,222.45631820577438,23.485959387283643,21.087363588451247
148.58219787907186,222.4563182274571,23.48595934039252,21.087363545085783
148.65500822625958,222.45631824994894,23.485959290109633,21.08736350010211
148.67406922691552,222.45631827485528,23.485959234953807,21.08736345028944
148.6911129756498,222.4563182962909,23.485959186797462,21.08736340741819
148.70815672438405,222.45631831772653,23.485959138641118,21.087363364546942
148.73083532012558,222.45631833964848,23.48595908880187,21.087363320703023
148.75357514665438,222.45631836161724,23.48595903885597,21.08736327676551
148.6842178470327,222.4563184090509,23.485958952063214,21.087363181898162
148.72732225013476,222.45631847022597,23.485958824641074,21.087363059548046
148.77042665323683,222.45631853140102,23.485958697218937,21.087362937197934
148.69393621014243,222.4563185697176,23.485958600150457,21.087362860564777
148.72744687471194,222.45631862013923,23.485958506835075,21.087362759721533
148.74539102344784,222.4563186644571,23.48595842675287,21.087362671085852
148.76333517218373,222.45631870877492,23.485958346670667,21.087362582450172
148.6073038098861,222.45631878990116,23.485958181928385,21.08736242019769
148.5583468598564,222.45631884876437,23.485958079151974,21.087362302471263
148.47067608789752,222.4563189254212,23.48595794242385,21.087362149157627
148.38300531593862,222.456319002078,23.485957805695726,21.087361995843995
148.2566856182373,222.45631906708576,23.485957669009103,21.087361865828512
148.2334336088082,222.4563191139429,23.48595757404413,21.087361772114182
148.28015124019703,222.45631916881277,23.4859574795328,21.087361662374484
148.2374236985691,222.45631920700257,23.485957383574135,21.087361585994852
148.1946961569412,222.4563192451924,23.48595728761547,21.08736150961522
148.15102474138138,222.4563192932153,23.48595717846424,21.08736141356939
148.26941645861052,222.45631936983506,23.485957010073406,21.087361260329864
148.284182687083,222.456319423855,23.485956881376552,21.08736115228996
148.33048276780428,222.4563194776865,23.48595675262112,21.08736104462703
148.37678284852558,222.45631953151795,23.485956623865693,21.087360936964103
148.34418369478752,222.4563195703617,23.485956554567046,21.087360859276583
148.44891001955656,222.45631963592223,23.48595644471133,21.087360728155527
148.58900525381225,222.45631966266396,23.48595638442981,21.08736067467207
148.81729362290216,222.45631970889855,23.48595629162427,21.08736058220292
148.82214695148,222.45631977838133,23.485956114897185,21.08736044323732
148.88947308225718,222.45631986141112,23.485955916593376,21.087360277177787
148.95679921303434,222.45631994444088,23.485955718289574,21.08736011111826
149.02979594772737,222.45631999373873,23.485955600839873,21.08736001252254
149.0886274415179,222.456320036092,23.48595549755378,21.087359927816006
149.1327422847803,222.45632006766388,23.485955407643825,21.087359864672255
149.17685712804268,222.45632009923574,23.485955317733875,21.087359801528503
149.23769889403306,222.45632018931158,23.48595511509693,21.087359621376837
149.33141754512076,222.45632025004238,23.485954930021283,21.08735949991525
149.41364132179424,222.45632030552255,23.485954758766784,21.087359388954905
149.40366855106492,222.4563203342018,23.48595467128438,21.08735933159642
149.40012963932753,222.45632037237215,23.485954560073075,21.0873592552557
149.39659072759014,222.4563204105425,23.485954448861776,21.087359178914976
149.39404454001337,222.45632044588677,23.485954351245997,21.087359108226455
149.36161570180565,222.45632047199283,23.48595426907982,21.087359056014346
149.41558365506793,222.45632058195073,23.48595401469204,21.087358836098552
149.46955160833022,222.45632069190862,23.485953760304277,21.08735861618277
149.52708190320277,222.45632075759576,23.485953596853946,21.087358484808483
149.60194931017165,222.45632078922642,23.48595351840508,21.087358421547172
149.6419761676395,222.4563208604252,23.48595333410281,21.087358279149637
149.68200302510738,222.45632093162394,23.485953149800547,21.08735813675211
149.71899976768728,222.45632095836052,23.485953086731755,21.087358083278964
149.69776767424347,222.45632098724693,23.485953017332736,21.087358025506163
149.64067381391087,222.45632102503893,23.485952923702662,21.08735794992212
149.58357995357827,222.45632106283097,23.485952830072588,21.08735787433808
149.5357389059213,222.45632112949468,23.48595266201217,21.087357741010614
149.48315535439318,222.45632118720332,23.485952517713446,21.087357625593363
149.38225592285815,222.45632128178792,23.485952301007686,21.087357436424135
149.24340423889038,222.45632141192377,23.48595199629573,21.08735717615245
149.1108696311164,222.45632154228574,23.485951697330673,21.087356915428508
148.97833502334242,222.4563216726477,23.48595139836564,21.087356654704582
148.80812610953748,222.4563217640681,23.48595121502542,21.087356471863785
148.58015042127045,222.456321839489,23.485951049897295,21.087356321022025
148.51170760169697,222.4563219058973,23.48595091192842,21.087356188205398
148.4704757124735,222.4563219744306,23.485950777709487,21.087356051138773
148.42924382325003,222.45632204296393,23.48595064349056,21.087355914072152
148.38659662417558,222.4563221216888,23.48595048949209,21.087355756622422
148.32959046856186,222.45632220530405,23.485950320937413,21.087355589391912
148.24486848579312,222.45632227778663,23.485950172505106,21.087355444426763
148.17481565949586,222.45632237492265,23.485949966654463,21.08735525015468
148.1047628331986,222.4563224720587,23.48594976080383,21.087355055882604
148.0374017542522,222.45632253728743,23.485949626273396,21.08735492542515
147.97376199638475,222.45632260921658,23.48594948786301,21.087354781566816
148.01384469051163,222.45632266594882,23.485949366599918,21.08735466810235
148.0539273846385,222.45632272268105,23.48594924533683,21.087354554637887
148.09489808932008,222.4563227857371,23.4859491127624,21.087354428525824
148.11146640728919,222.4563228365183,23.48594900480955,21.087354326963407
148.11435765374208,222.4563228813524,23.485948909367686,21.08735423729518
148.11724890019497,222.45632292618652,23.48594881392582,21.087354147626957
148.14872825513316,222.4563229798315,23.485948709636897,21.08735404033699
148.3504286378398,222.45632301742955,23.485948633587117,21.087353965140874
148.30847032465022,222.45632305379996,23.485948558589808,21.08735389240006
148.26136533357806,222.45632308710879,23.485948489734028,21.087353825782404
148.2142603425059,222.45632312041764,23.48594842087825,21.08735375916475
148.32738618509885,222.4563231730518,23.48594832296403,21.087353653896393
148.28822572557544,222.45632321255724,23.485948247037616,21.087353574885505
148.47998472782774,222.4563232592885,23.48594816350395,21.087353481423033
148.4660206271149,222.45632330400417,23.4859480777663,21.087353391991684
148.45205652640203,222.45632334871982,23.48594799202865,21.087353302560334
148.43648872715468,222.45632338868452,23.485947915957286,21.087353222630963
148.35562854810823,222.45632341736984,23.485947864060837,21.087353165260318
148.37093477491138,222.45632344705476,23.48594778417912,21.08735310589046
148.45235210408856,222.456323480578,23.485947725438933,21.08735303884401
148.53376943326572,222.45632351410123,23.485947666698745,21.08735297179756
148.51374924019402,222.4563235590091,23.48594758218243,21.08735288198184
148.49310402554977,222.45632359778745,23.48594750847564,21.08735280442512
148.27550366666938,222.45632363930255,23.485947415803977,21.087352721394886
148.19102021498253,222.45632368027947,23.485947340389302,21.087352639441068
148.20210121912044,222.4563237100893,23.485947283402098,21.08735257982141
148.21318222325831,222.45632373989912,23.485947226414893,21.087352520201755
148.185762575562,222.45632381352624,23.48594710074389,21.087352372947546
148.21259449923568,222.4563238812693,23.485946920687933,21.087352237461428
148.14971658355083,222.45632393230105,23.485946831051397,21.087352135397886
148.25990872753607,222.45632397730913,23.485946753429086,21.087352045381778
148.3701008715213,222.45632402231718,23.485946675806776,21.08735195536567
148.31007202065595,222.45632410054438,23.485946533911893,21.08735179891125
148.15032574153443,222.4563241391813,23.485946454043795,21.087351721637415
148.01700209240946,222.45632417299217,23.485946383624274,21.087351654015674
148.10176299230633,222.456324220327,23.485946303047818,21.087351559346008
148.1865238922032,222.45632426766184,23.485946222471366,21.087351464676342
148.26307359970883,222.45632431684044,23.48594613573959,21.087351366319137
148.34950677482664,222.45632435336444,23.48594607035124,21.08735129327112
148.48972874999143,222.45632439728777,23.485945997003423,21.087351205424433
148.6800249072627,222.4563244408421,23.48594590944298,21.087351118315794
148.87032106453398,222.45632448439642,23.485945821882535,21.08735103120716
148.75923307107183,222.45632459487638,23.485945555011174,21.08735081024726
148.68407938456627,222.45632465885208,23.48594542169948,21.08735068229581
148.86417421274598,222.45632470725948,23.485945322415528,21.087350585481037
148.7059279745973,222.45632479656496,23.485945121977977,21.087350406870083
149.00083559461223,222.4563248455415,23.48594502171863,21.087350308916978
148.9718922590886,222.45632494192125,23.48594482405057,21.087350116157502
148.80538127755352,222.45632500568692,23.485944639703668,21.087349988626144
148.65846795823333,222.45632506655025,23.485944459877906,21.087349866899512
148.65952534261518,222.45632514476878,23.485944304189008,21.087349710462448
148.72851770304186,222.45632525281331,23.48594411247327,21.08734949437338
148.7975100634685,222.45632536085785,23.485943920757542,21.087349278284325
148.71631239460618,222.45632545576535,23.485943676879153,21.087349088469317
149.0278140588799,222.456325568182,23.485943473522475,21.087348863636024
149.06341461125726,222.45632565947773,23.48594326109696,21.087348681044567
148.9288196136177,222.45632575924398,23.485943004548847,21.087348481512063
148.95159060775396,222.45632584324812,23.48594282056016,21.087348313503764
148.97436160189022,222.45632592725227,23.485942636571483,21.087348145495472
148.97147283701705,222.45632600464,23.48594245526913,21.087347990719998
148.96608435461002,222.45632608996655,23.48594225583256,21.0873478200669
149.01200131924733,222.4563261768448,23.485942081931913,21.087347646310374
149.0266450984261,222.45632625259094,23.485941912122648,21.087347494818108
149.12831455173279,222.45632630168976,23.48594176266658,21.08734739662051
149.22998400503948,222.45632635078854,23.485941613210517,21.087347298422912
149.2864168075602,222.45632641870048,23.485941463617745,21.08734716259903
149.47689499445514,222.45632649557612,23.485941292573283,21.087347008847736
149.5641503203365,222.45632659521021,23.48594107508046,21.087346809579575
149.50146755419783,222.45632669846748,23.48594084345512,21.087346603065043
149.43718108082604,222.45632678863748,23.48594064075603,21.08734642272503
149.37289461490488,222.4563268788075,23.48594043805686,21.087346242385024
149.28815860796075,222.45632693812223,23.48594029398993,21.087346123755513
149.2808967666477,222.4563270069708,23.485940067188842,21.087345986058356
149.22043871786443,222.45632708087297,23.485939798178208,21.087345838254084
149.20398634719615,222.4563271525003,23.485939560673234,21.08734569499941
149.22241466657766,222.45632720521823,23.485939416754153,21.087345589563554
149.37978372943354,222.45632727192148,23.485939296442076,21.08734545615702
149.53715279228945,222.45632733862476,23.485939176130003,21.08734532275049
149.54302025065135,222.45632739679303,23.485939021635183,21.08734520641392
149.56157940186773,222.4563274555042,23.485938863535825,21.087345088991597
149.40525842165306,222.45632750759398,23.48593869668966,21.087344984812034
149.48076223724107,222.4563275771361,23.48593849427896,21.087344845727774
149.55969559810367,222.4563276462919,23.485938295223573,21.087344707416232
149.63862895896625,222.45632771544766,23.48593809616819,21.087344569104694
149.6626339362887,222.45632777391413,23.485937876124044,21.087344452171738
149.51865307804866,222.4563278533035,23.4859375433583,21.087344293393034
149.5658696730668,222.45632798832463,23.485937191583172,21.087344023350735
149.55905128008936,222.45632815190305,23.485936734699305,21.087343696193926
149.5522328871119,222.45632831548141,23.485936277815487,21.087343369037153
149.7075251648368,222.45632838923427,23.485936088687236,21.08734322153148
149.82931097291737,222.45632860656997,23.485935694354538,21.087342786860052
149.63722587805566,222.4563288423562,23.4859350240259,21.087342315287582
149.69785520269,222.45632903739994,23.485934670829675,21.08734192520014
149.75848452732433,222.45632923244364,23.485934317633486,21.087341535112735
149.22725482415856,222.45632943093386,23.485933659077055,21.087341138132263
149.14301510577462,222.45632957398934,23.48593338502756,21.087340852021345
149.17236030353777,222.4563298109079,23.48593284454039,21.087340378184198
149.14272717230722,222.4563301148292,23.48593241683669,21.087339770341575
149.18124576166582,222.45633031395258,23.485932021218648,21.087339372094824
149.21976435102442,222.45633051307595,23.48593162560065,21.087338973848116
149.25332493189347,222.45633067201234,23.485931328849926,21.087338655975334
149.35727664117,222.45633078917416,23.485931071941813,21.0873384216517
149.39760396026543,222.45633091740575,23.485930809006028,21.087338165188513
149.4603374534275,222.45633102693336,23.485930571753933,21.087337946133307
149.4651740591484,222.45633111869017,23.485930370870072,21.087337762619672
149.47001066486928,222.456331210447,23.485930169986222,21.08733757910605
149.47486533836715,222.45633130187852,23.485929969795563,21.087337396242948
149.48974800886828,222.45633137090826,23.485929796998217,21.087337258183496
149.60637134959455,222.4563314968332,23.48592948669566,21.08733700633362
149.76004190002172,222.4563316744836,23.485929126998897,21.08733665103276
149.53990305303859,222.456331883085,23.485928588867502,21.087336233829987
149.5359714488044,222.4563320362869,23.485928252476924,21.087335927426157
149.59704516012,222.4563321832274,23.485927756665976,21.0873356335452
149.6483123476838,222.45633231896565,23.485927288236628,21.087335362068718
149.57055908144807,222.45633247438917,23.485926882012144,21.087335051221686
149.49280581521234,222.45633262981266,23.485926475787704,21.087334740374686
149.26349181798247,222.45633267404318,23.48592599458139,21.087334651913626
149.01632324897474,222.45633272427006,23.48592587187377,21.087334551459914
148.75856222429695,222.45633277802534,23.48592573924154,21.087334443949324
148.50469782474153,222.45633283377552,23.48592560406442,21.087334332448947
148.44976383461054,222.45633290709574,23.485925467649583,21.087334185808523
148.39482984447955,222.45633298041594,23.48592533123475,21.087334039168102
148.27041078608195,222.45633304933355,23.48592520216122,21.087333901332897
148.14101603149112,222.45633311242165,23.4859250825988,21.087333775156697
147.9979050696224,222.45633317311257,23.48592496568301,21.087333653774888
147.85479410775366,222.45633323380346,23.485924848767226,21.08733353239308
147.77345826706988,222.45633331914232,23.485924695904387,21.08733336171539
147.78982081840195,222.45633339725626,23.485924543702826,21.087333205487486
147.9619545747988,222.45633343591535,23.485924458830443,21.08733312816929
148.1340883311956,222.45633347457445,23.485924373958063,21.0873330508511
148.30411850604767,222.4563335142509,23.48592428812614,21.08733297149822
148.40723395477534,222.45633356320906,23.485924194994926,21.08733287358189
148.52011610323302,222.4563336138846,23.485924098170898,21.0873327722308
148.64978431597274,222.45633366823563,23.485923995237492,21.087332663528727
148.70006293976067,222.45633372482257,23.485923873766446,21.087332550354837
148.75034156354863,222.4563337814095,23.485923752295403,21.08733243718095
148.80804373982144,222.45633383966899,23.485923640536768,21.087332320662036
148.75470306035123,222.4563338918042,23.48592353337461,21.087332216391584
148.71179593935966,222.4563339808383,23.485923373850387,21.087332038323368
148.65353514155373,222.45633408267892,23.48592319373974,21.087331834642146
148.5952743437478,222.45633418451953,23.4859230136291,21.087331630960936
148.6483973285925,222.45633424235317,23.485922874594777,21.08733151529366
148.66646024137478,222.45633429536753,23.485922772302807,21.08733140926496
148.67769784953856,222.45633435652832,23.485922660754206,21.087331286943392
148.63483786253508,222.4563343983964,23.485922587406485,21.087331203207242
148.5919778755316,222.45633444026444,23.485922514058768,21.08733111947109
148.7820048686268,222.45633451287398,23.485922346094178,21.087330974252016
148.8041277140371,222.4563345719841,23.48592221499583,21.087330856031826
148.82625055944735,222.4563346310942,23.48592208389749,21.08733073781164
148.74454031629884,222.45633468400052,23.4859219526141,21.087330631998977
148.75937581553111,222.45633476931224,23.485921758888512,21.087330461375508
148.71786534652233,222.45633484852104,23.4859214584599,21.087330302957948
148.8202521562443,222.45633497784013,23.485921160763713,21.087330044319746
148.76410032692675,222.4563350980197,23.485920899308592,21.087329803960607
148.72834978774256,222.4563351645659,23.485920685388717,21.087329670868204
148.7618929167791,222.45633524863845,23.485920460838692,21.087329502723083
148.7242984220426,222.45633531123738,23.485920306892393,21.087329377525236
148.84062117343169,222.4563353825649,23.485920151828672,21.087329234870207
148.84511411124618,222.45633543657075,23.485920034027462,21.087329126858474
148.85959591613954,222.4563354976723,23.485919902522852,21.087329004655366
148.87291267334868,222.45633555557282,23.485919779261344,21.087328888854373
148.86273716859193,222.45633560719605,23.485919665710068,21.087328785607887
148.8702738819668,222.45633566786069,23.485919533711673,21.087328664278616
148.86587474421933,222.45633571923346,23.48591942137369,21.087328561533056
148.86147560647186,222.45633577060624,23.48591930903571,21.0873284587875
148.8533782443427,222.45633582417673,23.48591919240086,21.087328351646537
148.86947946458952,222.45633588497915,23.485919062767373,21.0873282300417
148.8703096858644,222.45633595766603,23.485918857422785,21.087328084667956
148.82967809256715,222.4563360054083,23.485918747711207,21.087327989183414
148.80057783421677,222.45633606344893,23.48591861449482,21.087327873102126
148.7714775758664,222.45633612148958,23.48591848127844,21.08732775702084
148.73268289707082,222.45633617572616,23.48591835680062,21.08732764854769
148.88806443455942,222.4563362828569,23.485918074649103,21.0873274342862
148.89832914212843,222.456336396148,23.485917782534223,21.087327207703968
148.90859384969744,222.45633650943913,23.48591749041936,21.087326981121752
148.98819832688244,222.4563365726675,23.485917310616,21.08732685466497
148.9603718654294,222.4563366280091,23.48591716062845,21.087326743981823
149.02664927000205,222.45633670145682,23.485916986888697,21.08732659708635
149.01613119447077,222.45633676682962,23.485916775675772,21.087326466340755
149.0056131189395,222.45633683220242,23.48591656446286,21.08732633559517
148.96651734465186,222.4563368891544,23.485916363286574,21.087326221691207
148.94460612572277,222.45633694976004,23.485916169904865,21.087326100479938
148.91063938754598,222.45633705585098,23.48591577391628,21.087325888298015
148.78140198454358,222.45633710685559,23.485915574294438,21.08732578628885
148.65216458154114,222.45633715786016,23.485915374672604,21.08732568427969
148.80434368046664,222.45633722691244,23.485915212147646,21.087325546175148
148.64223331098214,222.4563373301366,23.48591463811695,21.08732533972684
148.64731652285195,222.45633737815137,23.485914404941898,21.087325243697247
148.57927030732782,222.45633743907828,23.48591424768469,21.08732512184345
148.51122409180368,222.45633750000516,23.485914090427485,21.087324999989654
148.37290419343051,222.45633753157404,23.485913978621706,21.08732493685195
148.2427329245729,222.45633757370942,23.485913828968524,21.087324852581162
148.43260956869116,222.45633758859464,23.48591377273424,21.087324822810725
148.55362522724835,222.4563376168078,23.48591367224126,21.087324766384445
148.67464088580556,222.4563376450209,23.48591357174828,21.087324709958164
148.6755486979475,222.456337688863,23.4859134341637,21.087324622274014
148.66691200488148,222.45633774409058,23.485913263854695,21.08732451181886
148.71650906020514,222.45633779395348,23.4859131136356,21.087324412093015
148.99017283132815,222.45633784789214,23.48591297064342,21.0873243042157
148.83981981147383,222.45633789889754,23.485912713192896,21.087324202204893
148.68946679161948,222.45633794990295,23.485912455742383,21.087324100194092
148.63317806288586,222.45633799215932,23.485912340744665,21.08732401568136
148.76358296382645,222.45633800873924,23.485912288228366,21.08732398252152
148.72905733469975,222.4563380486022,23.485912146654734,21.087323902795614
148.74398746288807,222.45633807878744,23.485912062698826,21.087323842425132
148.7589175910764,222.45633810897266,23.48591197874292,21.087323782054654
148.7439418798798,222.45633825119057,23.48591155118378,21.087323497618865
148.75125477363758,222.45633830762196,23.48591137258929,21.087323384756072
148.7919664758761,222.45633837062857,23.485911168779143,21.087323258742874
148.73861386186135,222.45633844502794,23.48591088768247,21.087323109944123
148.81284012900187,222.45633849882208,23.48591068005679,21.08732300235582
148.74566454208997,222.45633855736995,23.485910496062967,21.08732288526009
148.61753294406347,222.45633859232956,23.48591037643832,21.087322815340872
148.64246575212513,222.45633868420765,23.48591008063989,21.087322631584694
148.6673985601868,222.45633877608574,23.48590978484148,21.08732244782853
148.91595599953675,222.45633883582505,23.485909653904248,21.08732232834989
148.81852474997976,222.45633887477697,23.485909489272313,21.087322250446054
148.7210935004228,222.4563389137289,23.48590932464038,21.087322172542216
148.64937009919797,222.4563389305388,23.48590926439243,21.087322138922364
148.54680987246815,222.4563389557468,23.485909184147296,21.08732208850643
148.57281981082005,222.4563390650752,23.485908713553552,21.087321869849553
148.56639019163515,222.45633918911054,23.48590831221165,21.087321621778948
148.4217151293162,222.45633921662048,23.485908195426905,21.08732156675903
148.39032761711138,222.45633924941393,23.485908077345673,21.08732150117214
148.35894010490657,222.45633928220738,23.48590795926444,21.087321435585256
148.2734610940333,222.45633932574407,23.4859077898546,21.08732134851187
148.1871338965975,222.45633937085674,23.485907615577197,21.087321258286522
148.21731068100476,222.45633942975934,23.48590742645928,21.08732114048132
148.1011999652232,222.45633948462816,23.48590720992534,21.087321030743706
147.98508924944167,222.45633953949695,23.48590699339141,21.0873209210061
147.96661126517643,222.45633959252106,23.485906804386577,21.08732081495787
147.8262313506471,222.45633963589043,23.485906643229885,21.087320728219133
147.6994103712636,222.45633967853698,23.485906489980227,21.08732064292602
147.62924693232324,222.45633975150474,23.485906256974367,21.08732049699053
147.55113162569992,222.456339826732,23.48590601821314,21.08732034653598
147.46773715415915,222.45633990722814,23.485905772313647,21.087320185543703
147.71324377610858,222.45633998706816,23.48590560829646,21.087320025863697
148.00495734906696,222.45634009169228,23.48590535513711,21.087319816615416
148.20971922403544,222.45634014778364,23.485905241302845,21.08731970443273
148.41486989833683,222.4563402016884,23.485905130998454,21.087319596623225
148.4438796691862,222.45634028756749,23.4859048622828,21.087319424865022
148.47288944003554,222.45634037344658,23.485904593567163,21.08731925310683
148.49087603809002,222.4563403928066,23.485904525389568,21.087319214386806
148.28549666950002,222.4563404010084,23.485904350006276,21.087319197983234
148.31681973893282,222.4563404547978,23.485904190366277,21.087319090404392
148.42368890563404,222.45634050838154,23.485904045111422,21.08731898323689
148.53055807233523,222.4563405619653,23.48590389985657,21.087318876069393
148.729731273756,222.45634058771162,23.485903772106187,21.08731882457677
148.63493997919207,222.45634065272918,23.4859035812305,21.087318694541633
148.51244934621423,222.45634076576906,23.48590330495654,21.08731846846189
148.38995871323638,222.45634087880893,23.485903028682596,21.087318242382164
148.38761466368973,222.45634095553262,23.485902850866605,21.087318088934733
148.37387348790747,222.45634104554316,23.485902636938704,21.087317908913715
148.35666329157266,222.4563411457439,23.485902405233006,21.087317708512206
148.32516705478668,222.4563412135337,23.485902261317076,21.087317572932598
148.27065135509667,222.45634127638886,23.4859021175614,21.087317447222315
148.2161356554067,222.45634133924398,23.485901973805728,21.087317321512035
148.1677998487463,222.4563414123502,23.485901804692514,21.087317175299575
148.11664344181395,222.4563414814029,23.48590164392547,21.087317037194232
148.10147821739807,222.45634155090403,23.48590149999081,21.087316898191954
148.13060100368247,222.45634160305602,23.485901373954956,21.087316793887982
148.15972378996688,222.456341655208,23.485901247919106,21.087316689584014
148.20375522180566,222.45634169119236,23.485901162356818,21.08731661761525
148.23782255805253,222.45634172612876,23.485901080846485,21.0873165477425
148.26169795294177,222.45634176387634,23.48590098388255,21.08731647224732
148.26644584161596,222.45634180773968,23.48590087371609,21.087316384520644
148.33138314884627,222.45634185463078,23.485900756907512,21.087316290738467
148.43337230347464,222.4563419058572,23.485900628536097,21.087316188285655
148.50019569957328,222.45634195653773,23.48590050334249,21.08731608692452
148.5774449237773,222.45634200640006,23.48590037873262,21.087315987199872
148.6467452755804,222.4563420495447,23.48590027787243,21.087315900910607
148.7160456273835,222.45634209268934,23.485900177012244,21.08731581462134
148.79647946163604,222.45634213412424,23.485900080337895,21.087315731751517
148.84115131964307,222.45634219241987,23.48589994939779,21.087315615160247
148.89619916771434,222.45634226516367,23.485899784003596,21.087315469672635
148.90671073942408,222.45634234286518,23.485899604853053,21.08731531426963
148.9056588738004,222.45634241508532,23.485899433700894,21.087315169829374
148.91114823475758,222.45634247954692,23.485899281994477,21.087315040906148
148.94613104884405,222.4563425497093,23.485899113227926,21.087314900581436
148.9811138629305,222.45634261987163,23.485898944461383,21.087314760256728
149.00701323497123,222.45634269549203,23.4858987601052,21.08731460901593
149.0260304447099,222.45634279482357,23.485898533845628,21.08731441035285
149.03077570790734,222.45634288707242,23.48589832045919,21.087314225855167
149.03552097063908,222.4563429793213,23.48589810707276,21.087314041357402
149.0459415418417,222.45634306515703,23.485897909389855,21.087313869685943
149.06095333921414,222.45634314526743,23.485897749775706,21.08731370946515
149.08731610638867,222.45634322677824,23.485897586399982,21.087313546443536
149.0899524135721,222.4563433043693,23.48589744198212,21.08731339126137
149.0925887207555,222.45634338196038,23.485897297564268,21.08731323607921
149.10875582960728,222.4563434326567,23.485897195216936,21.08731313468659
149.1150107059532,222.45634348204396,23.485897095869795,21.087313035912086
149.16984873892451,222.45634354993888,23.485896973778658,21.08731290012227
149.19991707104558,222.45634362057913,23.485896847535482,21.087312758841716
149.2299854031666,222.45634369121942,23.48589672129231,21.087312617561164
149.26328789302377,222.45634377196254,23.48589657935321,21.08731245607494
149.28434544877948,222.4563439099909,23.48589631797546,21.087312180018234
149.30776487408878,222.4563440501494,23.4858960563695,21.087311899701202
149.37370794577916,222.4563441155342,23.48589593329148,21.08731176893163
149.3737595558999,222.45634421728857,23.48589576678142,21.08731156542286
149.3656977385186,222.45634432831312,23.485895508804603,21.087311343373734
149.32583810090782,222.4563443960827,23.485895367229027,21.087311207834627
149.28597846329703,222.45634446385225,23.485895225653454,21.087311072295524
149.40072682968824,222.45634450848755,23.485895135818208,21.08731098302488
149.48179168207173,222.4563445498063,23.485895041828144,21.087310900387408
149.51216651366218,222.45634463049592,23.48589488336244,21.087310739008156
149.51307835412496,222.45634470842805,23.48589471806816,21.087310583143882
149.6191160243775,222.4563447848567,23.485894581220247,21.0873104302866
149.72515368717947,222.45634486128534,23.485894444372274,21.08731027742932
149.82664929696753,222.45634494337938,23.485894293159323,21.087310113241237
149.67880411470705,222.45634502398215,23.485894091378942,21.087309952035717
149.7812195180475,222.45634511040848,23.485893931212964,21.087309779183023
149.52834061408058,222.45634520184004,23.485893513228962,21.087309596319937
149.68508074309946,222.45634527606023,23.485893304562932,21.087309447879562
149.84182087211832,222.4563453502804,23.485893095896913,21.08730929943919
149.71562911729907,222.4563454610394,23.485892687965304,21.08730907792122
149.71571155845717,222.45634554257845,23.48589242392819,21.08730891484311
149.83852795715381,222.45634566547793,23.48589215579366,21.08730866904414
149.6204672370732,222.45634582604544,23.485891625539736,21.087308347909133
149.57680945401012,222.45634598316755,23.485891252299126,21.08730803366492
149.53556071841126,222.45634613710743,23.485890880886952,21.08730772578514
149.50755506326752,222.45634626067948,23.48589049203437,21.087307478641033
149.5058197261787,222.45634636110034,23.485890129770397,21.08730727779933
149.50408438932274,222.45634646152126,23.485889767506315,21.0873070769575
149.42891023130534,222.45634654795901,23.485889420211038,21.087306904081952
149.38739715933767,222.45634665015407,23.485889080491404,21.08730669969186
149.43944377195362,222.4563467453803,23.48588879594763,21.087306509239387
149.47827942796104,222.4563468338245,23.48588852750762,21.087306332350995
149.5183560596668,222.45634691210267,23.485888289782864,21.08730617579468
149.55843269137253,222.4563469903808,23.48588805205812,21.087306019238373
149.38376152113162,222.4563470966052,23.485887718522978,21.0873058067896
149.23565578235318,222.45634719112883,23.485887416962285,21.08730561774236
149.14770398633095,222.45634730235878,23.485887047944285,21.08730539528246
148.94463695655634,222.45634752500854,23.485886502085815,21.087304949982947
148.90185842897503,222.45634759545663,23.48588623802453,21.087304809086753
148.85907990139373,222.45634766590473,23.48588597396326,21.08730466819057
148.83477808163704,222.4563477241595,23.48588574350205,21.08730455168099
148.8711092987118,222.45634778541648,23.485885528757724,21.087304429167034
148.61458941236606,222.45634786059895,23.485885235683803,21.087304278802065
148.77029661183803,222.4563479564073,23.48588501892595,21.08730408718537
148.8151950683402,222.45634812453983,23.48588467139475,21.087303750920324
148.88281989820294,222.45634832247632,23.48588426875693,21.08730335504737
148.6846629733288,222.4563484557262,23.4858837657544,21.087303088547625
148.88477225648683,222.4563485257478,23.485883567014984,21.087302948504362
148.89965066675023,222.4563486598545,23.485883163986152,21.08730268029096
149.0480083615263,222.45634882930145,23.48588273596276,21.087302341397095
149.0400462060763,222.45634916227064,23.48588190767403,21.087301675458697
149.18151224928695,222.45634923136248,23.485881685514375,21.087301537275057
149.14838472233038,222.4563493582975,23.485881259376445,21.087301283405
149.11525719537389,222.4563494852326,23.485880833238387,21.087301029534803
149.17007792506863,222.45634965647756,23.485880448983185,21.087300687044884
149.21520325931314,222.4563498418869,23.485880034171522,21.087300316226248
149.34386719072296,222.45634992917536,23.48587984717128,21.08730014164927
149.46938264730852,222.45635002584513,23.485879647319972,21.087299948309735
149.44978085525133,222.45635014801655,23.485879341766363,21.08729970396687
149.43017906319412,222.45635027018798,23.48587903621278,21.087299459624024
149.72200000563424,222.45635033321352,23.485878859229715,21.087299333572975
150.04872944950185,222.45635043462426,23.485878566770378,21.087299130751468
149.92793845029337,222.45635063518006,23.4858780225295,21.08729872963988
149.80396949985786,222.45635082740984,23.485877513952836,21.0872983451803
149.68000054942235,222.4563510196396,23.485877005376228,21.08729796072077
149.57934974363044,222.45635115021008,23.485876699526298,21.087297699579832
149.58077386460778,222.45635123309538,23.485876485776938,21.08729753380923
149.86379879413553,222.45635131857156,23.48587626213172,21.08729736285686
149.84219253256438,222.4563514637028,23.485875846220253,21.087297072594428
149.83997307895044,222.4563516247683,23.485875416269124,21.087296750463388
149.83775362533643,222.45635178583382,23.485874986318034,21.087296428332376
149.8451141503894,222.4563519554914,23.485874546555024,21.087296089017144
149.82716362996644,222.45635210812495,23.485874107977914,21.087295783750115
149.89398742269876,222.4563522460634,23.48587371105753,21.087295507873215
149.88209164201842,222.4563523818337,23.48587326448017,21.087295236332558
149.87019586133806,222.45635251760405,23.48587281790285,21.08729496479193
149.8644702281974,222.45635264934114,23.485872416078163,21.087294701317706
149.85872751976677,222.4563527756292,23.485872037448978,21.087294448741606
149.63695562891553,222.4563528770837,23.485871639950343,21.08729424583262
149.73460339356797,222.45635294389393,23.48587144450777,21.087294112212124
149.64773034901555,222.45635309389615,23.485871111679455,21.087293812207673
149.55521843550653,222.45635323674682,23.48587084113564,21.087293526506382
149.4639880030371,222.4563533891398,23.485870563534554,21.087293221720433
149.3901896930212,222.45635353544478,23.485870302772756,21.08729292911046
149.31446818425374,222.4563537013737,23.485870002775155,21.087292597252628
149.23874667548625,222.4563538673026,23.485869702777574,21.087292265394815
149.18325147908578,222.4563540747159,23.48586933286794,21.087291850568217
149.15761670129893,222.45635423606473,23.485869040541957,21.08729152787053
149.23149525958925,222.45635445426262,23.48586873891798,21.08729109147477
149.11969699982413,222.45635466892702,23.485868357746696,21.087290662145946
149.007898740059,222.45635488359142,23.485867976575445,21.08729023281716
148.99026407619425,222.45635515625852,23.485867537258972,21.08728968748295
148.8999869614981,222.45635542346471,23.48586715318025,21.08728915307059
148.92813631686124,222.45635577474022,23.485866493483403,21.087288450519573
148.95628567222434,222.45635612601566,23.485865833786665,21.087287747968674
148.98498707253754,222.45635645955593,23.485865230431834,21.087287080888117
149.00374214633666,222.45635680683785,23.485864583813992,21.08728638632433
149.0385816117424,222.45635715522113,23.48586393723037,21.087285689557767
149.06391711589504,222.4563575608431,23.485863180175343,21.0872848783138
149.08925261632248,222.4563579664652,23.485862423120096,21.08728406706962
149.11345984764444,222.45635834881733,23.485861732612193,21.087283302365353
149.13604670658438,222.4563587648482,23.485860948221404,21.087282470303617
149.152182321688,222.4563591650695,23.485860209137353,21.08728166986101
149.1569367458174,222.45635937123254,23.485859726643774,21.087281257534933
149.16169116948112,222.45635957739566,23.485859244150248,21.08728084520869
149.20826692517073,222.45635977315067,23.485858795497947,21.087280453698668
149.24982484771573,222.45635997026235,23.485858334390603,21.087280059475315
149.2645664230523,222.45636016593446,23.48585787433496,21.087279668131107
149.29260689340015,222.45636033380387,23.48585747986929,21.087279332392264
149.32463043794485,222.45636060709472,23.485856840739192,21.087278785810568
149.3566539824895,222.45636088038552,23.485856201609188,21.087278239228954
149.41213995314007,222.4563611518419,23.485855547200888,21.08727769631621
149.44461885057427,222.45636149145807,23.485854953813398,21.087277017083878
149.4525298171905,222.45636180459383,23.485854417885434,21.087276390812374
149.6110125226329,222.45636230644226,23.485853633312896,21.087275387115465
149.76949521317425,222.4563628082908,23.48585284874012,21.087274383418368
149.67768739340897,222.45636303767157,23.485852490837022,21.087273924656852
149.67438235451854,222.4563634462389,23.485851750876286,21.087273107522226
149.67279944618983,222.45636384199122,23.485851013270842,21.087272316017533
149.67369117081037,222.45636424990477,23.48585025641655,21.08727150019047
149.67458289537262,222.45636465781823,23.4858494995624,21.08727068436356
149.66594610371104,222.4563659313674,23.48584823376877,21.087268137265216
149.72927749957657,222.45636629237603,23.485847592063063,21.08726741524791
149.79561015073315,222.45636670978348,23.4858469553297,21.08726658043305
149.73408245223848,222.45636707244304,23.48584641741301,21.08726585511389
149.81298656264238,222.45636739162302,23.485845919292956,21.08726521675394
149.73846716684642,222.45636784912523,23.485845248676117,21.087264301749514
149.72826850150327,222.45636818696315,23.485844677827377,21.08726362607371
149.74069001263567,222.45636845105236,23.4858442419309,21.08726309789531
149.7497676440556,222.45636872610723,23.4858437920678,21.08726254778555
149.75884527547547,222.45636900116207,23.485843342204756,21.087261997675853
149.69250619570045,222.45636931541458,23.485842799281155,21.087261369170854
149.69791877159597,222.45636963558425,23.48584227845841,21.087260728831488
149.7184568436049,222.4563701519745,23.485841647207323,21.087259696051003
149.73899491561383,222.45637066836463,23.485841015956357,21.087258663270717
149.7053137376778,222.45637103425437,23.485840526884356,21.087257931491262
149.66617170901878,222.45637137789126,23.48584007472246,21.087257244217458
149.68347421127095,222.4563716984495,23.485839623351367,21.087256603101046
149.6943830252416,222.45637196113276,23.485839217647637,21.087256077734473
149.70529183921224,222.45637222381603,23.48583881194395,21.087255552367957
149.7200587955908,222.4563724848644,23.485838417665075,21.08725503027117
149.8018332408518,222.45637266101627,23.4858380562912,21.087254677967476
149.60406107591098,222.456372834917,23.4858377678047,21.087254330165973
149.4068547772385,222.4563731074215,23.485837340962586,21.08725378515696
149.20964847856598,222.456373379926,23.485836914120522,21.087253240148012
149.1092366871977,222.45637422413654,23.485836072232658,21.08725155172694
149.0194886639739,222.45637443532362,23.485835755874838,21.08725112935274
148.85273209352334,222.45637480270065,23.485835130248795,21.087250394598716
148.82592092813195,222.4563748913311,23.4858348725163,21.087250217337775
148.8880633093938,222.4563750762402,23.485834571133225,21.087249847519594
148.75288443340168,222.45637525462402,23.4858342970898,21.08724949075198
148.85443967978193,222.45637537704368,23.485834111784353,21.08724924591264
148.8027083146688,222.45637553456058,23.485833862813116,21.087248930878836
148.65800268653453,222.45637577952138,23.485833574281884,21.087248440957215
148.72543886217466,222.4563759003851,23.485833406205302,21.08724819922978
148.9817135089479,222.4563760111052,23.485833095755872,21.08724797778963
148.96297939470702,222.45637625888884,23.48583270086773,21.0872474822223
148.95409845023175,222.45637631289708,23.485832593802318,21.087247374205816
149.26021775832234,222.45637641681577,23.485832444360817,21.087247166368435
149.58390663609975,222.45637645982922,23.485832358617216,21.087247080341584
149.9075955138772,222.45637650284263,23.48583227287362,21.087246994314736
150.37694973366314,222.4563765401121,23.485832198265282,21.087246919775783
150.4151138535624,222.45637679067923,23.485831759217483,21.087246418641524
150.48239112158268,222.45637693063162,23.485831534810004,21.087246138736774
150.54966838960297,222.45637707058398,23.48583131040254,21.08724585883204
150.7333233625039,222.45637713226452,23.485831203134076,21.087245735470958
150.884598461295,222.45637737671245,23.485830486943758,21.08724524657512
150.53797635174857,222.4563774236041,23.485830308396437,21.087245152791795
150.67750243571683,222.45637754534343,23.485830099974507,21.08724490931312
150.8170285196851,222.45637766708276,23.485829891552587,21.08724466583446
178.10258583712542,208.89737510603027,23.294590439777426,22.680652619970715
178.46316392791343,211.00645527867104,23.294590259292445,22.680652427124468
179.14070175735,212.4533186235603,23.29458995976373,22.68065208622291
179.9489587535674,213.27399018131646,23.294589815633707,22.68065184905228
180.24562262293102,214.568730105964,23.294589777998254,22.68065168458688
179.29573184510195,216.4083064292196,23.294589510498113,22.68065128836562
178.73002030957994,219.0447344079882,23.294588869765402,22.68065061265827
177.0921327570959,221.45026483750627,23.294586634798204,22.680649705404356
176.0679084662589,221.6596751894007,23.294586415431525,22.680649621198583
175.36162249821223,221.6596752146065,23.2945863252721,22.68064957078702
202.52747309286877,208.27549929102963,22.21329712326372,23.858570204561822
