347.5,58.5,103,251
348.41486584064984,67.0049317312311,97.32413627867649,248.10112229345822
351.04492217587074,66.30655105739521,93.57125222113453,248.26402100265648
346.354410271437,66.66296195328037,91.17656401675725,248.73058546901146
346.0505248504292,66.46839220402592,90.29916282546294,247.28702912573112
339.3091574377603,63.60531781749867,89.41096221073732,245.77531864967062
334.39389579300064,62.67550447377778,89.45759000770295,242.50965637379454
319.7367549493475,66.24275064718604,89.60752881476013,239.98471164202928
322.4044642830882,69.28221910021503,89.03646962146092,238.57129683451257
307.898043556717,76.26767646925967,87.61009255308507,230.17683053697505
313.1109841905568,102.50136898668038,87.99585202484647,218.11326172527816
301.2101623067943,87.24735144716607,82.83222288892912,214.75777141368178
304.34758691432955,97.92664195802513,81.0579935621642,212.82295938915604
306.26401339632054,92.36182447198067,78.10253056562385,216.36434229367904
301.7767421537628,95.78919266180549,76.46475787282185,215.73612788287096
298.5661282893827,90.6304918298508,72.80059551063974,213.91956691555475
298.20300757420785,94.1603997701498,72.31474263404358,211.90201215861399
297.4466656332698,92.47316969292254,71.11719211230943,212.99846075262843
292.8909275976986,98.45822227718811,74.13358160889743,205.0917191361908
289.7678267471159,86.16877998010847,74.93217054761163,202.98526475635106
288.21750349612677,107.3030180585144,81.37591759738037,187.7743123269562
286.2759597630186,110.69102300470587,84.89131038767437,182.72741136420734
297.0002632761603,134.6874236014254,82.96416484820733,177.35578021471358
294.72050776900613,136.8012690209454,83.32244533654527,171.53214175242073
303.55620424513734,140.4247112111882,82.82565680017638,170.15074113276887
301.6839214999072,134.73586862810944,82.7398399435297,167.8034697864752
272.2677622408482,188.49403792006115,83.77241862400125,161.03277481829448
284.56201928974076,251.9838952325348,84.01779925583041,155.0056816533081
284.17322317740945,254.1508858971734,84.01730481820054,155.00189336678602
284.7468361383717,252.7934519344874,84.01721153139259,155.00075239056193
286.28551570954943,250.74217187416735,84.01712408894248,155.00028850531214
287.45184606411436,247.83103723036714,84.0168803910736,154.9995163538562
286.9557021889942,249.45500077365764,84.01668088955536,154.9989478278373
285.24144387224396,252.46365961594603,84.01659363549794,154.99873524579957
284.44569191913564,256.36268279605827,84.01658009328919,154.99867110145652
284.80058944884655,258.1148952650134,84.01656423680551,154.99857012289675
284.76720148790037,258.63766830604004,84.01656032913611,154.9985196701541
284.74402266407674,259.2546280795622,84.01656045685877,154.99847897404666
284.9929668948495,259.2797854073474,84.01655993452806,154.9984018139284
332.1430134690593,79.35761864124905,86.47153270407702,146.00554662542203
288.77595840729333,139.94219688942553,81.8561173759489,152.7879282150066
308.5627616286556,179.98057094128865,77.68887918883954,153.32700194965926
314.5000892730774,140.8525587342731,76.02884067550872,152.80017419083882
331.29787862502116,152.98427164071913,70.35860643878428,157.36362787928948
332.6151205173619,137.17379190802745,69.42117334475365,155.88360086395997
344.62994794621363,171.39919503625828,69.80000389964795,155.68396953425614
342.4143304619628,140.24823583178244,69.58608439198383,155.743257938325
343.5999427578139,150.3654294164245,67.88973690742495,156.69646995116977
351.7029041526886,202.88896316222167,70.24007327294908,152.03741820664575
352.82344371762326,202.7629394007705,70.23998502023115,152.03719458396583
353.8953239245503,202.92316035401353,70.2397978905262,152.03684738210782
355.2032024965229,204.5023497523801,70.2395664690847,152.03629214799676
358.66851673132055,204.60733080706177,70.23928877997646,152.03554272922523
362.4091429864121,202.92375969330402,70.2390691181515,152.0348286926263
367.27410255979,86.68743841725676,67.02736133614192,160.90139214315835
371.5223259454465,110.71706578655667,67.02141310761449,171.36774928199992
375.78549267622293,117.73571281033747,69.98560203070518,170.40102999487533
366.57414055421077,104.58515985241786,70.46403709443169,178.63373075934737
374.7004282979915,102.61679298569473,73.54705578411625,184.49897241687353
370.62207005232847,100.67192425777819,78.16657778500962,186.63878712032624
379.0169150847376,99.75744846196494,80.50322858628022,195.57424076807456
397.4218161142628,130.40524440456016,83.10644380017897,197.95356419660482
382.79649386017985,89.2145562195772,81.58194373131855,200.9529978175473
374.97789375572864,92.84663551265801,82.7870312464344,199.999706540956
378.2510674869031,100.59507715557623,81.57955669363139,202.55228080516838
367.9731543825014,89.78489874757186,77.69888998251291,205.02478949190467
359.47996909174316,94.70806814878728,77.33648088568467,201.48843012825557
350.8281922197152,109.24134950282843,76.4231996077678,197.8745632667309
338.5994389729186,104.62783189533444,72.33708885282593,200.63870594937023
343.26680335607637,146.16388991211898,79.55416176802896,192.78932245974647
314.7652765206874,83.07179373559798,76.5045840606331,196.49377848466347
318.46673848281716,71.60199076098004,71.10069263377952,209.87622310272258
317.6920603042318,82.07466756107382,70.02783753465144,214.9607004351522
303.0262520647199,97.93174880737652,73.05059132751794,213.91593529667279
301.489867230417,82.93969914293223,73.18449676501416,215.06529112580552
301.3728245884453,85.37799533361569,74.26888647372029,219.11957642998547
306.24389501480925,130.3514879636906,82.03212625148562,207.94012351846843
304.47319760885915,107.9026319329506,82.03145782714917,207.9319136439133
288.55197659075577,84.22936884383178,81.14720003425435,208.35443240637946
287.0693755048164,87.63885568275501,79.48337245530922,212.39620797322294
275.96441095690307,81.70589173278458,83.19709908226372,211.4625295499216
279.1512574561201,78.65598583478845,82.39742074752596,214.22008527673052
285.4255641399352,71.36869941051208,82.32236580579917,213.328927458169
290.7881644082858,79.25907928267794,80.81822602196657,220.19753599997009
293.009655643433,62.55722885940382,79.97327411884137,223.2464051509617
299.9239298914231,68.39534342065917,84.44282514068351,224.16547384186651
323.5359290897875,89.30671830214804,82.92614791094678,220.35516762136925
309.4498789868277,83.27215241906765,83.86049901713494,217.19417396028393
332.9035454939637,97.61145709120785,89.05325984441569,209.08237331656505
352.0338605246532,131.15227485406825,88.8208203958296,202.15249026276805
363.6760313226924,209.33202731306937,92.5840290011673,192.19247570121115
362.76518439622964,213.01424436330592,92.58388471360517,192.1913185592036
363.38092415567667,215.90064238702217,92.5838558716291,192.19056383257188
363.249983699891,220.62880836197212,92.58386499827498,192.19018261967153
363.53141779938096,221.25876749411267,92.58390169364705,192.189932228773
363.8793286866668,222.64217608604707,92.5839329139942,192.1897335351233
363.5614809656931,222.70039033089176,92.58395876689893,192.18956120795815
362.99545629794306,222.22366581572157,92.58398488710503,192.18932102073106
362.48042836532534,221.7357802197584,92.5840034684432,192.1890603728099
361.3816645188649,221.1688046183629,92.58402521043622,192.1888340100262
359.8201314785776,221.13535937410813,92.58403321033768,192.18870304664532
358.2562537341877,220.96890042670702,92.58402399727423,192.18851820855068
295.09181752129,84.37190633235086,91.57262542697579,188.87887480546615
322.6922244896348,133.38294748105844,92.2544485142121,183.9696846589299
296.40886776748647,86.25328397266793,87.59329864674113,184.24678816496873
314.4427022228007,139.10662082363694,87.55202744119089,180.64432436293305
322.53048154043796,201.12079640085244,91.24282660926099,172.7734820585997
320.81536106056933,197.3793112556953,91.24257922099105,172.77325513669476
318.0227588305363,200.72511758522538,91.24192962755983,172.77277979147738
315.64714777586937,194.5876913306111,91.2417298084879,172.7726107476664
313.6099698800681,192.03812661915842,91.24156739635507,172.7723253451323
281.2279426060095,85.13848517443864,83.78953460316376,180.77522151582184
289.2900937897397,84.10014802538898,77.06380611113065,199.34929419038602
279.61791261559983,74.53614908681536,74.09747662591411,211.07947636318755
284.8720933979525,85.341806641745,74.40145675127238,212.77314820706363
273.2888048792584,71.29143543612933,71.60802707479334,213.20981476685452
291.71507704892394,72.7901985830662,67.92260462266921,216.20057496818953
291.7738530037464,71.79974632059077,64.82545180665225,217.86791251039426
294.66973724877596,69.47837692785185,63.64684392679215,218.51341480562246
299.7198604410685,69.4847903841276,63.965077461640696,221.07322783524015
305.1269933024754,67.73301151576902,64.70651585564809,218.45516682424613
310.09346956757247,68.42492706738204,65.95963472132797,219.1992482423824
315.2043073650429,64.24336650009248,66.1914570130449,221.19437316114121
318.6179390517809,61.81598508700931,67.68568106632671,224.9184185905714
323.5459485380279,58.204146505001845,69.69938350649142,225.04268808170426
326.6795080701024,60.98953850863738,72.2650519560754,220.46878794360433
329.58157396703234,65.08511447967726,74.00758153916848,217.74643225472892
339.22530331431466,75.22788633316559,78.14772751989688,225.57347933754718
336.5121339850302,70.76413679494323,77.74702502932647,222.89325327055928
336.2721968453599,74.75627484947728,77.48705123136978,218.8569454060438
338.89975603985033,77.49832396059942,74.42184992994386,221.53613243923164
342.1727518383984,86.41782240619494,73.23072483751679,220.62740860407087
343.52227792009694,84.98472033949038,71.47816349834238,220.79159805280287
345.59814714237825,84.46573741370926,71.95451019019328,221.57735287006716
350.05728869269,105.64414258346173,75.3999861304024,211.99121818974191
335.108338531002,82.75852178043421,72.61932428947176,215.51643471034774
351.8462159250329,119.91814061038357,77.64540055609743,199.13499078213846
336.997001774465,96.27499882427828,76.52014607219903,198.4628392957553
339.11520591094336,113.48061059356348,76.25220551164472,193.69383148594466
310.4899239020475,62.56151664981893,74.05935674867463,201.2031695809533
325.596335821196,104.08400253917307,79.71090134909826,196.12710801953017
313.33183247445004,94.14920264409002,75.86441213194581,197.6440371401406
319.3082202456508,85.75235263922445,74.78613972522542,201.7570540138854
321.4720179901638,93.5813342588165,75.39508150197693,203.00008793656656
308.4663829320096,80.47214153502429,71.61903434228438,204.52050204015683
323.0493157709751,122.10297814638434,78.1022851804666,192.37424629790547
294.9908046194139,110.49845843950652,77.68920570746604,192.19687213744237
299.7281314395805,127.03271680864596,77.95461573443018,190.95824088195158
302.9141657580991,30.012995756074687,81.33607092399215,181.660738407016
305.3636482908134,75.77636640241096,82.31002398753085,183.1365453321169
299.6819267617534,69.0649052593241,81.56878603063609,185.0642455266158
278.349510670546,102.19779609399758,81.85603947769937,184.46154979476884
295.15141709874496,121.40738603476909,81.14844396749284,184.09513862050122
288.65107673605286,86.30757887067344,81.03883321185901,185.421454303673
304.9194504732456,115.73309534774768,78.97716813493447,185.50154317569638
295.9764823077178,85.59309797687037,76.66992628911021,190.13387098629866
312.9197021519198,111.9816046278429,75.49885296423153,189.24781074831844
303.8864908020325,81.91676588259975,74.6281971880541,190.0615206789903
320.90109695223794,103.87887236649527,74.33842580561195,190.59329754884573
310.50623308047625,75.3161770702138,74.15350984185983,190.3337317815454
324.98464685558747,104.08546385305613,74.44781144202811,187.43088514457168
322.1530943260733,107.33432957185408,73.76555193043876,188.59060724396306
320.74053654412234,90.86894886104248,72.56747222761702,189.64992587078646
322.49980926313293,89.80229419907343,71.1611826012871,190.69365489725448
323.08604906124276,92.90168389153898,69.48570560669096,190.8342581607914
334.5853858295092,103.89140290851869,68.56925786971863,191.8531187718515
344.26847950850004,131.25558239061718,69.88050543300169,189.1223527336799
330.9725501836904,36.947505565709605,70.15901912717668,185.405727452831
339.1807843541334,64.3101743252143,70.18332379654457,185.302494578597
351.8182266810464,103.75332179693717,71.63836048366089,182.55635924208485
337.90729184939215,91.14504706054839,70.50600842150551,183.05525353297764
340.0790372067585,102.57999086717511,68.7052411240549,183.47061753715585
341.7733986122471,120.26103635807942,68.41562891641027,182.02219995622613
338.3041961234861,75.93398846501157,68.41196388660795,182.02009914812356
345.6492432689284,87.50994584745968,68.63737405128985,182.50915652067852
341.4666452320994,88.00970509798071,68.26718327649814,184.6922647438796
341.27937075255227,90.04106481995714,67.41695501391267,186.11723336450194
342.63117348130356,94.32158441538921,67.77072164961072,186.50185762578624
343.8736442237811,82.43211776849714,66.99197897618669,186.57057249000496
345.5535344476455,69.94816490009337,65.67791600625637,186.54616484180272
355.53563853735864,81.55457268907237,66.70699205229397,185.96282008904004
353.13856963590985,64.40861066810615,67.02246688750975,182.41659029186116
351.64862602210735,82.25632041076958,70.283269315825,180.78653182948352
364.2640650933495,83.04375317938698,72.68715489099216,178.02061862379168
375.1911192838746,70.46796923910692,72.91568620415568,177.22180236433715
344.5789621941917,68.84031776722387,71.73865608420515,174.84464662127465
355.5965000178975,82.64321879198403,75.3172603226578,167.28843754355609
356.34602440238746,73.34856001643548,70.14418029604846,165.43216412175278
357.8173093373311,76.05640342203493,68.36463854715578,164.63733645667205
359.8454544810785,76.9084516045153,65.71216364834049,165.57559481850268
361.1287059678795,73.95920714793621,63.517144775557114,165.6199734907246
359.8803440408657,72.58124361910319,60.75674945081283,164.29393271773267
358.75160486753725,75.08178530863421,57.87200777717545,161.91638878645506
359.30135910237135,75.39780670454033,55.072383149975494,159.24359453742846
360.07995910735224,77.73140831024489,54.20669131395633,157.89899383647162
361.2135507624111,80.75251211775343,54.21407083953194,154.84027096648018
364.2234036594666,77.72015523955196,54.114954015605264,154.9448435409373
364.85890339351795,73.57034359063516,55.06911562309463,155.4912758445082
364.20334433588886,70.3306780023393,55.59079322569565,156.64479134345711
365.7673514295599,86.39384012900845,58.150167458458526,156.36031164883462
363.6820527460944,100.75933212955267,59.176819369838256,152.54262530094442
362.73069109251173,123.31477162822985,60.06350795467549,146.7531993980725
361.5575254042758,136.74939286076776,59.94558423661921,144.71396257874864
360.54886769740386,90.95993464068276,59.54028483751213,145.27718535436784
366.5246874190059,111.80035625460444,60.876667435628846,141.9316234985948
366.4355146915206,105.79320785072429,58.60310406377144,143.64653237453138
365.6879685350207,125.1673031029663,60.63208781620918,141.59911320183446
365.08879336985103,106.66485311572623,60.25390256400598,142.01508495365835
366.52182819664347,122.74037759887493,63.200948030355164,138.29057254741954
366.6920048975947,153.53445096072477,65.3288422805066,130.65734754613194
366.5933548384065,190.66570269381702,65.40576582686998,125.28609469029905
365.2788206060586,181.65934406795606,65.40364780627537,125.28073981372509
362.7213177887695,168.56962817034423,65.38761191405914,125.27684870245456
359.50568492901914,146.9840985809396,65.38544076298494,125.27829118204508
364.3663243446654,187.10443867532808,65.85492349785459,123.38119314658843
373.46673462925224,239.64208412093348,66.34454024557529,120.29145981153
385.770355403015,291.4609286536453,67.15900585137015,117.20043975245407
390.71041859343086,293.39981566172423,67.15896350831922,117.20036867655158
394.56974071457046,293.3998458305659,67.15893002958974,117.20030833886821
396.67717607707556,293.39987119053455,67.1588897031392,117.20025761893083
398.8204275466398,293.39991254385836,67.1588395342438,117.20017491228323
400.87260759890273,293.3999660750856,67.15882284402458,117.20006784982878
402.85107048760955,293.40001561054675,67.1588117299258,117.19996877890651
405.00760010335404,293.40007621945495,67.1588027685174,117.19984756109015
406.67060603228754,293.4001401418292,67.1587930316221,117.19971971634162
408.81054030267916,293.4001805540055,67.15878451052264,117.19963889198898
410.48980092049976,293.4002259481901,67.15877329227646,117.19954810361983
411.5054968915443,293.40024847937644,67.15877869286932,117.19950304124708
412.2909239854305,293.40026423951815,67.15878489099164,117.1994715209637
412.518439563858,293.4002759235256,67.15879007628058,117.1994481529488
412.80982711454067,293.4002863391031,67.15879503806758,117.19942732179378
413.01370181637395,293.40029843820474,67.15880071128633,117.19940312359053
413.14223403693876,293.40031053917346,67.15880651351532,117.19937892165314
413.22389766434344,293.40031789863855,67.15881003718552,117.19936420272286
413.37472479263585,293.4003249303816,67.15881339769282,117.19935013923677
413.7038551666376,293.4003312380984,67.15881615419448,117.19933752380324
414.00598586266705,293.4003377971793,67.15881902147397,117.19932440564133
414.41604217769867,293.400344921187,67.15882201726903,117.19931015762599
414.9341146121939,293.400352313711,67.15882510035831,117.19929537257806
415.670153542527,293.40035925523404,67.15882782803297,117.1992814895319
416.369306403903,293.40036638825296,67.15883074003891,117.19926722349408
417.2035190150403,293.40037293790607,67.1588333427384,117.19925412418786
417.98823520392466,293.4003798765681,67.15883620380778,117.1992402468638
418.9238804649485,293.4003857611107,67.1588385112736,117.19922847777852
419.87377364745424,293.40039122066406,67.15884076434993,117.19921755867185
421.0992917837522,293.4003967208085,67.15884285234968,117.19920655838305
422.4837653593528,293.4004012673541,67.15884449455979,117.19919746529182
423.9577441386791,293.40040576360184,67.15884612055385,117.1991884727963
425.62870547364525,293.4004106742481,67.1588476411427,117.19917865150371
427.79576629768025,293.4004170283609,67.1588491276858,117.19916594327822
429.93005019635274,293.4004233493594,67.15885079979277,117.19915330128113
432.3417038689019,293.400428121234,67.15885144572219,117.19914375753207
434.72586653996626,293.40043307769315,67.15885238609475,117.19913384461373
437.22031426319506,293.4004359363781,67.158852832734,117.19912812724388
439.7240968661538,293.4004384141797,67.15885312516868,117.19912317164058
442.07270177467717,293.4004402821795,67.15885314317433,117.19911943564107
444.48602468302863,293.4004420532478,67.15885317760674,117.1991158935044
446.8262956358297,293.4004440844668,67.15885326419209,117.19911183106636
449.2274840197283,293.40044590898486,67.15885324352625,117.19910818203026
451.4483394055872,293.4004487321679,67.15885342075252,117.19910253566418
453.8228257349035,293.4004514247766,67.15885365488113,117.19909715044682
456.3649165270521,293.4004544935451,67.15885385616737,117.19909101290979
458.99546554708746,293.40045711026016,67.15885420095394,117.19908577947962
461.58659946224776,293.4004603057599,67.1588545133335,117.19907938848024
464.21433688687017,293.40046356421306,67.15885470833919,117.19907287157385
466.76231001601946,293.40046680925417,67.15885476199128,117.19906638149166
469.25771597198866,293.4004702637819,67.1588546748514,117.19905947243619
471.5759902695314,293.40047425333637,67.15885459890052,117.19905149332722
473.88940510693254,293.4004774459521,67.15885454827423,117.19904510809583
475.98350019488237,293.4004805391201,67.1588543557425,117.19903892175977
478.14013093102835,293.4004836471488,67.15885391555497,117.19903270570245
480.2665829183518,293.40048852166535,67.15885340236441,117.19902295666935
482.51421361456204,293.4004929279966,67.15885320226577,117.19901414400678
484.72664113533096,293.4004975390375,67.15885339296666,117.19900492192501
486.9161067153351,293.40050196683757,67.15885375532774,117.19899606632484
489.32235608719515,293.4005064202955,67.15885405793331,117.19898715940889
491.69071129536434,293.400510469207,67.15885418999582,117.19897906158594
493.9627623840533,293.4005133170439,67.15885420454299,117.19897336591225
496.20167593610057,293.40051560936735,67.15885417259203,117.1989687812653
498.5708211401622,293.40051812259145,67.1588540743747,117.1989637548171
501.0572199172156,293.4005208391883,67.15885391406674,117.19895832162344
503.33025001629875,293.4005230983199,67.15885380119705,117.19895380336011
505.5352251649935,293.4005257556601,67.15885376015521,117.1989484886798
507.7773590497225,293.400528626253,67.15885370233664,117.19894274749406
510.0002592371716,293.40053120108126,67.15885363185129,117.19893759783746
512.5355309778821,293.40053428407674,67.15885391645193,117.19893143184649
515.1689556039187,293.40053784232464,67.15885418220115,117.19892431535068
517.8613264591211,293.4005412795227,67.15885425493833,117.19891744095462
520.6388451292208,293.40054493182413,67.15885441321308,117.19891013635176
523.3527796845405,293.4005495927692,67.15885462248966,117.19890081446162
526.1790425670291,293.4005537084439,67.15885475930678,117.1988925831122
528.9518465608691,293.40055783579214,67.15885481529749,117.19888432841567
531.6151068781937,293.4005617536802,67.15885462361064,117.19887649263956
534.0815631078481,293.40056654920505,67.15885451400294,117.19886690158991
536.5105559119497,293.4005701673125,67.15885440232073,117.19885966537502
538.8467543120031,293.40057299147406,67.15885426206498,117.19885401705184
541.1824205615801,293.4005761285025,67.15885412222508,117.19884774299496
543.4276544269646,293.40057982283236,67.15885393982633,117.19884035433526
545.651243203915,293.4005829713284,67.15885379605126,117.19883405734326
547.8871873245059,293.4005863259017,67.15885362020742,117.19882734819652
550.2122139624253,293.4005888885157,67.15885336866083,117.19882222296864
552.4493525018158,293.4005921084921,67.15885330938045,117.19881578301576
554.7043586732143,293.400594675336,67.15885311639421,117.19881064932807
556.6601120891859,293.4005973997182,67.15885293728319,117.1988052005636
558.5577806265217,293.40060079815606,67.15885258593919,117.19879840368785
560.6516689592123,293.4006045919052,67.15885153243543,117.19879081618961
563.074757963737,293.4006080080628,67.15885062452125,117.19878398387435
565.7542512841337,293.40061134210407,67.15884940776964,117.1987773157919
567.5836481703168,293.40061464907546,67.1588483695496,117.1987707018491
569.3096307435505,293.4006186689067,67.1588473630205,117.19876266218662
571.3253951489534,293.40062311924515,67.15884559460369,117.19875376150974
572.9797853303588,293.40062725191217,67.15884423302883,117.19874549617568
574.6806899575186,293.40063173565954,67.15884276374351,117.19873652868094
576.5926202443436,293.4006353242848,67.15884068962028,117.19872935143039
578.1630360698531,293.4006400623069,67.15883812490496,117.19871987538622
579.5418768915248,293.40064521269295,67.1588349903201,117.19870957461406
580.7666933368456,293.4006512482239,67.15883212172747,117.19869750355222
581.8680397210771,293.40065895245516,67.15882757042756,117.19868209508962
583.3185310696299,293.40066494998223,67.15882224644517,117.19867010003556
584.5064605544342,293.4006701986723,67.15881824586143,117.19865960265538
585.521447883376,293.400675894671,67.15881399546346,117.19864821065802
586.4964523381744,293.4006813594196,67.15880954429412,117.19863728116081
587.5391937258397,293.4006871736074,67.15880459794305,117.19862565278515
588.5710514097353,293.40069265740084,67.15879991969652,117.19861468519831
589.297813844151,293.40069836095773,67.15879558728784,117.19860327808455
590.1227711168822,293.4007040641482,67.15879208785364,117.19859187170358
590.8900343125329,293.4007101199315,67.15878858759693,117.19857976013702
591.5665321679184,293.4007166838701,67.15878469620768,117.1985666322598
592.3638427595404,293.4007239067914,67.15878040291732,117.19855218641713
593.1587198158765,293.40073210566885,67.15877658016221,117.1985357886623
594.2045172153967,293.40073946234804,67.15877266246925,117.19852107530386
595.0287855720352,293.40074758908014,67.15876893583328,117.19850482183972
595.9315148815547,293.400756001413,67.15876516699099,117.19848799717398
596.7133640983949,293.40076334047546,67.1587619256476,117.1984733190491
597.4988038104245,293.40077059914876,67.15875909994668,117.1984588017025
598.377356565311,293.400775191863,67.1587571525288,117.19844961627406
599.1803901868508,293.40077941478336,67.15875542115269,117.19844117043327
599.9379711561312,293.4007842146863,67.15875356636255,117.19843157062732
600.5886198393086,293.40078932218177,67.15875207651067,117.19842135563643
601.1312572775472,293.4007948691377,67.15874986982557,117.19841026172458
601.7176217204968,293.40080000918,67.15874785350957,117.19839998164002
602.2214900266747,293.40080481692735,67.15874577827846,117.19839036614533
602.815265084081,293.4008104389424,67.15874370480945,117.19837912211516
603.2015603294066,293.4008141972995,67.15874218243529,117.19837160540102
603.9732720780204,293.4008182159014,67.158740788136,117.19836356819718
604.9554698743059,293.4008223273829,67.15873928812472,117.19835534523413
605.7836246824614,293.40082668456137,67.15873772673756,117.19834663087728
606.4206317974048,293.4008305139159,67.15873640519051,117.19833897216829
606.4206325371088,293.4008347032136,67.1587349257824,117.19833059357282
606.4206331097683,293.4008386100819,67.15873378046341,117.19832277983622
606.4206337248775,293.40084259585706,67.15873255024516,117.19831480828593
606.4206344628628,293.40084654017517,67.15873107427429,117.19830691964967
606.4206350589483,293.4008498304478,67.15872988210339,117.19830033910449
606.4206355600593,293.40085326257974,67.15872887988152,117.19829347484051
606.4206360790372,293.40085646785036,67.15872784192553,117.19828706429931
606.420636489703,293.4008592992853,67.15872702059401,117.19828140142938
606.4206368167519,293.4008616888077,67.15872636649615,117.19827662238455
606.4206371540162,293.4008642433496,67.15872569196773,117.19827151330085
606.420637600853,293.40086699237713,67.15872479829413,117.19826601524575
606.420637985703,293.4008692631304,67.15872402859401,117.1982614737392
606.4206386421685,293.4008724503687,67.158722715663,117.19825509926257
606.4206393099884,293.4008755924064,67.15872138002328,117.19824881518721
606.4206398369345,293.4008785272635,67.15872032613113,117.19824294547297
606.4206403415299,293.4008814890416,67.15871931694035,117.19823702191688
606.4206408547761,293.40088470386684,67.15871829044778,117.19823059226627
606.420641317034,293.4008873546818,67.15871736593213,117.19822529063639
606.4206416399574,293.40088983741833,67.15871672008535,117.19822032516338
606.4206419893511,293.4008928522766,67.15871602129785,117.19821429544677
606.4206427613877,293.4008976993018,67.15871447722448,117.19820460139634
606.4206434611744,293.4009015415471,67.15871307765102,117.19819691690574
606.420644019247,293.4009050953373,67.15871196150611,117.19818980932538
606.4206445490207,293.40090816925584,67.15871090195849,117.19818366148827
606.4206451131711,293.4009114402292,67.1587097736578,117.19817711954158
606.4206458996395,293.40091584899614,67.15870820072115,117.19816830200774
606.4206466477227,293.400919578548,67.15870670455455,117.19816084290403
606.4206474321566,293.40092332337105,67.15870513568697,117.19815335325787
606.4206482108925,293.40092706329193,67.15870357821493,117.19814587341612
606.42064889944,293.40093035273,67.15870220111994,117.19813929454004
606.4206496064387,293.40093385699225,67.15870078712263,117.19813228601551
606.4206501433986,293.400936504246,67.15869971320281,117.19812699150805
606.4206507704478,293.4009391256922,67.15869845910439,117.19812174861556
606.4206514902011,293.4009421191115,67.15869701959792,117.19811576177698
606.4206521362208,293.4009449475237,67.15869572755837,117.19811010495249
606.4206527324437,293.4009477151865,67.15869453511252,117.19810456962702
606.4206532822434,293.40095043254126,67.15869343551329,117.19809913491747
606.4206537630049,293.4009527368767,67.15869247399011,117.19809452624654
606.4206543046959,293.4009554329821,67.15869139060831,117.19808913403583
606.4206548802289,293.40095796186444,67.15869023954224,117.1980840762711
606.4206555358079,293.4009607913411,67.15868892838417,117.19807841731783
606.420656217369,293.40096375735163,67.15868756526196,117.1980724852967
606.420657119652,293.40096789212333,67.15868576069602,117.19806421575329
606.4206577659847,293.4009712052634,67.1586844680304,117.19805758947327
606.4206585061844,293.4009746532994,67.15868298763112,117.19805069340117
606.4206592288833,293.40097794004885,67.1586815422333,117.19804411990236
606.4206598910412,293.40098121668115,67.15868021791778,117.19803756663775
606.4206606045218,293.4009850677641,67.15867879095629,117.19802986447174
606.4206612410926,293.40098858370743,67.15867751781488,117.19802283258514
606.4206617227231,293.40099143649724,67.15867655455364,117.1980171270055
606.4206621985523,293.4009946115804,67.1586756028952,117.19801077683913
606.4206626640141,293.40099735142036,67.15867467197171,117.19800529715927
606.4206632278143,293.4010003867496,67.15867354437127,117.19799922650078
606.4206636015575,293.4010026903884,67.15867279688496,117.19799461922318
606.4206639799684,293.40100520651475,67.15867204006328,117.19798958697048
606.4206644541482,293.4010081942689,67.15867109170362,117.19798361146212
606.420665026475,293.40101150832965,67.15866994704994,117.1979769833407
606.4206655504371,293.4010144899521,67.1586688991258,117.1979710200958
606.4206660972599,293.4010173824039,67.15866780548018,117.19796523519224
606.4206667273784,293.4010206181031,67.15866654524335,117.1979587637938
606.4206671803136,293.40102306024744,67.15866563937296,117.19795387950516
606.4206675725201,293.4010253138682,67.15866485495995,117.19794937226357
606.4206680454208,293.40102762447424,67.15866390915824,117.19794475105154
606.4206685935064,293.40103017099466,67.15866281298723,117.1979396580107
606.4206692847793,293.4010331795049,67.1586614304416,117.19793364099024
606.420670056653,293.4010363921253,67.15865988669397,117.19792721574937
606.4206705701406,293.4010385914934,67.15865885971874,117.19792281701325
606.4206710273405,293.40104068461545,67.15865794531898,117.19791863076911
606.420671502861,293.4010430446591,67.15865699427818,117.1979139106818
606.4206719821457,293.4010456059121,67.15865603570859,117.1979087881758
606.4206725392307,293.4010481923517,67.15865492153858,117.19790361529662
606.4206732204453,293.4010513530982,67.15865355910933,117.19789729380369
606.4206739380119,293.40105440445535,67.15865212397632,117.19789119108925
606.4206746251463,293.4010574119026,67.15865074970738,117.1978851761947
606.4206752750916,293.40106001493405,67.15864944981664,117.19787997013195
606.4206759187268,293.4010624753737,67.15864816254641,117.19787504925267
606.4206764405736,293.40106499738783,67.15864711885277,117.19787000522427
606.4206768770798,293.40106744995495,67.15864624584029,117.19786510009011
606.4206773098558,293.40106981163717,67.15864538028833,117.1978603767257
606.4206777505093,293.401072211731,67.15864449898145,117.19785557653799
606.4206784185412,293.4010752991201,67.15864316291747,117.19784940175974
606.4206790420819,293.4010782429671,67.15864191583621,117.19784351406572
606.4206798329465,293.401081804831,67.15864033410696,117.19783639033801
606.4206806489353,293.4010855038167,67.15863870212945,117.19782899236655
606.4206817763353,293.40108992566695,67.15863644732936,117.19782014866612
606.4206827583937,293.4010936008432,67.15863448321261,117.19781279831368
606.420683345007,293.40109592257795,67.15863330998603,117.1978081548441
606.4206839603283,293.4010983422488,67.15863207934329,117.19780331550234
606.420684778165,293.40110132249356,67.15863044367008,117.1977973550129
606.4206855348826,293.4011039966875,67.15862893023481,117.19779200662506
606.420686336182,293.4011070480674,67.15862732763601,117.19778590386528
606.420687218711,293.40111034446284,67.15862556257801,117.19777931107431
606.420687986858,293.4011134109644,67.15862402628417,117.19777317807116
606.4206888354379,293.4011168104007,67.15862232912428,117.19776637919857
606.4206897968047,293.4011202412534,67.1586204063907,117.19775951749318
606.4206905928685,293.40112350630767,67.15861881426297,117.19775298738466
606.4206911634212,293.40112636696887,67.15861767315761,117.19774726606231
606.42069166785,293.4011291500243,67.15861666430001,117.19774169995137
606.4206922099401,293.4011321410428,67.15861558011979,117.19773571791433
606.4206927111339,293.40113512592694,67.1586145777322,117.19772974814614
606.4206932360975,293.4011377725234,67.15861352780514,117.1977244549532
606.4206938362174,293.4011406778427,67.15861232756504,117.1977186443146
606.4206944441429,293.4011436222901,67.15861111171418,117.19771275541986
606.4206949816531,293.40114669845343,67.15861003669372,117.19770660309311
606.4206956080054,293.4011503791194,67.15860878398924,117.19769924176128
606.4206961712072,293.4011538579267,67.15860765758576,117.19769228414658
606.4206968045781,293.4011575082024,67.15860639084363,117.19768498359517
606.4206973783831,293.4011608131818,67.1586052432337,117.19767837363646
606.4206982198523,293.40116502278784,67.15860356029549,117.19766995442427
606.4206989345047,293.4011687175197,67.15860213099062,117.19766256496067
606.4206995952322,293.40117202886296,67.15860080953541,117.19765594227405
606.4207002327084,293.4011751219334,67.15859953458312,117.19764975613322
606.4207011128638,293.40117875633763,67.15859777427241,117.19764248732474
606.4207020765255,293.40118282891933,67.1585958469491,117.19763434216128
606.4207027661399,293.4011859025776,67.15859446772006,117.19762819484475
606.4207033767846,293.4011889251027,67.15859324643087,117.1976221497946
606.4207043423851,293.40119344441234,67.15859131522973,117.19761311117533
606.4207051696127,293.40119717091915,67.15858966077457,117.19760565816169
606.4207056662264,293.40119966034496,67.15858866754722,117.19760067931011
606.4207062244787,293.4012023386267,67.15858755104249,117.19759532274662
606.4207069309836,293.40120600130234,67.15858613803282,117.19758799739529
606.4207078739029,293.4012102379768,67.15858425219423,117.19757952404642
606.4207088442635,293.4012141908147,67.1585823114731,117.19757161837062
606.4207096737287,293.40121774715317,67.15858065254274,117.1975645056937
606.4207103946371,293.40122091229307,67.15857921072575,117.19755817541382
