1
652.2552,270.8480,24.8948,135.4440
651.1995,275.2045,27.0063,131.4715
651.9893,279.5124,30.1393,127.5683
651.0540,281.9399,32.0098,125.0753
645.3909,288.9305,33.8850,122.9079
635.6284,291.5667,36.8371,120.0030
635.2157,293.1117,37.6623,119.2947
640.5544,293.4648,38.9185,120.9751
640.7726,294.4478,38.4820,121.4428
635.0984,296.7635,40.1013,119.2438
626.9662,304.0396,41.7812,111.9839
628.1536,313.9918,39.4064,110.9400
626.8260,323.1489,37.4621,111.0232
617.2510,324.4399,36.2229,112.9721
616.4368,327.1213,37.8512,109.8798
621.0740,328.5746,39.8582,106.9732
628.2437,323.0019,39.0256,109.1142
634.8205,316.6927,39.4721,110.3992
634.6907,314.9834,39.7318,111.5247
627.7676,313.3055,39.6943,110.2525
622.0442,315.5334,39.6657,108.0919
627.9497,315.9884,39.1729,109.4454
640.0296,310.9428,37.7540,114.9884
645.2812,309.4186,36.5597,118.0368
643.5981,309.0822,35.2289,118.7097
645.0190,305.9947,34.7207,122.5513
649.1667,303.0625,33.5597,126.0375
650.3989,296.5339,33.5009,127.0670
650.5452,290.3040,35.6273,125.0133
655.7243,289.7145,37.4186,123.7623
654.8009,285.7671,39.2654,121.8750
655.4474,281.7507,40.4251,120.0963
663.0604,275.8536,39.8921,122.0952
659.3470,270.8819,42.3838,119.7011
649.0671,269.7196,43.1129,117.0681
643.4846,267.5997,42.0060,116.3991
642.9926,265.3574,40.5652,118.4588
644.0349,260.6633,38.4806,122.9909
643.5545,256.4136,36.9870,126.5818
638.1895,253.1426,35.3299,128.1691
635.3492,251.0027,33.6041,129.9800
625.8917,253.1600,32.8245,130.5890
619.0142,253.8281,31.8460,129.2529
615.9635,292.6612,37.9473,119.2983
635.2316,244.3040,35.2914,125.1157
637.4886,241.4975,33.2025,125.8787
629.5853,237.1303,32.2331,125.0268
628.8981,237.7928,31.2411,128.4344
632.0618,238.5352,32.0996,126.9494
640.0562,240.9161,32.8462,124.5784
644.8503,244.3720,35.1159,120.0383
642.2374,244.6944,37.9916,114.6934
642.2134,250.5559,42.6944,107.6250
640.1735,252.3998,46.7744,101.6260
639.0266,252.9559,49.0680,98.2169
640.8020,251.6425,50.0911,96.2699
646.6225,285.7440,52.1063,91.7958
639.2728,253.1422,55.5831,89.6638
640.9174,253.2576,56.8371,87.1613
646.4138,253.3511,54.8646,86.9744
646.9291,287.9662,56.0532,84.3242
661.8663,239.3091,54.7714,82.6640
678.1837,252.9534,50.1278,87.6729
666.9715,229.8256,48.9038,88.7815
680.2303,250.4601,43.8404,96.8569
687.0015,239.1482,39.0021,102.0725
694.3981,239.0187,35.0361,106.6624
700.3834,234.7110,31.7015,110.9599
704.5986,231.2987,29.7458,113.4679
701.7374,229.0904,28.9977,113.5708
699.6935,227.4226,28.7972,112.6181
699.9394,221.4984,28.3054,111.7048
701.0835,219.2350,28.1219,109.9172
703.0286,216.0614,28.3842,107.9593
704.2781,213.2169,27.9388,107.4873
705.4309,211.0835,27.6720,107.6768
705.4578,209.7223,27.6182,106.3267
706.1697,205.0342,28.2108,103.6052
711.3907,207.8638,27.7143,103.9135
709.0463,241.2532,32.4031,96.6591
704.5201,271.9465,37.5186,88.4218
2
0
0
0
0
1
741.9668,209.1988,39.9924,135.0524
742.0129,215.9956,39.9002,134.7240
741.7247,216.1442,40.4767,134.4269
736.3787,215.8890,40.5558,134.9371
735.2001,222.5257,40.2512,134.9732
735.2016,222.6771,40.2482,134.6703
733.9452,223.0913,40.1086,133.8421
736.9741,218.0732,39.3271,133.3258
733.7719,213.6476,40.4990,131.7120
723.3250,213.2837,40.4716,129.8246
724.7675,211.4945,40.1743,130.8152
733.8529,208.6499,40.1787,131.3114
735.7026,205.5444,39.0829,132.3154
738.8279,201.3034,38.0270,133.0050
738.9362,196.5456,37.8104,132.1707
737.9438,192.9780,37.2234,131.5907
744.9369,189.4471,38.5526,130.9949
754.1168,189.1655,38.1751,131.5582
753.3572,189.6677,37.1245,133.1236
752.4229,189.3115,36.4207,133.8361
752.4684,188.2696,36.3297,133.3507
755.1802,187.3847,36.0275,132.5599
761.6039,188.1063,35.8988,131.1167
761.6193,190.2742,35.8681,129.3019
761.3904,192.7755,36.3259,126.7942
761.1955,196.8264,36.7158,123.6286
766.7286,199.6804,35.3718,122.7818
767.6935,198.0397,35.8358,121.2759
762.0942,196.3126,35.1294,119.9681
761.1025,195.5570,34.7634,121.4794
762.7137,196.5012,33.9051,124.3188
756.9695,197.1038,33.4541,123.1135
756.2509,197.6492,32.5289,124.3852
757.6810,194.0829,32.0316,126.7919
765.4234,190.1968,33.2577,127.4024
771.5656,194.9484,35.4877,127.5754
765.8533,189.7654,34.5950,125.6243
757.3027,195.9178,34.7619,125.4153
770.2191,205.5819,35.5422,127.8615
769.8488,198.7303,36.2828,126.7537
767.5974,205.1181,35.8523,131.2452
765.0023,205.7159,35.9985,135.0934
766.0298,206.1288,36.5223,136.8467
773.9216,209.5860,36.4195,137.7725
772.7390,204.7122,36.1601,137.0219
774.3696,206.0540,35.5080,136.9474
782.1174,208.3026,35.5867,137.6416
791.4233,203.4557,35.2236,136.9076
804.4895,204.6057,34.9892,137.1975
813.6978,198.0053,34.6985,137.4512
821.8304,205.4062,36.5455,138.1741
828.7569,210.0799,38.4878,139.3570
833.9803,214.3682,41.4696,138.8375
845.0334,203.4693,46.7038,130.5613
864.7979,208.8608,45.1478,136.0524
882.4846,188.5533,42.9223,137.9949
890.4306,193.3637,40.7751,144.8679
881.0952,182.3980,42.6083,138.7367
877.2028,184.3772,42.1320,140.2858
877.1589,242.5539,47.7533,131.8378
866.0775,190.1466,47.9193,126.6676
864.1201,239.4875,54.5126,119.0571
862.3176,283.5983,60.8034,111.4071
857.8387,334.3645,64.3960,103.7637
2
0
0
0
0
1
847.7400,196.0388,63.5319,183.8794
845.6910,212.5575,63.8507,181.0760
842.3038,220.6641,66.8800,172.3528
813.4509,249.2174,65.7895,170.3678
836.9529,231.2088,69.5594,159.2378
841.3593,250.8868,71.3463,155.2143
837.7852,235.8975,74.9883,150.1304
840.8883,236.4446,75.7729,149.0362
850.8807,243.8379,73.2531,151.7146
848.9385,238.9357,70.1606,154.5421
862.9911,237.3372,66.3850,161.2147
858.9445,236.1236,63.9615,163.6418
870.0633,234.3489,62.7077,163.6940
833.9152,234.2035,58.5411,163.9848
867.2337,249.3648,56.5910,164.3033
873.7784,230.2791,56.9964,158.6169
865.1594,225.5434,61.0349,151.5890
865.6707,228.9444,66.5557,144.7870
852.8367,219.1559,69.3285,141.4690
879.5262,243.6507,68.2802,138.2688
870.1926,297.6145,74.1246,129.7184
866.5556,350.0964,78.2185,123.3391
866.8265,399.9886,77.6767,118.1803
2
0
0
0
0
1
853.0816,168.6994,154.0072,237.0462
877.7487,191.7589,147.5376,246.0389
890.1157,196.5179,141.2518,254.9687
843.4113,264.2132,135.8586,255.4307
887.9209,234.3703,132.0950,248.1299
896.4449,245.3898,138.7177,237.9263
908.5364,256.1213,143.9334,228.2227
733.1006,313.7294,139.6005,235.2902
736.5292,289.2369,132.7432,243.2865
733.7136,281.7387,126.6597,252.4255
707.1116,286.1362,120.9924,261.2919
699.0557,229.2014,119.3501,262.7196
715.2962,311.4315,122.3291,257.8291
712.3661,415.3058,128.1892,250.3714
2
0
0
0
0
1
585.7261,129.8260,155.4134,220.7970
559.8582,170.4751,148.1276,228.0313
560.4313,165.6878,141.0910,231.7156
559.1003,177.4269,143.7531,225.7197
577.8064,269.9159,146.8187,220.0012
633.8994,284.0779,149.5903,214.6687
621.8633,248.7832,156.5222,205.2701
612.7523,247.9667,163.3753,195.5339
618.2977,238.1642,169.2236,186.9066
617.8671,238.8022,170.0847,180.0242
621.1533,219.8639,169.0254,173.7970
641.7602,208.2376,165.6022,170.0563
643.9442,224.4051,161.2343,169.4364
637.0733,205.3158,154.1479,171.1658
631.1105,249.8392,145.5883,179.4237
593.4261,369.8002,139.1753,179.7356
589.0944,449.5025,142.8268,175.7047
2
0
0
0
0
1
587.2763,179.0793,98.7755,297.4429
585.1543,185.1255,96.9791,297.4313
570.4575,202.3261,96.3362,293.0666
570.8082,210.3742,95.6349,288.8373
560.7783,225.7765,98.1132,281.4746
565.0385,230.3182,101.1945,272.3911
564.9288,232.6287,101.4139,267.7701
563.5499,237.8733,98.5073,262.9454
567.0741,239.0956,97.0017,260.5008
576.8293,237.2699,93.9336,264.1523
