279.7991,126.0485,81.5617,66.0130
282.2937,134.3945,84.0642,58.7721
307.4453,156.5504,77.0571,56.6323
335.7511,180.0678,69.4017,55.4952
359.7482,203.6074,63.0771,56.1906
383.4349,229.9184,62.1279,56.3887
360.7498,209.7962,57.1395,57.8732
383.1525,234.3997,56.3748,57.1926
384.6234,204.9739,55.1493,52.6602
385.5806,233.4325,54.2880,51.4967
405.8017,212.9839,52.2834,50.3830
384.7273,233.7129,50.5248,50.0527
409.6098,238.4662,50.0136,49.9023
390.9767,219.3972,47.4970,49.0988
409.4079,242.9292,46.2105,48.6298
408.9217,217.3344,46.0191,43.4554
409.8113,243.4447,44.7703,42.8065
431.4347,247.5116,44.1193,43.1586
421.5213,224.1632,42.6367,39.9926
431.6332,244.7174,41.9714,39.1149
452.2237,244.2435,40.4249,37.8328
432.8932,244.1802,39.9587,37.2916
453.1129,244.6964,38.3199,36.5829
439.2388,261.2249,36.4025,36.3040
453.3321,250.1623,35.1401,35.4032
435.6609,250.6195,34.8623,35.0368
452.9984,253.5640,34.1240,34.9595
435.6830,255.5523,34.1672,33.8733
452.9495,257.9535,33.1388,34.1077
453.3959,242.7628,32.8497,33.3101
437.2969,244.3960,32.0169,33.0281
452.8560,245.8286,31.2908,33.6348
461.3147,231.5002,30.7019,33.4840
461.6127,249.5590,30.4917,32.1393
461.6029,235.4839,30.4441,30.4993
462.1636,251.8560,29.5851,29.6470
462.7336,237.6768,28.9937,27.7652
470.6409,252.8253,28.1590,27.4262
471.0234,240.3901,27.5939,26.4443
471.7797,255.5253,26.8314,25.8439
482.4325,245.4941,25.6722,25.2354
483.1111,259.5771,25.0085,24.6263
476.5261,248.2981,24.1263,25.6134
487.0219,259.7056,23.0497,24.8666
477.1023,251.6372,22.2399,24.5026
486.8029,262.4625,21.4809,23.3998
486.2175,252.5707,21.6724,22.6332
486.5067,264.5543,21.1612,21.1070
496.9245,264.7586,20.0591,20.6180
487.6895,265.5720,19.4661,20.1291
495.4911,273.7799,18.5148,19.0922
488.4628,267.4453,17.5909,18.2759
495.5945,275.2705,16.6323,17.6527
495.2193,267.3271,16.2887,16.7508
495.1893,276.3877,15.7265,15.8649
495.0396,268.6904,15.2423,15.1290
495.4739,277.1836,14.6260,14.3882
495.6562,270.2015,14.2294,13.8591
488.8415,271.1208,13.4717,13.8107
494.4860,266.7054,12.8606,13.3269
488.4234,267.9252,12.4101,13.0848
491.9580,262.0777,11.8484,12.9933
486.0269,263.3123,11.6046,12.4885
481.0737,259.8854,11.2939,12.1696
481.2014,254.3053,11.0627,11.6105
475.8618,254.6056,10.7813,11.2451
470.2703,254.8720,10.5891,10.9319
473.1912,249.9170,10.2766,10.8429
473.4803,255.8160,10.0665,10.2701
468.5729,256.4243,10.0000,10.2947
473.7221,257.1433,10.0000,10.2490
469.6984,253.7822,10.0000,10.0761
467.2004,249.3020,10.0000,10.0000
462.2713,249.7890,10.0000,10.0000
459.4337,255.2432,10.0000,10.0000
459.3669,250.0833,10.0000,10.0000
455.2072,246.5074,10.0000,10.0000
451.1198,243.1044,10.0000,10.0000
451.1835,237.9862,10.0000,10.0000
447.2841,242.4070,10.0000,10.0000
442.2595,243.1195,10.0000,10.0000
442.2773,237.9106,10.0000,10.0000
437.3974,238.4786,10.0000,10.0000
437.3795,233.7978,10.0000,10.0000
437.4782,229.3367,10.0000,10.0000
433.5893,225.9838,10.0000,10.0000
428.4027,226.7376,10.0000,10.0233
433.5630,227.0695,10.0000,10.0000
429.2321,223.6800,10.0000,10.1005
429.0547,229.1715,10.0000,10.0000
429.0222,224.1055,10.0000,10.0000
428.9583,219.2368,10.0000,10.0000
423.9298,219.8748,10.0000,10.0000
428.7141,220.7457,10.0000,10.0291
426.2412,216.1210,10.0000,10.0000
426.2244,221.8896,10.0000,10.0000
423.8710,217.0512,10.0000,10.0000
424.0080,222.4588,10.0000,10.0000
429.1587,222.7664,10.0000,10.0000
424.3220,223.0820,10.0000,10.0000
420.3831,227.3793,10.0000,10.0000
424.2090,224.0107,10.0000,10.0000
420.3154,228.1598,10.0000,10.0000
424.0328,224.7614,10.0000,10.0000
419.0696,225.3522,10.0000,10.0005
422.7529,221.8624,10.0000,10.0000
418.8771,226.2421,10.0000,10.0221
418.9395,231.7136,10.0000,10.0000
418.8907,226.8993,10.0000,10.0000
422.9901,231.4979,10.0000,10.0385
418.0185,232.1171,10.0000,10.0000
415.6039,227.4446,10.0000,10.0000
418.1649,232.7108,10.0000,10.0000
418.1750,227.6140,10.0000,10.0000
414.2860,231.9494,10.0000,10.0000
419.3205,232.5601,10.0000,10.0734
416.8848,237.8450,10.0000,10.0000
416.8920,233.0928,10.0000,10.0000
416.9203,228.3490,10.0000,10.0000
420.7563,232.7729,10.0000,10.0000
416.7299,229.3748,10.0000,10.0000
420.5922,225.9740,10.0000,10.0000
417.9908,231.2312,10.0000,10.0000
420.6351,226.8558,10.0000,10.0000
420.6590,232.1791,10.0000,10.0000
416.4546,228.8281,10.0000,10.0000
419.0799,234.2457,10.0000,10.0000
419.1141,229.1913,10.0000,10.0000
421.6908,234.4850,10.0000,10.0000
417.5222,231.1149,10.0000,10.0000
422.7023,231.6934,10.0000,10.1203
422.8344,237.2135,10.0000,10.0000
422.9188,232.5205,10.0000,10.0000
420.4525,227.8081,10.0000,10.0237
423.2342,233.1685,10.0000,10.0000
425.7831,228.4978,10.0000,10.0000
421.9709,232.4485,10.0000,10.0000
425.7335,229.0791,10.0000,10.0000
425.7603,223.8589,10.0000,10.0000
425.7546,229.3127,10.0000,10.0000
421.8143,225.5217,10.0000,10.0000
421.8792,230.8681,10.0000,10.0000
421.7885,225.5979,10.0000,10.0000
421.7644,230.6239,10.0000,10.0000
421.7828,225.8028,10.0000,10.0000
416.7345,226.3730,10.0000,10.0000
416.7100,231.5465,10.0000,10.0000
414.1175,227.1100,10.0000,10.0000
409.1616,227.6075,10.0000,10.0000
413.7921,228.0020,10.0000,10.0812
409.6690,224.8643,10.0000,10.0000
414.6778,225.3653,10.0000,10.0491
418.6469,229.8547,10.0000,10.0193
413.7717,230.5341,10.0000,10.0000
413.9049,225.4525,10.0000,10.0000
413.9325,230.8669,10.0000,10.0000
414.0296,225.8221,10.0000,10.0000
414.0909,231.1838,10.0000,10.0000
410.0677,235.1676,10.0000,10.0000
415.1380,235.4500,10.0000,10.0000
410.2733,236.0149,10.0000,10.0000
414.0381,232.5482,10.0000,10.0000
410.0987,236.9617,10.0000,10.0000
413.9254,233.4566,10.0000,10.0000
411.4132,238.7544,10.0000,10.0000
415.1879,235.2206,10.0000,10.0000
415.2567,230.4593,10.0000,10.0000
417.8413,225.8028,10.0000,10.0000
413.9175,230.1412,10.0000,10.0000
408.7823,230.7917,10.0000,10.0181
412.6488,227.4548,10.0000,10.0000
416.3701,224.2074,10.0000,10.0000
421.5072,224.6574,10.0000,10.0000
419.1057,220.1098,10.0000,10.0000
421.8349,215.9452,10.0000,10.0000
425.7077,220.3423,10.0000,10.0000
420.7203,220.9474,10.0000,10.0000
425.5378,221.4967,10.0000,10.0000
430.3501,221.8869,10.0000,10.1424
435.5129,222.2180,10.0000,10.0000
439.3083,218.7566,10.0000,10.0000
444.3202,219.2855,10.0000,10.0000
449.3632,219.7944,10.0000,10.0342
453.1172,216.3034,10.0000,10.0000
458.1679,216.7009,10.0000,10.0000
461.9301,213.1061,10.0000,10.0000
465.7033,209.7039,10.0000,10.0000
469.4573,206.3311,10.0000,10.0000
473.2699,202.9598,10.0000,10.0000
478.3164,203.3914,10.0000,10.0292
482.1171,200.1129,10.0000,10.0000
485.9403,196.6971,10.0000,10.0000
489.6893,193.2373,10.0000,10.0000
494.9065,193.9500,10.0000,10.0000
498.6867,190.1280,10.0000,10.0000
502.3461,186.5288,10.0000,10.0000
507.4822,186.7011,10.0000,10.0000
512.5900,187.3242,10.0000,10.1342
516.3188,184.0046,10.0000,10.0000
516.2627,178.6924,10.0000,10.0000
516.3889,183.7372,10.0000,10.0000
516.4163,189.0334,10.0000,10.0000
516.2560,183.9777,10.0000,10.0000
516.4382,189.5502,10.0000,10.0000
512.1788,193.7932,10.0000,10.0000
507.1886,194.4973,10.0000,10.0000
507.2049,189.7543,10.0000,10.0000
512.2237,190.0130,10.0000,10.0000
516.2409,194.2774,10.0000,10.0000
518.8746,199.7560,10.0000,10.0000
515.0436,195.7892,10.0000,10.0000
519.1700,199.9781,10.0000,10.0000
519.1719,195.2297,10.0000,10.0000
519.1857,200.1947,10.0000,10.0000
514.9640,196.9285,10.0000,10.0000
518.8969,201.1052,10.0000,10.0000
522.6870,205.3012,10.0000,10.0000
517.8506,205.7286,10.0000,10.0000
522.4576,206.7783,10.0000,10.0173
524.9999,212.1850,10.0000,10.0000
520.6871,209.2011,10.0000,10.1657
524.7913,213.7220,10.0000,10.0000
529.5013,214.2862,10.0000,10.0154
534.5540,214.7301,10.0000,10.1170
529.3510,215.3724,10.0000,10.0173
533.3922,219.8202,10.0000,10.0000
533.3970,214.6999,10.0000,10.0000
537.2731,219.1018,10.0000,10.0000
537.2470,214.2998,10.0000,10.0000
539.8323,219.5377,10.0000,10.0000
537.3600,214.7918,10.0000,10.0000
542.3479,214.9470,10.0000,10.0000
542.4017,209.8578,10.0000,10.0000
542.5337,215.3338,10.0000,10.0000
542.5763,210.5157,10.0000,10.0000
542.6584,215.9216,10.0000,10.0000
542.7358,211.1080,10.0000,10.0000
538.7670,215.3689,10.0000,10.0859
543.8598,215.9130,10.0000,10.0765
548.9744,216.4177,10.0000,10.1432
549.0652,221.9680,10.0000,10.0000
544.2076,222.5366,10.0000,10.0000
539.2076,223.0702,10.0000,10.0000
539.3304,228.4859,10.0000,10.0000
539.4792,223.3762,10.0000,10.0000
539.5981,228.8426,10.0000,10.0000
539.7110,234.2796,10.0000,10.0000
535.6681,230.7266,10.0000,10.0000
531.7237,234.9763,10.0000,10.1006
535.6453,239.5241,10.0000,10.0000
538.2935,245.0448,10.0000,10.0283
533.2539,245.6086,10.0000,10.0000
537.1312,250.0406,10.0000,10.0000
532.9888,246.6601,10.0000,10.0000
535.6447,252.1678,10.0000,10.0648
535.7831,246.9960,10.0000,10.0000
530.6707,247.5695,10.0000,10.0000
534.4057,244.1472,10.0000,10.0000
530.4760,248.3987,10.0000,10.0492
525.6016,248.5910,10.0000,10.0000
530.6993,249.1100,10.0000,10.0477
530.7936,244.0323,10.0000,10.0000
530.8893,249.4744,10.0000,10.0000
526.7292,246.1209,10.0000,10.0000
526.8375,251.5169,10.0000,10.0000
526.9878,256.9053,10.0000,10.0000
523.0967,261.1758,10.0000,10.0000
523.2471,266.5825,10.0000,10.0000
518.3929,267.1645,10.0000,10.0000
522.3593,271.4078,10.0000,10.0000
519.8348,266.7132,10.0000,10.0000
515.9136,270.5831,10.0000,10.0000
520.0572,274.9993,10.0000,10.0000
514.9790,275.8019,10.0000,10.0000
511.0304,272.4691,10.0000,10.0000
511.1487,277.8453,10.0000,10.0000
507.1837,274.3701,10.0000,10.0000
511.0616,278.8100,10.0000,10.0000
511.0556,284.0887,10.0000,10.0000
507.1945,280.7687,10.0000,10.0000
510.9935,277.4778,10.0000,10.0000
508.5081,272.8480,10.0000,10.0000
508.5470,278.3437,10.0000,10.0000
503.6703,278.9850,10.0000,10.0000
503.7852,284.4099,10.0000,10.0000
503.8835,279.2297,10.0000,10.0000
501.3416,284.6772,10.0000,10.0000
497.4106,288.9260,10.0000,10.1621
500.1522,284.5033,10.0000,10.0000
497.6352,289.9026,10.0000,10.0735
493.5273,286.5645,10.0000,10.0000
496.0849,291.6765,10.0000,10.0000
492.1842,296.0366,10.0000,10.0000
492.2143,301.4964,10.0000,10.0000
487.3680,302.0791,10.0000,10.0000
483.1935,298.8269,10.0000,10.0000
485.7534,304.0260,10.0000,10.0000
480.8121,304.6106,10.0000,10.0000
480.7815,309.3474,10.0000,10.0000
475.8778,309.7475,10.0000,10.0000
480.9883,310.0761,10.0000,10.0000
481.0661,305.3791,10.0000,10.0000
478.5541,310.3496,10.0000,10.0000
478.5618,315.5887,10.0000,10.0000
478.6990,310.4891,10.0000,10.0000
474.7444,314.3560,10.0000,10.0000
474.6997,309.7349,10.0000,10.0000
474.7243,314.6493,10.0000,10.0000
470.0038,315.4333,10.0000,10.0000
473.7699,311.7007,10.0000,10.0000
