1
339.6735,219.1740,225.1526,153.2345
341.7631,219.4173,221.7538,154.0411
342.5129,217.5947,218.8248,152.9258
342.5980,215.2865,218.1006,152.3971
343.8590,215.5230,216.5161,155.3100
341.8989,210.5134,216.8461,151.7021
342.4089,212.1005,214.0420,155.3761
343.0032,207.5138,213.6334,155.0904
343.4385,205.7407,212.2308,157.0206
342.7997,207.0589,211.8159,158.2864
343.7054,204.1100,211.1227,158.2245
345.8089,202.2557,210.6930,157.0636
345.1608,204.5647,209.7956,157.5895
346.1916,202.7172,209.0783,157.0516
345.8929,203.5068,209.0337,157.6275
347.5656,200.6850,209.8870,156.7132
345.4499,200.6680,211.1081,157.4106
345.0891,198.0095,211.3285,156.3848
346.1496,200.1021,211.1521,156.7249
347.1502,199.8022,210.1470,157.3340
345.8736,198.5605,211.3157,156.5663
347.1865,197.8157,209.8092,157.0687
347.0256,199.2083,208.9270,158.1626
347.3560,200.1823,208.4972,157.5079
349.3745,206.9077,206.4013,159.6783
350.4705,212.9594,209.5773,160.1791
350.5434,218.2736,209.8979,160.3014
349.7176,221.0212,211.0513,160.1129
348.4308,222.8236,212.4199,160.2947
347.8081,225.0393,213.7469,160.0785
347.4607,226.0378,213.3830,157.3623
342.2690,226.2994,213.1348,156.4856
349.5026,226.1832,210.8922,159.0640
342.2375,222.8105,212.1778,156.6507
321.6961,221.4696,215.1333,153.4437
314.6895,223.8552,216.4830,155.0618
327.3843,223.9777,212.4055,156.2585
340.7986,220.3567,212.5522,154.6905
336.7661,220.6011,213.5178,156.1542
330.6578,220.5078,213.7702,156.2055
331.7509,219.2724,212.2471,156.5445
332.1147,218.9793,211.6874,157.0199
331.9276,216.7058,211.2728,156.7321
331.7331,217.6678,209.4960,158.0073
330.1099,218.0107,211.0280,157.6036
330.6367,218.2539,211.7722,157.1327
327.0044,216.8756,211.9695,155.7340
320.3640,219.7948,213.0812,156.7370
316.4030,215.3048,215.0829,155.1505
313.1305,217.5552,215.4045,155.7195
308.1834,217.0525,213.9695,155.4521
303.9525,215.9855,215.0664,155.1685
300.2633,215.1535,215.0379,155.5075
296.9079,218.1288,215.3888,156.2769
292.0625,213.6742,215.8690,154.7759
289.4503,215.6469,214.5278,155.6047
284.6869,215.4056,214.7729,154.3327
281.3712,213.5481,214.8837,154.2058
277.5362,211.6688,215.0177,154.2579
274.4577,210.1390,215.0031,154.6198
272.2772,209.2089,216.0059,153.7643
267.9572,207.5407,216.6389,153.5902
265.6669,205.7242,216.3248,153.3874
267.0697,204.4966,213.8405,154.3479
270.2142,201.6757,213.0119,154.7314
270.1911,201.8659,211.5102,156.6056
276.7492,200.6357,210.8581,157.0145
279.2060,199.4141,210.6122,157.1104
278.8026,200.0194,210.2816,157.3509
279.8509,198.7051,209.8059,156.2216
277.7003,199.6099,210.5549,157.0612
275.5400,197.1451,211.8364,156.8916
275.8578,200.2678,211.6376,158.0048
274.9489,196.8124,213.5443,154.2913
273.3843,198.4555,213.4425,156.4801
272.1990,195.0284,213.5247,154.1000
271.1154,196.7816,213.1656,155.7979
267.8869,193.5351,213.0719,155.2497
264.9212,191.0430,213.0713,155.4321
266.4938,187.0289,212.9062,153.9695
266.7070,183.1719,211.8986,153.6106
267.5652,181.6417,211.0118,154.5850
264.4155,177.0423,211.1641,153.5690
267.6277,174.6300,209.8026,154.3721
265.1990,173.8854,210.5778,154.8162
264.8007,170.8982,209.6169,153.4916
264.6340,170.8872,208.0862,154.8442
275.4500,168.4505,202.8070,158.2680
285.1498,167.0914,198.3310,159.6289
284.3492,163.8943,200.1965,159.1838
280.2327,161.4016,199.0468,159.7140
282.5191,161.5596,198.5634,161.3384
283.5492,163.0990,197.6863,162.5769
285.8230,163.8658,197.0030,163.0479
286.6811,166.0548,195.3374,163.8315
289.9313,168.8010,194.0869,163.4604
292.5670,172.7503,193.6768,162.8672
296.5381,176.6798,191.6224,163.9200
299.5057,190.4127,191.0089,162.6474
301.5727,201.5548,189.4593,161.9470
301.3148,208.6440,189.2006,162.9095
303.8553,215.0328,188.7915,163.6887
305.1261,226.1297,188.2144,162.6665
301.0053,229.9296,191.2269,162.1938
305.4673,236.9636,187.5997,164.1731
311.7899,247.4886,187.4436,163.2018
314.5294,249.7135,188.4344,164.6108
316.6642,252.8840,189.2287,164.2610
318.2939,254.5528,190.1902,164.0578
322.9017,256.6422,190.2402,163.1298
323.1651,263.1629,191.7664,162.3702
324.2356,267.4357,191.9349,163.0649
325.3941,271.4069,191.9694,163.6223
328.7679,278.4331,192.9479,162.3590
334.5331,279.6443,194.0948,161.6242
339.4524,282.7674,195.6568,161.6407
342.3388,284.2015,197.6793,161.1661
343.4319,286.3600,199.5023,160.6456
344.4496,288.4816,200.5742,160.3196
342.9695,287.0003,201.3789,159.8887
341.8613,287.9029,202.6136,159.8633
341.9098,289.7863,203.0451,159.5284
342.1648,285.7128,201.8571,156.7993
342.8260,288.3410,202.2477,157.3185
342.9993,286.8312,201.2289,155.9169
341.2878,285.8363,201.6545,156.4207
340.8991,284.4204,202.6418,156.0451
341.2030,286.3328,201.0902,156.8960
337.0432,282.3947,202.6930,153.8660
334.1684,282.2069,201.2028,156.0096
334.8621,280.5733,200.8750,154.0801
335.9709,280.2833,200.0673,156.6844
336.6164,284.1669,200.2428,158.5227
336.3781,287.2852,198.8526,159.1983
337.9354,292.7715,197.8874,158.7068
338.2252,288.2313,197.9637,158.0939
337.7511,289.7989,197.8770,157.9143
335.1425,288.7486,199.9770,155.6136
337.4642,289.0075,198.2025,155.6938
339.3345,289.9822,198.6445,155.4958
340.2069,290.0484,198.0230,155.9157
338.1817,289.9297,200.8468,154.4419
335.8616,287.5581,204.6659,153.2825
336.1964,287.7109,204.6053,155.7824
340.0927,286.9843,204.1250,154.1608
340.5189,284.2979,204.5410,152.3417
339.3314,282.5000,202.3447,152.6450
341.5362,279.1277,197.7989,153.6135
344.8311,276.8089,192.9141,157.5417
355.6239,283.4525,187.0754,158.7852
361.2586,297.7706,183.9069,163.0956
364.3946,305.7348,188.3493,160.5397
366.1925,305.1585,192.7210,157.1911
365.6029,309.9093,192.4316,157.2734
362.9618,310.4112,196.4534,156.6146
360.0968,314.4653,197.5234,155.7743
357.8606,313.2123,198.8527,157.0526
354.0974,314.0969,200.5997,157.0055
360.5078,313.7483,197.0173,159.0272
367.3818,314.4420,192.0417,160.4249
371.1212,312.2774,192.4173,159.8347
368.5409,310.7336,195.4639,159.8206
367.1665,310.6213,197.4607,159.6226
357.7881,309.9668,201.7846,158.3985
348.9634,309.9771,205.2330,157.0620
350.8964,308.5727,204.6152,157.9162
358.7416,305.4733,199.7993,160.6639
366.2034,302.7929,197.6092,161.8822
356.8741,296.8940,199.9643,157.6956
342.4672,288.1924,202.3559,156.1744
334.8700,278.3299,200.6370,156.2241
336.7031,266.7323,198.1405,157.1712
328.3663,260.5800,196.1109,158.0397
327.9506,267.9685,194.4487,158.4673
325.1948,265.7155,192.5687,160.1218
327.4134,261.9261,190.9690,161.7419
328.5966,256.4427,189.2694,160.2645
335.8155,238.8250,184.1026,161.9756
339.6361,215.8592,180.6062,162.0417
343.0298,192.3591,175.7383,161.3075
350.9679,172.1344,175.5513,162.4215
356.8990,152.2893,174.2102,162.8618
364.0810,132.4635,174.5032,159.9411
365.8716,124.2594,175.6779,161.1513
365.1889,134.7394,176.7322,158.7938
369.9410,135.3890,174.2897,161.0797
385.3790,123.4270,171.6380,165.8208
387.3333,106.8703,172.3240,163.8834
371.1999,88.9977,176.8512,160.3326
359.3895,78.1096,178.1974,157.9300
361.2293,65.5176,174.1969,157.9714
365.0067,48.9124,168.4160,160.8861
370.0520,43.5231,166.1187,162.2467
370.5751,43.7683,165.1116,162.8180
360.5488,53.4483,169.0210,160.2262
358.3503,63.8431,170.6560,158.0876
359.5327,64.9807,167.8042,159.2477
359.8883,63.3044,164.9222,160.8782
359.5730,60.7088,162.6918,160.5709
358.1129,63.1021,160.5334,160.6282
359.9349,63.9317,156.8573,163.3926
367.5631,66.9463,157.1914,162.9786
371.3202,79.2412,157.5193,162.4221
377.8032,98.0882,160.4269,160.4969
382.2131,118.8818,162.5217,158.9193
388.5598,137.9730,163.7476,160.4470
392.2816,158.4008,165.6947,159.4407
390.2421,175.7960,167.6589,158.8290
393.2122,193.6735,167.1584,157.9336
406.3067,199.6034,168.1673,159.4914
406.6793,196.8929,167.6732,159.3034
388.3008,193.3383,167.5807,160.0454
371.7209,194.3312,173.2949,157.5685
370.8599,198.6008,172.2046,156.8357
377.4958,199.1779,170.1358,160.7259
380.6234,197.5384,169.9646,160.9985
372.5714,200.9692,173.1398,159.4633
364.8058,208.1837,174.4326,158.5267
361.0089,213.6480,172.6470,159.1720
354.5843,219.7637,171.8233,159.1537
350.8857,228.6954,171.0471,159.7116
346.4860,235.1402,169.2549,160.2886
345.1261,238.2499,166.2363,163.0800
349.6277,244.4871,166.6771,165.3526
352.6162,246.5143,165.2915,169.2842
357.2278,245.0200,164.9203,170.9574
362.1999,240.4561,165.3063,171.9630
363.5187,239.5861,162.5873,171.8347
368.5631,237.4052,164.1164,171.1547
368.5521,238.8068,162.4646,170.1528
369.4581,243.7584,161.4473,170.4083
372.8568,250.4635,160.3450,170.7798
375.4785,254.0275,160.1051,171.1333
375.7252,255.5312,158.6344,170.3399
375.7572,260.2335,158.0544,171.1776
367.5844,261.8788,159.6592,173.4320
362.1892,264.3143,159.9508,175.5257
365.8387,274.5165,158.2458,174.5666
371.0255,282.2964,157.1739,174.8035
371.2695,281.0830,154.3783,175.8099
370.9666,290.2353,153.2505,174.4278
369.6982,294.3824,151.6103,175.0843
369.4994,298.7076,150.6269,174.9141
370.6229,300.7251,149.5864,174.2490
373.1425,304.3755,149.3772,172.4841
377.3606,301.0003,148.8741,172.4083
379.9868,296.6379,147.7153,173.4488
382.1761,302.0178,146.0498,173.8692
381.8586,301.4528,144.8743,171.8983
385.8694,299.0068,143.4808,171.1795
387.0786,303.5957,142.2976,170.1609
387.7145,306.5132,141.3797,168.3491
391.1664,300.8377,140.6935,169.1528
386.6118,297.3251,139.7025,165.9444
379.5130,299.5180,137.6599,165.3558
370.6085,294.4417,134.6166,165.7615
373.5429,283.0127,136.4645,164.5402
379.6007,272.1136,136.6100,162.4807
377.7482,267.7179,136.2395,160.9366
367.9706,260.3600,135.1534,160.2574
362.4188,255.6552,132.3729,160.0988
371.9112,243.5868,133.7446,158.0307
371.0678,234.1575,133.4858,156.4841
372.7953,227.3545,133.5093,154.9912
371.7580,224.2917,133.8018,152.9860
373.8903,217.1948,133.4984,153.1538
373.6908,209.3676,131.7003,152.4918
373.1950,202.9284,131.0063,152.7536
374.1961,196.5513,131.0940,151.7834
375.5185,195.5584,130.5435,150.5286
378.9675,195.3805,130.3919,148.5886
381.9732,195.7448,129.6453,148.0047
383.6795,194.0204,129.0503,146.7740
383.9831,192.0988,126.7169,145.9296
384.6661,194.5623,125.1614,145.9654
384.7789,190.3678,121.8383,145.6843
384.2499,193.8505,121.5379,143.1225
383.5137,190.8262,119.9375,141.9336
381.5808,192.7270,119.0412,141.4830
379.0537,194.5572,117.7450,141.2220
378.6167,191.4746,115.8412,139.6142
372.9307,192.9233,116.3144,137.0022
365.1477,193.2080,116.8888,135.0068
360.0383,192.2451,116.8673,133.7229
355.4925,194.4606,115.1513,132.4136
353.0805,195.3127,113.2967,132.7410
347.7543,196.7009,111.8726,130.1085
344.9990,194.6111,108.9782,130.8345
342.1014,193.7022,101.7980,133.7682
334.7470,194.5471,103.2741,129.2359
332.0693,197.2474,99.4678,129.9579
328.2834,197.0652,96.4892,129.9298
325.6717,199.0698,92.4283,132.4030
324.6966,197.1618,90.5418,132.3981
320.9446,198.1229,88.7602,132.2881
316.3292,198.6704,87.5237,131.6581
311.7886,201.5240,88.6335,129.6557
308.1933,202.6960,87.5341,130.3144
314.7854,205.0777,88.1364,126.7205
323.9227,205.4874,88.8209,125.2309
329.0249,210.7037,91.7211,122.8485
333.9169,211.5642,92.4611,121.4499
339.7140,213.3555,92.8958,119.6486
336.7796,210.8682,89.3038,121.8701
333.1610,212.2350,85.7787,123.1228
330.0202,209.5872,84.7415,124.1956
325.4997,211.3997,83.1796,123.8453
321.1703,212.2966,82.0409,123.7645
317.7706,211.5557,81.3861,124.4491
313.6983,209.5836,80.0829,125.6749
310.5762,209.0729,79.4100,125.8985
308.0234,209.5679,78.3918,126.2036
315.8172,203.7683,83.1814,124.2859
316.5291,209.3864,81.9051,125.7087
317.0887,210.2465,79.8968,127.4134
316.1553,210.2087,78.3749,127.4732
317.2818,208.8714,77.0007,129.1395
328.3091,199.2156,80.1135,126.8493
330.5453,203.1332,80.1435,127.3591
333.9529,203.4515,80.1893,127.7032
347.2520,194.0230,83.7967,125.7572
347.8099,197.6732,84.6561,124.7425
350.9380,202.5778,84.9035,124.0400
362.7096,200.6753,87.5380,121.2267
368.0952,203.8183,86.1962,121.9001
369.2590,203.2681,84.8624,122.5696
373.6380,204.1073,83.8223,123.2384
376.1610,205.6586,84.5626,122.1863
377.5347,204.5015,86.1818,119.0426
371.4534,201.2574,83.4011,120.0564
372.7834,200.7236,84.6575,117.3289
366.2856,197.9199,81.2081,118.5821
368.8204,199.7910,82.9909,116.1210
369.3556,197.6862,84.3884,114.1255
370.2471,195.9276,86.0711,112.3782
370.1226,193.2285,86.4101,111.8275
369.4989,191.7821,86.8061,112.6183
368.6622,189.4330,86.9052,112.9303
367.6213,189.5458,86.6615,114.2560
361.7776,200.6912,88.3777,112.8635
356.1731,201.0386,88.1297,110.9790
358.9067,201.9912,88.8659,109.6940
352.0693,203.7500,87.7788,108.4627
355.1303,205.3886,88.4743,107.2404
348.7882,207.9013,87.9524,106.2188
352.1700,215.0544,89.2919,104.1364
357.0991,201.9215,88.9307,104.4300
351.2263,197.1989,86.6264,107.4123
353.2473,193.8901,84.2851,109.0065
353.2811,204.7856,84.3276,108.2339
345.7812,204.4453,84.2787,106.6377
347.4381,220.3975,85.2593,103.4769
341.2248,213.0228,84.8842,103.6699
343.4617,234.8493,86.4665,100.5808
337.9051,216.5339,86.3415,100.5702
340.1058,222.4522,85.1873,100.7115
340.1877,245.4545,85.7671,99.5036
334.4035,226.3101,85.6911,99.5221
334.8275,245.3853,85.4255,99.4755
329.4691,226.7132,85.3239,99.5168
329.8140,231.6263,82.6923,100.5165
331.3134,240.0968,80.8687,100.1034
325.2429,251.3252,81.9169,98.1062
327.9121,260.0301,82.0056,97.8606
329.7410,255.8039,82.0025,97.8524
323.5415,264.5026,82.0506,97.6902
325.2008,260.6717,82.0480,97.6871
318.9579,273.8355,82.0714,97.6284
321.3891,266.9466,82.0689,97.6262
322.3232,259.4876,82.0636,97.6266
315.4561,268.5356,82.0571,97.0130
317.9875,266.9586,82.0454,97.0071
312.3294,278.5228,82.0173,96.2876
314.3130,274.8936,82.0095,96.2856
308.5829,285.3324,81.8755,95.8259
310.2050,282.4133,81.8627,95.8224
305.9596,292.9691,81.8382,95.7122
309.3855,287.5298,81.8337,95.7116
304.8755,295.3258,81.8175,95.5892
308.4048,291.1973,81.8131,95.5871
305.2005,302.3131,81.7543,95.5739
307.8276,294.2111,81.7502,95.5723
304.0603,302.4784,81.5655,95.4744
306.3775,294.1047,81.5576,95.4726
307.8697,300.9656,81.4826,95.5001
302.5965,304.4837,81.4185,95.4398
295.9869,298.1345,81.3673,95.4122
287.5984,301.5097,81.1654,95.2539
281.0304,305.3520,81.0298,95.0359
276.5912,308.4521,80.9314,94.7230
272.4604,310.6752,80.8653,94.3344
266.1333,312.9953,80.7196,94.0968
261.6574,314.2722,80.6520,93.9678
259.3719,318.8322,80.6018,93.7743
259.8448,313.4211,80.5820,93.7707
255.5123,317.0984,80.5258,93.5940
255.8943,318.1624,80.4458,93.5476
251.8602,320.9992,80.3420,93.2702
248.6801,321.7182,80.2313,93.1123
248.9256,324.3735,80.1933,93.0133
249.5828,319.6664,80.1902,93.0092
250.2327,322.8483,80.0931,92.8029
250.7290,328.1912,79.8680,92.1500
250.6723,332.9312,79.8310,92.0664
252.4298,324.7664,79.8227,92.0526
253.7906,332.4629,79.8073,91.9651
255.9469,339.9584,79.8003,91.8855
258.7561,328.5259,79.7643,91.8633
259.3534,333.5875,79.7124,91.7486
259.4781,338.4512,79.6177,91.5516
260.7844,340.8433,79.5477,91.4606
263.6540,329.5245,79.5201,91.4256
265.1137,330.3700,79.5166,91.4232
266.0905,327.5754,79.5116,91.4218
265.1469,339.1915,79.3659,91.2834
267.1935,332.2881,79.3600,91.2792
266.8800,328.6181,79.3572,91.2782
267.5424,327.2890,79.3508,91.2772
267.4088,325.8241,79.3476,91.2773
267.7258,325.9660,79.3420,91.2775
269.3127,328.1184,79.3416,91.2774
269.8180,327.7824,79.3361,91.2776
270.1774,328.1244,79.3346,91.2775
272.4543,328.8295,79.3285,91.2790
276.0532,328.8576,79.3255,91.2791
279.4644,328.5450,79.3196,91.2794
282.3163,328.3208,79.3175,91.2795
284.8826,330.3365,79.3137,91.2805
287.0224,330.7326,79.3089,91.2808
290.7817,331.9207,79.3081,91.2809
291.7548,329.2488,79.3017,91.2827
290.5561,329.1079,79.2996,91.2833
288.3673,330.1639,79.2926,91.2846
288.3203,324.3527,79.2912,91.2853
287.7734,324.1804,79.2747,91.2857
288.1730,318.4798,79.2735,91.2859
287.2851,317.5387,79.2685,91.2863
285.8454,311.2722,79.2664,91.2866
285.2107,311.0529,79.2635,91.2869
284.7135,305.5402,79.2569,91.2869
284.2644,298.8371,79.2566,91.2869
284.0833,300.8410,79.2382,91.2892
279.9821,293.3393,79.2380,91.2892
275.5627,293.3228,79.2232,91.2923
275.6402,293.3062,79.2228,91.2923
274.8882,291.3757,79.2198,91.2932
275.0449,285.7948,79.2191,91.2934
274.1492,282.2677,79.2174,91.2935
273.7625,283.8629,79.2154,91.2936
273.4296,279.8903,79.2149,91.2936
275.0079,275.3224,79.2117,91.2943
277.1083,274.5482,79.2116,91.2943
273.7867,274.1530,79.2011,91.2963
270.1250,271.7139,79.2004,91.2965
268.3553,269.7388,79.1951,91.2975
270.2892,266.8356,79.1947,91.2976
269.6494,267.9198,79.1893,91.2980
268.9522,268.2043,79.1857,91.2986
268.7646,268.6576,79.1815,91.2999
267.9361,264.3706,79.1775,91.3007
267.9937,261.9122,79.1766,91.3006
270.3455,257.5028,79.1606,91.3010
273.4552,258.7814,79.1604,91.3010
272.4758,261.6255,79.1557,91.3006
272.5017,254.7261,79.1553,91.3006
272.9528,258.9124,79.1438,91.2978
272.4977,254.6660,79.1428,91.2975
273.5670,256.7396,79.1356,91.2951
272.1394,252.0225,79.1336,91.2945
271.3128,253.1303,79.1311,91.2937
268.4296,252.1339,79.1287,91.2917
267.8575,247.2974,79.1285,91.2916
261.8245,251.1974,79.1222,91.2857
259.0841,243.4083,79.1201,91.2850
256.7225,243.8776,79.1159,91.2801
256.7401,239.5238,79.1157,91.2797
256.9683,239.8936,79.1108,91.2721
255.2391,235.7034,79.1095,91.2695
257.0425,236.3363,79.1047,91.2646
255.9315,233.9964,79.1012,91.2580
258.7085,230.8083,79.1008,91.2575
259.3725,231.0403,79.0961,91.2502
261.8825,226.0123,79.0959,91.2500
262.0723,229.3518,79.0844,91.2364
264.7667,223.3263,79.0834,91.2357
266.0666,225.1720,79.0804,91.2303
269.5556,217.9001,79.0791,91.2285
272.5906,218.9339,79.0762,91.2247
274.6210,217.8209,79.0737,91.2153
280.0582,215.0803,79.0735,91.2148
281.8087,215.2925,79.0686,91.2055
288.6335,211.1792,79.0683,91.2052
290.0169,215.1561,79.0664,91.2021
293.9696,209.7216,79.0639,91.2004
296.4086,212.8197,79.0617,91.1969
302.2668,207.7536,79.0609,91.1962
304.4430,213.7056,79.0596,91.1945
307.4505,211.1580,79.0585,91.1919
310.8872,214.0569,79.0583,91.1915
313.2697,217.1636,79.0575,91.1890
319.9905,216.6102,79.0574,91.1887
322.1292,220.5342,79.0560,91.1858
326.6020,219.0217,79.0560,91.1857
327.7381,224.4188,79.0527,91.1816
330.1086,221.7244,79.0511,91.1801
330.5181,224.6757,79.0485,91.1754
333.6692,220.1028,79.0481,91.1748
332.8991,227.1150,79.0458,91.1711
331.5247,238.1971,79.0617,91.0190
331.7618,235.0132,79.0593,91.0145
331.2391,230.6625,79.0564,91.0064
333.2212,226.2233,79.0560,91.0056
331.9531,230.1781,79.0538,91.0007
334.4553,229.1781,79.0533,91.0002
333.8525,242.6937,79.0450,90.8941
336.1647,236.3835,79.0441,90.8932
335.8884,250.5426,79.0408,90.7782
338.6510,247.7016,79.0404,90.7775
338.9941,242.9150,79.0397,90.7761
338.8090,236.3163,79.0388,90.7698
340.9418,234.6475,79.0379,90.7663
340.3524,235.2865,79.0373,90.7627
343.2773,231.3540,79.0369,90.7620
341.8159,234.6075,79.0364,90.7607
344.4341,231.5484,79.0363,90.7606
344.5788,233.7063,79.0358,90.7594
345.4903,230.7518,79.0353,90.7588
344.9504,235.0116,79.0348,90.7573
346.9239,232.0296,79.0343,90.7565
347.5848,233.7238,79.0341,90.7561
348.4211,232.2526,79.0330,90.7541
348.5724,234.6604,79.0326,90.7531
348.3065,233.5476,79.0325,90.7526
351.6768,232.1470,79.0324,90.7525
351.0740,230.6678,79.0322,90.7518
354.8064,229.5197,79.0321,90.7518
354.2638,230.2352,79.0318,90.7511
355.8751,233.6840,79.0318,90.7511
356.6266,237.0527,79.0317,90.7509
358.2466,241.7039,79.0316,90.7508
357.7183,245.9019,79.0316,90.7508
356.7618,250.8663,79.0316,90.7508
356.5757,254.7732,79.0316,90.7508
355.8201,259.0155,79.0316,90.7507
355.4344,261.8426,79.0316,90.7507
353.3845,266.3663,79.0316,90.7507
350.8486,270.3871,79.0315,90.7507
347.5023,274.0637,79.0315,90.7507
2
0
0
0
0
1
360.8041,258.4493,18.0000,23.0000
360.6097,260.8287,18.0000,23.0000
361.7945,261.7993,18.0000,23.0000
362.3608,262.6241,18.0000,23.0000
362.8525,263.6428,18.0000,23.0000
363.2952,264.4698,18.0000,23.0000
364.7738,265.3962,18.0000,22.9999
365.5992,266.1722,18.0000,22.9999
366.0434,267.6974,18.0000,22.9999
366.1129,270.0255,18.0000,22.9999
365.5940,273.2602,18.0000,22.9999
2
0
0
0
0
1
387.9106,237.4597,17.0000,21.0000
388.2939,239.6458,17.0000,21.0000
387.8537,243.0948,17.0000,21.0000
2
0
0
0
0
1
420.1507,223.5421,17.0415,20.0253
420.6855,225.0499,17.0415,20.0253
421.3388,226.5168,17.0415,20.0253
421.6388,227.9169,17.0415,20.0253
421.7337,229.8931,17.0415,20.0253
421.6068,232.4226,17.0415,20.0253
421.3530,235.7371,17.0415,20.0253
2
0
0
0
0
1
425.0701,218.3363,16.8727,18.3954
424.3964,217.8213,16.8727,18.3954
424.5970,217.3795,16.8727,18.3954
425.0398,217.6839,16.8727,18.3954
424.9235,218.8652,16.8727,18.3954
424.6418,221.5305,16.8727,18.3954
424.1261,224.6639,16.8727,18.3954
2
0
0
0
0
1
454.1244,199.3014,15.3563,15.5047
453.7318,202.1489,15.3563,15.5047
2
0
0
0
0
1
442.0121,172.7010,17.0018,17.4595
441.2435,175.5466,17.0018,17.4595
440.6524,178.8230,17.0018,17.4595
420.9652,165.4100,16.4263,17.7843
419.6256,167.9776,16.4263,17.7843
418.1016,169.2146,16.4263,17.7843
417.2997,172.2653,16.4263,17.7843
398.6353,160.0895,15.9522,17.7282
397.6973,162.5230,15.9522,17.7282
397.1798,165.5487,15.9522,17.7282
375.1722,157.8988,15.2762,18.2493
375.0801,159.3685,15.2762,18.2493
374.7879,162.2724,15.2762,18.2493
2
0
0
0
0
1
368.9738,156.7738,16.0000,19.0000
368.2087,159.7130,16.0000,19.0000
367.3610,161.7676,16.0000,19.0000
366.9312,162.3299,16.0000,19.0000
366.7021,162.9346,16.0000,19.0000
366.8343,165.4079,16.0000,19.0000
2
0
0
0
0
1
394.3599,150.3321,17.1893,17.4360
393.5527,153.3668,17.1893,17.4360
375.6121,145.8395,17.0630,17.2830
374.4342,147.6900,17.0630,17.2830
373.5285,149.9857,17.0630,17.2830
372.7656,153.0055,17.0630,17.2830
353.3448,148.2978,16.6091,17.2951
352.3157,150.2948,16.6091,17.2951
351.2878,152.2452,16.6091,17.2951
350.6293,154.8428,16.6091,17.2951
349.6602,155.7755,16.6091,17.2951
348.7231,156.0128,16.6091,17.2951
348.2160,156.3136,16.6091,17.2951
348.1284,156.0821,16.6091,17.2951
348.6273,157.0305,16.6091,17.2951
348.9721,159.1486,16.6091,17.2951
348.7559,162.0849,16.6091,17.2951
2
0
0
0
0
1
393.4514,145.7875,17.0068,15.7127
394.7111,146.6401,17.0068,15.7127
395.6175,147.0883,17.0068,15.7127
396.9787,147.8315,17.0068,15.7127
398.3107,148.2971,17.0068,15.7127
398.7201,150.1541,17.0068,15.7127
416.7842,146.1326,16.6661,14.7706
416.6177,146.4318,16.6661,14.7706
416.0854,146.7764,16.6661,14.7706
415.3244,147.1199,16.6661,14.7706
414.5818,147.0462,16.6661,14.7706
413.7174,147.1536,16.6661,14.7706
412.7806,148.5381,16.6661,14.7706
411.9924,150.1856,16.6661,14.7706
411.3803,152.4953,16.6661,14.7706
410.8822,155.3033,16.6661,14.7706
2
0
0
0
0
1
392.2451,140.8318,19.5528,14.7011
390.4681,141.5335,19.5528,14.7011
388.5297,142.0453,19.5528,14.7011
387.3095,143.5118,19.5528,14.7011
385.6353,145.3745,19.5528,14.7011
384.1211,146.7648,19.5528,14.7011
382.1390,148.2375,19.5528,14.7011
380.3282,149.3917,19.5528,14.7011
378.5119,150.4015,19.5528,14.7011
376.3313,151.4947,19.5528,14.7011
373.9011,152.2817,19.5528,14.7011
372.4801,153.9117,19.5528,14.7011
371.4048,156.1441,19.5528,14.7011
371.0611,158.8558,19.5528,14.7011
352.1681,151.0556,20.2204,13.6149
351.3011,152.1255,20.2204,13.6149
350.3429,153.4139,20.2204,13.6149
