32.3519,567.9533,46.2232,45.8083
55.9892,582.8420,46.9671,44.9867
77.2261,594.1908,48.1166,43.1394
100.7113,602.1437,49.7266,41.0942
124.4999,611.4550,50.9460,39.0269
145.8254,623.9140,50.5529,37.7220
173.2481,629.3632,50.7376,37.5345
195.8772,637.8873,49.7598,38.4502
230.0396,641.6020,49.1710,38.4820
254.1243,651.4715,49.5149,38.1195
289.4724,655.8824,49.5045,38.5128
318.2534,663.9032,49.9558,38.1983
357.5867,665.6227,50.3708,38.3458
384.3220,674.3622,51.0112,37.8901
418.9447,671.8223,50.1108,40.5440
452.7458,671.6166,50.0279,41.8117
486.7523,673.0764,50.2273,42.9824
517.4731,665.8907,50.8983,45.2032
544.4988,670.1935,51.5495,47.1320
584.8106,638.9360,53.7967,45.9805
607.8347,654.9227,52.3780,46.7516
640.7567,629.5316,53.4883,47.3994
666.1544,643.4970,51.7223,49.1238
689.3646,620.9750,51.7619,49.4312
713.6121,621.8373,51.7760,49.6207
734.7918,618.2723,50.3217,50.9367
755.6691,619.8755,49.1576,52.2520
769.8395,596.9697,49.5494,51.0853
793.8578,609.9003,47.5032,52.4539
812.9606,602.6600,46.0675,53.4254
830.7756,599.1324,47.0542,52.7259
847.3464,588.2117,45.9552,53.9554
862.2364,582.6296,47.0760,51.3370
881.1490,589.7295,45.6022,52.5793
894.4858,580.0374,44.5562,52.6331
912.4535,579.1086,44.0242,51.7784
926.6980,573.6780,44.7317,49.0371
938.5358,570.5332,44.9154,46.0604
951.2158,571.6198,43.7157,45.8617
963.8646,570.0606,44.0870,44.3842
972.8708,567.1909,44.2221,42.0850
985.0611,567.9677,44.2317,41.9707
994.4897,564.8889,43.5253,41.2320
1001.3934,560.7554,44.0339,39.3362
1013.0213,557.5475,43.9508,38.0225
1023.8664,558.8701,42.7575,38.8829
1023.5780,548.0878,42.1909,37.8591
1031.5923,540.8508,41.7536,35.9299
1042.2699,536.0595,40.3705,36.9599
1050.7178,526.0452,39.5272,36.1634
1056.2498,514.7035,39.0892,35.9987
1062.0183,500.3579,38.7873,35.2549
1076.2629,506.9515,38.0832,35.2358
1065.5498,483.2221,37.9359,34.6469
1081.0634,496.1525,37.2842,34.7548
1096.6918,508.6150,35.9695,34.9634
1111.6819,523.6092,34.7155,35.9768
1130.1455,524.8447,33.8860,37.0459
1148.8070,526.3488,33.7231,37.5774
1149.6123,509.3663,33.7158,36.5938
1159.6094,493.0222,32.9936,37.1877
1146.0709,507.8584,32.4922,37.7718
1147.0031,491.1831,32.6916,36.0719
1156.5981,475.2908,31.7035,36.7114
1140.0040,476.7875,31.4554,37.3374
1154.4592,464.0794,31.0098,37.5661
1141.6200,478.4920,30.6467,37.6796
1150.7404,462.7067,30.5573,37.4575
1151.3151,446.1742,31.2612,35.2315
1135.1003,446.9922,30.8590,35.9318
1148.9325,434.4172,30.3527,36.1377
1136.4072,422.0176,29.2307,37.1422
1153.6580,423.5784,29.2983,36.8895
1137.3202,424.4435,29.4244,36.9558
1150.8398,412.2538,29.3390,36.6434
1134.5757,413.0878,29.4504,36.7007
1151.8586,414.5946,29.3433,36.6257
1135.6024,415.3622,29.4485,36.7238
1136.1793,399.3902,30.2142,34.4467
1136.8411,417.5476,30.2442,33.8430
1137.6831,401.7945,30.3599,32.1258
1138.4763,419.2264,30.0772,31.8601
1139.5057,403.7774,29.8296,30.4471
1152.5587,416.8979,28.9881,30.5862
1141.6844,405.9083,27.4725,31.6894
1154.1620,418.9645,26.9967,31.2262
1147.7899,404.9723,26.5877,31.1483
1155.6727,420.7977,26.3481,30.9266
1167.7153,410.1340,25.9149,30.9823
1161.2673,425.1881,25.7375,30.8902
1172.9912,414.6074,25.5208,30.8366
1173.6270,430.7431,25.5696,30.0224
1174.3016,417.2070,25.8970,28.3503
1188.9338,418.1223,25.3233,28.8348
1189.5969,404.9157,25.4778,27.2738
1200.9413,416.5566,24.9249,27.2157
1201.7302,403.6687,24.8888,25.9081
1196.4099,391.2135,24.0847,26.3094
1207.2736,402.3359,23.5854,26.1695
1201.9069,390.2838,23.0936,26.2837
1212.5000,401.2135,22.7219,26.0120
1207.1504,389.5250,22.3473,26.0279
1195.5453,390.0781,22.2045,26.3907
1208.4230,391.0039,21.9870,26.5839
1196.6268,391.6964,21.9844,26.7322
1197.0552,379.8712,22.4135,25.2045
1197.5959,393.1617,22.3276,24.7967
1186.2935,393.6751,22.0439,25.2662
1196.2156,384.7259,21.7275,25.4508
1187.5349,394.2715,21.3909,25.4314
1188.1959,383.0125,21.5907,24.0390
1179.8212,392.1507,21.1342,24.1834
1186.2615,381.3368,20.7623,24.3267
1181.2668,393.3586,20.6047,24.2448
1181.8652,382.6100,20.7789,22.9571
1182.4832,394.8522,20.6475,22.6489
1183.2372,384.2931,20.4974,21.6126
1183.9070,396.0067,20.2657,21.4272
1190.0342,385.8683,19.6132,21.8840
1190.7061,397.5583,19.4856,21.6008
1191.4233,387.6252,19.3684,20.6311
1192.0770,398.8566,19.1137,20.5148
1202.3792,399.3952,18.8502,20.7361
1192.9590,399.8156,18.5740,21.2241
1203.2472,400.4069,18.3766,21.3709
1203.8871,390.9186,18.4215,20.2599
1213.9196,391.3968,18.2159,20.4335
1206.8245,384.4033,17.3803,21.0509
1215.0409,393.0428,17.2034,20.7582
1215.5804,384.0105,17.3757,19.6133
1206.7554,384.4763,17.1978,20.0001
1214.5183,377.3318,16.9863,20.1171
1207.7130,384.9024,16.6902,20.1417
1208.3954,375.9779,16.7554,19.6732
1208.9430,386.1982,16.7568,19.3123
1202.1228,379.8248,16.4466,19.5579
1202.6768,389.9736,16.4825,19.1933
1203.3719,381.2893,16.4954,18.8146
1194.9493,381.7607,16.3415,19.1373
1195.6182,373.1558,16.3603,18.7231
1191.7971,382.5064,16.1331,18.7787
1185.1886,376.3867,15.8566,19.0004
1190.0181,385.9547,15.7101,18.8492
1186.1019,377.8347,15.6149,18.8237
1179.5543,371.8006,15.3865,18.9980
1173.2365,378.8756,15.2106,18.9275
1178.0127,370.8995,15.1821,18.7433
