82.5,218.5,69,73
82.73555934409477,217.5682134656582,67.52888131181047,73.86357306868359
84.80819007850688,219.53146780358628,67.83580799794763,72.16315847030815
87.31502148588078,221.41295501536712,69.43547962748076,70.60462886150674
91.81626319899743,225.0937997949047,71.45968032549341,67.65361295213002
99.10354097275503,224.0135345601792,70.02845795897545,67.62358789141476
106.83955566142279,219.3720925891883,67.56242485765956,68.2358076493835
117.0959423095905,219.319878843019,64.15803771797749,68.34023514172209
122.44123442898308,219.98031324317873,61.812761881433914,67.01936634140266
124.02580072142672,221.9844966379867,60.67206745654657,67.06787587178667
132.0568412148466,221.18375661526167,58.6871416939574,68.66935591723671
140.39467532699416,222.2604141015975,56.039987078886064,70.52418769005756
144.11423105409008,223.9453693477026,54.570488487064026,71.13401910609383
139.74687825262873,248.67196654432024,55.40400366771221,69.08796724650573
147.3153748597855,233.45344421742078,55.92733344274023,68.20436592162163
149.7837430385474,235.14959014615187,54.895473513778285,68.7169504927214
164.85622270419591,234.158272189831,53.904631161066206,68.75597860679082
171.640325175064,234.95072590486257,53.83326780108352,67.17107117672764
172.05422153501715,234.4901352236949,54.908158985361645,66.18956863487858
174.09442498244292,233.9558828167393,54.63771381982074,67.25807344878976
182.49066389861062,233.3422314209637,53.18159480872039,68.48537624034094
184.49149038741996,232.8717699918942,53.0043862694712,69.42629909847996
185.7989891842796,234.58169862523496,54.23679139656562,69.8538445526122
190.87598221933578,236.061400725006,55.78466793584376,68.8447507879685
193.10150992502096,237.68785246755465,57.21352881809394,67.55181940074476
194.66335363247313,240.89018895822815,58.01608458305907,67.03651118920192
198.45950139442135,242.11283343622136,58.295992865887925,66.5592731848968
200.4496518445438,243.32166253252956,58.24598759937984,66.10676280914876
204.8863205822465,247.2126400744418,59.159313232495364,64.1968055904369
206.07405165114915,251.41423550860017,60.66827319359535,61.62024787047796
207.49693243032132,255.40481754341675,61.674089421410045,59.41645048008342
222.8034834667708,243.17181328658302,59.663808993448185,61.000201677801186
232.53508398748482,236.65215324042185,57.30233149238185,62.638372743215776
233.9684704330713,235.30728138100486,54.43555860120894,65.32811646204978
234.48520913274967,234.9145392158443,53.40208120185219,66.11360079237093
238.4736274996832,234.96946187205532,52.94313832167933,66.00375547994884
243.14674968296748,234.60177511777846,52.948665462357226,66.73912898850259
244.0059522326841,237.1870989119759,53.11197708276727,67.21363155963765
249.9153630907867,235.83210385612745,52.64296788832945,68.03198625103995
250.80774098541474,236.77193656674245,52.75473799836939,68.04884672910588
255.62149931791612,236.61131192188293,52.62023759894171,68.37009601882497
256.2410857050261,236.24630231218694,53.28238423952615,69.10011523821693
260.30636157025464,235.7083799271942,52.84485173639624,70.17596000820245
260.29438405778967,234.81470716107287,50.93628341446596,71.96330554044506
260.32689947853913,233.96260663118392,48.94292074223085,73.66750660022295
262.71361291018655,232.13555177811267,46.09052720795033,75.40058297735112
280.0932917108605,255.42551946807532,47.41739986752738,72.50397896591394
289.7525577056284,254.15836433343736,45.00236828150644,73.16012252368822
296.9225390206183,227.75150887780063,43.59540221802715,72.39427623088828
296.5262732708917,228.010370374675,44.387933717480315,70.06407441605975
290.72222918873297,225.33643502180132,45.249907892211866,68.2478691287498
288.49927927308175,224.73325285427646,46.13946859768984,65.89789433797519
282.31430624123186,208.470992060858,46.206947828197144,63.27251068711908
279.19380537729,231.64326228094686,49.01026667870723,61.617847652798844
271.53806818435,223.51222820209983,48.66764171936179,60.48647209357568
265.4924630504395,225.9468534602528,47.027320186944706,60.76654600235901
258.31063018976135,222.65429437284354,46.144171495119735,60.57530221576363
250.25817780563222,222.30761608889063,45.48131827014131,61.26865878366948
247.28216661705721,220.90241577542875,44.727342115973926,60.72606014493452
241.97990243001612,219.13274616477204,43.740580235416914,59.29770354283119
255.19223119400934,242.4906992531102,44.82225864876891,56.268330920045244
236.78301359333005,219.0985578725188,45.08392859760673,55.369876395331346
246.00992832812548,240.20468856664735,47.16847467163136,52.654491052488794
228.11826687332382,222.47059985218294,46.80910084704313,51.97997174722601
240.71754196168678,241.8307226654538,48.04895996945675,50.58453924888131
217.31884613629634,225.00268792549687,48.25169756231105,50.07119575298238
225.12744165552797,245.60460218967944,48.117763913140166,49.123836436777445
208.89064777961468,227.7943558321018,46.901799177984046,49.52343337008724
221.86255905763662,247.69040921414262,48.288587703819815,47.690508664171745
223.4077282824765,266.9518354809702,45.198249254139995,49.97746752937016
244.70492333995267,289.34631001376454,44.55787462418261,50.139249340561776
262.6756112003784,310.4183649042615,44.3919930003408,49.73321600607918
280.85642468411885,294.38164666040626,43.59092595411338,49.20947256597398
264.4424697577545,313.4187909054968,42.821498038906526,49.1147832917201
233.66348098876185,301.50450594633253,40.7129192498412,49.7918781820303
225.20974259696973,300.9734798846395,40.538654620405524,49.430451854331245
251.40492545160282,307.16454049455825,40.5071872739213,48.369173523743896
256.25452247325694,316.80445110517496,40.59579939708465,47.26670661167208
233.97853961834232,319.0200924574433,40.902512766949165,46.98341631400716
233.70478593013107,298.22469732409314,41.45002014337168,45.69494777233315
254.5171353107557,301.81661354312763,40.983959425782274,43.99893374008548
232.0244855963156,302.75573284929453,40.47376693534311,44.7969005347704
216.85349575088867,321.7203386153265,39.940233038865365,44.455270761197156
228.17478266952403,301.989537850107,39.88364633920611,44.05924793114534
217.3957777801877,299.85503356525703,40.29723364296893,43.042150882117824
232.84822367816088,316.26294980637266,39.574167085419475,43.03265018075288
210.79358942524243,301.5039725883125,38.16209615717085,42.63658156018836
227.02534395993098,318.3136334389165,37.4968934497629,42.087498475428184
212.30836458297122,304.1193100387951,36.86422461366697,41.66229383523961
222.2652583101823,325.8265352064704,36.727410736498435,41.509973200131284
210.2452715473605,307.2146567430673,36.13720116886843,41.788455487027115
225.03322035684423,324.02034522381115,35.994151578162146,41.28903255733327
215.78532507657573,305.2015326121249,36.24478662957277,41.22000306184466
200.72077510814142,321.0018222036585,35.891667115379775,41.32093210788155
210.4018050344216,302.8818190755688,35.972722622763534,41.10509706416572
196.07633087691846,318.6468933733579,35.508046666365686,41.11687476260869
181.00122790954416,305.4508705692137,35.511172082453456,39.773606293729046
199.34142921726414,306.27426933404956,35.569238682492546,39.311920674233946
213.7462528744909,292.74984143436495,35.052292800061615,38.06807504158064
