269.5,75.5,34,64
263.98742235396696,70.52069346667676,34.874424202597886,63.80788197717835
262.13643083820506,69.89932618032455,35.501883055782486,63.51335446071316
254.72666626501464,69.34571163756726,36.428859882776955,63.076966621851454
249.98674137548375,65.0252027156451,36.591254734361286,63.953438692797874
266.63407007180706,84.98901082919383,39.37564812509374,61.67352763096555
260.69783301695304,73.62023628787357,38.59524020498091,62.268533161419384
259.89028854468205,71.56702798599179,38.63289869721044,61.64265840824575
257.5949842526903,69.26183682766022,36.948648819521374,63.11561149407268
259.20883061809377,65.33590941260384,35.28324325857699,64.71831764473546
258.29825563719737,61.829081562913956,33.98903512815554,67.05893620579386
253.45613850170935,63.28416411850648,34.25412485184402,67.28848594370467
255.56992731890057,60.75478281026504,34.75994446833792,67.61385130931123
253.3534411902334,60.31116386639183,36.010325780088934,66.90979372426595
251.7552463173004,61.63813393268064,36.0018681961554,65.85827725658812
247.45876836425043,62.2832200608384,35.07416588842761,66.15488136924387
247.09372984000603,64.43310338991805,34.228981799576175,66.58089812310517
243.36887146241693,67.41889368160139,33.84376789576079,66.87726206693331
239.04202747737108,65.07573399985787,33.10934080990747,68.43420974510535
234.1043334489848,66.10424481851524,33.53632049701733,69.5266575643448
233.0072778239537,66.82346102456161,34.13232454033117,68.08822515225208
231.99314409795932,74.18551418508986,34.57317870161343,69.2382517382609
234.75522225850906,71.54001479925425,33.884657109945685,69.69361578050032
234.78964961417356,72.00555962883875,33.81580239861671,70.36912546296213
235.88903434671855,69.78859126529869,33.23229761823843,71.57253282061893
230.89868014776508,69.19832051895855,35.09988097659766,71.13044930538967
231.1419846515305,67.99555759751843,37.91064542270737,70.2386016946294
237.37268556656758,66.7999379630754,37.23729776884061,69.26182548459904
238.0377032665659,66.35764540702903,35.907262368843966,68.48832380096663
239.38781630995268,65.81980205093642,34.83092156593356,69.56401051315186
240.5792840902267,61.60685096429985,34.06909306237874,69.88437740145883
243.40601366124594,62.02829522095677,33.25340159990379,70.65407811466618
237.51396546513428,64.72724384658645,33.77015813042736,71.69466078437809
230.00207275167648,60.81787290402273,35.7235640254266,71.3444154620578
226.97766920382844,61.86294633509836,36.784517595175856,70.91688644188883
221.77219466772402,67.65233789111589,35.47287328748502,72.7353529068819
222.4691439430167,66.68867716278557,34.07897473689966,74.66267436354255
221.79634579042195,65.12795518990896,32.05979678116064,76.1017311788315
216.54005668174497,65.00338449396952,32.56644021258849,76.35087257071037
216.99443127671483,61.40151078732855,35.018147060878675,75.15347988841745
216.38408167215263,63.24073453782604,37.944807789396414,73.18099390681579
221.22818889447362,63.6398667889846,36.89598789505707,74.1106083145592
221.92199153730928,68.8079224794171,35.50838260938576,75.8383050929243
221.99650614240346,65.56731913504913,35.3593533991974,75.42152618646125
228.52311521124855,74.50557362619779,34.31690588540339,78.13490970227167
220.96026016774368,75.4891085864185,35.54694335172109,77.90479885941677
221.0048405725584,75.11175503567108,37.21301710405817,76.90427139894507
227.59905137479146,73.24310360457228,38.1825051878227,75.33235812805617
225.28317738214983,79.9853967468826,37.523632517313544,77.71963381081274
269.45217405805994,74.90021609262268,36.750742636352115,75.38069462349563
275.93688315255355,77.0059584653769,37.69696284597608,72.90866467781359
236.32681048912232,81.73465675137525,36.09530427874421,75.4885580474905
233.93746259376263,79.32143712326517,35.68510109428044,75.12609832852749
226.9089924317222,77.8325265663633,37.721630059850554,74.66951619704244
224.12252776394445,75.89651857591234,38.056963254762024,73.30393603730033
219.4277559147754,79.40537639416402,37.05681726814082,73.21268019076983
220.57228211931118,80.89683817985008,36.48079678638673,73.65582047403272
217.93097811544908,79.9673532974108,34.9251811608112,75.51479023891132
211.23430991033882,82.53144764818265,36.35135745808641,73.80579014106624
251.51422885872864,74.07069997426532,34.42878799378772,75.34173296950242
252.35653511195568,70.56519730326946,34.44256253700805,75.55919011279651
252.62487231065552,69.17540193404682,35.607677092324835,73.23341399309255
257.5213202842764,71.31552371929459,35.94418783843499,72.32963932038099
257.7798060599238,73.08841973402181,35.4272162871401,72.14556277695014
220.29699265174733,76.0856049124356,33.60939323835021,77.8356304430791
220.10595465298255,70.33663740812759,33.99146923587978,79.01270258055403
239.24133540695397,94.60970863946363,37.574969610432284,74.06474957881449
259.450388771615,73.30343893295655,37.049649387511074,75.05003350688867
225.6581726602116,72.06851307861409,36.7816097863418,77.5198852155736
222.07692885003536,73.98041097836995,35.08804169392076,79.00972284372595
257.1420459032116,77.81371457147686,35.486547983007654,80.15920820694205
259.57768649811555,77.18156414100683,35.9759685039267,79.63660849763986
259.8879668088177,70.67025637082719,35.35540788252237,80.14379318153236
271.3134821504349,64.78661042392807,37.48553497723967,79.42050618635476
265.5593846488036,70.76492630060254,36.31542061371886,80.14218379978922
265.0543830798464,73.29008003515584,35.524205700610544,80.49553048375066
266.292670403339,71.98777544455008,34.84007073743987,81.30769998114764
239.1882334277155,83.63417938050517,33.49292227544055,86.68896819349361
238.22969812670706,77.81596100534142,33.5642972519326,87.25123119067221
273.5865437161851,71.40288015829458,33.34250390176291,87.09204328472629
272.046706775349,74.39302404978702,34.57339464047621,86.65810493061834
243.8330784713096,74.39625605762451,35.06302045274241,88.51622860813708
245.04531442569817,98.9817515213738,38.33876330826886,83.04688420696633
274.5914650572958,77.37922295310203,37.4920746206473,83.03745459389066
274.18284885970485,78.02314659441082,36.445391136498536,83.61352319060367
273.35077061965757,77.64080854591997,36.255693607014635,82.52434527800699
268.50623446062195,77.7239002305461,36.77111495794841,82.35816190875471
262.8621669356079,79.52584957128754,38.85229302528437,80.5956546238103
263.60348081564695,74.17941141431649,37.36966526520625,80.17574569273876
258.1624723527642,71.73303887543551,35.51053352025343,83.24832667468382
230.06817384217365,77.88418744589623,34.90543427880101,87.43452199710758
229.63440901141945,71.51414247941734,35.77296394030941,87.00277261594002
250.0271859376979,61.40573367860288,38.47876913615193,84.52844636623014
221.44022673543824,75.74045765271735,42.37196181470058,82.49936128098653
230.03658988063722,73.13813525238643,40.70665800713057,85.7630782712949
236.27278835041926,74.78888146458344,41.95283602813802,82.46158584690087
254.9474320312031,103.35518418119153,45.199580807976844,79.4570232688934
262.7157073961866,67.34566710810441,43.27435822236808,79.530465794889
266.7000585907119,66.45575731243126,41.04389765769526,81.31028538623528
236.96635861809835,88.06993941290887,43.49411353725307,81.79509563562651
272.29688808848465,66.85634182630722,41.07863432752167,85.2248166768063
279.5510882528938,64.32184744646041,38.32075888385549,86.37696380811585
281.18736414054933,64.02140124693742,36.97514928870911,86.97785620716184
280.4727855022248,61.578574152721465,36.49240993502727,86.12782050460102
251.55333801757442,81.39830044874132,37.599423773954115,84.30962199947717
264.3821742521197,70.16708384391488,40.205760129038474,80.39231363990015
257.4228523335404,66.27286091790701,39.14331592286737,82.56285147566723
248.0918954845189,64.59403919021908,38.94629473491964,82.14870795384496
217.34989681471467,74.57112922330035,40.38479121209368,80.95874690719317
231.6990181073953,56.42944156657088,39.94694236142404,81.44562349004279
206.62578060475434,69.42520905946844,39.23727902049177,81.82393801709947
223.51287918159812,56.33929790907619,42.998160484046984,77.96769742408974
200.91706614671656,70.29359211948467,42.95052835937026,80.21861446623265
229.9561153506039,52.86465743713831,42.392789566472835,82.4816133824949
210.93453298332565,73.49811950821645,41.61542687122082,81.97624304163759
215.34006221053326,73.34878975871912,42.405390589871736,78.43449367140582
235.974985998401,98.95465950872699,46.296949323020286,74.26588574314427
223.78122730097922,76.45037915616444,42.397292637533575,79.67240273580704
229.64508747303285,71.89679976905911,43.96830658174581,79.28046558978951
251.88012739306905,99.0432353957648,47.520884212847974,74.93115810639969
238.72894834927067,72.63263003426363,46.99556728658156,74.09701880167562
247.06161619301258,73.71572007296342,45.49016966074168,73.82583098198151
267.44212236687275,99.26214345104226,47.64022314296769,71.24114559880664
259.4913214167655,91.32094833851134,46.77571124996354,72.22032356322978
255.77354240779908,88.6451675191534,46.758419770963414,71.98224807924586
257.13575224432526,84.39924744013538,47.75270836744258,73.03667169821897
264.0514518571999,77.18325596547027,49.055292743540704,72.33467104570187
284.2043187895131,100.99188372062875,50.612139063225285,70.38568482736052
306.415377950591,128.5263336209593,51.76856120769635,68.49174890443084
329.5196771849297,155.8033991716881,52.79195911745772,66.83745374682461
359.98397161573166,157.80063107276283,53.925770049196444,66.60434750790806
389.112860009303,161.21315663400105,54.42802678499764,67.36123619484376
359.06305155154604,163.66636455583802,55.15533833836494,66.28529166485666
390.1885634602707,164.18334123895193,55.94889500627241,67.16178013151847
359.0992347431006,166.2055716563602,56.151892303121485,66.9907980552951
388.75301846173585,166.91236343822035,56.902982208701744,67.51459053489258
358.38464237349405,167.5772437901247,56.95570250014457,68.1423792467304
390.70364770876677,171.27616750161525,57.26427755841186,68.61684524542355
367.5291442767157,148.94603439152075,56.08456164770165,67.72875213975072
385.79433353147255,182.3196808500154,56.55970558299148,67.20186780819918
364.55862497157216,160.31347519152138,56.19274641283096,64.48150499068399
364.66221639223545,193.6977807775566,55.98556357150438,64.18702364162334
364.4320358651444,163.5345550649424,56.44592462568643,62.09795021622898
335.7672836706836,163.68417116575432,55.92006318019189,63.665020138295965
365.01996735542645,165.84783572683585,55.764197503217474,64.98441698637592
343.3889689800172,144.18938961376276,55.32236329368346,64.59747825216952
358.54903468226166,175.97438958963124,55.19565194502503,65.1884959190725
358.2156460870941,146.44944203605658,55.86242913536013,63.6246373457163
336.1253677048934,172.3220435990952,54.90634915650007,64.53884375344423
335.8126462196224,143.04843720736764,55.53179212704199,62.94215556682347
358.6308790060789,170.24114935177346,54.65097826951434,62.63647710076915
335.64891356868367,148.90692911309912,54.46550984017675,61.001494246154905
358.7295166970258,176.0860875622147,53.745543278903746,61.17266498241729
358.47053361700057,147.16632145201538,54.263509438954245,59.32211365480785
358.49690500693197,176.52090852810983,54.21076665909139,59.627051847652055
358.48575058542207,147.59554418941087,54.233075502111205,58.33471213564388
357.68599138819167,174.18245774228853,54.060167051663925,58.3336903771296
357.8107271653587,144.78285238991882,53.81069549732996,56.96438922376983
356.8387045840746,172.73538542893,54.010427885023496,56.87733194173207
378.0814522943565,152.14797081086533,53.431764949736774,56.145328692584286
358.08610491013593,174.7956480394975,52.01067005103491,57.438237610855964
378.92977279897315,155.70854461398486,51.677132715529964,55.9817209548022
366.4485677405229,182.63614737685714,51.21340013834174,56.36895317644698
366.4177790990725,156.88766078891854,51.27497742124251,55.360486316352706
380.1262196304381,184.99021294249985,50.72194417061763,56.241058609915825
380.07474451999735,159.22123408231676,50.82489439149901,55.578238521297465
366.19725978184044,185.49589220656839,50.10109271889941,56.636020906043086
379.66714993266305,159.52722832675238,50.04309879212772,56.4898875643576
360.8240394004384,181.81288010799153,49.160236036344685,57.19533457345642
380.75806411624404,161.73808480377207,49.46087800821192,55.50253830327189
362.3383779940357,184.35331351664666,48.29775309492488,56.535990460814155
381.2078124347372,166.4223320714167,48.500839017984816,54.4559985468111
362.1851136938968,186.7731615474808,47.64969283826452,55.89226189453407
381.60518114814835,168.41963840009498,47.91251316593021,53.4963529531369
369.69904890669284,143.6858845486714,47.779007676966614,53.47593604744326
381.8231539192016,170.99605996275665,47.43982202790938,54.64330876318012
381.7555573057776,146.5997385663441,47.5750152547574,53.631121212729
381.7555551357527,172.71214067675177,47.57501959480727,53.978085442755926
400.9440561476512,154.43318267931647,47.56121525514314,52.17280375349355
382.73638813525474,173.4589955018683,46.29187936249638,53.376044689056215
401.5249951249238,155.43147940506688,46.360635804403145,51.78510646141408
390.0007330403695,179.97471762437462,46.23398065759014,52.13901256343155
402.31253598222554,156.8921947483787,46.386104058354704,51.849565907029444
390.80881011833725,180.93859756960046,46.19725325274389,51.695785500253265
403.139656257597,157.34386942039632,46.19179414808261,51.11379002431123
404.02680355037774,182.48053167805037,45.94938079257446,51.39254610076087
403.98254749803925,159.18367984879245,46.037892897251325,50.48357155572817
404.11705133325825,184.1323261977064,45.7688852268134,50.733736591672944
404.16665901935716,160.96492324428195,45.669669854615556,49.97261623176978
405.00177868670386,185.68820820802694,45.505227123545055,50.217334223834094
404.9957882871338,162.6607145914617,45.51720792268526,49.55577949473502
417.0835797796495,186.1335326575034,45.29161948707943,50.510132461502764
417.08068345109615,163.19824022648902,45.29741214418602,49.62870807052704
394.8208778826436,165.70139415356613,44.98170985729654,50.600442006212106
418.0254042613985,167.04167676354672,45.214649925312614,50.92903761370424
394.6382838394807,168.28865619382015,45.073332995613484,51.461888932095135
418.625920736417,169.07587924724015,45.71909067254211,51.40685005871764
430.9797641630883,145.86875277603454,45.47358887350619,51.95450602430373
419.47838005373245,170.61007701644405,45.47457965336503,51.542316079704065
437.20947357731893,152.4916113591913,45.1351845260844,51.12937756475674
420.3229175366336,174.06856713337655,44.05772044922672,50.402254382925015
442.90843059710033,175.6652936410397,43.488281283102054,51.66896006307955
419.63620694696453,177.3054881603858,43.62094971862311,51.382879338242205
442.1890208652062,179.934024036206,43.36155466613168,52.10530529113406
419.6354156193815,182.4490743261437,43.41362984438724,51.58071824259811
437.391545012516,166.11182130461404,43.77155840992611,49.8796280735081
420.8522193515886,184.89744983171042,42.94734911031632,49.1593064774292
420.8193028685068,162.97531192004834,43.01318207647985,48.06370172971247
410.2917611527722,186.1105162858109,42.56231231030205,47.67265981983419
410.3173578070259,164.41317789415658,42.51111900179467,47.03328281985075
411.10266993240464,187.63831182915243,42.35019317667156,47.10306299579474
393.0935340635396,171.27232082759474,41.75486195361771,46.03787303510953
409.9871221131037,189.78841604778586,41.139318927712814,46.323769802103435
399.71232360429156,168.95399495042753,41.03741999628147,45.3128537021052
399.8481923004294,191.8040822986516,40.76568260400572,45.833300943244595
410.701763715563,172.2200725498178,40.86941400616281,45.46911089464301
410.8827632255698,194.7076257020373,40.50741498614924,45.3469229084252
410.93654434032214,174.72986003965602,40.39985275664455,44.7574629971001
411.05878024900505,196.7775125747807,40.15538093927875,44.902653327808224
421.78397147870487,176.5438907063786,40.128597441132854,45.20064901226148
406.8208051641313,194.56922706718277,39.16192691794801,45.415675643390784
422.64028151468614,179.33690496775648,39.46745866823802,43.935835390843714
422.59647851549124,200.60534806892457,39.55506466662776,43.41387289267832
422.6739404857141,180.82251512026158,39.40014072618206,42.48597145700531
422.8159725787337,201.941085850467,39.11607654014293,42.79626263463374
422.88094929056024,182.44111340297366,38.98612311648975,41.817597719822196
423.04580662247247,203.86733332850275,38.65640845266535,42.22350111533399
433.32290405258794,184.94315646723285,38.47644779390732,41.87016571011183
433.73566331400514,206.91466987199047,37.650929271073025,42.202796638575066
433.81232557023714,188.58726054168207,37.497604758609015,41.14677161191791
415.29956290138676,188.9272841516277,37.378307437720984,40.46672439202668
434.461151839276,189.1724569107346,37.05073803233432,41.20204366318035
420.70833295176277,205.29407458219185,36.22282121961851,40.98804394119201
420.73164157435457,186.9079013118916,36.176203974434905,40.084848284659394
439.44719849965173,187.11411795429697,35.962668194705465,40.87298203439268
421.3665356132275,188.00735875677395,35.84222312055975,40.295892791005194
435.94356033581545,204.25694574306877,35.45247395273523,40.15655663043582
427.01127048583834,186.2205060455065,35.46529661042692,39.33580480488437
436.12339773980744,204.63133066656775,34.904678979092324,40.19658089951619
436.10516970601424,187.3782861480752,34.94113504667868,39.24378743594046
436.0892484486723,206.662550634884,34.972977561362505,39.21183851462713
436.04153395224796,189.1117820640825,35.068406554211265,38.11194948414513
436.1304407785866,207.5864700598472,34.89059290153402,38.0328887579475
436.23770063535915,190.12068236400052,34.67607318798889,37.37228799574383
449.67543045239523,206.3583413210352,33.89230171982821,37.795185595214924
449.76676278196794,189.43668650489695,33.70963706068278,36.654423172136404
450.072217024874,207.374845213783,33.09872857487067,36.22939564219884
449.68939742296595,190.98776058657768,32.77286462235694,35.16696705038504
449.9485653188914,208.71015009648377,32.25452883050609,35.024021315974665
450.14844165974716,192.63411839958786,31.85477614879449,34.338395914298104
450.4121401250592,209.75444140525505,31.327379218170393,34.49129709008405
442.76142804729255,194.65195315372856,31.085576062150572,33.609818970030744
455.30514925837946,208.3526929158432,30.44528300757914,33.711382484354225
443.4462394480882,196.73842164813766,29.922770700886137,32.69959309248979
458.41379694633486,197.8066754126203,29.565752027124624,33.52089519579765
443.58262518019217,198.636151468823,29.438027422257314,33.84794762586914
455.62270263967883,185.707908113272,29.262458950755786,32.811774583565274
448.1100048086233,200.9174461937862,28.653496124304155,32.68426799412718
436.2480163023871,190.6514676790284,28.24178603897579,31.97682037757812
447.25263176869174,204.71970173287016,28.033527601555498,32.276403350576
439.5455271741074,188.56755601387601,28.260937929444836,31.35957227951559
432.08247368733015,204.45820211391086,28.169627255213367,31.490292580990875
439.58015685141294,190.3713540739119,28.20085919412375,31.48911691022154
425.04833113149607,191.61338832061045,28.13557862134597,31.823977321270746
439.5535231258229,191.7919378623817,28.382939884259425,32.41067647164979
424.75445794743973,192.11228748610762,28.318585410308856,32.72683157357592
436.29634958617004,180.987817000382,28.292041563880897,31.918533113994492
425.63357737739744,193.2799065231495,27.81892289730215,31.976321033121224
440.14507787495296,193.4796567310379,27.96965647148828,32.51790882925725
425.3781485585656,194.33713569523022,27.99502982625139,32.70672414461529
432.9404076594046,181.74241314468404,28.15391856496845,33.06063296756582
432.9290094345315,198.22078860067177,28.176715014714663,32.853843378695885
432.81770110300175,183.3804001209953,28.399331677774164,31.80165027187165
432.92175539068734,199.9492127036651,28.191223102402972,31.83241804304488
432.9526821878644,185.67109714770447,28.129369508048853,31.099251508318908
433.11730734211136,201.53662750443837,27.800119199554942,31.071184719146355
444.287626841324,190.41559132927017,27.701463481185257,30.144524486091434
444.4101364054385,206.46578925262315,27.45644435295623,29.920634405810816
444.3878687637887,192.78970670667036,27.50097963625589,29.268401042912792
444.0679426180491,207.8609791078556,27.246934257779458,29.51837701903572
436.9584479416655,194.0964186082429,27.165716045760682,29.340845861488155
436.6136435228505,209.54631558210818,26.96562260119438,29.58063179062679
447.32623412221363,196.2010045108298,26.90653998137649,28.673376602093718
447.0727668436234,211.1169923470102,26.538310831983832,28.596966953215095
446.2604699223483,198.3869215141422,26.426663143369005,28.013485651475055
446.3309812584151,212.1867990105009,26.285640471235418,27.845222637929222
453.6114006843797,200.43510640462063,26.215024988181995,28.33472367559296
453.27627754528964,214.15130915677355,26.02638226221451,28.386766304012202
453.1455759403643,201.28504614391875,26.287785472065167,27.561642030039124
453.0124767422297,216.49607921360715,25.706020709393155,27.66624961254785
462.8846715500324,206.4873019786291,25.29005969915497,27.515009016033705
462.52593798851035,194.376582815335,25.17613550182329,26.79470773134658
462.6556307274215,208.38549197540345,24.916750024000983,26.60042359234787
