129.5,80.5,64,78
118.25014232833236,80.56021457837194,67.631701504863,74.64606911344708
107.93842000093947,78.85562051870204,70.33583434152123,73.575429278255
99.01367838678507,71.42753935069194,72.32208871244694,74.83453830794683
93.78029858869259,67.22646014696937,73.5194772883967,76.28466845021555
86.7399144607653,62.73828583469008,73.44612598170336,75.82493736640886
86.75898909591119,63.06797049701264,73.4079767114116,75.16556804176375
87.12774228616327,63.17045735134967,72.67047033090745,74.96059433308969
87.36266938487981,68.97204071322378,72.20061613347437,74.9815712242419
86.5134435317883,75.9919265619088,71.58134155514611,74.84815723393959
84.26023950451409,80.93106343158586,71.47608383813001,74.19321503771451
80.80187532575275,83.54792154333616,71.51109738480928,73.54730868810952
72.92406302366946,85.2688686948422,71.27642541627259,72.3897424669122
65.8148176012561,85.46692717125558,71.92026214021796,71.99362551408544
59.82564895766386,85.51502199200681,72.56679761799515,71.89743587258296
55.69117425144879,80.07486615438908,71.73566225487922,71.40264157838584
56.02387303029418,74.43209210183184,71.07026469718843,71.41746472413656
56.0313239660694,70.95265850034063,71.055362825638,71.64463317112953
57.039273785854,71.82059199475114,71.28670242744285,69.9087661823085
64.90635715530192,72.43981324394767,71.11720519635537,68.67032368391546
67.7977592713629,74.59046296906536,69.73698915044258,68.77161241988927
70.26827129307439,80.2475055984788,69.15841425687441,68.3636500356994
71.71234628829848,81.8115499621583,68.4359570247897,67.40125406670384
78.17171608518507,82.35797001891466,68.35213641293069,66.30841395319112
80.45217663462725,85.69135476056105,68.0323703739716,66.00337705978626
87.69226101353286,86.56204875354351,68.32737258688128,64.26198907382135
89.81833820228974,87.15535239125947,68.25077031709743,63.07538179838944
97.1338741789796,79.68725969630714,68.09378634352923,63.53747920848255
98.79019641387453,72.23930464859488,68.9263875422822,63.92502946400714
108.20601572114862,64.96702668390104,68.92074761434104,63.82714197047824
116.4281130396836,61.17249543065656,69.19761840073565,65.14580494316799
124.64710842713217,60.80507454617556,69.6828587539053,65.88064671212999
130.00620230236038,66.22717924934838,69.63791309097992,67.84432781082155
130.831788691606,66.808023282525,70.15176891082874,68.8476683428084
131.3800583194561,71.84594722527684,71.24417308586996,69.71653761101172
133.17924465878215,71.5943913234893,72.08544265126629,70.21964941458681
135.19040663261188,72.28769859891023,72.54507253604827,71.07401177996566
134.98906300370163,73.00792159071699,72.9477597938688,71.89525399843166
134.32855113867407,72.73722365062014,74.2687835239239,72.43664987862537
133.67458784653303,71.57940177481532,75.57671010820602,72.44201688543016
134.30426339156995,69.46114086374949,76.64823190899517,72.01679292583577
133.87800020116669,67.01272487680201,77.5007582898017,72.23183000093763
134.1390879367374,66.847679577798,76.97858281866023,72.56192059894565
133.8267627069607,66.86272175646319,77.60323327821366,72.53183624161528
133.7087662052935,67.95914979780963,77.83922628154808,72.70297472140815
133.5947332773616,68.7728031805971,78.06729213741185,73.44606629213641
132.3749291201262,69.75404902244276,78.12114078699017,73.8693342733376
131.9817833865278,70.97771151439136,78.90743225418699,73.81532593103671
131.88923207382274,71.02071689766885,79.0925348795971,73.72931516448172
133.19868654773393,71.34258479537402,78.8798986992566,73.08557936907138
134.77733881451374,65.08694639975617,78.11531635430576,73.63324521726324
138.05629544301752,60.75353422547016,78.72584464539153,72.74214750171086
143.74704493324995,59.59608520743309,79.26863237725682,70.28733085285293
145.57093468801833,60.27721244632648,77.97500292496208,68.92507637506615
146.77019121911667,64.23771062792137,75.57648986276541,67.94094795850975
148.74852513334844,73.69549161641287,73.87913935282913,67.09992452974478
148.89956803211425,79.31334600728057,73.57705355529755,66.9617204135184
149.1211181471093,81.86610356372077,73.13395332530737,66.28139725630697
149.45471906491008,83.46754690242415,72.46675148970587,65.27336478424805
144.91603448034095,83.44908888854371,72.87053643634519,63.14188475638416
145.79563945937008,76.2793292802721,71.11132647828691,62.49750052086502
148.27275825863856,70.49147681600877,70.36305397467721,61.45531016460993
156.1657176426819,69.30182346708379,69.09999652007303,59.6852279157506
159.86818318063803,69.79360688238646,67.77534086315691,58.70166108514529
160.54750680095805,70.69215798008484,66.41669362251693,58.89504086711952
160.72370509941456,77.66890631551456,66.06429702560389,58.74921365762835
156.57138470097374,78.19798793340135,64.5453229581997,57.69105042185478
150.10025078441126,79.77100176687446,64.01801213210398,56.469248277654366
144.06396837495495,80.37801429662117,62.81503530528141,55.25522321816096
138.49262809565363,81.10707590362571,62.80718944058255,53.79710000415187
131.79653457433818,75.37877472467373,63.3549574270899,52.40928330593232
126.14284258845021,74.65140198060496,61.91519784584273,52.04300828649514
126.5071421624388,67.45430175642522,61.18659869786554,52.093743843333414
127.3993501969722,66.27090202381095,61.184687698529515,50.89553316910046
128.8426747908964,66.70746402246272,60.06122100486087,51.78559166597667
129.0146732949022,69.89713335471717,59.71722399684925,52.44689844795228
129.13006313795938,72.05233195366294,59.48644431073489,53.43280993010001
129.25650824248535,73.60538664039385,59.23355410168296,53.881934566451406
129.16424977150413,74.24843943155174,59.4180710436454,54.376676785010204
128.60913590202716,74.94342610227665,58.73669522207307,54.778307004086614
125.04084976392679,76.04192323664938,58.72380313502657,54.36867882615297
123.26436075044725,75.60265395883607,58.71547357579863,53.46656358868607
123.64890798823335,70.7483791142374,59.712541839006484,52.57813684520309
126.29254677158045,70.36766596432722,59.72765814772919,51.57209851988449
131.34475360034514,67.29506708212506,60.13269624889628,50.71099511182449
140.58361431825438,73.0963095435065,59.09490247854332,51.316459554887416
144.55577689675113,74.50810219634154,58.10130753822303,51.96823935755393
151.694962098087,74.11249842776452,57.68458398056417,52.75944689470796
159.97850747772898,73.27948018600063,56.76708632133193,52.68663970045223
164.90381539096538,72.73206848128841,57.25675800043019,52.05808185894816
165.54233813452012,69.38785282695676,57.70071930650529,51.862485994873126
167.44139122637057,69.96866425046649,57.35219772321912,50.70086314785365
169.4225497673278,70.3234364355221,56.79151433876791,49.99131877774244
170.48147634098586,64.55489695865859,56.354427927276454,49.7630305806971
171.1100563633236,61.69573395534036,56.76760282383532,48.80001682239617
172.05465835971916,61.009719115188936,56.53969686095179,48.510748472791434
172.44128770570086,61.304509714399124,55.76643816898839,47.92116727437106
172.18813060816296,61.064649387040205,54.64104559706897,48.400887929088896
173.2941840334223,68.37204420172773,54.050902292504844,48.383770213304715
172.64171964812442,74.64818273247832,53.74330391817068,48.731710311242715
168.05584900230352,79.22118104252657,53.235261950669425,49.265496950289254
164.20662402837303,80.88692546191196,52.864299386173656,49.16177311646118
157.49359790800952,81.62009595102435,53.43878935480993,47.69543213823637
151.12491406387196,78.5706235882199,55.03199797146601,45.83426324126023
150.94554242958947,73.70504751700517,55.39074124003099,44.45786312128829
156.7171436124091,68.95456381141247,56.40802463757366,44.538466210087265
157.74358567996,68.00251944472959,55.94209929040282,44.85559615552204
157.98393421478215,69.42857556916934,55.46140222075856,45.173410133541196
158.41922408231,74.07909373721947,54.59082248570284,45.368744582105336
159.3747629119497,78.7903082248795,54.252235519801275,45.381259767052065
159.56282150076686,79.04375582605296,53.876118342166926,44.87436456470513
159.71193151044085,80.71126492441527,53.57789832281895,44.64636553252656
160.04668582117068,84.58124395994962,52.908389701359255,44.632603784285585
160.97098990871405,84.7370979508514,52.59447735186339,44.320895802482
161.96287907401117,84.83771953468973,52.13553436521527,44.119652634805355
163.550700066304,79.43785512973112,51.98892255628027,42.80326074212002
163.95425927916602,78.66311698374619,51.181804130556216,42.861699979476654
167.27583420440766,78.52193871955278,50.456855745897,41.66450614140745
170.54048495868238,81.07722229079042,49.72386327326844,40.9011707758728
171.05259534251974,85.72677264026088,48.69964250559373,41.58038874184812
170.6006320728932,88.38906022632324,48.182941829567696,41.938322430839726
165.98048177889163,89.7041481489685,47.494579022624315,42.14490755553393
162.80903978842179,90.27291560353086,46.78237881152549,42.4183894848169
161.75987424629426,90.92539566200333,46.07207755724521,42.51774553713966
159.25489623039192,89.55767711895317,45.50269527205201,42.46351346474104
155.21524011417287,85.33459317586463,45.2714800232304,41.21406595611515
151.67645822416284,85.15641652843975,45.541032084181914,40.208816907151174
147.13561573704922,81.45337616551114,45.174547853110354,39.51646688560943
145.72603380221395,81.61152733343286,45.327766823522765,39.20016454976599
141.71770524858644,76.61679618440235,45.36278098669233,38.547436255713066
141.08631276877114,70.63974948883924,45.30523532728398,38.61855407548886
137.98274449398835,70.35353107926086,44.909445320799186,37.87040558343555
136.16542167965486,73.61017850120106,44.63676820889704,37.86931530717036
136.51830507717273,75.6623510507671,43.931001413861296,37.65961593502743
136.81715628665677,76.9156479404905,43.333298994893184,37.7209068664501
135.3798868361363,81.18978931446,43.65647996457579,38.10237687826527
132.198557535429,83.5957039904919,43.58514801068859,38.43773997044292
132.32663355609992,83.66944018171318,43.32899596934678,38.29026758800033
132.54330584792686,83.71130758506956,42.89565138569289,38.20653278128759
134.78193339602598,81.7271756867887,43.52506010016177,37.06813276718221
140.01178895627,81.96622400521417,43.210672163709674,36.590036130331264
145.4110302942227,83.04319359142903,42.45716824764079,36.94734164786067
155.4472967965287,83.61793157929331,41.13031361329587,37.04757756348322
159.1391503100938,84.45635110772538,41.1309752194183,36.60146661216121
162.10197742173068,84.73987608850663,41.323387353086574,36.0344166505987
162.9695867518315,84.83191075423525,40.80568979168164,35.85034731914146
163.32696490167385,88.85085561331894,40.09093349199698,36.25831422468708
163.17931528385265,86.29119635185955,40.38623272763937,35.36777487745697
168.27329275542778,85.33865163371637,39.736852792510945,34.88822056173789
165.81034989401581,84.8387007124295,38.789850007833884,34.71354470281141
165.76257921185496,84.48327024018732,38.885391372155595,34.26731696024044
161.26466868493802,81.24987133987085,38.669715441601056,33.82549202258208
154.04947630631133,77.99833025928203,37.12582813414173,33.48245758459716
155.28255833273062,78.88498552719989,36.88280682701856,32.820718421619105
155.85770948061696,83.34956331804445,35.732504531245844,32.66938058464302
154.3052180907616,84.12860774686281,34.52978736512659,32.18821671346379
153.34481492247875,85.84267553459806,33.29904737124743,31.911627468438176
150.400254184466,87.14636592633707,31.999997283661,31.35800998884929
157.7643366960668,87.48898288565877,31.240347502755036,30.672776070205888
168.68200887795422,97.71634143650174,30.854993849708215,29.718050523727253
162.0193667495272,93.2442677433655,29.872315085006072,29.12355589562891
162.272907665979,90.89452282098469,29.36523325210243,28.248744976146618
162.6053463412977,85.161308153122,28.700355901465045,27.920740337716417
169.9157122191071,94.86694290526627,27.454369281589287,28.125763699184287
165.97843208928757,94.74612476132468,26.576312346507713,27.4921382675954
165.7179730725205,95.51006289153626,26.245789253802688,26.815703133411443
162.42495880261757,93.92551653114391,26.147001764959395,25.806785836290405
157.3378126902043,94.20607696878254,25.685142517357015,25.245664961013148
155.20424419376076,93.93040362297629,25.139964538646236,24.994959157359354
153.34175994639747,93.68730135954095,24.917305374235475,24.691638152402568
150.62688140625588,91.88035783269034,24.878374163802015,24.39931928416332
146.34217876968142,92.48818194284273,24.13556942733983,24.73570606546036
143.31288505876458,93.02607338804452,24.037261821972535,24.429535053456895
141.71315880515405,93.54537568114534,24.183712753849697,24.15418086109123
141.1539237344865,91.90689508195678,24.5409562595999,23.625008881544105
138.10890659862864,90.60878749211486,23.804626901948062,23.9457695181054
136.58500518023789,91.34126260168998,23.092560111121642,23.98476714999832
145.31324854805933,99.94111596061049,22.686938137115316,23.835925193793827
154.33440457834033,108.03836640737092,22.226729796465637,23.758352710192625
146.2526605404212,87.67419227098122,23.184661771244485,23.214477280096414
154.92315944732223,96.6948478129983,22.64965046293061,23.440542832462462
163.5143109194607,105.70317563209657,22.16081881248126,23.568964687556754
151.92614848038525,87.53761977896906,23.015013676734757,23.176572177399965
160.48276327272987,96.71132837758631,22.63256913280402,23.014790894033368
146.4818746713903,85.99497145987755,23.318055332775103,22.882011832576147
143.24081498028784,84.38569403455764,23.252206611289377,22.462806625610035
150.9792842937631,91.86749602870756,22.8930553119271,21.89709533025139
159.73330938046615,100.11926041092764,22.312519696749117,22.321081124039402
149.680316098812,94.40745486260484,22.73754850833588,21.79553929999691
159.47196471434683,78.169674934263,22.789790088300997,22.012713967123393
144.43844157944966,83.87230310891823,22.51927369867375,22.601377738979597
137.80604386007332,76.56327516243402,22.28340736596495,22.297649568753695
147.18763557196533,85.00768406936336,21.773884816439782,22.258364869595468
155.75923301956226,93.29708980187635,21.27254819472464,22.321411678048225
149.35785969918493,87.686502512709,21.71884608240675,21.872606878481083
157.52870001393887,70.9138372268916,21.852649609932627,22.466969136048213
142.9018513344804,81.3242311542713,22.491217395854395,21.88615097926107
129.82058861647528,78.25397696434953,22.097824546087175,21.737099765104674
119.90587824994859,75.86508111849473,21.908315447656108,21.682735980249074
128.0574358862183,84.41163718230027,21.394032091644696,21.751397674951058
121.8225429328923,76.87882688836169,21.633722316620492,21.189673780686473
130.1505213401894,84.97436716440855,21.16276853869332,21.18359626525983
137.66252642681945,92.64269990428599,20.80993942867891,21.184983715261733
146.22856053775223,100.78363008210484,20.21114068145879,21.436392834269494
154.24531319553964,108.66095331558441,19.91673236408506,21.42084336551144
162.22791645175573,116.53342880425325,19.572590701391697,21.296957237912515
169.81869952895798,124.59261537701586,19.1908735295151,21.26537646470021
179.3906664845236,124.61606198491607,19.15384552903565,21.218483248899787
189.27578513171747,124.70875364771362,19.08648983702411,21.03309992330469
197.0132182692707,132.33534021160915,18.770470221366033,20.938773454962053
206.46684088368337,132.5638813035586,18.616504218917473,21.10680057860907
216.23644993658715,132.89991354619687,18.46023631191147,21.05999255135834
225.9189925601171,133.23576987284542,18.378052082162867,21.010308963135778
235.29313759466297,133.165610357767,18.228045280990475,21.150627993292638
242.4966926249428,140.6820681979562,18.074252768829975,20.99073931993938
249.1719768660084,148.41889107201985,17.633811452353196,20.886292578543657
256.21811997747955,156.45201776776867,17.481249481090416,20.57798834111847
251.41963160103333,165.60852899581292,17.496436372912555,20.230821874536733
242.2455037229072,165.71135332698447,17.43875830135907,20.025173212193636
232.63361095070474,165.69970526113053,17.20470191922312,20.0484693439015
225.69663332140934,159.14388166965045,17.00897803881101,19.676674018650555
232.50123422146018,166.91892455083945,16.678706874535813,19.71489813311234
225.39635230102792,159.9542793675511,16.572750688024758,19.32846847231347
232.29910340422546,167.6477022910371,16.32621624665926,19.19546136099981
232.28946630064343,159.09435714649027,16.345490453823334,18.97500893530827
232.33619132028628,167.8313058928076,16.252040414537646,18.732239713620164
238.42503349129177,161.31717390107283,16.187276864117013,18.546408288082013
238.48720987081123,169.91049090061674,16.06292410507808,18.30659563786249
246.9323118707223,170.33625502878664,15.942600329206964,18.536995137906608
246.9517801524086,178.59754482151743,15.903663765834358,18.29245577221591
246.99134520696327,170.08516595775546,15.824533656725002,18.0950380810296
251.082834401443,178.85900049839023,15.649563591102723,18.164987311101708
259.37783101892353,179.31091249450304,15.556038695849999,18.32545159885729
259.40600600185206,171.4211571724834,15.499688729992927,18.111332664712233
259.3990230082576,163.38511786619756,15.513654717181936,17.787269346699482
263.4018751240931,172.20329289488296,15.36972558278932,17.97094284315994
263.4173606266336,164.20102601550647,15.338754577708391,17.711318982371584
263.47058023209985,172.56178944349972,15.232315366775913,17.634215080402367
263.52058256015476,164.66501850612394,15.132310710666014,17.393394264982525
259.47797416231333,172.45085903453938,15.027026436599234,17.178902713932214
259.32578692307476,178.51415274440737,15.331400915076465,16.710943440469446
259.0788463683209,170.82803157384546,15.320795108231952,16.444091374678965
259.1298788382712,163.15543876631392,15.21873016833132,16.284433799711536
259.1857403618476,155.5153880138717,15.107007121178668,16.187238061440052
253.40772185404543,149.62024517081113,14.837059693630145,16.15153930440829
247.412337270533,155.72113948843108,14.630337330384888,16.147242199438573
239.71822019144335,155.9144851453942,14.51332029751212,16.24508998523272
239.48904233857826,163.53615226372565,14.48748356171597,16.011721435886145
239.3107394795231,156.16119114760866,14.363936814680882,15.876917248611889
231.73417451472608,156.19547824085183,14.282350226280762,15.808343062125566
239.12402587080618,156.61771824313968,14.187869022695253,15.911296703264359
231.59417482593722,156.67117395430216,14.085704970424928,15.804385280939425
238.67417065715873,156.27655121500803,14.041178512110202,15.65259974591915
231.21823483397907,156.05881348252004,13.99476597616751,15.620628830198179
238.48827853937507,156.05551397444515,13.90713992867047,15.627227846348003
245.5272207622657,155.99622299326998,13.776582805586912,15.745809808698336
240.0246026558361,161.56392209530313,13.629956749363638,15.762273873714411
239.80500791365859,168.83191052450204,13.606581074406654,15.565816953988724
239.80112133967108,161.6109380104291,13.614354222381664,15.315002067421608
239.8362541121659,168.73875499557138,13.544088677392018,15.176258796259393
239.86019548666007,175.83631217653027,13.496205928403722,14.996440029798718
239.639480777247,168.9768299374926,13.489087785068314,14.810430080866935
239.66420973839521,162.15561864727445,13.439629862771854,14.64110538229155
244.5854913869469,156.6909905916984,13.32359869558664,14.51748407308215
249.2801858398563,151.4479571318796,13.139380376056048,14.483356036961691
249.09883399397472,158.23271892726612,13.067209085716815,14.394956891364284
252.40160867177772,164.9267756945277,12.94688977378367,14.409652113765077
252.43591173392298,171.6419644572778,12.878283649493119,14.32966299453465
247.10300715116077,165.95710179475304,12.836113628468299,14.134770798110921
247.13743280748798,172.60483159484926,12.767262315813841,14.002383250353926
247.1731276303852,179.20926257602554,12.695872670019426,13.85868913458685
247.01276248458248,172.7970062164516,12.598521133000201,13.722665166369929
246.87178309597718,166.43766969938355,12.466067559475183,13.594555327701274
246.72692987569798,172.83915015698554,12.345466694660292,13.51112087906864
250.86264824552444,167.16566092565745,12.215767925662933,13.459666182807048
245.8807733453347,172.00580302049215,12.074045242688394,13.48063557715749
239.47182339597848,171.99901398365662,12.018873656686573,13.494213650828533
233.0761618819348,171.98604916602065,11.958583050550516,13.520143286100533
227.71520335838107,166.81589074420177,11.85211384533008,13.43312522008916
227.56898052727652,173.21384349807693,11.746561412301691,13.373158759938363
222.72297489214597,168.2442747902702,11.554103912858402,13.427827405847449
216.47863722682354,168.37920876011032,11.462315247074752,13.551098966055575
210.20425497264662,168.32247122775613,11.416886967235458,13.664574030763973
216.17216023642345,168.26700191729608,11.318684268420355,13.775512651684013
215.96872753670675,162.24892489139407,11.330839240366682,13.575643451387556
219.91158532266928,157.02466374501924,11.28171563869864,13.4447665842903
225.7625995612276,157.02031480378884,11.250309921313296,13.453464466751084
225.57471375690733,163.11310861199536,11.23743268429116,13.315991065881626
229.90707889943408,167.80396895342577,11.071776687614909,13.20598778852328
234.3718706931493,172.6376077369159,10.927215634362062,13.087647758692626
240.032924553097,172.6436336813322,10.939229054868292,13.075595869859999
245.72138856536645,172.63653235384012,10.896658514485235,13.089798524844179
249.53298837981123,167.57816884921374,10.820349724811383,13.018222901155768
253.69211332340282,163.10376035486001,10.75235246138717,12.966764300307938
257.80596731678946,158.49420545294188,10.733333165568208,12.857818773514346
263.54984351437304,158.48797523200574,10.75084017610902,12.870279215386605
257.6089264302124,158.2713950853154,10.741103344818189,12.931827915029428
263.2110389768281,158.25835756494283,10.708961453357329,12.957902955774546
263.222140047321,164.23367328292744,10.686759312371624,12.920410989503074
257.2812739393479,164.20197196918696,10.685285136525955,12.983813616984047
261.6068570596612,168.7042192020528,10.597066256123309,12.914568570616476
255.69437887885584,168.6698785061482,10.588037897918042,12.983249962425685
255.52060744570707,162.9871994591267,10.564858806457787,12.856227365974169
255.5339372260689,168.72257222679372,10.538199245734127,12.805709886877722
250.586364818305,163.69105138057827,10.51930078152038,12.587521511428475
256.04365104230186,163.54697194365087,10.5103995226507,12.51215801231243
251.1684131315779,158.71890764503715,10.481011365949849,12.388422631391183
251.00099656835215,164.53884502870497,10.456009224146243,12.263276448218043
246.1797986064884,159.42579216649014,10.44588045979579,12.121855655823223
248.7062878275298,164.9448298818853,10.365034565260105,12.093502294601397
253.8617122972451,164.77776874584973,10.303243357640538,12.074208782817065
253.71345624842954,170.30279861621344,10.24763063850852,11.940018361747617
257.0836857220617,165.63326786145132,10.141165921541738,11.851824912427885
256.95142527979635,171.04540814690998,10.059602519007274,11.756157240532206
251.33680889000607,170.84069155874786,9.960085258000598,11.822294961081047
256.48521135735376,170.82625515109493,9.944762552414737,11.851167776386935
253.76131388607783,176.15903116299506,9.905923889368822,11.815968363432518
253.59939760525833,181.51894249407877,9.888010184894814,11.6902799507671
249.05408134793024,185.60822597283874,9.811625789395812,11.66017246894066
252.81833625339397,189.70401380469775,9.715268901105246,11.576399993553792
248.48853021583687,193.74312284325208,9.665362609577418,11.537737331806968
248.33007467202867,188.63457557772225,9.648692248908992,11.413806966038432
243.03977531652743,188.47047138112083,9.62444021073798,11.410613773329546
246.52994921144034,184.2172894189527,9.594294258219012,11.311965899095386
246.52625421679994,189.52932844684318,9.60168424749983,11.214432515602788
246.351171817842,184.51812143411158,9.624282238325831,11.08227552127829
246.3543784226845,179.51924412698563,9.617869028640756,10.977583553122592
251.38097505659255,179.24218764960457,9.613669180548271,10.88337435177353
254.64103863480892,174.7673839204044,9.546206454038392,10.79925160828187
247.25418571537656,173.6693572157027,9.588460005225933,10.753562278256144
250.9855072249548,178.01245088678186,9.490771611926611,10.71319123601703
255.79228329073422,177.87182570072488,9.418029990249083,10.676414591134966
260.39159902866095,177.2867686031009,9.3918891702819,10.58135766143309
265.1030480072045,176.85687388888155,9.400986632020484,10.497947547989297
268.57582896130646,172.9659631586825,9.346924299675527,10.448519490365884
263.450430185824,172.84239423615185,9.314308891157367,10.384038760897374
259.1128261148069,168.2481222342934,9.306833981606278,10.269708066487274
255.30387478759408,171.94229794114526,9.219767631680897,10.278126896960528
251.632528059787,167.85158436166898,9.195892717073823,10.172164639414282
247.85778843003132,171.5069836474845,9.122574693667419,10.179251459384309
244.09994560675966,175.15071360075,9.041963553367628,10.1842364682227
239.41755798215462,175.15107239810467,9.024862180834702,10.183518873513389
235.5212407812972,178.78068121164426,8.956225538839808,10.180859132935467
230.70973367759848,178.77964920047162,8.940292363298484,10.182923155280763
225.89968114999417,178.77961591442343,8.92858914112895,10.182989727377189
228.1612502446806,174.13083228895306,8.917565382578275,10.155520487952064
223.50425853467786,173.9984027153125,8.92518310807037,10.120174290248903
223.35260571341368,169.2408677166195,8.928709495441838,10.042308122615795
227.8332027931925,169.11432110823935,8.92633966430038,9.99677386176222
227.84817176974104,173.61385776453812,8.896401711203259,9.93417757193246
231.43566216710065,177.19713394701282,8.83578770367718,9.881991994176177
233.66406368393945,181.77611985448527,8.79878043846275,9.858264767388524
237.21925995626992,185.60919672270938,8.737026517346484,9.82813620644695
240.75450384126285,189.4216995573507,8.680262906223627,9.801331709265918
245.14926333966005,189.40449119826212,8.618189110884884,9.835748427443093
249.5207109222437,189.41117724906127,8.58894429721503,9.822376325844806
253.85873616083043,189.02794248563546,8.60627435066154,9.719507799634426
258.32980445653675,188.78197480876653,8.60645488824896,9.634519467630382
262.66104104879133,188.2296306930735,8.558342418440834,9.59062627038965
266.96110519090627,187.93812048575506,8.529061949502665,9.602256830673722
271.24176994164645,187.1261755549891,8.52995767215624,9.51370164737884
274.5285176351452,190.1525242256996,8.489532177561737,9.42598116423888
274.40655029188815,194.53839816406781,8.451429167387426,9.397401884842667
270.90981372875706,190.2274136687074,8.420271197614136,9.308828316479552
266.4410024964717,189.28399789240405,8.426349983013536,9.241884689267582
262.7011001390386,185.00910784810046,8.395677974924434,9.168524836703858
259.27463905957677,188.18381985309563,8.33523339419145,9.179398227197547
254.74772323904782,187.90260173659823,8.289616435363483,9.190352726865989
257.5258198718815,183.90997467628063,8.237097618015813,9.195278897437653
257.4020723623016,188.19269563794384,8.210170717583905,9.13691648145308
254.01603052794255,191.4726809299824,8.155129457162557,9.13098582934984
249.67101102887116,191.0761602553529,8.137526180775302,9.107685715371709
252.2769425643871,187.27710135785713,8.083606063746437,9.10462442025346
247.81406428396292,186.47777380432893,8.08083716681265,9.079911262258571
247.6942698455002,190.69040439980446,8.050292558602726,9.028788110504344
249.71531395927894,185.75135739989142,8.040977180383983,8.959375748628203
247.4597227568624,189.6354343365615,8.002544612725314,8.952329769538686
247.3428199419043,185.52146827150622,7.969449102559503,8.906326557108255
250.27024921472886,181.5683671264395,7.959063068988944,8.842793603498215
253.3370560591994,184.49496166118874,7.909056393109464,8.808706894319512
256.24588848891267,180.82797300317878,7.881275473405172,8.773741014329302
259.2860798232064,183.73268265787993,7.831252853377949,8.73249218615854
263.20987493942255,182.96835487234853,7.806157570727697,8.696648767264952
265.0416613742447,186.61654288220305,7.779674218597668,8.674451782584349
268.04473419985055,189.60557321642275,7.7310873084578375,8.653949855216865
270.9090029645511,192.58403098138044,7.677004069279311,8.629418355988802
273.88614394009284,195.67005697116758,7.626466232991679,8.61779501794053
276.71919859679093,191.97470829903946,7.585669382650514,8.59330775180612
280.5587846841927,191.71141418431165,7.54640146431636,8.610569030830435
277.1486142165841,188.2907255044984,7.5005757342879855,8.585779725211532
280.08602817176956,191.4694439663425,7.448986241039364,8.557949776656223
277.9655109362568,187.4426068133223,7.407271086225379,8.549977728175104
281.7510691153135,187.4307845926552,7.370178417414705,8.573622169509362
281.75547879828946,183.57080192088617,7.361359051462775,8.515544964070566
285.51375735891776,183.30863095895785,7.340744831950856,8.540157361144196
285.5164543988283,187.20852940090464,7.335350752129733,8.487711993331596
287.3983957274108,183.22643653258666,7.306720556086071,8.48335914624228
287.3999710300431,187.10606726240763,7.3035699508213465,8.427288107829172
289.26991740429474,191.0705641836995,7.2772569414797115,8.420597708790009
285.44105500718126,191.06967401897913,7.276545529016115,8.42237803823078
287.91713153428384,187.8851655757096,7.265641635794865,8.367771015490634
283.98333270001956,187.7636196940157,7.259880010664499,8.364820300951632
281.9036437096871,191.46701355933766,7.238883050744915,8.335164818397928
278.59596345655046,188.0701370970649,7.236310228159069,8.265875772274612
274.6907273754002,187.96827586926636,7.238965612291879,8.225603953553932
270.7970541433751,187.97499816932995,7.237109364224718,8.212159353426783
273.6105172425726,191.03067343167407,7.203194404991408,8.180168871305725
270.4763364274953,193.93535583466624,7.176032504402047,8.182056555238926
270.35069833198884,189.97792566070564,7.185578782648154,8.119829781851562
268.432189019645,185.9047708843277,7.16791306062941,8.074935097856345
264.477942688338,185.43368310573493,7.158432417663648,8.057356314971553
264.3764197372048,181.73393004161136,7.1219641637913105,8.031923602917212
262.3701958322166,178.03120586514902,7.079294597930277,8.042746152844174
262.26932530244227,174.3555561476826,7.043014147146702,8.015378767477275
258.48860475712206,174.23095523980115,7.019929977406695,8.027564168853248
262.05583046548026,174.21718728634153,6.990545063570039,8.055100075772499
265.6251316751691,174.08832614718443,6.95567187143362,8.07603137984527
268.25031570197433,176.9312540760733,6.909520449236699,8.067502756336808
270.9823796036607,179.76255423625742,6.866086078135479,8.061278191382453
274.51902524228495,179.6381556642945,6.839439295489833,8.075187185488188
278.05011570543206,179.62759286628483,6.817489487943336,8.09631278150749
280.7602573652649,182.45743052682832,6.794088782037311,8.068167144343642
283.4648514262813,185.28029457026616,6.7631326373595115,8.034507207751394
280.2060484944943,182.0485001394139,6.761818454097556,7.979176022619992
276.8491703702513,178.94433961520875,6.749208537578809,7.92501822774993
279.5235996430957,181.8405933931292,6.711156912382934,7.905126889836126
276.6580194491181,178.98953051693283,6.6926766951504595,7.857612037041316
272.9968074713419,178.88314685894667,6.688549179968222,7.841424619553168
272.8935654700295,182.54745138462425,6.666394836340432,7.829242648282439
271.0788522619026,186.0927625385717,6.646316432057909,7.809535930176754
268.25022472483215,188.9381438526992,6.616899253698918,7.805445554421813
264.7286937932907,188.83445376886573,6.625111059399659,7.785895075076366
261.78502395542404,185.9085998828726,6.616668635495288,7.74182074742498
258.1745216805143,185.79350231046288,6.607455066017311,7.746071576016386
255.24216505619276,182.76693882235267,6.599758412827393,7.700926731102451
252.43671025012995,179.97681603239295,6.5846513641259925,7.655155650194895
248.85043742637168,179.97032420919447,6.586302492327595,7.668139296591856
245.26309462094244,179.86419679573171,6.582821234809393,7.656076408880585
242.4770711068726,182.44496697879396,6.55298558942519,7.6482681023981165
244.83352687167675,179.4356992078069,6.533058303426858,7.632966759730754
244.83824886689547,182.89962190546063,6.523614312989433,7.615605170450029
248.18495529457468,182.89619851271746,6.505165344707209,7.622451955936344
251.52720274041727,182.896327540045,6.489915113039291,7.622193901281266
254.86843060559818,182.89781230108903,6.4692303067569235,7.619224379193209
258.2017585084861,182.89945691036797,6.452991517275004,7.615935160635312
260.638249266622,180.1515404645088,6.450118945722141,7.5775533424457375
263.9549893620103,180.15317515027135,6.438532102283239,7.5742839709206455
267.26139361503397,180.1554177489439,6.440513183231555,7.569798773575514
270.5707354220415,180.0441958610097,6.435496922889839,7.571786970988159
273.8826553889649,180.04839801895432,6.423825638853127,7.5633826550989385
273.77534459658926,183.57891647547757,6.418359061136457,7.5451669410254185
273.77517385990575,187.11111850690273,6.418700534503473,7.511770217433591
273.6751584405639,190.6277789864601,6.39952278249306,7.493124160533951
271.065958448404,193.2492689274153,6.371227204651799,7.4968398407846735
267.57023839072923,193.04040925387665,6.379792518439766,7.478129512764403
267.46478518221085,189.56968135079978,6.372635370166726,7.441551229003735
264.54367180312727,186.757146479082,6.3455111833045255,7.414653395744476
261.6275916246208,183.85213346507268,6.331309737037495,7.3783176204830285
258.18440781254736,183.84593558791013,6.313927476391892,7.390713374808094
255.4988834298055,186.5420024564008,6.293613539650856,7.3899423400514985
252.822423554219,189.1214647216053,6.263631040802624,7.398603969662889
249.38973423941505,189.11807454875049,6.2500457058912655,7.405384315372487
245.96260815449395,189.11041013804322,6.228981516489996,7.420713136787018
243.2821295950728,186.2308526566953,6.2211660197936425,7.381553674701068
239.96295674439156,186.0262373300681,6.224857244497034,7.362742103654861
239.96160804009622,189.35375967913134,6.227554653087748,7.335196042637066
242.0021720095827,186.2764711761841,6.201187880429303,7.300927057841
238.60574204186807,186.27539030035274,6.195477155164263,7.303088809503726
236.06854910013644,188.82411838639612,6.172338371810864,7.303157304233672
233.41815730670072,185.87615652600553,6.1724807662943615,7.262362889540408
230.1362279900698,185.67634352233492,6.182994458086369,7.239192449044825
