74.5,86.5,56,48
75.26723243382582,85.60141778603567,53.46553513234835,48.797164427928664
76.29045443860483,85.25405088837032,51.419091122790334,49.49189822325937
76.53685062061973,85.76940337582968,49.3372217735279,48.46119324834062
76.1798465259111,85.27746000165473,48.511112889880096,46.36484585056043
76.13078858067281,85.73856120500551,47.1152147726798,45.4426434438589
76.42178628455794,86.61519783387898,46.53321936490954,43.68937018611194
73.20003472307904,87.34564156335425,45.87346390843772,42.22848272716141
94.65335069021069,76.67481975521781,43.19375700154277,42.763096156864435
91.41352812466269,80.97438591572173,41.551520232231496,42.28584573626387
90.92154577781255,83.09178840629461,39.89496328887488,42.011823210703426
96.20622132474264,88.72393158320587,38.35395286444239,41.06564047908398
80.51586890492405,93.53976048023122,38.471658065759755,40.1876225837628
94.50745423918555,93.62175261084933,37.73890043081869,38.78498318463653
88.02637959406718,92.30299137576816,37.44525354651019,37.807288516286505
88.98339538609909,92.58069133939473,36.71629793641037,37.25188858903336
83.97973076787908,88.85298980823796,36.24001589990433,36.55337177238884
83.50855013398109,85.26735490685232,34.88967735484838,36.846542136604356
69.74687582490422,90.12819414830956,35.30264615161994,36.16165692748393
83.48256103258613,81.49024821278535,34.840918213970895,35.43112048005583
81.81435186953522,78.7021054018029,34.85742697790398,34.367586977683246
86.24331102962822,76.45881871280993,33.63056479648523,34.49355684780215
67.6448760024503,92.76691678752954,34.35225889740205,35.134138773557304
70.8284258784478,95.72452695845364,33.456442446319336,35.78445839280383
66.87227326256956,95.54253742633799,33.73697110171548,36.148437457035115
67.2055573926957,96.28372794226193,34.17079664501319,35.7664502287372
65.57177285946861,96.47402761993798,35.23576111239775,35.3858508733851
65.1607505516726,96.51587365867613,34.94565498604997,35.302158795908795
66.11504823730642,96.21785311252428,34.14332083725366,34.791938665741185
67.30201889664951,96.77640673658249,33.940544766948776,33.67483141762478
67.59023225526866,97.21966433871455,34.42892506798091,32.78831621336063
64.38022356248527,98.33615078545019,34.49818002637629,31.613803724417956
52.05344134458436,103.35286852615154,33.12959812355761,31.989226778463465
61.00767683211871,102.13843197004343,32.6538450302517,31.34173791154506
81.6153842163977,96.8446958453984,31.748490149786093,30.84394369160968
87.17300143199215,100.28930315651849,30.490074589157192,30.85450227876151
81.57404726482089,101.59613683510992,30.095358120465665,30.17293905541766
82.94126758858502,102.18909327820991,30.208238009592513,28.987026169217664
82.8059149585834,103.18040288385104,30.478943269595764,27.936566247070566
84.58373480976603,103.89812659210526,29.6824378956671,27.420830273374335
75.77821521477325,102.81426613641057,29.311722585467077,26.891288009735877
84.70051246712366,100.27771421858982,28.27987779349909,26.655102462409108
87.7872712429235,97.27269152537876,27.296499429162765,26.60998546369064
84.83276283698797,95.43302269408262,27.263189562361738,26.04480407008857
88.5308257453382,95.48864429496335,26.582592898962403,25.933560868327113
90.17372988000122,93.01180864677266,25.777815390630476,25.925170642720346
93.13120203614996,93.63660314932834,24.748187633047504,26.304020489180488
80.1711663251651,106.08487834417524,24.944148963265306,27.13158019123862
84.90734552086172,106.53292135980689,24.490793219699157,27.05540349159593
84.85181865180462,107.12020797079883,24.60184695781335,26.69233018157806
88.35225833531175,107.50177441023072,24.061884300596397,26.736811891438926
87.76895421351894,106.59714634261942,24.42879039778756,26.146961587478156
93.6122337940526,107.052384099244,23.891181988389295,26.032839699348237
90.84493248393937,105.12113290928363,23.923615266910204,25.179196929235637
92.04741215976937,107.5436767139887,24.611493635345404,24.200156469944492
91.21623997621775,109.09387234646123,24.736476843090667,23.405806944036417
91.95540996215064,110.17901487620105,24.774284463153553,22.751669476485425
96.58279185153394,111.39115681872586,24.498769733775056,22.57219785378286
108.90153417553235,107.19730542734257,24.318239863499834,22.06646253555977
117.32962252633864,115.50165712617391,23.527618984944617,22.253567498366124
101.45472657068434,112.71417918894723,22.837191315282865,22.782266993557442
109.16193676833728,110.25145025449908,23.22793471438686,21.960392573577423
117.59620232632427,110.82319468139187,22.725219385395718,21.528460927921518
125.90400072133683,119.48044336952034,22.137049306360062,21.63507954187048
134.10151821181412,128.68016930079565,21.59622556125085,21.847093043138315
142.16465891015483,137.62686242555125,21.205253818139223,21.741448141140832
149.7212583037365,146.28614935402877,20.970937443572872,21.33069520759153
157.61887299772945,154.74368856394952,20.497420726705194,21.069652299834978
165.69832376285663,162.77575496020637,20.04853682704431,20.715537137914765
173.2829978160711,170.71278009610575,19.643634761596815,20.247865343661775
180.70459000993873,178.44998919889196,19.248925799008187,19.85011714693805
187.94480201565662,186.06483405775194,18.929941329336156,19.397581733667224
197.13090016221383,185.91400686519793,18.664899289777992,19.095664310323357
204.1799208519287,193.2589982534359,18.243689952897792,18.677158447812126
213.03403629332203,193.1077277748777,17.97807903271893,18.398278739508264
219.7901466490408,200.1789145975681,17.641327197433636,18.004220443155802
219.93124399620916,191.38596865181393,17.359132503096873,17.627234436841288
224.2091651156301,199.5535832149941,17.06772572791904,17.26991387356477
230.54821737973464,192.23003621142152,16.826822586296693,16.776067062256438
226.47449224309113,199.77852943445342,16.50740544148381,16.496098597867547
232.57013425807693,192.46475319869717,16.27014632124883,16.051184878842545
232.7347210507276,200.45587485310267,15.940972735947545,15.847768643624114
232.88387100243213,192.59138771489054,15.64267283253843,15.55723691919889
238.6704321365167,198.65316133835796,15.370294685256724,15.225770494059624
244.32223336948357,191.61609065117753,15.148700666945844,14.84511824108637
244.4702679411281,198.9988051797926,14.85263152365679,14.722153425176472
238.29050651784996,192.66169982667444,14.637079554163389,14.35554580365758
245.25463742450782,192.50215122904353,14.405959611198144,14.218071603241091
252.10218804376098,192.16612747598114,14.233949893332488,13.988579674656478
252.22665341787427,199.154748389934,13.985019145105875,13.789135486285899
255.60773398246536,192.05073943976043,13.783641151710023,13.56343048790316
262.16087011991584,191.92749364109318,13.597140523057712,13.379263030362694
257.1701610671488,197.10258082975957,13.382835697322571,13.224811584299198
262.07477785481615,191.3751197891149,13.210975180991918,12.947279506800989
268.34257662688157,191.0442629902438,13.033451213243398,12.785121532784395
274.5297121317817,190.91470456607752,12.856790053183648,12.637651386125595
274.4297532626777,197.1991840334935,12.655224232554888,12.5146827752339
274.31893250986576,190.95677198365524,12.480490794639264,12.315508681646572
278.8997201290041,195.73562562840485,12.300094013008497,12.12946586864736
283.3887686601378,190.46057527824624,12.170444997704589,11.907542859617532
289.15359285899723,190.3419465525987,12.016054411077993,11.765625050542887
292.03484123665885,184.25460950939117,11.871199345706884,11.581487419063418
291.9394849883404,190.03546778517193,11.692585237498038,11.468895617720184
296.39776462827194,194.49239048020172,11.529869413055653,11.308893683081287
296.28663448008916,188.64380192318114,11.392468357624104,11.1372461878199
296.19148485522516,194.20007039752446,11.227974644516314,11.023291087043853
300.2790102241819,189.21220426211056,11.112352231956658,10.837135469382085
304.32804802090556,193.4319528212679,10.964328541748523,10.693344684882266
309.5064807642534,193.30929353348463,10.839234424641234,10.597604214795874
304.15865927442763,193.03577276638623,10.73223264814052,10.469480451733155
309.22862897269073,192.91239307990017,10.608658319780798,10.382360989099704
311.77592009010755,198.07545954929637,10.47251254603874,10.303663403229761
315.58795188513994,193.56968630387314,10.373615910437469,10.15413707994664
320.49288785502404,193.44598584490933,10.261756408488099,10.078270916613608
322.9551241769199,198.30044050486669,10.141965754465954,9.978725576238174
325.39001766446984,193.27647864227472,10.025058885599304,9.887171741458076
329.05759026520326,197.08582932402442,9.902174460003728,9.794307709302727
324.1413293389471,196.97937202776163,9.808947233665851,9.697042643114218
328.80099054101385,196.86550372192477,9.70501520494127,9.617599575607617
333.4150063131213,196.74780103928572,9.605754690748068,9.54871257321831
337.98220808415624,196.78229483207232,9.52069572977292,9.479724987645092
341.62201089883075,200.41252848388604,9.42234730013174,9.40051488372552
345.06917089534517,196.61644409174758,9.345755770482734,9.285686274616584
341.5993438403674,200.17046093730042,9.243614162750944,9.219448301198153
341.4931048867705,195.5708176823802,9.165335243012775,9.11451634921368
339.2328757600492,199.92913338358755,9.079851088307299,9.034026962076464
339.2685421059823,195.41563358465132,9.008518396441156,8.932780356606143
