206.5,85.5,49,57
200.37037388444097,86.57363481777102,46.914433155222305,55.52083274894494
202.1289612437358,88.91733035974164,45.008988192544656,54.056901176827814
220.74391009042614,109.18331259307811,43.62378990036157,54.045031685421705
213.13817492866553,86.30504501247334,43.47624770135041,52.188628026781025
230.80137112829036,108.06475795909361,42.76418256160618,52.313353895525545
248.24890721112882,127.28236159920318,42.263193100092636,51.26301911983191
265.52352483755243,147.3638952609774,41.55036085538927,50.82094663193061
286.89758608702647,147.67077608249943,42.387245673337084,51.66001856611638
285.26405578022025,172.13350863223778,42.69578939454621,51.55008219129657
284.30587603017284,152.1982945124959,43.12960034637533,51.39169962760822
300.1507726663245,169.29405061596069,42.66895110611436,49.91643354948493
299.9629255243677,151.02644639400145,43.044645390028045,50.02863338983577
298.6642618777919,170.00661199516787,42.71259479126424,51.61490372836067
275.5142921916941,170.81570230626016,43.01418798710339,51.48054072476822
297.4042936622106,166.4500649615057,43.83254511248626,49.80553139878016
277.4566167630298,149.57029542909248,42.45967393604073,49.66617137715787
293.8513763715467,165.2407068680679,41.56334780414945,50.21854158434948
292.05080421374845,143.67493390746284,40.83316262598055,50.036792567906446
308.4036032837872,161.4711785715,40.99885964449551,48.744785144450354
289.32010213807354,146.89627846658612,41.042697297543185,48.243235079982824
246.6172292851022,108.48212048673423,40.74746210291971,49.205108930988686
261.77670904789977,126.91019644462432,38.72869595026295,49.139208400028295
249.24113231463107,92.15542412398545,38.936154529857205,48.20161752830043
263.9964621811132,108.76321343072851,38.201954842551196,47.87342182413808
276.7898499559652,126.76060519460435,38.32934035763907,47.066437648206836
275.97924236134446,106.42744899217722,38.6075009801511,46.09805848445083
265.49591803170694,127.91811058149231,38.25188955477453,45.76125547512393
264.79564473878696,108.37007855454242,38.330716429208316,45.205728186840396
244.27894440511636,109.55214492487202,38.61708813628164,45.47043602426296
264.0653304798663,110.33609716166465,38.73770550518577,45.22564453462454
253.21343278669508,131.03015058149828,39.3011770170107,44.79691520183505
253.1741411132884,111.12794130398758,39.379760363824026,43.56749418588985
253.209874974026,131.97366921864926,39.30829264234882,42.35706967966637
253.27190425917468,112.54581316403676,39.18423407205146,41.351598382871956
268.3277290671601,128.23244197627218,38.240402515912905,40.41432482083475
255.1909453875959,106.75529506847434,38.50465421435207,38.781220360963104
268.9355885517115,121.61222091192894,37.79153353990381,38.277731205453506
287.09050120441685,122.13315286842176,37.41976003073771,38.43380235234267
286.74987112762784,141.14156835654632,36.90650258043979,37.4470170962502
304.54823029264446,141.2473604689498,36.43719929678076,38.406346706322296
290.7259629767844,154.90835965351968,35.796857212563594,39.36922505311996
304.3457551157027,141.27121781097046,35.775095002460624,38.242303102322566
304.4927018363966,159.6661180479049,35.48120156107284,37.58196157400786
304.0023318455091,142.13322829198927,35.31145945716105,36.982796429549985
304.2206351306229,160.36890853217133,34.874852886933425,36.94075292227804
303.98619565214784,143.00107686868733,34.21289441432805,36.62045593302352
312.4883330828981,125.84166012153057,33.93849059704345,36.36422260262414
299.60049558714104,139.44694619692226,33.14701590367139,36.827764706930644
312.42358777695813,127.1485701939992,32.83726026609262,36.088087970721304
325.24194826757247,140.7059646264185,32.15868326703131,36.10171647780372
337.7550235975545,128.84697206921794,31.846457418323602,35.10577678094851
354.11342369578534,129.29130487502027,31.805315984311342,35.27116467780996
369.9392511051274,128.4924799703336,31.832759668265297,34.756874587007474
369.99086649228457,145.36625927521578,31.729528893951105,34.558207534535455
369.4916295005222,128.17046336678243,31.684339156513545,33.4652328386881
385.47835724726787,127.85728156949767,31.513215663412183,33.06571475582568
397.3963258000618,116.2104062943252,31.06638238929322,32.970361474701754
405.0975790864659,131.73780416533916,30.78899405062253,33.174143416557754
404.6569451598586,113.7102272853306,30.663143496100343,31.965916090315776
389.41330571616624,112.75238545616492,30.577259647075294,31.90913763662069
404.33746267905525,109.78815817646498,30.24840175876882,30.94971912061053
418.84727963098715,106.55648492277476,30.140791281416643,30.666926828471603
406.275444298838,117.8008052045539,29.429453683027887,31.160515831746327
417.3320206067213,103.14344107208584,29.260034984619374,30.898907077634597
431.59053163910306,100.94298361347049,29.161923608956908,30.5633368800151
431.50957711823185,112.97224139660283,29.32383265069943,29.076594521098464
442.52274147137695,123.90874195972613,28.450367184352547,29.276146340879706
431.04623076439145,113.49409694672615,27.76794041571541,29.197155282264738
441.7070620977482,122.32702201887375,27.077680980661366,28.574638242383784
441.40012242492634,135.86216324890665,26.81522511717667,28.670747265300335
441.52743517472135,122.36795998431386,26.56059961758658,28.57530057782704
448.2360597416442,136.5938031517246,26.165404921554597,28.772134006195714
434.85607676683327,136.9242447037658,26.113018843036535,28.976165483666207
421.0683680602042,136.97000969784568,25.936332738404147,28.884635495506398
434.4428421248336,137.01881797351757,25.940699234944116,28.78701894416264
421.1196828905023,137.56988325580443,25.878584054543094,28.546450755365164
430.9392058332022,126.8211848978811,25.946621033050967,27.76627553809881
421.07337255071155,136.87763650505667,25.380262892120424,27.951397029659507
430.7941042311989,127.53165310053318,25.250165759989052,27.331997609863116
420.2659934646697,137.82355161356472,24.78090156257376,27.445783016947804
429.71110932448624,127.75064708872372,24.801264326890728,27.03659806233611
429.43441928742067,140.68103995190864,24.53848988006095,26.476602485755635
419.84932197631235,130.59251893441737,24.43086868269507,25.769344049523806
429.1727997543135,140.11025911341562,23.965051503639895,25.705486345732965
440.9962148444929,140.48622527433028,23.781015457535176,25.735647161712084
431.7256460038347,131.31810652870453,23.610839633013093,25.36057114712522
440.8448762576566,140.93264871204553,23.107224737384477,25.40849288045978
431.42237810305323,131.54027460396753,22.856917479262226,25.097937529286735
442.81265253301086,131.11022046459604,22.72602011811497,25.203057424737498
433.9241246243591,140.52761135991767,22.39419802472173,25.231690124403478
442.61562992701954,132.08323215482557,22.253853378905106,24.8777825750834
442.33688899841115,144.10181410420608,22.0693923640668,24.582790582086865
442.35535475819506,132.97735154770984,22.032460844498942,24.064898963075205
442.50457393537397,144.60547955986198,21.73402249014113,24.033163072968826
431.33768292103764,144.91051974613285,21.731818304079205,24.143598384773306
431.0441375232713,133.87205199314334,21.59671122841248,23.8323998835705
431.0649535930581,145.47242903245206,21.555079088838852,23.518124418446394
436.4730515177582,134.70717492883145,21.38357189954725,23.759255305470216
436.09874616704894,145.87493723799216,21.42151808632793,23.454330640923157
444.4173626209298,154.68626670004164,21.034359928118104,23.494796444597892
455.28890750757967,154.70981062389234,21.02161566592929,23.4477085968965
455.20292206206227,165.9142247271159,21.19358655696411,23.440279458787792
460.5208925290884,176.77240073154138,21.097738749265957,23.506786577735596
460.2085656297128,187.52791173133238,21.0202152477938,23.06108358485804
459.89171868009856,198.20302142065157,20.959901489087677,22.531093944256316
451.816597165361,206.3806171120785,20.675284836231185,22.610762243734044
446.37759139436844,216.5576512174905,20.64930193561885,22.701683612780254
446.4008605245599,227.3631635524991,20.60276367523588,22.930703296138798
435.3937118620918,225.84229606078546,20.68677894579158,22.54583170856912
424.5312498930188,225.23613948075845,20.63022669159389,22.39680260660161
416.47746246839523,215.48026134392668,20.47904425838297,22.262560497295038
408.57180021345346,207.68803728629481,20.13957785774019,22.369167323304328
400.2910327067179,199.46153037100564,19.971142444839206,22.092210727510555
399.9300337299607,189.30143013049093,20.030935964667268,21.884073764265146
399.89491688796056,179.2021056269543,20.101169648667614,21.62527738662731
399.62955289997456,169.10630360002384,19.974897817936547,21.449887432694183
399.7005905447004,158.78606192286384,19.832822528484847,21.21819701086444
399.41565602567823,148.54813737445338,19.756310858093105,21.009863437731283
399.3787745299723,138.0953957923154,19.83007384950499,20.732279862199285
391.63287622830984,145.62584869968993,19.353427450690894,21.0010793295036
383.46395845860815,152.92889828081135,19.171601301611307,21.008527045534162
378.3861064937193,162.77921116960863,19.205823764446585,20.918271610140643
373.37852288883954,171.7839063377326,19.113284849091578,20.597366992843277
365.08022440174466,179.218588777976,18.827985864376274,20.734131853605348
355.35938996421294,179.01685585109763,18.9614702219628,20.514753045507987
345.72114846620553,178.78296219465398,18.969826161099203,20.36098787268954
336.11218377344505,178.2611845939122,18.989888695813267,20.16597101928231
328.78874157212556,170.36560786976116,18.839376987622007,19.926612014184883
321.547298864754,163.21992540827762,18.67199069496083,19.567705229747755
313.54949153823526,156.30706141919467,18.409322247411914,19.543784640747358
308.8100341550159,146.20822386283635,18.32631755512862,19.422380903679937
308.8188557850547,136.81736289403221,18.308674295051038,19.18314152310338
301.19672711971157,129.7905623618058,18.20299585938317,19.06757111092158
296.28263129730595,119.81572843923601,18.053911621910586,19.062687191493648
296.0199924365879,110.54152301163077,17.994729949295966,18.908397437081227
302.75930421219397,103.25585286755043,17.88156926130734,18.952060699998988
293.7977165770673,103.30259667575501,17.824871065164785,19.438569001860664
293.5880169164576,112.46153714109543,17.65758213647782,19.30802381827815
293.33481770514385,103.27437138469767,17.581990107380427,19.058660875877006
297.65081050330934,110.68407747122748,17.603518975845954,18.66177281081171
297.69117840373275,119.6325858333511,17.522783174999134,18.46718720344382
304.351616054461,126.3918614488981,17.236523113626607,18.549973614176526
313.14532689912573,126.34659221843594,17.116732629205835,18.640512075100837
321.90697257184485,126.60495706251851,17.04577094316371,18.686760763045243
330.4084745487554,126.6698633378237,16.919826978434973,18.55694821243487
338.84333088096787,126.7182296084252,16.806333472268637,18.460215671231847
347.2023279848774,126.71134556323966,16.745120031415436,18.473983761602952
355.53291469480894,126.56614563615807,16.717880649160964,18.764383615766114
363.9309252830065,126.49675527715047,16.678161865727336,18.90316433378131
372.3381444408779,126.47803809647482,16.665580230113363,18.940598695132618
380.7352894437274,126.41674956492038,16.68452060466218,19.063175758241506
389.4185137857303,126.36984954454125,16.76004197038943,19.156975798999742
397.88311943026577,126.70746264269621,16.790051396810284,19.047056959872915
406.33194178902505,126.74801606808029,16.814927527625102,18.96595010910476
415.08563784486057,126.68686814198153,16.76747257130309,19.088245961302288
414.8199026053357,118.08516932863316,16.734581837608125,18.7964459929148
406.1876018269752,118.42297031661478,16.66063029550635,18.680152181429712
397.61425868182175,118.33925521443315,16.561379973659385,18.847582385792972
390.9959098810029,111.77330779060739,16.422138192539162,18.603537850686465
384.4734252545879,105.23234412348518,16.23547668366898,18.45383442323072
376.01451045636753,105.2194544606771,16.227026174613094,18.479613748846873
369.27955220291557,98.98104367034519,16.040108049511595,18.392147468065637
377.67480802774276,99.19429615939657,16.04923669905385,18.507566370582115
377.7287765944787,108.00583274089163,15.941299565582005,18.28792543263635
377.5049979250083,116.73156358400752,15.850130768833326,18.075700088467052
