163.5,44.5,47,164
244.5,121.5,47.0,164.0
245.5,115.5,44.0,172.0
245.5,115.5,48.0,172.0
241.5,117.5,54.0,170.0
245.5,113.5,49.0,172.0
244.5,110.5,51.0,177.0
242.5,110.5,51.0,182.0
241.5,102.5,54.0,180.0
240.5,103.5,55.0,184.0
240.5,106.5,57.0,181.0
237.5,109.5,57.0,179.0
239.5,115.5,46.0,172.0
238.5,116.5,55.0,168.0
238.5,119.5,57.0,173.0
239.5,125.5,56.0,164.0
240.5,127.5,58.0,159.0
236.5,128.5,65.0,160.0
238.5,127.5,58.0,161.0
237.5,126.5,77.0,168.0
236.5,141.5,82.0,161.0
239.5,143.5,75.0,154.0
239.5,143.5,76.0,155.0
241.5,142.5,75.0,159.0
238.5,140.5,74.0,158.0
238.5,144.5,78.0,153.0
236.5,146.5,80.0,151.0
231.5,151.5,54.0,153.0
228.5,150.5,55.0,153.0
220.5,149.5,63.0,147.0
213.5,147.5,54.0,148.0
207.5,149.5,55.0,139.0
204.5,144.5,63.0,148.0
200.5,145.5,65.0,145.0
200.5,143.5,68.0,140.0
203.5,139.5,66.0,144.0
205.5,139.5,58.0,144.0
210.5,136.5,57.0,151.0
218.5,135.5,50.0,149.0
225.5,133.5,56.0,148.0
229.5,134.5,51.0,148.0
232.5,138.5,46.0,144.0
229.5,135.5,51.0,147.0
232.5,140.5,44.0,145.0
230.5,143.5,49.0,134.0
233.5,144.5,48.0,140.0
226.5,147.5,49.0,141.0
226.5,141.5,55.0,162.0
222.5,146.5,56.0,154.0
227.5,149.5,51.0,156.0
226.5,149.5,54.0,156.0
226.5,150.5,56.0,155.0
220.5,150.5,57.0,160.0
221.5,155.5,61.0,155.0
222.5,153.5,57.0,160.0
218.5,155.5,61.0,159.0
216.5,160.5,59.0,157.0
211.5,158.5,60.0,161.0
209.5,158.5,60.0,163.0
201.5,158.5,67.0,167.0
196.5,155.5,65.0,163.0
190.5,148.5,64.0,178.0
184.5,146.5,66.0,175.0
177.5,143.5,71.0,182.0
176.5,142.5,67.0,179.0
169.5,143.5,73.0,176.0
166.5,151.5,74.0,166.0
167.5,154.5,73.0,162.0
169.5,151.5,74.0,160.0
166.5,157.5,77.0,158.0
169.5,158.5,69.0,162.0
176.5,161.5,61.0,154.0
176.5,160.5,56.0,153.0
176.5,155.5,62.0,148.0
176.5,160.5,60.0,147.0
178.5,155.5,62.0,138.0
181.5,153.5,62.0,133.0
183.5,149.5,64.0,136.0
191.5,145.5,59.0,139.0
191.5,149.5,56.0,134.0
191.5,148.5,61.0,133.0
196.5,150.5,53.0,134.0
200.5,151.5,50.0,134.0
200.5,151.5,47.0,134.0
201.5,154.5,48.0,130.0
203.5,154.5,48.0,129.0
205.5,154.5,49.0,130.0
207.5,153.5,46.0,125.0
210.5,154.5,45.0,120.0
216.5,155.5,40.0,114.0
215.5,156.5,40.0,121.0
221.5,159.5,37.0,118.0
220.5,160.5,37.0,123.0
220.5,162.5,40.0,123.0
218.5,167.5,40.0,124.0
216.5,175.5,42.0,117.0
218.5,175.5,40.0,120.0
215.5,180.5,47.0,117.0
219.5,182.5,43.0,117.0
219.5,183.5,47.0,119.0
220.5,182.5,47.0,120.0
223.5,180.5,50.0,122.0
223.5,180.5,53.0,125.0
225.5,179.5,50.0,121.0
229.5,177.5,53.0,121.0
232.5,174.5,47.0,121.0
239.5,171.5,45.0,126.0
240.5,168.5,48.0,128.0
239.5,166.5,53.0,133.0
236.5,167.5,54.0,131.0
235.5,167.5,50.0,129.0
238.5,169.5,46.0,125.0
234.5,170.5,47.0,126.0
232.5,174.5,51.0,120.0
232.5,178.5,52.0,115.0
232.5,176.5,54.0,119.0
230.5,175.5,58.0,121.0
228.5,169.5,57.0,123.0
230.5,170.5,57.0,123.0
223.5,168.5,62.0,124.0
225.5,166.5,56.0,123.0
223.5,162.5,58.0,131.0
220.5,158.5,53.0,134.0
222.5,155.5,47.0,136.0
220.5,155.5,46.0,136.0
217.5,156.5,47.0,139.0
222.5,156.5,41.0,138.0
220.5,159.5,50.0,135.0
221.5,161.5,47.0,138.0
224.5,164.5,49.0,134.0
225.5,161.5,47.0,137.0
228.5,162.5,41.0,136.0
231.5,163.5,38.0,133.0
231.5,163.5,42.0,136.0
229.5,163.5,48.0,130.0
233.5,162.5,50.0,131.0
232.5,162.5,49.0,131.0
233.5,166.5,52.0,125.0
231.5,166.5,55.0,120.0
228.5,166.5,56.0,120.0
227.5,165.5,58.0,125.0
218.5,165.5,58.0,125.0
216.5,161.5,52.0,132.0
210.5,164.5,45.0,125.0
205.5,157.5,46.0,129.0
200.5,157.5,44.0,135.0
197.5,153.5,41.0,135.0
193.5,152.5,43.0,141.0
192.5,151.5,40.0,142.0
194.5,152.5,41.0,148.0
193.5,152.5,40.0,149.0
189.5,153.5,46.0,151.0
190.5,155.5,46.0,152.0
187.5,160.5,47.0,151.0
191.5,165.5,46.0,146.0
190.5,169.5,51.0,146.0
188.5,171.5,56.0,144.0
189.5,175.5,58.0,141.0
188.5,175.5,63.0,140.0
185.5,175.5,68.0,135.0
186.5,174.5,68.0,135.0
185.5,168.5,82.0,134.0
186.5,165.5,81.0,136.0
191.5,164.5,78.0,136.0
191.5,161.5,79.0,130.0
190.5,159.5,77.0,129.0
192.5,160.5,73.0,131.0
192.5,164.5,67.0,125.0
189.5,162.5,68.0,123.0
189.5,165.5,64.0,129.0
185.5,164.5,63.0,126.0
180.5,167.5,65.0,123.0
175.5,168.5,66.0,123.0
165.5,173.5,74.0,116.0
167.5,175.5,69.0,118.0
165.5,173.5,71.0,119.0
163.5,176.5,72.0,114.0
159.5,175.5,77.0,118.0
161.5,178.5,79.0,115.0
162.5,176.5,77.0,118.0
164.5,176.5,76.0,121.0
165.5,173.5,74.0,122.0
169.5,171.5,71.0,123.0
173.5,166.5,66.0,130.0
177.5,160.5,60.0,135.0
178.5,160.5,60.0,134.0
178.5,160.5,59.0,134.0
176.5,157.5,59.0,136.0
171.5,156.5,59.0,133.0
165.5,157.5,61.0,131.0
158.5,157.5,64.0,131.0
152.5,159.5,64.0,127.0
143.5,158.5,68.0,128.0
138.5,160.5,69.0,125.0
130.5,158.5,74.0,125.0
124.5,156.5,81.0,127.0
122.5,157.5,82.0,123.0
123.5,158.5,84.0,122.0
120.5,160.5,89.0,122.0
121.5,161.5,90.0,119.0
123.5,161.5,91.0,118.0
125.5,160.5,92.0,118.0
126.5,163.5,91.0,116.0
130.5,166.5,85.0,114.0
130.5,164.5,85.0,113.0
138.5,167.5,77.0,111.0
141.5,167.5,77.0,110.0
150.5,162.5,69.0,117.0
152.5,160.5,69.0,120.0
167.5,157.5,62.0,121.0
172.5,155.5,59.0,125.0
173.5,154.5,62.0,127.0
183.5,152.5,56.0,125.0
180.5,150.5,61.0,132.0
184.5,146.5,58.0,139.0
187.5,144.5,57.0,141.0
186.5,141.5,54.0,149.0
185.5,146.5,54.0,144.0
185.5,150.5,54.0,138.0
186.5,147.5,52.0,143.0
187.5,145.5,49.0,145.0
187.5,147.5,47.0,140.0
185.5,148.5,48.0,141.0
181.5,147.5,52.0,149.0
180.5,148.5,50.0,150.0
181.5,145.5,48.0,152.0
179.5,146.5,49.0,151.0
183.5,152.5,50.0,147.0
189.5,155.5,49.0,141.0
192.5,151.5,51.0,140.0
186.5,151.5,56.0,147.0
187.5,156.5,63.0,140.0
189.5,157.5,63.0,144.0
190.5,157.5,65.0,139.0
190.5,160.5,64.0,142.0
196.5,158.5,62.0,139.0
195.5,157.5,62.0,137.0
201.5,155.5,58.0,144.0
203.5,152.5,66.0,145.0
203.5,151.5,71.0,147.0
205.5,150.5,63.0,147.0
209.5,145.5,68.0,154.0
209.5,142.5,67.0,156.0
206.5,133.5,82.0,162.0
214.5,133.5,67.0,165.0
211.5,132.5,69.0,166.0
211.5,134.5,71.0,163.0
209.5,135.5,73.0,163.0
208.5,136.5,76.0,159.0
206.5,140.5,71.0,157.0
202.5,143.5,75.0,156.0
198.5,146.5,82.0,152.0
192.5,150.5,80.0,153.0
190.5,150.5,84.0,150.0
188.5,151.5,84.0,149.0
188.5,152.5,77.0,147.0
190.5,150.5,80.0,141.0
190.5,151.5,77.0,138.0
196.5,149.5,78.0,139.0
204.5,151.5,79.0,136.0
208.5,151.5,83.0,134.0
213.5,149.5,83.0,132.0
217.5,146.5,88.0,130.0
218.5,148.5,89.0,131.0
217.5,144.5,97.0,136.0
214.5,147.5,99.0,135.0
213.5,144.5,95.0,137.0
208.5,140.5,101.0,147.0
206.5,141.5,104.0,142.0
201.5,139.5,102.0,143.0
193.5,138.5,102.0,144.0
187.5,135.5,98.0,147.0
172.5,133.5,84.0,148.0
166.5,138.5,63.0,154.0
165.5,138.5,65.0,152.0
162.5,136.5,63.0,153.0
163.5,136.5,63.0,160.0
165.5,138.5,62.0,161.0
171.5,137.5,51.0,161.0
174.5,141.5,57.0,158.0
177.5,142.5,53.0,159.0
187.5,139.5,49.0,162.0
192.5,138.5,45.0,170.0
198.5,138.5,42.0,173.0
202.5,135.5,43.0,178.0
206.5,134.5,42.0,179.0
207.5,135.5,42.0,172.0
207.5,133.5,47.0,174.0
208.5,132.5,55.0,167.0
216.5,124.5,56.0,176.0
219.5,122.5,56.0,188.0
220.5,125.5,57.0,184.0
219.5,122.5,57.0,186.0
214.5,124.5,65.0,182.0
213.5,123.5,68.0,186.0
194.5,128.5,90.0,186.0
191.5,132.5,90.0,182.0
179.5,132.5,99.0,181.0
188.5,133.5,90.0,184.0
192.5,138.5,83.0,177.0
191.5,140.5,85.0,176.0
181.5,139.5,91.0,185.0
180.5,143.5,83.0,179.0
180.5,144.5,89.0,179.0
179.5,143.5,82.0,181.0
178.5,142.5,83.0,184.0
179.5,142.5,83.0,185.0
179.5,143.5,83.0,179.0
191.5,139.5,68.0,182.0
198.5,135.5,70.0,184.0
200.5,132.5,69.0,188.0
202.5,131.5,70.0,186.0
205.5,131.5,69.0,186.0
210.5,128.5,67.0,192.0
205.5,130.5,73.0,186.0
211.5,126.5,65.0,189.0
205.5,127.5,69.0,188.0
202.5,128.5,65.0,191.0
202.5,130.5,68.0,187.0
208.5,128.5,59.0,192.0
201.5,131.5,63.0,187.0
200.5,134.5,58.0,185.0
204.5,134.5,56.0,188.0
205.5,136.5,64.0,188.0
212.5,136.5,57.0,188.0
215.5,139.5,55.0,189.0
219.5,142.5,44.0,189.0
225.5,148.5,49.0,185.0
224.5,148.5,51.0,182.0
224.5,148.5,52.0,185.0
222.5,147.5,50.0,184.0
220.5,147.5,47.0,183.0
216.5,146.5,50.0,179.0
211.5,141.5,50.0,181.0
206.5,137.5,42.0,190.0
201.5,134.5,40.0,185.0
204.5,132.5,42.0,186.0
194.5,132.5,48.0,187.0
192.5,127.5,45.0,183.0
190.5,126.5,46.0,186.0
186.5,124.5,45.0,184.0
185.5,125.5,49.0,183.0
186.5,125.5,41.0,178.0
186.5,123.5,45.0,182.0
184.5,123.5,42.0,180.0
185.5,124.5,47.0,177.0
183.5,128.5,51.0,171.0
184.5,133.5,55.0,166.0
183.5,131.5,54.0,164.0
181.5,132.5,51.0,160.0
179.5,131.5,54.0,160.0
177.5,130.5,57.0,163.0
176.5,134.5,60.0,161.0
181.5,137.5,54.0,155.0
179.5,135.5,54.0,155.0
181.5,136.5,54.0,158.0
188.5,142.5,44.0,147.0
189.5,140.5,48.0,155.0
192.5,142.5,47.0,152.0
195.5,146.5,47.0,151.0
199.5,147.5,47.0,150.0
202.5,147.5,45.0,151.0
205.5,149.5,40.0,144.0
207.5,153.5,45.0,144.0
211.5,150.5,43.0,149.0
211.5,152.5,47.0,147.0
215.5,152.5,50.0,150.0
217.5,152.5,50.0,148.0
217.5,150.5,50.0,153.0
217.5,154.5,50.0,147.0
220.5,153.5,51.0,148.0
221.5,152.5,51.0,145.0
220.5,150.5,56.0,147.0
227.5,181.5,42.0,125.0
223.5,177.5,43.0,132.0
221.5,178.5,39.0,128.0
215.5,180.5,36.0,126.0
210.5,179.5,39.0,129.0
211.5,182.5,39.0,122.0
206.5,185.5,39.0,122.0
205.5,188.5,35.0,113.0
204.5,189.5,37.0,114.0
204.5,193.5,37.0,110.0
200.5,197.5,40.0,107.0
203.5,198.5,39.0,111.0
203.5,198.5,42.0,117.0
203.5,197.5,42.0,111.0
209.5,198.5,37.0,114.0
219.5,192.5,40.0,114.0
224.5,193.5,41.0,118.0
224.5,190.5,46.0,122.0
228.5,191.5,45.0,119.0
234.5,189.5,44.0,123.0
238.5,186.5,44.0,129.0
248.5,181.5,43.0,133.0
253.5,177.5,47.0,141.0
258.5,174.5,47.0,143.0
261.5,173.5,43.0,141.0
265.5,173.5,39.0,136.0
267.5,172.5,39.0,139.0
269.5,176.5,40.0,135.0
269.5,179.5,42.0,135.0
271.5,179.5,45.0,136.0
272.5,179.5,51.0,128.0
274.5,177.5,53.0,131.0
277.5,184.5,54.0,131.0
277.5,190.5,51.0,124.0
282.5,193.5,42.0,120.0
286.5,193.5,47.0,122.0
283.5,193.5,61.0,113.0
288.5,194.5,60.0,107.0
289.5,194.5,57.0,116.0
286.5,192.5,67.0,121.0
288.5,185.5,58.0,129.0
289.5,182.5,55.0,128.0
290.5,173.5,50.0,125.0
284.5,165.5,59.0,134.0
289.5,165.5,49.0,132.0
283.5,156.5,54.0,132.0
279.5,147.5,57.0,135.0
273.5,145.5,63.0,124.0
270.5,136.5,55.0,128.0
273.5,131.5,51.0,134.0
271.5,131.5,56.0,135.0
272.5,129.5,52.0,134.0
270.5,133.5,55.0,128.0
269.5,129.5,58.0,128.0
271.5,133.5,54.0,129.0
265.5,134.5,57.0,131.0
262.5,140.5,58.0,131.0
261.5,138.5,55.0,131.0
257.5,151.5,53.0,123.0
255.5,159.5,56.0,127.0
250.5,168.5,51.0,117.0
245.5,175.5,57.0,117.0
