1
663.9637,682.6031,40.0594,21.5107
677.5860,692.4666,34.7054,25.4307
690.9911,704.2326,31.7975,26.8098
702.6734,706.2979,30.3219,27.4041
714.5587,706.1144,29.1323,27.7713
726.4308,705.9963,27.8770,28.0073
740.8407,706.2060,27.0908,27.5880
754.7964,706.3973,26.7584,27.2053
765.6280,695.7145,26.2781,26.6940
772.9750,683.5971,25.2236,27.0602
780.2402,671.6564,24.4420,27.1488
773.9003,658.7153,23.8598,26.2162
786.8224,659.5728,23.3906,26.1145
786.7440,647.1390,23.0278,24.3065
786.9661,635.2653,22.2937,23.2702
798.7072,636.0394,21.9194,23.3808
793.0575,625.0999,21.3097,23.2447
801.6798,616.8365,21.1279,22.9112
801.0891,605.8944,20.9605,21.2445
801.2599,617.1255,20.2476,21.0867
800.7927,607.1015,19.9201,20.0291
808.5931,599.6756,19.4308,19.7965
808.3545,590.1998,18.7758,19.1076
817.8370,591.0469,18.5477,19.1325
817.5630,582.0040,18.1799,18.1917
826.8249,582.8001,17.8849,18.2681
822.2667,574.1168,17.2191,18.0568
830.7902,574.6243,17.0010,17.9059
839.7854,575.3311,16.7724,17.9385
846.8018,569.0420,16.4647,17.7775
853.6466,562.5383,16.2272,17.6432
860.1879,556.3472,16.1280,17.3839
866.7226,550.1223,15.9989,17.1608
873.1846,543.9536,15.8589,16.9704
881.6050,544.7039,15.7031,17.0121
881.5193,536.6016,15.4131,16.2382
887.6582,530.8602,15.2014,16.0487
891.5657,523.5308,14.9397,15.9884
897.6144,518.0308,14.5948,15.7911
903.6045,512.4207,14.4229,15.6672
903.4764,505.1970,14.1802,15.0128
909.0253,499.9866,13.8966,14.6611
909.0257,492.8191,13.5203,14.0364
914.5849,498.8423,12.9360,14.0519
914.5460,492.1161,12.7106,13.2157
919.6002,487.2654,12.4691,13.1971
919.5163,494.1966,12.0737,13.0150
924.4470,489.4319,11.7036,12.6613
930.3800,489.4575,11.6258,12.4005
935.0739,494.4145,11.3062,12.2031
941.1534,495.2631,11.0170,12.1519
944.0705,490.1374,10.7069,12.0188
943.9430,496.4850,10.6104,11.8165
949.7115,497.1082,10.4440,11.8494
955.4579,497.5402,10.3337,11.7853
949.9378,497.9575,10.1833,11.7056
952.8531,504.1453,10.0822,11.5597
952.8207,510.1963,10.0148,11.4483
947.3835,510.7948,10.0000,11.4311
947.3180,516.8203,10.0000,11.3641
944.6411,522.8145,10.0000,11.3471
941.9805,528.7430,10.0000,11.3353
937.7229,533.4336,10.0000,11.3551
935.0660,539.4028,10.0000,11.3383
930.8228,544.0570,10.0000,11.3426
926.5413,548.7078,10.0000,11.3500
922.2728,553.3209,10.0000,11.3616
916.8374,554.0082,10.0000,11.3675
912.5671,558.5624,10.0000,11.3578
907.1851,559.0829,10.0000,11.3433
901.8083,559.5224,10.0000,11.3163
896.4448,559.9972,10.0000,11.3054
891.0609,560.4565,10.0000,11.2885
885.6658,560.9919,10.0000,11.2487
880.3528,561.7885,10.0000,11.2684
875.0440,562.4132,10.0000,11.2592
869.6396,563.0073,10.0000,11.2624
864.2557,563.5850,10.0000,11.2410
858.9010,564.2531,10.0000,11.2439
853.5062,564.9370,10.0000,11.2790
848.1218,565.7722,10.0000,11.3038
842.8387,566.3724,10.0000,11.3518
838.4975,562.4916,10.0000,11.2826
832.9922,563.2559,10.0000,11.3177
828.6870,559.4786,10.0000,11.2890
824.3979,555.6758,10.0000,11.2558
818.9907,556.4171,10.0000,11.3115
814.6259,552.7017,10.0000,11.2465
810.3326,548.9585,10.0000,11.2206
804.9478,549.6449,10.0000,11.2567
800.6707,545.9176,10.0000,11.2254
796.4107,542.1472,10.0000,11.1929
792.0869,538.4147,10.0000,11.1408
787.8190,534.6491,10.0000,11.1113
783.5504,530.8627,10.0000,11.1092
779.2532,527.1367,10.0000,11.0783
774.9739,523.2734,10.0000,10.8833
769.5648,523.8797,10.0000,11.0197
765.2783,520.1647,10.0000,10.9982
761.0148,516.4290,10.0000,10.9875
756.7749,512.6453,10.0000,10.9909
752.5559,508.9609,10.0000,10.9606
748.3552,505.2705,10.0000,10.9235
744.1237,501.5443,10.0000,10.9033
739.8478,497.9008,10.0000,10.8884
735.6782,494.2508,10.0000,10.8798
731.3057,490.6715,10.0000,10.8427
727.1566,486.8899,10.0000,10.8377
722.9891,483.2677,10.0000,10.7852
720.2393,478.1731,10.0000,10.4094
720.1213,473.2173,10.0000,10.0898
717.3500,468.4378,10.0000,10.1420
