1
443.0309,197.3029,39.7418,42.3360
439.8691,217.8134,40.4007,42.5897
2
0
0
0
0
1
414.3012,194.6297,44.4553,50.4348
414.6689,193.4403,44.4552,50.4346
412.3742,193.7443,44.4552,50.4346
410.9605,196.3033,44.4552,50.4346
451.1162,194.5632,45.1866,47.5908
404.1320,158.6312,45.1754,49.0498
401.5788,180.2670,44.4949,48.4815
402.6361,175.5045,44.4949,48.4815
403.9319,173.3734,44.4948,48.4814
405.1450,166.1729,44.4946,48.4812
407.6775,165.7633,44.4946,48.4809
410.3249,164.9346,44.4945,48.4809
411.7901,167.1774,44.4945,48.4809
411.6785,171.3363,44.4945,48.4809
410.2473,174.5660,44.4945,48.4809
408.6229,180.5125,44.4945,48.4809
2
0
0
0
0
1
486.0233,122.6100,85.5879,111.7920
493.4703,124.7501,85.5878,111.7917
496.6510,127.2948,85.5876,111.7912
498.7981,131.6939,85.5876,111.7912
500.2003,133.4241,85.5876,111.7911
499.8628,136.8073,85.5876,111.7911
500.1577,141.6300,85.5876,111.7911
500.8043,178.8194,86.4181,109.5991
490.0287,174.8884,86.4178,109.5984
482.0977,181.7050,86.4177,109.5983
478.1656,196.3576,86.4176,109.5982
473.8595,210.5121,86.4176,109.5981
470.1901,222.0348,86.4176,109.5981
464.9969,234.2217,86.4176,109.5980
460.6326,244.4746,86.4176,109.5980
457.2929,254.8412,86.4176,109.5980
453.2858,263.2471,86.4175,109.5979
450.0322,271.2455,86.4175,109.5978
447.0720,275.5611,86.4175,109.5978
442.7026,277.6188,86.4175,109.5977
440.6017,280.1727,86.4175,109.5976
441.3594,287.0499,86.4174,109.5975
2
0
0
0
0
1
80.6169,20.7373,241.8387,275.6364
71.4902,48.0110,231.6855,269.9930
54.3310,56.1963,222.6138,264.7888
51.9521,86.7434,216.1642,254.9615
44.6791,124.8998,210.6133,245.7024
70.0811,95.9338,207.3637,243.0741
73.1861,181.8017,198.9531,230.2136
80.6541,174.7094,198.9476,230.2094
90.3038,176.2604,198.9466,230.2075
103.2869,166.1910,198.9449,230.2044
116.5397,152.0558,198.9442,230.2034
127.3546,136.0432,198.9389,230.1958
134.5207,121.4763,198.9300,230.1841
142.0872,111.6930,198.8966,230.1394
172.1822,99.7775,198.7953,229.7673
176.6667,190.3089,199.6053,218.0210
183.6952,177.9155,199.6010,218.0140
187.5062,161.7067,199.5940,218.0085
198.5811,148.5303,199.5726,217.9856
370.1768,154.5111,192.7035,220.7163
370.4557,143.6984,192.6968,220.6990
372.6785,133.4029,192.6910,220.6586
374.1413,124.7960,192.6881,220.6503
338.8578,247.1443,189.9644,219.0762
332.7160,256.9717,189.9426,219.0109
325.5921,258.4061,189.9588,218.9523
323.2771,263.9315,189.9674,218.9368
325.6701,272.4412,189.9700,218.9270
328.6310,279.3531,189.9724,218.9181
332.5331,287.8931,189.9729,218.9160
337.0374,290.8131,189.9734,218.9141
335.5872,290.4909,189.9744,218.9111
335.5248,288.2018,189.9753,218.9085
326.8409,274.7041,189.9754,218.9075
320.7845,252.4616,189.9760,218.9059
315.6808,232.9165,189.9768,218.9037
308.3625,217.2939,189.9776,218.9001
298.5193,207.7715,189.9744,218.8919
288.6700,194.9340,189.9742,218.8911
286.0978,181.6251,189.9738,218.8903
264.6805,159.2560,189.9738,218.8887
249.4533,55.2106,190.1598,217.1964
228.2800,61.8510,189.9442,216.1417
215.0280,70.6079,188.3313,215.2578
196.6019,75.2917,186.6185,213.2524
190.2791,77.4330,186.2237,212.7032
190.1317,73.8152,186.1761,212.6410
185.5557,75.9643,186.1693,212.6314
186.9796,84.9588,186.1627,212.6260
185.0750,97.6434,186.1589,212.6234
182.7287,111.5514,186.1533,212.6201
180.7253,122.1417,186.1316,212.6105
173.0342,125.1827,186.1136,212.6009
175.7922,134.9116,186.0652,212.5849
182.7667,143.8680,186.0508,212.5815
185.7087,147.6364,186.0272,212.5787
187.9585,154.1376,185.9978,212.5776
193.0850,151.3558,185.9900,212.5757
206.0620,151.2770,185.9823,212.5725
214.7704,148.0716,185.9795,212.5712
221.1060,150.3267,185.9751,212.5690
225.4776,153.3548,185.9717,212.5675
228.3180,158.3986,185.9702,212.5667
228.6802,168.9798,185.9683,212.5664
224.7750,175.2778,185.9667,212.5661
219.9550,177.2604,185.9645,212.5652
220.1581,184.1385,185.9636,212.5648
225.6962,183.8614,185.9628,212.5646
229.5656,187.9391,185.9614,212.5641
231.3553,189.2075,185.9605,212.5636
234.3564,189.4642,185.9601,212.5634
239.2083,190.1028,185.9592,212.5630
