400.5,48.5,87,319
394.35545664193523,52.359804069797974,91.10243691678261,321.7998487238074
373.41445475146134,65.2516319358177,92.97866524607028,322.82965429547886
358.917250433791,68.27704611116829,92.9791964705222,322.8291241587364
313.60904338783615,103.02297126080975,93.06765646086947,322.9153836006644
308.422951701127,95.27908669920907,93.0676684323103,322.91536929185895
306.68749493446535,94.28721908800745,93.06767141646964,322.9153659726591
188.11041280434102,86.23112660207354,91.97824436812462,314.8645145980914
173.15982098850193,108.67890564300168,92.10247716362113,316.667053745239
176.98744663467284,114.38299035540899,91.32642966766605,322.83381641881306
181.82663555506247,124.97596541955,91.38307055705036,325.72802452417363
185.4718483748301,125.92862511722916,90.68155835821942,322.67355642619384
193.70974035096305,133.1226283849499,90.70757112836566,321.998837244268
210.7522415367805,134.61766299241629,90.70823541322487,321.99579281342335
223.1741520489074,138.48024756240122,90.70829981072403,321.99560879613415
227.21878162427157,145.0730570396325,90.70831697377739,321.99550429174485
306.1283919246028,106.24179310129082,91.22611724713839,321.1108443632524
330.0572831809296,96.83432950024886,91.50204750303953,320.1562555741254
354.1238870808672,98.78389593576765,91.53144117411159,319.7146241145258
376.087028152597,93.42572927472798,92.76836322376721,317.91522848610464
389.3871815995389,96.50033061402081,94.3844831792486,321.1657889148188
396.242591063699,90.41660904365438,96.69815651472233,325.66378272617544
403.78175882552995,85.97257046084985,96.74804727127287,331.74820641316205
403.62723207465865,80.75140646318607,98.45134747044136,334.202634151379
400.47411113420117,78.20243841551525,97.50404549759645,338.7653425903562
395.7955258074016,75.95231228604757,98.54289873786558,342.1957043501766
394.23826012110374,71.89155516631024,101.45903059650136,345.74655466066565
392.57390494084143,72.21939332623276,103.50651026893091,354.7439650031131
386.19814256601916,81.08487816061466,105.44005711330203,357.21205577441276
381.10985682199254,93.98989575720472,107.49100394467803,360.6898528413645
367.68249203022714,98.59741335049517,107.49848545081625,364.72126903265223
374.1115239887763,108.2945616341716,108.15170350088101,363.8728956983316
357.9787226229687,108.7249675223878,107.9942334175548,364.9062806706327
359.9725636629284,98.60718208556227,107.12983567754017,364.1673299073209
372.3408040846836,100.13495603982258,107.09116786808742,363.9395703517666
405.8717661121359,103.64921445895231,107.27121006074144,364.23359951875614
438.8264858516448,111.09506889963046,107.57999415350098,364.3254721803686
454.52331156543227,128.37684004267894,107.5802292920881,364.3250364311369
523.6042366813109,109.1447978340039,108.62371658474497,369.33716314585024
518.8185688995375,109.563930690279,110.95977640289988,372.40148961545947
487.5822023274993,135.5856731396695,111.61836922715197,372.8054114854773
458.92645296663704,134.93874094765877,112.31016656337857,372.7940869752269
428.8540967943148,106.99101771701032,113.88440237604065,371.93144627832066
406.8393035361628,108.6022509464521,113.12654382398526,375.9683029395543
388.74868934997085,98.93184803217713,111.44397214754096,378.1239948612439
385.78899779967105,116.63661130889949,111.04171904818942,383.07827217132456
377.86013759239245,136.5943285437593,116.02973330887693,376.7776333864194
356.95676347768637,129.36412620648207,113.47486349629693,371.45470142156955
365.9006976035738,125.07940634945848,109.11705696632384,369.66072732488675
374.4402184946891,130.6972131652737,107.9939964386709,366.6522865448188
400.727243230098,128.41081521680104,108.29061347175936,365.7702966179421
414.3689379433738,129.9897148932801,108.29079528849391,365.76985090458663
469.05620833237276,112.28772533887002,106.45612572631622,364.3134250451451
478.85480509772566,111.94490766611992,106.06237381548347,368.6721334440053
480.2271005383571,110.58491123322668,106.01241641810739,370.22178815595265
475.94775410390963,95.54275657488677,106.00517319844023,370.57073828073794
454.6664685805491,68.34631636172747,106.14950465165548,370.8900789731698
450.9294713047417,58.47610153760027,106.15026931816902,370.88921948263027
398.1398144412802,56.26607231203366,106.29502799138102,370.1367706476917
391.11391779978015,40.66059533750814,106.80007025204222,370.0264145534078
372.9134179787918,40.63792499161349,106.99561411398957,370.8177642373922
369.46659014649833,66.33081662928743,108.06385130628652,371.1135834400717
338.4065841642646,85.230457754528,110.18736897754111,370.4093100396882
335.81179375701333,66.23750963258098,110.07109547151757,367.08611280824044
332.860241395003,75.33629912045546,110.09621281074203,363.8967030066858
329.27557056104973,72.45787072388771,110.31193690586413,358.7985726553511
318.18151286027023,76.75425616223126,110.31197247343874,358.79839783274116
263.46770047429675,116.69675354975882,110.3984259807373,359.01704838239306
234.08642720965602,53.647985906425674,108.16704550806567,351.9015862325359
243.68924220388664,48.511583671211724,108.1647236250732,351.8950928742895
277.25348914398535,36.728236924011554,108.1329170617703,351.8707600625375
288.0882444845746,26.066580377722403,106.89871674436137,345.3169273879039
268.06060446600776,51.07583425422044,107.35212529101646,345.6002918883258
277.9815421761938,40.29422553128023,105.5911863025292,337.5677528034445
288.797074073888,54.68061582017688,105.00543348126186,336.54996947906915
297.2573173899739,60.66420537312496,101.4473068497004,335.8270654662516
277.2258550718802,72.43165468386934,101.46147202543864,335.519341603674
259.6183825688973,71.50998280233321,101.18615976822082,327.4087449752057
266.92981219500473,76.67383127637598,98.36348858058115,323.449898735128
275.77747725017264,78.02916255787287,97.62405484780885,316.2978036960905
280.95330118574947,77.57361535757872,94.92497054858504,318.8374282413703
279.9678027009792,72.50317565334888,92.6600523341047,321.7912921163827
279.20385759108973,66.34792016551856,92.64402418268294,325.6179030218529
261.15431231124984,60.70888428711183,93.54825619133736,322.0808683867596
242.09069277452699,75.51921361534039,93.616756556287,322.127905729448
222.69291213699526,67.94299111202122,92.50760515434848,315.87028222412346
229.89001634363748,63.53455048451792,92.489656544836,315.489620334904
231.19056021922057,51.879661503297484,92.61427823199382,315.3240011873595
209.73160272904084,56.65236068758122,92.53115942939431,317.28788111621634
216.03920704916243,65.42851929756156,92.60427762478344,317.30101074989335
230.8638776948159,72.7896730252211,92.60428936082025,317.30098188954497
288.12849796710367,91.5839214061219,92.81815184358844,317.1212871602141
291.16355680124707,94.99119157905025,92.58629482593639,315.2170885540119
263.2669180323629,122.08852159397347,93.24691245159536,314.82927132812057
255.956979774475,113.40828322048802,93.2477027018072,314.8278343940612
207.74111936994885,127.7379682107458,92.93019407970719,318.04879545297433
210.47901638084986,117.6465866410118,89.88788342010305,321.37702444327243
210.00121158164353,133.5688565999668,88.40266493357002,324.3150811134972
219.58718776216398,133.43404761972894,88.4031292595408,324.31309227103253
232.58871262651482,128.40933565832836,88.4031408253948,324.31307008787667
236.10843253120615,126.60304369281207,88.40314546257588,324.31305750706844
310.4024956490194,115.3060677293632,87.10882721034784,325.71359283850717
335.0828475710997,84.55543657995386,87.11187763864814,325.5186614422575
333.5684370062037,64.44154010975143,87.12237224752036,325.46542944980104
331.5084844728153,58.07687855814254,87.12489145003934,325.4628370790808
333.3386103880828,70.36015988789532,87.12491460195663,325.46278557375007
336.11147890245763,78.60052751347729,87.1249186544448,325.4627803793488
336.70495492384384,99.79760693035851,87.12491920261476,325.46277895525435
159.08054434895752,28.458328660159168,89.02114025473125,317.11089421147335
170.7213205917406,42.06022565324179,89.02115820373533,317.11083748421925
176.69777242291315,47.09296312844154,89.02116401099474,317.1108179705263
248.7201530548191,66.32146310047975,88.02979325011259,317.6064509305026
251.69174122601302,63.91153934780428,87.55507794440683,309.2566779219375
272.43621686822763,71.49416322904844,87.4273327146651,308.5465416630503
272.0742303095444,70.94280971945176,86.25397674000573,304.3392749655078
263.4146228344342,82.73687672081289,86.25426583268226,304.33604467982656
232.00755806782632,96.95663865025955,86.51964353484331,304.0988943255719
236.1911772877604,91.81519748551256,86.51965553748006,304.0984409693359
249.23788758691495,91.8410937851059,86.519662597252,304.09843047899255
323.5894805877035,106.22923188344043,85.56656814840925,303.2378513801018
318.867610594996,98.94871540191133,86.30453954861926,300.03460402394614
319.69970080132396,107.55401236388312,86.4107234204787,299.8783504625514
342.3594451124022,94.31928553926357,86.44153463352724,299.5135813182114
339.2557111379039,102.15652803573926,86.4543013877607,299.4867003139075
327.86942921842706,102.0657089315865,86.45449393460017,299.48622882355977
285.63498260708735,95.73977321222117,86.8857208364788,296.04534017623087
294.5521338658904,99.77645400955748,86.88576318276425,296.04507581056214
343.4512240263022,110.41517500730151,86.4356358404563,298.7952693894149
337.4691893095941,120.30871446664989,86.44340644574746,298.7855189619291
313.9776861068688,118.08692696877489,86.50547245202817,298.37281315399866
308.7218221232173,123.58375454800026,86.50544733705577,298.25195023950545
296.01234381125187,124.46849795323669,86.50618725566437,298.2505982614148
281.41709065594057,136.32470442984373,86.50629248901642,298.2504255273169
270.7752754234479,147.2660398770081,86.50666260854278,298.24996059612295
271.2800633157541,162.88503845075667,86.50669676159822,298.2498079157889
179.31153768929178,134.79424446270417,85.36785079772604,288.385772112597
183.59676550150255,139.78017418536615,85.36800712703982,288.38583077335215
197.902763087294,124.97687919318051,85.36805152149695,288.3854604610926
214.00029038491195,122.04451458034154,85.36806528563606,288.3854230890227
229.55390637938893,122.79440617950107,85.36808351030514,288.3853953924508
238.11263039583085,122.566836881353,85.36809763562447,288.38537378815107
237.73316248664008,120.55546605076785,85.36810247284674,288.3853665021778
339.77292044996784,98.48692136212583,82.02407543779279,286.3654009783388
322.0770841917939,101.46566718245174,82.03720028568364,286.3913406769509
313.9212188165904,99.57928808429864,82.03737326631529,286.39128579151577
312.9382762931466,109.81706569205491,82.0373942508936,286.3912516636497
317.570192297295,122.6181144094827,82.03739528855624,286.39124697171405
317.51247230842125,122.61108051591975,82.03739582152342,286.39124552575026
324.6948530819615,119.72033553103662,82.03739753433055,286.39124326224015
324.4483487476943,120.08999950717507,82.03739866216226,286.39124029689793
323.19873408197964,127.05822079626014,82.03739975453215,286.39123723288793
207.38421489648425,99.30093077777076,81.97797682181194,283.7615988250425
218.53119188378946,100.40431482444146,81.97793001272883,283.75997990543766
236.4521666853788,102.5503223533608,81.9777162493939,283.7559763985023
260.83393825706,107.4635218665652,81.57260206110959,283.81477596523314
258.23118715936135,111.18393731366643,81.99963898551088,283.24406130485636
253.5237381900874,105.59285125679915,81.87094256370717,282.6387225467037
253.93230619446695,110.52998882548357,82.08555031982544,282.1668321673305
267.0279783569019,107.92775339316887,82.08556265389109,282.1661791305927
283.02836987950195,104.28093741651921,82.08558069511669,282.1661294623405
336.7629647924861,91.74654202807321,82.10374133301559,281.6186330077872
357.3684310410389,88.17500084386174,82.20466415207221,281.07637020332805
359.0406934661609,80.41766596881214,82.30525462966315,280.0674155332612
354.1875685403343,81.73352865492993,82.30783874797898,280.0617270434262
343.91377454476674,84.72902674911367,82.30836672629678,280.0605465670338
338.404710578254,91.89123915417,82.30849501027431,280.0603376458982
338.64227885176956,103.54619758549893,82.30849900503515,280.06031915970516
207.57014318805602,79.6054141134311,84.66511164105601,271.11873928377247
211.32159777131352,92.91054832465963,84.68275081819944,271.15178331553903
232.45698794122592,97.02294189712,84.88651881821838,277.6517991415045
215.5774405009291,102.10626044159315,86.15995314583353,278.89896515314416
218.08199138389304,105.58893898816206,86.53713000920861,278.9924430896084
225.31177645279,111.90631835270108,85.45908777211048,277.65624927141903
209.93892333547055,117.65838395108344,85.5696488193715,277.54581390595314
202.47602088491107,112.64541107605226,85.56972492257785,277.54538388544665
162.6688036952552,107.91187209950368,85.79027655042471,277.7597181175355
163.07660786093274,109.80760050472094,86.55937035320204,278.00455290637467
169.5808289916523,116.71943739755986,86.52141473269306,277.99280405508404
181.67967569607686,111.14838017422565,86.52145043456174,277.9924462346016
231.74737395528774,104.87876237053345,86.2285603248314,277.3389929000304
241.9708760367293,106.14908545823977,85.26162818343266,274.8575410286668
249.503320050346,112.5731660567995,83.9064416942852,272.63996740936716
262.5633027122696,112.42395406158766,83.83462357197605,272.09221453707414
270.93217986631754,106.99269173608215,83.42486456417319,268.0610471714836
262.5726375322106,113.86163681036268,83.42555209188413,268.0591504082375
227.0100284956433,110.42370658144836,83.55370748191324,265.3627833880388
216.06686163768234,122.65001629702996,83.45723403841133,265.94853790401913
223.09330865659933,138.43396979173872,83.55824396175898,266.08229870024616
234.4001380197679,138.15646494324318,83.55826512128614,266.08222077125686
245.5465726495183,142.16720865714257,83.55829022518863,266.08218052515974
311.1577321889336,135.80503968058724,81.57931831432674,264.33100978839
317.2600475399336,129.72857937612585,81.4861044290382,264.65733699826495
336.015153285813,115.56618808644316,80.75211516628323,268.69333173583345
330.357023599986,118.89457264875017,80.75226392697537,268.69298379575923
331.7838638871596,129.20819019442808,80.75226825481937,268.69297839495516
334.4033409472727,137.24968424805564,80.75227010917206,268.6929733046678
201.7793891313417,96.09305397989476,80.96932046954967,265.4692541656966
184.4111491827778,116.24762326437948,80.75232822922628,266.6187986106432
195.75423366102734,130.211818436352,80.75238325649187,266.6182093989003
206.30705994979175,132.8647550164246,80.75239207117492,266.6181967581643
208.50078141640063,136.92790151316416,80.75239935615785,266.6181855029664
295.82268086987597,135.80199213820083,78.34883482420716,261.016988830072
310.75127025305085,141.3951560967536,78.34884523632425,261.0169049238918
323.5481779673845,153.08565672861258,78.3488484722077,261.0168831981377
364.23083813883943,148.39035333726656,77.68389128847747,262.3430311337838
344.31918140558406,160.8410063718161,77.66351197544728,262.03261976378144
323.4651316446456,167.974714572378,77.7381352399999,261.86352813835344
314.41159478753656,158.4136798890599,77.73833639562427,261.8628271955414
306.2334624835473,158.6167767480001,77.73844370074629,261.8626521520346
302.79698486457886,153.17793009834395,77.73846173622962,261.86259696196703
296.7442379331841,149.5664641578093,77.73853262538641,261.8624420090825
296.8265222104317,129.11420750547714,77.73853748700506,261.8624104834245
309.7682009917477,118.75812828927383,77.73855509221971,261.86226575421006
316.5847292408425,120.9734134504939,77.73856953976987,261.8622445765148
317.30405065819343,120.72627936641686,77.73857683629356,261.8622350885905
320.72102214329095,114.83842605652069,77.73858200147441,261.8622277877896
470.3620565269931,129.61522839604038,75.1006172379764,256.84143331993187
479.80632434515326,123.8817134404967,74.00987022165125,259.13278211682245
477.38967614005276,120.11601727912733,73.76700572410682,259.76676976884585
471.32635205062104,114.76074006306882,73.7673769330606,259.76616354117283
469.6357856687223,122.42896424371645,73.7673894919326,259.7661438221505
471.88149147018197,140.53663494903742,73.76739052863113,259.7661420721531
471.7293063364957,167.39215745727643,73.76739063113246,259.76614136719854
473.2302159240028,178.63990963506004,73.76739511982989,259.7661356688579
476.781680340412,187.08855816799576,73.76739826332984,259.76613169380676
480.10770506025983,197.7945972646382,73.76740074929329,259.76612854324645
483.03569010115854,207.07486262450803,73.76740295753493,259.7661256250205
487.2531819221147,215.41145150416028,73.76740447645025,259.76612367748356
490.78364189334775,223.51396707270223,73.76740954085068,259.76611725963795
493.822526866757,221.02252423334798,73.76740935034925,259.7661151934429
314.2427349232635,128.27795638328382,75.53960310061744,262.1877154931806
307.98169947761346,130.01235573194953,75.53985010886096,262.18747558414873
299.9776413136177,131.0034775714165,75.53987164925474,262.1874628069329
300.2038245734401,152.22371246859637,75.53987216714474,262.1874608470458
301.2766238488998,168.62541572782317,75.53987226620391,262.187460090311
302.88815778330985,177.0629833382825,75.53987358836287,262.18745838379664
98.60756105933443,110.1374665754015,78.86443373553246,260.9037415433477
99.67603265287552,110.83878044231591,78.5672005456274,269.1566332949925
108.87374505503264,112.49435900041087,78.57025711033171,269.14985015837107
123.99349549183572,115.86249107516875,78.57029633682323,269.149726260015
135.64519579272462,122.25493595420193,78.57030149676417,269.1497085570023
139.62528899692504,124.99542271668486,78.57030300035063,269.14970255370395
142.12529288613092,130.1733085659852,78.57030332817058,269.14970001251294
257.8222535198999,104.62505715031867,78.27629661141381,267.30042876547685
278.83910584885103,104.64785012381108,78.72920236610923,267.06668795716104
286.98145350323614,103.15120526016528,78.41587870803482,268.814202342465
293.2334171163198,99.00043176357019,77.87131351189677,271.5369934800949
287.8689711324694,91.90805159897315,77.87821012589879,271.53078052742865
276.9036845746334,94.18534691490876,77.87842626220078,271.53048686592484
271.0428168552287,102.28990472849472,77.8784619863495,271.5303994827715
270.92235705333763,124.40636538024555,77.87846357965843,271.53038833551983
268.41973301746725,143.38508345619124,77.878463581636,271.5303877915386
151.3025035425878,89.9784671944671,78.00472245815268,271.42850495854157
159.01603808757983,106.75573834924847,78.14275785272676,271.8297197900921
172.74328723466294,113.71662412738604,78.14276166427338,271.8296973488072
179.38176125621686,122.31639269843686,78.14276254999857,271.82969366923
178.5902152621389,131.01740359311924,78.14276351757037,271.829689473249
271.09734913941645,130.67121905198866,76.67123563117933,272.7542203009392
279.1059176380647,132.44970732540324,76.90637219345322,274.9797526042077
284.21568013372024,129.65067640423726,76.57938908751805,277.89982353314855
277.1301240003534,130.1856697642637,76.58655806354128,277.8914488230978
240.92287138930925,158.09686568104792,76.77527898387174,277.76493787942195
237.81851153019227,124.2110168031843,76.94375459962768,277.923796890032
241.058418398596,129.51021551193557,77.12779307763348,277.6771269581862
256.0532434907252,122.48368252254528,77.1278527475011,277.67693308741843
284.0085395777338,113.01060746539898,77.72910139379627,275.8657513535665
271.07292445798856,118.04350783111647,77.72925886412177,275.86569597583025
244.5910563497988,122.31898233927922,78.73469735100915,278.74462614804236
243.2405209285614,113.37104047599809,79.16277534413395,284.0900481055006
236.48499981645318,113.39045239460643,79.16571896605546,284.08918271517405
234.21323588618333,134.4857413751098,79.16572065395727,284.0891794001634
230.64253377099595,160.72557070302105,79.16572120925261,284.0891769638233
116.76210369906309,121.96570195999362,81.42964836971993,280.95798213786645
100.20122488949701,147.66514221854425,81.9379454480806,282.0024609957652
81.69764853816531,153.00308523047468,82.25758670665222,283.0387837197681
87.12938914723098,140.24936218906498,82.27456050561071,283.005694829443
102.0964868006551,134.33980596329565,82.27459981790311,283.0054465479494
111.77681266814812,127.82574326208774,82.27460291384968,283.00543378965966
180.03869662836152,122.45664389655627,81.82892947584473,283.4522096767895
189.53892911362385,121.78148345010163,82.04579925263452,285.98982111897703
212.47272129998518,93.91533836388527,82.02561173049783,286.1518140501988
216.3228913008528,88.08083238885783,80.20185768915074,288.7842497291966
207.24285755837423,87.20296691753833,80.20213322769675,288.78401484294
201.72337422172973,96.43799566142911,80.20214039781192,288.7840024448801
137.47702877524608,77.22032574338522,80.35729161792764,287.93864159737416
141.10779159393294,89.29415650849626,80.31377592928442,288.79403563966184
152.14729000197065,96.38023473021411,80.31466459599709,288.7907873154278
158.17648630684462,106.06768935262224,80.31466641831702,288.790776981134
170.03694982454095,109.15527143004957,80.31471907347611,288.79069455616826
245.44179615285464,100.66263954239832,80.42847307212216,289.036891253834
253.0358482328508,113.18008229909967,80.44443423500583,289.02508275153974
265.40398624848757,119.51254627921324,80.44650048888859,289.02206484838047
276.1543482756382,114.40019466146228,80.45039984767321,289.0169869330645
264.14858893467874,115.87625919264562,80.4506689873558,289.0168365541695
265.0511767217239,122.802367778415,80.45635833865009,289.0152892434706
276.61703790140166,131.72594296802833,80.45636510527102,289.01524961253494
339.5172088817703,115.72595708564737,80.77474415283459,289.2342441281514
342.7070718730691,108.06904752515953,81.10070187842791,289.5920991606871
347.7146042390888,105.282655964643,81.4798212589372,291.5331579241152
351.36270629551484,95.49301292277687,81.70223859078736,291.79311951443924
348.6137006454542,102.72139888063472,81.7022397323699,291.79311754196084
349.97015855580196,114.37270154731831,81.7022448158339,291.7931111618407
175.96822312233485,88.84416489996738,84.67294307534618,292.70164014501916
158.11116151732003,105.08893283625906,84.72143975949695,292.9154505248772
147.85287310082379,114.82400416222055,84.72164963387125,292.9154273492726
141.38359053142918,125.05036644916916,84.72173630281186,292.9153661970062
99.4688394239075,134.54482685812357,84.77973125467162,293.2940563104939
103.42686981475867,138.8200443552107,84.7901221560137,293.30751844919314
111.84514847038831,147.89228896237933,84.79017373147317,293.3071866445239
123.80162617129093,154.3242822846107,84.79017075276363,293.30716026617444
132.62845881625736,158.15397194550894,84.79027590960813,293.30701642182544
131.30682578830013,172.2377457618284,84.79033370021803,293.30692636975294
247.40134198096746,131.16344473014738,85.29841435199273,293.3374864409275
256.7247295361386,122.82333168085142,85.57899405427247,294.05489630111606
260.75223930080904,116.92195805928225,85.80932055612058,294.3488582964517
252.83438888345688,110.53007282349532,85.8094777583176,294.34860166841617
246.73288815431766,106.83377298524712,85.80948105528009,294.3485917486601
238.8561009744161,118.09513708255074,85.80955543034204,294.34850759702164
175.80659210839593,134.01692561001119,84.94232560378859,294.2898693543566
180.9188586473598,122.02488776141362,85.02671433982573,294.3199636520156
195.23489829647576,122.88404393759996,85.02682193124224,294.319582451033
207.09720745138685,133.21447705716614,85.02683779195229,294.3194503885364
209.64209214471606,145.5564886097999,85.02683681502289,294.3194196691331
286.9166149655845,130.59355247872736,85.80213199359852,290.51253054822155
296.7894538653997,125.16397957699724,86.05040980615074,289.0063427945529
304.5156326393649,119.10758419552008,85.632939572063,288.151766385266
307.31250883682577,114.2526201933124,85.83453009935202,288.38070111880734
308.12109515610825,104.67439814348643,85.95924252681942,288.5430885167991
305.9681590121762,104.46222655561527,85.95837548439185,288.4817217273124
310.5380979961403,104.34864339185674,85.96924672300662,288.4439784595784
322.74793364834846,93.15737594938665,85.96958884632465,288.44280439066114
365.4446324057435,85.91257028128047,85.18898430028456,287.8713614971372
344.43075072309887,92.12407135939009,85.26868476884532,287.5993183558105
328.5301339073095,87.4903894455368,85.3808677259856,287.25061048246727
