205.5,151.5,17,50
205.31443783569057,151.78376477706976,17.000005425458756,49.99998152755604
205.22121950365784,152.1711107144458,17.000009832229562,49.999967644671024
204.9494668326638,152.38797185790148,17.00001814825102,49.99995450235194
204.6193901246661,152.93714441672606,17.000027413989322,49.99994000165379
203.50504084934096,152.81217884274892,17.00003867826264,49.9999216347422
202.82371346486062,152.73810674227013,17.000044602504357,49.99991285847161
201.87812479779544,152.54724899836265,17.000060137203892,49.99989129289225
200.6721972160221,171.15963642726248,18.695291279220392,47.88361786941872
201.51621930148394,173.8776853853296,18.695293086842863,47.883615191016396
202.28611840780667,176.92907096500272,18.695295160490453,47.88361197600615
187.05673132084075,143.47856062549664,19.286803633128358,45.06305214964723
186.0427396278255,160.60378770860285,20.50509719934605,43.424784415319536
183.65577265491586,179.40594101779283,23.585877763817685,40.0920956863439
182.08519355552662,197.5088297982059,25.42447539474034,37.939041056425935
181.69172382417588,214.7316519669977,26.228486613044776,36.757476766449756
180.27179836746797,222.57654184934995,27.66401072992892,34.8469163013001
181.88973554656468,222.57654207154758,27.664010786179468,34.84691585690484
183.25720777640467,222.57654250561328,27.66401090848493,34.84691498877344
184.67329320365712,222.57654286549155,27.664011017267402,34.84691426901693
185.90854697157334,222.57654324726826,27.664011103200124,34.84691350546346
186.8589588384798,222.57654385412425,27.664011200945453,34.8469122917515
187.56098765091966,222.57654441646338,27.664011317230838,34.846911167073216
188.3233782772576,222.57654484387356,27.664011410876054,34.846910312252874
188.8767873269963,222.5765453628564,27.664011510556406,34.8469092742872
189.35093348984284,222.57654581278544,27.664011619078842,34.84690837442914
189.82923497202333,222.5765462113932,27.66401170494984,34.84690757721359
190.23317654701404,222.57654663547765,27.664011817602688,34.84690672904468
190.6767314802211,222.57654718815758,27.664012005681506,34.84690562368483
191.09195281825464,222.57654771764297,27.664012175435804,34.84690456471407
191.5041750526917,222.57654813530792,27.664012298560767,34.846903729384195
191.97605731593845,222.57654866696487,27.66401245865172,34.84690266607027
192.26117314412576,222.57654910849052,27.66401259758803,34.846901783018936
192.65176864249966,222.57654965785946,27.664012771055848,34.84690068428107
193.0658711672882,222.57655016478708,27.664012949330665,34.84689967042581
193.3814150842724,222.5765507267748,27.664013133779644,34.84689854645042
193.73120716518437,222.5765511192976,27.6640132772421,34.84689776140482
193.89196044159294,222.57655164283838,27.664013492890003,34.84689671432323
194.14009425097453,222.57655211059583,27.664013669689567,34.84689577880834
194.14651821554835,222.5765527532821,27.664013901702866,34.84689449343578
194.31728676824682,222.57655327937582,27.66401409307791,34.846893441248355
194.37424034427428,222.5765537535716,27.66401425585998,34.846892492856824
194.51814221215628,222.57655430263839,27.664014468021524,34.84689139472326
194.71395837282006,222.57655477284533,27.664014644004627,34.84689045430934
194.91561017822738,222.5765552801204,27.664014835203353,34.84688943975919
195.11145519266566,222.57655579487317,27.66401506053824,34.84688841025365
195.2572965148105,222.57655623328145,27.664015225839858,34.84688753343712
195.35475432196694,222.5765566192568,27.664015368110185,34.846886761486424
195.53668929837244,222.57655705258952,27.664015559189583,34.846885894820936
195.73730855517746,222.5765575907436,27.66401578507005,34.84688481851284
195.99461302061675,222.57655795878475,27.66401595262592,34.84688408243052
196.34486978542662,222.57655828678497,27.664016083913932,34.846883426430075
196.56978096718416,222.57655861822857,27.66401620584578,34.84688276354287
196.78498693633543,222.57655891016145,27.664016321605132,34.84688217967709
197.08745395658858,222.57655918626037,27.664016437039848,34.846881627479256
197.3248724193421,222.5765595025499,27.664016576275785,34.84688099490019
197.6953667059191,222.57655989237523,27.664016734506085,34.84688021524952
198.18685325110386,222.57656023277318,27.66401686210079,34.846879534453635
198.6758393562141,222.576560546068,27.664016980543096,34.846878907863974
199.0976164706486,222.5765609224311,27.664017129230015,34.84687815513782
199.53611499214335,222.5765612760074,27.664017259072992,34.846877447985214
199.98177974812572,222.57656165691776,27.66401739321879,34.846876686164485
200.4791312404474,222.57656198630156,27.66401752260814,34.8468760273969
201.00899447446315,222.5765623147444,27.664017650455282,34.846875370511235
201.59831376343521,222.57656259922322,27.66401776918165,34.846874801553525
202.23488386188038,222.57656289453172,27.66401788353249,34.84687421093655
202.81836518629814,222.57656309784184,27.66401797750243,34.8468738043163
203.44800631983665,222.57656327274938,27.664018060965564,34.84687345450122
204.35034673286847,222.57656382139288,27.664018774437444,34.84687235721427
205.01810491054002,222.5765640197792,27.664018871883695,34.84687196044159
205.75023063510793,222.57656417112716,27.664018940997355,34.84687165774568
206.55357776326017,222.5765643427371,27.66401902539875,34.84687131452578
207.43909288366487,222.57656447831383,27.66401909140545,34.84687104337237
208.22810706719878,222.57656462849494,27.66401916481309,34.846870743010115
209.04125964133445,222.57656478912529,27.66401923905308,34.84687042174941
209.93601180826994,222.57656494591055,27.664019314018457,34.846870108178884
210.85739509613038,222.57656537174128,27.66401985770521,34.84686925651742
211.66563207171006,222.57656580488523,27.66402041578503,34.84686839022954
212.44686808728787,222.57656596041582,27.664020489655705,34.84686807916835
213.24497686764232,222.5765661145057,27.66402056124046,34.84686777098857
214.0629816819119,222.57656626516368,27.664020625847062,34.84686746967267
214.87635738916853,222.5765666498371,27.664021111053067,34.84686670032578
215.78239596721596,222.57656703036412,27.66402159644528,34.84686593927176
216.37453685432877,222.57656715538124,27.664021648238965,34.84686568923751
217.3924215632965,222.57656755882613,27.66402216972613,34.846864882347724
218.01999460188318,222.57656773310293,27.664022238373356,34.846864533794125
218.67457361515747,222.57656788770015,27.66402229860153,34.846864224599685
219.29154615265037,222.5765680324756,27.6640223549176,34.846863935048795
219.91562439166583,222.576568188026,27.664022424433067,34.84686362394801
220.52226445779678,222.57656834967497,27.664022493129433,34.846863300650064
221.09523350229622,222.57656851200574,27.664022562165826,34.84686297598854
221.81433673970895,222.57656868751639,27.664022640799573,34.84686262496721
222.69332119932082,222.57656887031598,27.664022743372975,34.84686225936804
223.4186713559326,222.57656904644494,27.664022832409266,34.846861907110124
224.34062999169845,222.57656922419835,27.66402293072006,34.84686155160329
225.24777473194655,222.57656939598948,27.66402302007862,34.846861208021046
226.23206702454715,222.57656954606912,27.664023091592792,34.84686090786176
227.2708225221075,222.5765697135442,27.664023168630923,34.84686057291165
228.22985035538719,222.5765699330819,27.664023274852923,34.84686013383616
229.2163367501758,222.57657010237514,27.66402335514877,34.84685979524969
230.18126546424295,222.5765702512657,27.66402341946133,34.846859497468586
231.1734213367408,222.57657045177965,27.66402349354219,34.846859096440724
232.0566000021091,222.57657068010997,27.664023584680614,34.84685863978007
232.82048700310446,222.57657091162037,27.66402367822512,34.846858176759255
233.69229535945144,222.57657121194293,27.664023784912914,34.84685757611412
234.67232485100132,222.57657141765637,27.664023848558408,34.84685716468724
235.65141597927501,222.57657163648366,27.664023926910964,34.84685672703265
236.67897879412487,222.57657184325794,27.6640240105596,34.84685631348412
237.69460935773736,222.57657205075964,27.66402408900784,34.846855898480754
238.80956474963494,222.57657224569098,27.664024155737568,34.84685550861802
239.84474111617794,222.57657247953497,27.66402421539147,34.84685504093003
240.80745307903473,222.57657267723874,27.664024269437103,34.84685464552249
241.88940693081662,222.57657286768503,27.664024332215476,34.84685426462992
242.80217192372672,222.57657308324684,27.664024398580374,34.84685383350632
243.86371583919717,222.57657326201672,27.664024450635075,34.84685347596658
244.96324769450715,222.5765734523415,27.66402451793871,34.84685309531699
246.04520654756345,222.57657368522504,27.66402459174858,34.84685262954991
247.1375894124217,222.57657390894855,27.664024677766896,34.84685218210289
248.1441945171066,222.5765741615092,27.664024765028003,34.84685167698163
249.22720753392093,222.57657440789134,27.664024846816794,34.8468511842173
