141.5,73.5,27,34
140.86501695183486,89.5052794253007,27.542207152295703,30.438472979232586
140.3749128269864,105.43787371099553,27.672864797172373,29.313057204473786
139.63620812338004,121.19058837575291,27.637957381379405,28.079114157307654
138.7466643441569,137.13121822475773,27.522315206358606,27.569442212593934
138.21897085607935,152.99667252196485,27.31958975194115,27.219621875015626
137.45166456597596,168.99844526264678,27.06531828845444,26.55782749228457
136.620141824633,183.16578904301593,26.757723111808044,26.001687218533537
136.0353369511099,186.25033271172023,26.75772331219284,26.0016772775178
135.3036234750211,201.04427253404435,26.749015555012242,25.725448862727973
135.34639724274183,215.06846084300508,25.646186725701824,24.823878961725402
134.780807151434,227.71529633448012,25.55715778661336,24.5694073310398
134.62786326572348,227.8631874303756,25.374701216517913,24.273625139248814
134.46659280225458,227.97967443938327,25.163474204841812,24.040651121233427
134.31031288746223,228.1109468086617,24.973429192240527,23.77810638267656
134.15789206718503,228.23478560241387,24.732708207863613,23.530428795172245
134.0241701107074,228.37400941439702,24.516191760530255,23.25198117120593
133.8827929262877,228.48742096086664,24.267800497102634,23.025158078266735
133.75135784244438,228.6246474052445,24.044733129026472,22.75070518951099
133.61573519177446,228.73953744189677,23.79845728740672,22.52092511620648
133.49175920645547,228.87270523085493,23.572176107562562,22.254589538290148
133.36066020896791,228.98164729560574,23.325417491381188,22.036705408788496
133.24343912762265,229.11790834521997,23.095088532331392,21.764183309560025
133.13310431447422,229.23548482111008,22.832020570699452,21.529030357779863
133.02360148853964,229.36989644954087,22.604892877203078,21.260207100918265
132.9049424082487,229.47965395512563,22.345410793930455,21.040692089748738
132.79859311331813,229.61216211135536,22.111908655375128,20.775675777289262
132.68967055580677,229.70949902543708,21.857357933090906,20.581001949125845
132.59272929134426,229.82861913733544,21.622646379421994,20.34276172532915
132.49576202770123,229.92464258552295,21.36321251114113,20.150714828954115
132.40091579774528,230.0330883605839,21.133425690342797,19.933823278832207
132.30189556226307,230.12404395195645,20.890355043705828,19.75191209608709
132.20471908235947,230.2176783159549,20.653973756543788,19.56464336809019
132.11417139747417,230.32630834189038,20.437491244501363,19.347383316219254
132.02412543831792,230.42462243475697,20.20184171917979,19.15075513048607
131.95217816121902,230.53749792990234,19.9883555255825,18.925004140195313
131.86148772970716,230.62575519245092,19.759064200801024,18.74848961509815
131.77749643115635,230.7291301151058,19.54830851379164,18.541739769788443
131.67216756138222,230.8132929726295,19.326410518228677,18.373414054740984
131.56110401689884,230.896196337782,19.116795356276075,18.20760732443604
131.4901095858054,231.00289173109033,18.91986350599194,17.99421653781932
131.39611355790495,231.09227576960674,18.716010365307355,17.81544846078653
131.3347469204437,231.1997198421738,18.518586618945754,17.600560315652373
131.27802837912944,231.30971480475932,18.313463667537654,17.380570390481346
131.19159153461382,231.39331490943925,18.10972207069546,17.213370181121483
131.14153673620933,231.49737278687485,17.91526983436117,17.00525442625029
131.0654982701851,231.58422567113846,17.715846761879725,16.831548657723104
131.01694412856796,231.69736030012527,17.51989694775147,16.605279399749463
130.9713487020837,231.81526996976007,17.315070451953652,16.36946006047986
130.87729763620231,231.8964626716487,17.119138307707836,16.20707465670261
130.80084845285958,232.0069783404292,16.929508092774036,15.986043319141565
130.70781221977535,232.09320748584435,16.728299349712078,15.813585028311314
130.63902021752625,232.2062234846515,16.536583338045503,15.587553030696975
130.54587271686893,232.28651128698044,16.338538500140086,15.426977426039144
130.45479725635707,232.3658241320879,16.141249232755904,15.268351735824174
130.39119419008395,232.45898682060792,15.973517337443408,15.082026358784155
130.29866432046055,232.52847766935008,15.7978028278518,14.943044661299828
130.21044355583584,232.60212394455235,15.620640934459473,14.795752110895316
130.14816616505956,232.69258561199118,15.460610448706628,14.614828776017623
130.0612025871952,232.76382371531977,15.296839502438003,14.472352569360469
129.9772916362055,232.84037708183146,15.130134865568467,14.319245836337053
129.9151059958695,232.93800220034512,14.972269123125303,14.123995599309755
129.8336681505413,233.01074502909506,14.807952894693345,13.978509941809897
129.76138864322925,233.08473442119418,14.643506708454582,13.830531157611658
129.70559944603434,233.17365530439858,14.499096385765258,13.652689391202852
129.65836900924683,233.26659162182108,14.341223707695029,13.466816756357842
129.6050206397943,233.33953062812935,14.175174211467846,13.32093874374129
129.56744491910788,233.4337768642979,14.016867864015635,13.13244627140421
129.5275042373391,233.52063117591135,13.863535787969454,12.958737648177324
129.48108153810418,233.5890739896047,13.69383718033005,12.821852020790589
129.45672120112317,233.68716037900828,13.52625459515776,12.625679241983471
129.4352817407717,233.78138048343575,13.355800400879064,12.43723903312847
129.3966358332617,233.84433695539684,13.189340436700393,12.311326089206291
129.37407218375293,233.9328883033137,13.038050135801475,12.134223393372615
129.3537483928104,234.01674591282355,12.885982564588474,11.9665081743529
129.323865628646,234.08061833114365,12.714468421725059,11.838763337712688
129.30663889090505,234.1665469699987,12.560530897174534,11.666906060002576
129.2845907538415,234.2467332413577,12.40598756983259,11.506533517284621
129.25573446786726,234.30827760338764,12.23503666745971,11.383444793224713
129.2453318422431,234.39607762735264,12.078140698791676,11.207844745294736
129.23818962547932,234.48005143577106,11.919588888212935,11.039897128457856
129.21357129007018,234.53985599631477,11.746109808694602,10.92028800737046
129.18019736221518,234.6016544217403,11.586185402451239,10.796691156519387
129.1696895273823,234.68735486058392,11.443431588550713,10.62529027883216
129.140465482418,234.74628575456072,11.290629671326752,10.507428490878558
129.10712053187027,234.80738394853896,11.14101224527091,10.385232102922068
129.09272122080114,234.89681173981538,11.00788348029083,10.206376520369249
129.08023507667494,234.97890465818531,10.872388829332339,10.042190683629395
129.046926696684,235.0,10.722763544150105,10
129.00592322561636,235.0,10.590361671378307,10
128.9795252260925,235.0,10.49107944421736,10
128.94780252451338,235.0,10.403175228344667,10
128.91277244792428,235.0,10.322732357063963,10
128.87238700763945,235.0,10.250902621416987,10
128.82432999865526,235.0,10.18958569255841,10
128.77161220107132,235.0,10.135419897364471,10
128.7010051630401,235.0,10.070610354848032,10
128.62912884143603,235.0,10.011429314064761,10
128.53323405981064,235.0,10,10
128.4300600886345,235.0,10,10
128.32536569982767,235.0,10,10
128.22067131102085,235.0,10,10
128.11636032909155,235.0,10,10
128.01363839954138,235.0,10,10
127.91521264612675,235.0,10,10
127.82007160037756,235.0,10,10
127.72199870646,235.0,10,10
127.62296711653471,235.0,10,10
127.52648855000734,235.0,10,10
127.43109034001827,235.0,10,10
127.34182897210121,235.0,10,10
127.25256760418415,235.0,10,10
127.16435081511736,235.0,10,10
127.07444025576115,235.0,10,10
126.97838617116213,235.0,10,10
126.88934402167797,235.0,10,10
126.79164500534534,235.0,10,10
126.68993163853884,235.0,10,10
126.58493615686893,235.0,10,10
126.48335548490286,235.0,10,10
126.37831202894449,235.0,10,10
126.27326857298613,235.0,10,10
126.16590055823326,235.0,10,10
126.06307334452868,235.0,10,10
125.95804078131914,235.0,10,10
125.84958346188068,235.0,10,10
125.74000453203917,235.0,10,10
125.62788826227188,235.0,10,10
125.51459866017103,235.0,10,10
125.39948360621929,235.0,10,10
125.27771446108818,235.0,10,10
125.15594531595707,235.0,10,10
125.03524117171764,235.0,10,10
124.92032685130835,235.0,10,10
124.80952253192663,235.0,10,10
124.70310235023499,235.0,10,10
124.59542320668697,235.0,10,10
124.49129873514175,235.0,10,10
124.3862280473113,235.0,10,10
124.28507948666811,235.0,10,10
124.1804204583168,235.0,10,10
124.0757614299655,235.0,10,10
123.96931722015142,235.0,10,10
123.84981045126915,235.0,10,10
123.72363811731339,235.0,10,10
123.5920969247818,235.0,10,10
123.45971783995628,235.0,10,10
123.32472608983517,235.0,10,10
123.18608163297176,235.0,10,10
123.04561118781567,235.0,10,10
122.8996674567461,235.0,10,10
122.74791167676449,235.0,10,10
122.59413354098797,235.0,10,10
122.43958996236324,235.0,10,10
122.28274866938591,235.0,10,10
122.12648631632328,235.0,10,10
121.96982377767563,235.0,10,10
121.8107510060072,235.0,10,10
121.65115500986576,235.0,10,10
121.49282813072205,235.0,10,10
121.33434265851974,235.0,10,10
121.17585718631744,235.0,10,10
121.01720626652241,235.0,10,10
120.86046220362186,235.0,10,10
120.70010887086391,235.0,10,10
120.53905907273293,235.0,10,10
120.37858437001705,235.0,10,10
120.22035564482212,235.0,10,10
120.06043212115765,235.0,10,10
119.90174548327923,235.0,10,10
119.73990584909916,235.0,10,10
119.57806621491909,235.0,10,10
119.41659381985664,235.0,10,10
119.25507254898548,235.0,10,10
119.09213089942932,235.0,10,10
118.93064995110035,235.0,10,10
118.77094969153404,235.0,10,10
118.60878323018551,235.0,10,10
118.44829276204109,235.0,10,10
118.28628318011761,235.0,10,10
118.12538394331932,235.0,10,10
117.96448470652103,235.0,10,10
117.80156995356083,235.0,10,10
117.63942775130272,235.0,10,10
117.47928656637669,235.0,10,10
117.31461502611637,235.0,10,10
117.15200306475163,235.0,10,10
116.98962201178074,235.0,10,10
116.82253105938435,235.0,10,10
116.65793123841286,235.0,10,10
116.49700529873371,235.0,10,10
116.33607935905457,235.0,10,10
116.17245426774025,235.0,10,10
116.00972855091095,235.0,10,10
115.84609185159206,235.0,10,10
115.68414461612701,235.0,10,10
115.52359722554684,235.0,10,10
115.36434538662434,235.0,10,10
115.08937720954418,235.0,10,10
114.92898800969124,235.0,10,10
114.76849929988384,235.0,10,10
114.60801059007645,235.0,10,10
114.44719767570496,235.0,10,10
114.29160317778587,235.0,10,10
114.14230625331402,235.0,10,10
113.99761012196541,235.0,10,10
113.84444907307625,235.0,10,10
113.6955431252718,235.0,10,10
113.55143068730831,235.0,10,10
113.41314370930195,235.0,10,10
113.27822291851044,235.0,10,10
113.14330212771893,235.0,10,10
112.90777288377285,235.0,10,10
112.77692402899265,235.0,10,10
112.66065607964993,235.0,10,10
112.55636167526245,235.0,10,10
112.45197323709726,235.0,10,10
112.34241589903831,235.0,10,10
112.2287912890315,235.0,10,10
112.10685785114765,235.0,10,10
111.99120189994574,235.0,10,10
111.87525321543217,235.0,10,10
111.75976224243641,235.0,10,10
111.64676754921675,235.0,10,10
111.53664147853851,235.0,10,10
111.42793406546116,235.0,10,10
111.32068520784378,235.0,10,10
111.21605756133795,235.0,10,10
111.10855646431446,235.0,10,10
111.00152714550495,235.0,10,10
110.89465074241161,235.0,10,10
110.7851919978857,235.0,10,10
110.67516016960144,235.0,10,10
110.56647124141455,235.0,10,10
110.45643243938684,235.0,10,10
110.34859079867601,235.0,10,10
110.23783069849014,235.0,10,10
110.12432900816202,235.0,10,10
110.00878903269768,235.0,10,10
109.89105613529682,235.0,10,10
109.77759083360434,235.0,10,10
109.66412553191185,235.0,10,10
109.54427390545607,235.0,10,10
109.42657547444105,235.0,10,10
109.31673081219196,235.0,10,10
109.20856944471598,235.0,10,10
109.10345239192247,235.0,10,10
108.99665370583534,235.0,10,10
108.88501741737127,235.0,10,10
108.76945070922375,235.0,10,10
108.67219756543636,235.0,10,10
108.57494442164898,235.0,10,10
108.46737968921661,235.0,10,10
108.3630692884326,235.0,10,10
108.25397470593452,235.0,10,10
108.14545498788357,235.0,10,10
108.03635293245316,235.0,10,10
107.9261389747262,235.0,10,10
107.81847663223743,235.0,10,10
107.70873995870352,235.0,10,10
107.59740809351206,235.0,10,10
107.4860762283206,235.0,10,10
107.37012366205454,235.0,10,10
107.25331886857748,235.0,10,10
107.1301464959979,235.0,10,10
107.00101720541716,235.0,10,10
106.86610416322947,235.0,10,10
106.73483537882566,235.0,10,10
106.61113256961107,235.0,10,10
106.47520621865988,235.0,10,10
106.31752374023199,235.0,10,10
106.1598412618041,235.0,10,10
106.00388326495886,235.0,10,10
105.84938981384039,235.0,10,10
105.69066228717566,235.0,10,10
105.52300859242678,235.0,10,10
105.35802856832743,235.0,10,10
105.19236385077238,235.0,10,10
105.02930868417025,235.0,10,10
104.85865729302168,235.0,10,10
104.69104740768671,235.0,10,10
104.52343752235174,235.0,10,10
104.35419134050608,235.0,10,10
104.18300163000822,235.0,10,10
104.01183184236288,235.0,10,10
103.8401270583272,235.0,10,10
103.6702876612544,235.0,10,10
103.5007416382432,235.0,10,10
103.3313243612647,235.0,10,10
103.16212766617537,235.0,10,10
102.99146201461554,235.0,10,10
102.82406585663557,235.0,10,10
102.65845065563917,235.0,10,10
102.49218671768904,235.0,10,10
102.32502833753824,235.0,10,10
102.15669036656618,235.0,10,10
101.99028884619474,235.0,10,10
101.82346998900175,235.0,10,10
101.65860360115767,235.0,10,10
101.49143206328154,235.0,10,10
101.32584800571203,235.0,10,10
101.16026394814253,235.0,10,10
100.99412278085947,235.0,10,10
100.83026399463415,235.0,10,10
100.66479378193617,235.0,10,10
100.50149459391832,235.0,10,10
100.335668168962,235.0,10,10
100.17213884741068,235.0,10,10
100.00728549808264,235.0,10,10
99.84146969765425,235.0,10,10
99.6764175221324,235.0,10,10
99.51136534661055,235.0,10,10
99.34504910558462,235.0,10,10
99.18187891691923,235.0,10,10
99.01914360374212,235.0,10,10
98.85538760572672,235.0,10,10
98.69391135126352,235.0,10,10
98.5303356423974,235.0,10,10
98.36762697249651,235.0,10,10
98.20590399950743,235.0,10,10
98.04399966448545,235.0,10,10
97.88209532946348,235.0,10,10
97.71730137616396,235.0,10,10
97.55168426781893,235.0,10,10
97.38483259826899,235.0,10,10
97.21897151321173,235.0,10,10
97.05310777574778,235.0,10,10
96.88647619634867,235.0,10,10
96.72131786495447,235.0,10,10
96.55721076577902,235.0,10,10
96.39463218301535,235.0,10,10
96.23205360025167,235.0,10,10
96.06865806132555,235.0,10,10
95.90631415694952,235.0,10,10
95.73958160728216,235.0,10,10
95.5744348987937,235.0,10,10
95.41005333513021,235.0,10,10
95.24513571709394,235.0,10,10
95.08091729134321,235.0,10,10
94.91537242382765,235.0,10,10
94.74976924806833,235.0,10,10
94.58416607230902,235.0,10,10
94.4207527115941,235.0,10,10
94.25673570483923,235.0,10,10
94.0938435420394,235.0,10,10
93.93151430040598,235.0,10,10
93.76736695319414,235.0,10,10
93.6031797900796,235.0,10,10
93.44050543755293,235.0,10,10
93.27850522845984,235.0,10,10
93.11729260534048,235.0,10,10
92.95607998222113,235.0,10,10
92.80303747206926,235.0,10,10
92.65168552845716,235.0,10,10
92.50045336037874,235.0,10,10
92.34691499918699,235.0,10,10
92.19111769646406,235.0,10,10
92.03088014572859,235.0,10,10
91.87221444398165,235.0,10,10
91.71481605619192,235.0,10,10
91.56716234236956,235.0,10,10
91.41950862854719,235.0,10,10
91.28484057635069,235.0,10,10
91.15464352816343,235.0,10,10
91.01738696545362,235.0,10,10
90.87809800356627,235.0,10,10
90.76016742736101,235.0,10,10
90.64532814919949,235.0,10,10
90.53234118968248,235.0,10,10
90.42928405106068,235.0,10,10
90.32379203289747,235.0,10,10
90.21830001473427,235.0,10,10
90.11064780503511,235.0,10,10
90.00662715733051,235.0,10,10
89.89823186397552,235.0,10,10
89.78930518776178,235.0,10,10
89.67872204631567,235.0,10,10
89.56598683446646,235.0,10,10
89.45130672305822,235.0,10,10
89.33727555721998,235.0,10,10
89.22216808795929,235.0,10,10
89.1070606186986,235.0,10,10
88.99774526059628,235.0,10,10
88.89103630930185,235.0,10,10
88.78694226592779,235.0,10,10
88.69162219017744,235.0,10,10
88.59665620326996,235.0,10,10
88.49613150209188,235.0,10,10
88.38119062781334,235.0,10,10
88.25319263339043,235.0,10,10
87.99598863720894,235.0,10,10
87.84396068751812,235.0,10,10
87.68798933923244,235.0,10,10
87.52088283002377,235.0,10,10
87.34630554914474,235.0,10,10
87.17382401227951,235.0,10,10
87.0085384696722,235.0,10,10
86.84269826114178,235.0,10,10
86.56435285508633,235.0,10,10
86.40062113106251,235.0,10,10
86.23508490622044,235.0,10,10
86.06954868137836,235.0,10,10
85.90592131018639,235.0,10,10
85.7415396720171,235.0,10,10
85.57608518004417,235.0,10,10
85.40871575474739,235.0,10,10
85.24254603683949,235.0,10,10
85.07602396607399,235.0,10,10
84.90892469882965,235.0,10,10
84.74640060961246,235.0,10,10
84.58271390199661,235.0,10,10
84.41902719438076,235.0,10,10
84.25533209741116,235.0,10,10
84.0911573022604,235.0,10,10
83.9270910769701,235.0,10,10
83.76251837611198,235.0,10,10
83.60172945261002,235.0,10,10
83.44024381041527,235.0,10,10
83.2787767201662,235.0,10,10
83.11730320751667,235.0,10,10
82.95421788096428,235.0,10,10
82.79174162447453,235.0,10,10
82.63048550486565,235.0,10,10
82.46824736893177,235.0,10,10
82.3071101307869,235.0,10,10
82.14586313068867,235.0,10,10
81.98440644145012,235.0,10,10
81.82412791252136,235.0,10,10
81.66414116322994,235.0,10,10
81.50144113600254,235.0,10,10
81.34336739778519,235.0,10,10
81.18529365956783,235.0,10,10
81.02423541247845,235.0,10,10
80.8622819185257,235.0,10,10
80.69910715520382,235.0,10,10
80.53750711679459,235.0,10,10
80.37691666185856,235.0,10,10
80.21610435843468,235.0,10,10
80.05431790649891,235.0,10,10
79.89375767111778,235.0,10,10
79.73236237466335,235.0,10,10
79.57096707820892,235.0,10,10
79.40871147811413,235.0,10,10
79.2503981590271,235.0,10,10
79.0899146348238,235.0,10,10
78.93036073446274,235.0,10,10
78.7718718200922,235.0,10,10
78.61259457468987,235.0,10,10
78.45326000452042,235.0,10,10
78.29623220860958,235.0,10,10
78.13918904960155,235.0,10,10
77.98214589059353,235.0,10,10
77.82523167133331,235.0,10,10
77.66778399050236,235.0,10,10
77.510053768754,235.0,10,10
77.35081538558006,235.0,10,10
77.19162870943546,235.0,10,10
77.03371107578278,235.0,10,10
76.87722860276699,235.0,10,10
76.71978051960468,235.0,10,10
76.56075023114681,235.0,10,10
76.40171994268894,235.0,10,10
76.24527025222778,235.0,10,10
76.08632798492908,235.0,10,10
75.9296646118164,235.0,10,10
75.77357396483421,235.0,10,10
75.6145201921463,235.0,10,10
75.45561681687832,235.0,10,10
75.29568392038345,235.0,10,10
75.1371815353632,235.0,10,10
74.97891053557396,235.0,10,10
74.82011432945728,235.0,10,10
74.65853156149387,235.0,10,10
74.49902819097042,235.0,10,10
74.33875747025013,235.0,10,10
74.17693850398064,235.0,10,10
74.01847076416016,235.0,10,10
73.85832785069942,235.0,10,10
73.69836682081223,235.0,10,10
73.5386943668127,235.0,10,10
73.3795462846756,235.0,10,10
73.22039820253849,235.0,10,10
73.06233970820904,235.0,10,10
72.90276025235653,235.0,10,10
72.7427866756916,235.0,10,10
72.58406166732311,235.0,10,10
72.42683440446854,235.0,10,10
72.26682339608669,235.0,10,10
72.10838602483273,235.0,10,10
71.94865514338017,235.0,10,10
71.78950780630112,235.0,10,10
71.63036046922207,235.0,10,10
71.47492076456547,235.0,10,10
71.31917352974415,235.0,10,10
71.16062524914742,235.0,10,10
71.00349140167236,235.0,10,10
70.84550769627094,235.0,10,10
70.68894045054913,235.0,10,10
70.53087224066257,235.0,10,10
70.37434974312782,235.0,10,10
70.21667356789112,235.0,10,10
70.05899739265442,235.0,10,10
69.90273876488209,235.0,10,10
69.747693374753,235.0,10,10
69.5924973487854,235.0,10,10
69.43569430708885,235.0,10,10
69.28077179193497,235.0,10,10
69.12578144669533,235.0,10,10
68.97093665599823,235.0,10,10
68.8175026923418,235.0,10,10
68.66261491179466,235.0,10,10
68.50772713124752,235.0,10,10
68.35437487065792,235.0,10,10
68.198626562953,235.0,10,10
68.04461561143398,235.0,10,10
67.88942512869835,235.0,10,10
67.7346983551979,235.0,10,10
67.58083711564541,235.0,10,10
67.42655393481255,235.0,10,10
67.27169060707092,235.0,10,10
67.11774019896984,235.0,10,10
66.96378979086876,235.0,10,10
66.8079683482647,235.0,10,10
66.65333944559097,235.0,10,10
66.49902047216892,235.0,10,10
66.34257799386978,235.0,10,10
66.18808425962925,235.0,10,10
66.03355272114277,235.0,10,10
65.87798212468624,235.0,10,10
65.72338670492172,235.0,10,10
65.56864960491657,235.0,10,10
65.41391250491142,235.0,10,10
65.25989331305027,235.0,10,10
65.10312303900719,235.0,10,10
64.94719694554806,235.0,10,10
64.79132740199566,235.0,10,10
64.63609386980534,235.0,10,10
