110.5,101.5,30,91
111.86282424781609,99.11349850751594,28.112484243434892,91.70915663525193
115.75583386758599,100.93670730433452,27.70100819389754,91.67378368692422
115.16217736863956,97.50039400146936,26.320530445101557,92.63891097930005
118.6557628257625,98.40969297509528,26.23398666708615,93.41688137807178
112.60255465476418,103.08306148984701,27.152334619190217,91.0807749561733
118.30348465435672,105.11360457688693,27.411643672129138,88.79637330472222
122.04374643057682,108.10098433539879,28.09575863897605,87.37546300797439
119.53234036119268,109.64896727811565,28.159985038608585,85.98912141300698
124.89001868023865,108.79786781702094,28.19914214105619,82.5012168043126
122.78172758842062,112.63789208270343,28.691791820038322,80.71626266763147
128.9513314943504,108.12472627705533,28.162655953369185,79.84495118963324
127.22844528788549,117.616890491616,28.683293707485547,78.42412030384683
127.62924033537614,108.902299295687,28.121700224576234,78.42336533303396
122.8309328646299,130.51574868366868,31.01098207814758,74.31234943060575
128.9836434623327,110.37574600351994,29.82388230150417,75.2737665340673
129.17986096314974,104.48505623733702,29.351450773628798,75.17758163619632
121.06195989511748,130.8470651677951,33.00236826613863,69.25769814417663
122.75257760653096,124.79908733806317,33.00047277670705,69.25602997856726
128.08048100920973,108.5984296384809,32.6266607909906,69.59753092460682
129.1270970427616,108.3790454973433,32.62226277120442,69.60042593684723
130.07077737997815,108.00420915005628,32.60296125509646,69.61685498718371
131.0251254510061,108.11548634395814,32.53851650731248,69.66830744294693
132.6083538084152,109.45696113664033,32.368701905226196,69.79080376708264
134.37593900586364,107.77427097239683,32.121189724898386,70.0019802038155
121.17108890670016,130.19576373143616,32.07108729566188,67.53279687079545
109.76661921598479,151.15648321211336,31.688948491057452,67.21885607838632
142.0315197081225,106.92027216465908,28.47218537909653,70.86152811225976
142.74103240749326,108.02528225105866,28.471595196304957,70.86212881958754
130.6546953017662,129.5360308171646,28.586905897627275,68.26259824011007
129.7794627013947,126.90974776531162,28.591864454121303,68.25448176096077
129.74473461928014,123.45903973992276,28.590404166836645,68.25150175460958
117.75347466482927,144.8525592957966,28.285404620782355,67.48975408573304
117.95939161261308,144.1007952559463,28.28534109879758,67.48975380888146
117.59742446991143,143.5275684332238,28.28532243515377,67.48974751723085
116.9509575776497,142.733803590061,28.285286873630792,67.48973788833273
116.58664746830823,141.4245870082611,28.285260396699872,67.48972732443922
152.34887707507218,99.95808564991532,26.859067784734474,68.46090753136518
151.5008857731588,103.94246528299648,26.52536870597452,69.00089250501
151.21526394653614,104.88433905779456,26.106414462262485,69.36000813366701
152.15337271886696,98.58233488488058,26.032775486059375,69.23008875274937
152.55407888384818,109.31880055553849,25.755877175586235,69.40805157647262
157.2973187254852,101.08816646542905,25.665306801699376,69.33779891318561
155.74025434586724,103.86044235828929,25.649559662574134,69.35535659783258
156.34178549881415,107.73564623083854,24.879790371445083,70.69416508503389
157.18096880100148,108.49052673701317,24.581691267947804,70.76471966258943
158.1201981438537,109.63188843579958,24.014874990614295,70.94232579763988
159.84693708602268,104.2053911158296,23.85335353098951,70.59866134944508
160.3383609287482,110.7759218424768,23.719700014583015,70.71177794333086
162.1706477459684,103.59355033040951,23.469783734497423,70.36998753545859
167.48557552824116,104.08954026032525,23.125809212432365,70.3282819046768
167.7068508026794,113.13853911751335,22.886457707425837,70.34390494835725
173.200641650038,107.01187335832847,22.7014530314465,69.09302122624848
173.41740452722908,104.40751702440438,22.615868794894187,68.80501882527952
174.0506694593425,104.50140969331724,22.298061173976436,68.14617857584034
174.25446426772308,104.30880037920403,22.12783787591791,67.79414627995634
174.89737489272693,103.86988005911942,22.04899542382282,67.52726183582075
164.51144930121436,123.21191687001924,22.24538235819076,66.26521580191175
165.3386370923852,123.33153268896685,22.247008701317515,66.260974596875
177.21075963079736,102.45094451697757,22.09510218650489,65.90914053435941
179.0970293460736,101.35880783439215,22.095073999772552,65.90889556228049
180.09320256969275,102.94470277147511,22.095087667585595,65.90875633623163
181.29077981266377,103.90992936229969,22.095097194552455,65.9085640512652
182.60096617712082,103.7171909147265,22.09509533050654,65.90849926893664
184.47856526082293,104.10337401373586,22.095096833893948,65.9084725937565
185.43736762957832,105.2021260984028,22.095098330933627,65.90844624195802
186.43378772136052,104.74622272920055,22.095101060043213,65.90840801156672
186.7302407310366,103.93610733344579,22.095071832645083,65.90829905183267
186.23829360882704,104.90523935623969,22.095059092734957,65.90806965990849
185.53568222841676,103.6720561128584,22.094812555192785,65.90628958409481
185.03337703326417,101.94150266847814,22.094628347872256,65.90570604698252
186.2826686361263,101.99250869077751,22.094618445370635,65.90556781744343
187.87451955401954,101.78998257463357,22.094604296504322,65.90551892925936
188.4020832406506,101.74285421013731,22.094581298127753,65.90539928049051
189.22942514734535,101.7883456866133,22.094573206860456,65.90528848862893
190.2720584042828,102.38608004312111,22.094558262733457,65.90508280375812
190.65852388650444,102.17984935577172,22.094527462417545,65.90499965974773
191.49832270511894,101.88877248552592,22.09442909372038,65.90477429753241
192.13020106901286,101.28135391467131,22.094320399074622,65.90452497912811
193.2745710351456,100.99402603560853,22.094260781826765,65.90439163040782
193.25192966063432,99.73047029839574,22.09421849003211,65.90428953137757
193.6244787857812,99.56373089651916,22.09416619968783,65.90410072901541
194.2711475157259,101.59938791080353,22.09412495771689,65.9038254234386
195.11749266453685,102.47631659527605,22.093949914115612,65.90304270048966
196.25691964296257,103.90866700726757,22.09390621994426,65.90252196454983
197.4884931297089,104.01659001758318,22.09386420975419,65.90238020617524
198.41712111482596,104.36306335292838,22.09385165821362,65.90224657431081
199.15243565746235,104.11674559296833,22.093839509624505,65.90215868886976
199.22688957862874,103.48833721665194,22.093825798475336,65.90209825758834
199.14203993905983,103.00914291651702,22.09381709388093,65.90190821167516
198.63277914174583,101.65899169017192,22.09377291454503,65.90146651229627
198.26445849258943,102.45675198511404,22.09377316347273,65.90129749921715
198.79625358322727,103.54071583845386,22.093746448269158,65.90097376211148
199.7551767653558,102.34687749770002,22.093698245518713,65.90066783673134
200.20849360872617,101.51974178641635,22.09365639141579,65.90036462665402
200.61884218993902,100.13217811259139,22.093611833093195,65.90018336529518
201.7586337712819,100.83397967349173,22.029982258893124,65.41484117546318
201.58596438420247,101.93742986782397,22.046312304786227,64.8321638998587
201.89276966291908,104.11964624163492,21.442034767429156,61.44929978674681
203.18107708883377,104.49751041244407,20.575045040531116,59.06861471810063
199.56404613019814,104.28246599995033,20.27562822092492,58.60763222350803
202.83939050389324,101.8834056482224,19.96345103588214,57.64739349474342
203.5406285633602,102.82866178021918,19.595798930658233,57.34970819322089
203.97665246181614,103.58760748091603,19.16564801937985,57.03127872877787
204.8460440701912,102.65728226183226,19.01659291961884,56.67966939750571
208.5392709424826,104.4208686983958,18.785266223528456,56.50744742922483
208.3540616830902,105.82413427848834,18.316605421882485,55.64958236477337
209.32401754607287,106.4271942244062,18.103976220026055,55.289761763594726
209.98609435874684,106.63194981620752,17.984323746716736,55.02887453822208
211.09942834156772,105.86329429713695,17.721761267944792,54.52482305233063
210.91846621262974,104.42986286658225,17.671154894993794,54.396002958651806
208.3326762146948,105.20558920816228,17.690794068262342,53.92659344642073
208.59656851777802,105.0424181363849,17.307066631652518,53.52887976331153
207.58184919201418,106.40335910087023,17.20345746404261,52.86090165247134
206.83454857474848,105.28278006970613,17.134561155239062,51.976972692018165
206.64256235928758,104.5037075958548,16.916515885488714,51.58047939699926
206.48709911859748,103.3921032755307,16.750482780725427,50.97593091751504
206.93105249405173,101.92566190801143,16.714539549866984,50.830612597026835
207.25755598938687,101.31269288605733,16.696527066032637,50.82616497980986
207.13054069921515,100.67282306298924,16.666963127476155,50.81373767762754
207.54499957140175,100.32497003157832,16.648773396618424,50.78883580406712
207.2937294600546,100.41372554129264,16.635390715298133,50.74945415306289
207.54929121201417,101.08054482323408,16.62567644399543,50.73973250125887
211.0730890903198,103.7413251141584,16.60240844235854,50.71197561127424
210.86156928320224,102.21364413210307,16.58551559104034,50.6870515493839
212.4552051050701,101.09120764137748,16.58182577637567,50.681601473660415
213.77043496149076,102.23689806376792,16.570875045239084,50.65802525152966
217.29674191560179,103.74836807868849,16.53427380562664,50.496647235314654
