110.5,111.5,37,116
112.88218954535296,109.23508000561924,35.67384331758876,115.66392659764824
113.69045597391052,108.65621361343852,35.53420257415925,114.6119514066221
115.17063733734875,110.32000184890845,34.73510212107125,112.50686167007252
113.88651020120288,110.34410120865874,34.669146045233695,111.98193358736889
114.02740462357886,112.5365132090336,34.092127586700755,109.8868720835674
115.0652542363135,113.89446259006823,33.1030674079005,111.5570159164078
114.82410902885519,114.43225414119698,32.70686785165623,110.06540255621
114.2052101278986,112.66488693270506,32.271131617886745,109.44761107139941
116.13617112487317,110.43175475600047,31.825127258901567,110.19302018875513
118.147516833613,112.27691496400777,31.477162804465134,109.29311649026982
120.82454467430503,115.92437183032656,31.53880898923098,107.79577346304606
121.43676880721934,114.91547795805018,31.417195782568303,107.78625202829281
124.66041783241559,114.91981421347262,31.178136810697538,108.5523684335589
125.05659986331344,116.78324334180547,31.498866601898655,107.50342718052478
125.86133932577249,118.18948859349688,31.528554270532197,106.26881658284267
126.04682462224281,117.61152597384425,30.968957134904144,105.54689248170908
125.09705225066577,121.03694398573376,30.837353921210074,102.4429930176072
124.01056635782535,121.41287908622616,30.30733231394656,99.72930495601906
120.86055247816194,119.04260950475461,30.589106270020245,100.25644470871435
116.19393565928083,119.4491891997092,31.51243256677904,101.32487449307581
112.87977504743158,119.90715059420243,31.674633070567857,100.98229939181059
109.84610592973023,118.4764214855452,31.359313778046978,100.86886451601592
108.22245213601883,120.67883767285593,31.21588073245892,99.38237997693523
107.58158928308947,120.79210445037145,29.879646700539936,98.57884669799289
106.26537410017696,122.04272827724031,29.046223375263864,96.29947828810589
106.47798852676951,121.35234279125085,28.12993462274862,96.44594471277495
105.82485442337034,121.12688322498478,27.792455619044333,96.80368046941206
105.81609381648073,119.21849270004573,27.375001983599475,96.58281856351013
103.6251904171536,115.4757053052161,27.47040035787628,97.2108174597673
101.99890563637418,113.02591550341299,27.57308164238131,96.36574574577706
100.58689022119626,112.48957072043937,27.60339341946871,94.65904807608283
99.97399889019499,111.76022612236932,27.22059561138609,94.3662969855866
97.70068914680112,110.0030974209892,27.009893263609627,94.01298637229455
97.86217066506694,106.46605866723718,26.284705865181486,94.0549322078931
99.30504329593919,105.80996450466407,26.11178685542064,93.79393413548685
100.6219557123987,105.41531035052294,26.086602931696547,93.70228460189591
99.81202980865825,102.46634187666967,25.988542542064415,91.24701872977822
98.06715742446136,98.91753295145604,26.00864276394941,89.26453365967328
97.24120969227043,100.56722804742427,26.139186414061243,89.0442052143341
89.34699232619383,102.1310377843974,25.813609381688067,88.13463288241664
79.69915489133722,104.058889801635,25.6482647354101,87.81503686490922
77.05382282974841,103.68278276503594,25.85779263193365,85.81058904617011
77.5977432571616,101.44981523983435,25.131208763963745,86.19974187001075
77.65561281832245,105.93111929304972,25.551402957395965,86.43915726974458
75.98005782781242,111.35039546763555,25.35035315219168,87.62149420279948
62.85049004717295,111.45087930325838,25.08860515328995,87.56018455050048
71.91808346380219,109.3140288483954,25.981296127648633,83.6135809710907
72.51630857605086,95.0134545169445,25.234352364771638,83.34120019978839
73.82604325602006,85.44531080948911,24.6383607975731,84.01530080134467
74.60233414445348,82.0704765214124,24.248334000030617,84.94277861593193
76.62074743617616,82.13264418339125,23.980564213612833,85.04133392233865
84.36773628846989,88.85393152422226,24.846211371696278,85.59911400752233
85.22049916946803,109.37684418360924,25.385031513096614,83.0559170151644
94.4841186309338,124.87733252345134,26.45779869368068,82.66668998452803
104.38409192314901,135.0702693872833,27.25843613940162,81.9171115754676
106.52281287979258,132.087572120633,25.962825299875465,81.69962999869128
114.51467215882596,119.92248300669854,25.371938544176896,82.08365840051044
124.55478426295744,101.40182943420649,25.29593339108969,82.80623995955705
133.0325329832414,95.9077028755793,25.761586158041336,82.69841706515372
133.35599450038296,104.33158088849564,26.810757517488383,82.4187743663474
132.15640026340532,119.97761035524806,27.307861879276313,82.32307315989334
132.19441388739483,131.0382971575599,27.441471125814616,82.22207957541126
119.18295923945622,149.52944618279,27.967542805725003,77.76150241118154
102.47592821403909,154.01831915747564,26.96743554503584,79.07237073488153
104.196051427447,134.06419191714784,26.077464682413748,78.56730658150393
97.08482481274714,114.77951511923405,25.463879322335906,78.31185777864987
94.77335010786378,109.4583130942481,25.440610909074078,77.67170052643672
93.48228541016802,110.6908042193638,25.556746423240018,78.14220816916492
87.89137778963689,119.85246711210226,25.796863589961458,77.824591078146
93.27009739118975,129.04957748220232,25.653581109878196,77.81081009624666
107.65332054799626,135.8273369124628,25.69560838330129,77.55453707007626
109.46383153707237,124.24619128820606,24.537572635999304,78.9054460248886
123.8405773568561,106.50479661206282,24.323027148165224,77.72905950437236
132.33812759550722,99.4450022113206,24.24316981966674,75.23089050861557
140.45566069727525,91.58893694417267,23.81268144358428,73.60079501446904
139.44605877751124,91.78027013194249,23.449316446900113,75.53192039079099
133.23378491915628,100.0676146394351,24.911732663365882,76.27115235053719
128.17997926353559,118.73524865216518,25.666697146909513,75.04937538342665
121.01133521718408,127.71721759108505,25.602889849292715,73.3844048670371
99.54861484373714,125.66838220544429,25.182493956782317,76.02809364273605
99.26615751369916,109.607889065146,24.694103706198486,77.12058604210705
87.58970700659476,102.6559485293649,24.208990117746133,75.65909636324199
89.72576803325732,104.65215430421094,25.079583995359737,76.27065438752453
95.43339476644118,112.74607035590545,24.933952378052084,77.26404519978493
95.60166393253286,116.15831892239251,24.411163687048766,79.42393737192555
110.36369295239021,127.59077707566455,24.79022759557624,78.09819037690491
120.81318645121404,123.98152681805611,24.02798032876357,80.27959534539937
123.22062026352224,114.72308626897821,23.952400557388142,79.78790291145069
132.00728891889813,105.97229282534767,24.243099806694932,77.83676724927331
138.62974142711155,105.00453681945382,24.925488567733893,77.60388779492024
139.33065361656105,104.88437652633148,25.46731908366369,77.63458081244315
138.43394023768477,113.84903025381661,25.754237610253234,77.34235259636449
139.8503837387662,127.08418070203268,26.54825128100299,76.60664985972237
133.36254327891015,137.4224677685025,27.18064759378148,76.18204411057187
121.74716981114886,129.5667855901165,25.84234469409897,76.92163531976081
122.80984172544944,115.9831090688395,25.04605796293282,78.04081064319858
117.55703108242005,110.62002201319731,24.599575634184472,79.78359108535453
117.26398277786127,111.14627464805804,24.957917560999565,80.33061365147904
112.86090257286624,112.84249186791139,25.006060431011612,81.08070106998767
113.70651656032872,118.0605650329322,25.157495863412368,81.58695376490942
116.8368878144484,120.39563807698067,24.711234136728205,81.09539892818577
123.02240058287322,123.71227059572988,24.886213848902003,82.1350660386671
120.40472193094125,127.03452997351303,25.882051079828923,82.71389637749166
114.76943434819131,123.36570608831948,25.097792833158387,83.35241456642734
114.3455100905461,107.26174801337973,24.809999654379904,83.03490575903145
116.62400216904996,107.82122674678972,25.291204908535505,81.84881359149594
115.55908295992448,109.75419822696263,25.143586089542822,80.18416100018393
111.83169765814816,113.35106834860497,25.730259387797602,79.37546628531113
114.53124020205162,120.81121303824233,25.952985689913792,78.74087198202517
104.13752757786213,125.50870740538029,25.873679294616025,78.73889720191184
90.38101146959379,111.5430226733604,25.08189240409704,79.25381616546335
96.97282200194705,94.95761647785667,24.560109870884645,78.45889979670517
77.20720892998513,82.21176913871906,24.283619645179577,76.42543845386223
70.23690689770339,80.61665470324459,24.39566574160341,77.43718765333288
66.73783356452344,82.95865165520708,25.393484343998452,77.8953341378967
67.23806211215597,92.02818871892087,25.319381120555747,77.50016030954137
79.034307135391,104.69840084082166,25.377398047352308,74.07941952216069
106.27089382952028,113.64365266836691,25.276695514806658,74.63121666357898
119.78868851602698,115.09091797605402,24.8086968552942,75.35980230301129
132.3307193995225,109.62102744234616,23.88875862345941,72.36873810980688
162.69547612496447,96.91408360456197,23.354691186979775,70.23879682114188
182.124150994494,100.75821281413394,23.359081560225444,73.27916942159021
182.60225057232512,111.26712116722616,23.621042676207786,74.32510775080615
188.85799492564914,123.27317772048062,23.841469443497733,74.63563983167518
183.74680158356446,131.73994136451557,23.790328982281316,75.73620067837089
178.41997590072145,134.82579080939962,23.600019585943436,76.85427000759697
149.77050956863178,137.89770729811465,23.917346720337594,76.7344038194125
142.86479221095377,127.20173877091707,23.583190653528092,75.85020829018947
131.5313027067163,116.56769660306682,23.53052130079697,75.3773220143177
124.59925934695015,117.75117994301961,23.465872287297053,75.41176829827933
119.24323629057119,120.11025010602796,23.078765835052526,76.63164343323064
117.12233471804956,120.25063830460878,23.283542097924155,76.89553755828197
121.0927285630168,125.01881153171334,23.85688690768449,74.994005366463
126.79514438393,131.79488275335018,23.811942388966028,74.50070176748864
130.1535404045497,132.3071415069128,23.600383158700787,73.95278964590528
137.5033183975465,114.54988650384469,23.353483918617783,72.82976455682669
138.45499996878846,103.50548969685784,22.789953082042103,72.53720097780723
150.8225164106524,92.15822112853303,22.73012542902708,71.51874067793341
152.1867863951872,87.07365345484652,22.385193085918797,72.44000558005497
151.27369035137377,92.17811473253985,22.65721623395516,72.18312465064486
151.10188086338485,102.44989737369323,22.11248412713124,72.84724102422189
134.0840451027686,111.84751018245032,21.39182325090276,72.31654940328974
121.72254899647852,117.7123087410507,21.590925921856947,70.06440742524913
116.22165605562768,107.40181086967401,21.6432880135806,69.97719317654744
114.83876771363803,94.25608578054418,21.25712339812143,70.46995065156003
110.27953204744821,89.08856408254931,21.27479803097713,71.72974628296237
121.03327957817156,92.08672142067573,22.0307516847404,70.9147942356463
122.64765567947425,98.82268678269313,22.637858780841064,71.29834656672625
128.5073444067713,100.75973056797174,22.323599314833412,71.40484480969135
136.05967494633606,108.70402182913429,22.905379657212663,71.05153202460991
142.53874241619215,115.08669481096275,23.800036503694365,70.61410125260338
147.34135718447914,117.16614448511798,23.557270918231218,68.73909596633516
154.25781234849327,104.74962875077489,22.878322725517897,68.53821096163266
160.66850559313494,96.65658133739663,22.347215624662283,69.62076441418263
156.38959093474594,94.33004492594941,22.727116016879712,70.53047624083075
150.34828590699863,100.55644150420747,23.166469884935367,70.17662584096745
145.77202682234238,111.26157834653979,22.77613851353741,71.03414962639559
135.1414298693992,122.21727517264675,22.50056445982909,70.86365029180863
118.36885916732894,124.78298719745635,21.96020705415514,70.90696607983591
117.60251312283367,111.17630293296862,21.599396907733066,70.42869375492953
108.39583877356245,104.85921694087465,21.466036545606578,70.89641905332647
107.94563746600754,96.06288607415064,21.149982509028774,70.071514487336
120.11172704726751,97.05936328262095,21.313412629956094,71.47923369824878
126.0508301470659,101.66631139591925,21.563156145019974,71.36000109164729
143.7806086894587,110.86046010458125,21.399333465751937,72.27204051209186
150.1969603748579,113.80979244691156,22.768921583600985,71.32249062693076
157.2879241751985,120.9493753276673,23.775894930490637,71.20343343170344
168.798912670991,108.49512559449755,23.861315018373396,68.69731726693942
181.29779916361818,92.4431831590478,23.24735779849989,69.11322911537796
188.53467909606456,88.6651614376683,23.05209562952996,70.27719177429299
178.37064290142519,92.12763430105653,22.326823292246203,72.22365451004094
176.4659325023973,98.72911133324455,21.928837569458516,72.05461691905359
174.5390267921593,108.57736877652104,21.81553549506143,71.36585921939025
151.2029056958332,112.3622549996362,22.59833524386595,66.99409793305676
146.8718509066241,114.36830905185226,21.450835409137184,68.87790867475502
129.86347732057396,103.11181630207935,21.070735809997217,66.82525849314852
117.06849294540754,95.27415059904212,20.885230011990252,67.97114711205258
116.67569441663849,94.45492696219551,20.417928018815758,69.39064360749983
116.61931834669035,100.57752696546854,21.147941032029763,68.3685824101579
122.89751557638921,107.54336460422893,21.809001482910354,67.3952334723588
134.15738696150882,116.8946323148764,21.917260879419203,66.97429328116638
152.05715570761296,125.72850892786303,22.30071060034566,66.27485708705348
162.48183875255543,116.96200968479133,21.84585668697441,65.45290371467637
169.38540886403618,108.10286207851937,21.271985201805883,65.2661467421617
185.09143406486018,97.1121412237114,21.322548859606137,64.19080286828152
181.5157749034406,99.60962638337305,21.164114718150863,66.17930060468333
172.92553590475828,102.40751542770218,20.600659991516483,67.44203682495453
169.19283935332103,111.13632676115665,20.36256426763926,67.74399858492546
158.63417332720903,121.25825034594824,20.42352844571776,65.72056843804737
142.1550237510454,129.95449438405103,20.938750510642656,63.31396312093605
127.41703398800573,121.51790460715424,20.28258701609213,65.4562476323102
111.05352604928882,101.29968163532344,20.06532417648492,65.95176416312998
99.32622589562699,92.14605395264462,20.484058700117174,67.13937154875128
99.73640292598304,91.80589986236332,20.61212963435061,68.95450984653954
100.856187416324,92.02699584645235,21.17897692678573,71.00690601503445
107.27173982181768,94.13320657480446,21.713382102675823,69.22407621406144
117.68197522571243,101.52376566354658,21.49633918184921,70.29600731483646
125.09493159949396,100.6032439936406,21.89475256801419,68.72143533444273
137.7142750732312,87.66180981080699,21.829748787043624,68.17369876541758
150.1589366494346,71.823752176809,21.65002036119934,68.00231418600144
157.59488912581526,71.21872482404164,21.786935942190418,67.67130701333181
158.3012946740596,68.09623154376982,21.051250955301853,68.91211504985814
153.3127153839813,71.24746308659074,20.855927998593216,71.65927068522458
146.378675791637,85.93627875964106,21.112679058281792,70.42886185804485
130.24900766755877,106.61234033530398,21.443138429607195,66.1026061688772
107.81775397823786,114.8698513223865,21.05711065199902,67.74549168067409
102.58756870961557,113.88139202361329,20.659525256626395,67.75995536317382
88.1376603166162,103.86192403161347,20.693289415061656,66.87607411694884
73.97793001332818,100.48804821636503,21.014094702423854,67.90674133963932
79.36292173115726,103.07430671252294,20.97573014799127,68.32111313745412
78.53055176855477,106.18714316186437,20.65494482276138,68.35057577496511
90.69383092973659,111.28783218348605,20.723283961335227,66.51368824075496
96.25050162719295,111.20348294099725,20.720555435685203,65.55066701728985
101.19923255820146,110.91028461191704,20.354698340513906,64.66132646136185
117.1695394802617,95.59202236076635,20.528113427057455,64.3375753136388
137.61295845016625,78.13400597183647,20.213392339055027,61.54255996527785
149.19466459281946,70.30135376189459,19.87785900577493,63.171897511992675
148.5916146740777,78.10895682548735,19.11592302611217,64.73775980521732
149.6425953460147,87.15291832002902,19.265388855852656,63.53980950290155
139.63883860664092,102.91398327156236,19.986870611577807,61.29196586997647
117.98871256125841,106.66905897434512,19.358907675487316,59.54574812301081
104.78879431823016,105.61930902425841,18.567067068037982,61.90903052440493
85.24332071696065,92.59372536532254,18.825845691475426,61.243042385733695
75.82614011594437,91.64236894884395,18.823758224074396,61.13192288798715
66.64863155123705,89.16236658097665,18.699609322605248,62.69062194821514
66.5390839697029,92.06776782364273,19.459426796216597,63.54722649871065
71.1018451457868,100.7348748377927,20.198329149554187,62.326804889844276
86.67901269387728,109.76308606148986,19.925124271879074,61.33222822186891
99.40506795781708,104.58939908124047,20.0785244556694,61.27021936223829
105.74828706049814,102.05946855409661,19.35389636230677,62.07842006954114
127.59169683338769,92.9281539191876,19.885021915404664,61.664043571536936
148.47339853150243,79.76870982603992,19.536485920298233,61.54238572206566
154.17765125149896,78.19041568022692,18.647278080097657,63.11754035986018
148.23093986217964,93.36187095406584,18.315466827059034,62.333725194872784
137.19384729566264,110.27686113273612,18.5882298409524,59.299578425178694
124.20315214893402,118.57979177673059,17.920862199839313,58.772097721906555
99.87814575741311,123.08265494552109,17.823610120820604,59.032746926012564
94.79815236203562,119.83608622217685,17.8198376800082,61.138523323048965
84.79143535626858,108.21848638249753,17.725121209364538,62.163113566372445
80.48664050997422,103.34717952279829,17.81507284042982,61.96639241638617
89.71444128110548,96.63355453286172,18.075972534129214,60.70481488161083
95.59888805868017,100.34558306395536,17.728480002844577,60.78385058523167
102.0446520411238,104.3351654128108,17.649845905450015,61.021763142769835
120.2393822276604,104.76696642213625,17.487779636380722,62.074930628666024
120.3978848179776,96.64205451606104,17.833796437462475,62.66698046925884
125.88688654984773,95.51283050301218,17.72815892526029,63.622810707041744
135.8170784205784,81.31046601600052,17.6823313056251,62.405930946934205
141.67289525001354,76.60608991119383,17.370505576747544,61.84025688701633
142.7904193035534,72.71761283192149,16.998630716051473,61.662453355131326
