180.5,79.5,37,114
181.27472666374018,80.82033207042161,35.089997639831495,115.95058341775052
182.8615085724633,86.5163660836895,34.183238755933225,116.1735494946083
183.70209164393404,89.73393979956484,32.64386295830293,116.74866359850216
183.3118747470668,90.56636577395074,30.472840443672535,117.5318216175343
183.94574915730675,92.17702048659577,30.32889309299548,116.31105077981445
183.15133166342258,92.5310319157376,29.208596363081924,115.6590256620081
182.62212365220196,93.82770136972802,28.646111277735105,115.60764603976335
179.7700227426341,93.42279875527208,29.251799016823234,116.08301258707273
176.78376682966763,94.11176865447713,29.89419170976054,115.13563084430191
173.30589314441048,99.31376641986138,31.112595768965026,114.31461260845529
169.3915422676597,100.33173855833826,30.952016821782962,114.5697938674665
167.23317369883267,101.50204662021946,30.87488360573829,113.45001533678271
164.31645571958913,100.22408243404999,31.216453452470013,112.2607244784698
162.9988130203061,98.61147340772928,31.082935969795216,113.11862938452003
163.6929562568845,95.47368277753637,31.335721412264984,113.61026508445053
163.0092854625947,94.64752910723878,32.11558531682357,115.18789432440016
162.2694563130977,91.00588723002068,32.57719485254242,116.26939060706515
162.37332512417015,90.84124658910605,33.80523239118705,117.49611989218647
164.19970961548555,92.05576583796949,33.91324898823762,118.33064288165745
165.89521388800125,94.07411450630951,34.33054046151673,117.98377608658814
167.9548677311823,94.5470379924807,34.180918806496194,118.29365306749284
170.58564415863984,95.97363215410199,33.51673562244904,118.63246799437232
172.77625218411703,94.07767060805864,31.581880636405565,119.40230613505825
173.6631843335396,92.45559400720393,29.994176946686526,118.69955420065929
174.55258453020127,91.3567140137103,29.082615372962344,118.13646685755316
175.56995999762225,91.17150548750972,28.830050111834062,117.54326145912577
177.64282086152147,90.01034772403864,28.861744231813915,117.66257977842635
178.59478751217574,89.01885965728363,28.8307048599869,117.78356343356569
178.7990734722401,87.11923633218885,28.71070501284095,117.25636927259802
178.45560930373185,86.58186344592968,28.460663115940235,116.9982766290168
176.8797982348379,87.22592653948402,28.790060159886586,116.08840586879182
175.8495158938211,87.03030408569859,29.095236343613934,115.17724959132698
175.03191908145354,86.31029375426522,29.375394186488652,115.23693075090544
174.83538228796172,85.44999525391246,30.06066053060197,116.26376783339808
174.27988357745068,83.52425182765877,30.38744732931341,117.55913047554779
173.7070983087109,83.0709155188143,30.8877494265464,119.06310648373966
173.62586343412144,82.34549669134061,31.46051570525679,120.72634809176245
171.49262407245465,84.56788693832499,32.21684185023651,119.95618107359324
171.30700466630446,85.72926808903253,32.56764197093569,120.8267962669902
170.23733400634396,87.3839245022599,32.72147663707101,121.58331462492265
165.24451003027792,83.62252604870723,31.77617156338522,121.59363890248088
167.09395336557412,82.76585596788578,31.338255962128752,121.66786587633385
167.4030393578896,83.83012325050484,30.790804255224426,123.12673127065995
161.33281373449893,77.27548270382161,30.665139359732876,123.17936887800346
155.37927415750295,74.5053533561734,30.806379890677913,123.0649549506192
157.23672216883924,75.83678333827284,30.82608774984128,123.13036527870244
83.98153537522614,83.05374676339224,31.028584750153424,119.23374807507008
77.6116817523952,85.89636908456484,30.951635883144395,119.27148536250392
79.78398538795126,81.45563566511484,30.50054920567546,118.6689825129884
80.21578513296996,83.86376399156421,30.104143438362986,118.42307650706232
81.27415610386313,86.58871731743284,29.92199886958537,117.72858481809364
82.37078289524632,85.62279276488937,29.9469021013942,116.67672840255067
75.10448843225839,99.35162317692156,30.286681922450626,116.40073299901852
78.81604228496307,94.37174265217382,30.233915041168444,115.94471016637287
81.37607934066065,92.11853790480838,30.054198138025242,114.5689833161941
83.55991247904912,91.9949068682358,29.99659808439285,113.6581115249365
92.438190992875,90.91008523330461,29.660222331155154,112.56714540644741
94.27141159819864,89.45870054049335,29.488418609826706,110.95844113636926
169.11072702208853,90.26643220993195,30.688510906578195,114.24676350305847
171.12083368576359,83.60135709504121,30.11872439616835,112.40851869042054
171.8694558799306,83.49438262075077,29.19593050069323,112.41011554196696
173.15906877848957,81.38201489630566,28.46247410894026,113.95997549303918
175.58734937170598,77.80773761331055,28.13109993804091,117.66712094800644
177.28784933454858,75.40902107499329,28.337296820217013,119.49150867551985
179.9924369728058,74.65944025992836,28.578021503266815,121.0828259931607
181.00087154288306,75.64830210162245,28.652002001097507,121.85817647893145
181.92790913964953,77.72179788667869,28.51164379135975,123.20773165411927
181.8099276257288,79.14200139296014,29.242744451094367,121.68218725046597
182.26966241745058,78.28692092455225,29.929866926786232,118.83294858248438
182.6896025832949,79.82799527791808,31.138404878560095,117.81593726207475
181.82747960763655,79.85761783976022,31.324860412205602,118.31836387224666
182.49579753221835,79.3431881984491,31.673106727043496,119.30119601603967
182.36740530067993,79.48079860823609,32.110310948082535,120.29441210518762
183.0961123965109,79.14318221094945,32.56658231664706,120.67952549019975
183.6668839739929,81.4885960238736,32.77298175239657,120.2844542043783
182.94105949583252,83.5112598880604,32.38318848135374,119.72296479578316
177.82399513195082,88.53602990664406,31.979622850291427,120.82752994507823
167.89877208847003,89.85964647612283,32.159693113278415,119.44641926648598
166.59239784536078,88.74320462727718,31.254020664819784,121.8447766190435
167.7240856204237,84.45611206906933,30.09061283281835,123.25437566825948
165.9763078860651,82.02330361890198,29.9500546578893,124.83228857765792
166.69940312877216,77.05441509632453,29.77781272269946,126.34661706019074
167.736520792291,73.75111770271974,30.09219753383014,127.9274931584355
168.87367353813823,73.91235027028958,30.615390506719997,127.81789276497882
170.48566652584313,75.24027327622659,30.413796804259437,128.7293029653393
172.84586660454363,74.6123389812867,29.83412178266165,127.62915563458003
173.7176913013934,75.04487209973786,29.923073578575504,126.1536810915559
177.2097230856863,74.91156377266114,30.515590057597095,124.46116090202798
177.95001682543278,73.88701504918241,31.22066603978932,123.27348867277695
179.62462851565778,73.37888441782856,32.28983054920141,122.55611009917331
182.82654322464955,71.34528722772527,32.62516596047199,123.78256117608095
185.03623525374155,73.50885320431594,33.64200493237831,123.81160798342816
186.30093778424174,74.25693808793605,33.794194004755,124.08575779721973
186.7196697103674,77.1128604175806,34.24529185427828,123.62358650447726
189.4784513707042,78.77789943607243,34.238209891179146,123.0008992527109
188.55330584646833,79.98495275358115,33.314677916808506,120.28905591334394
188.6200851933217,80.415057614473,31.56938781307522,120.94414527336261
189.86983883681535,79.59170553192172,30.356395404360935,121.79205594376377
187.82429801042827,78.71577082389697,30.297016813909977,123.15230105814128
189.13064739445025,74.93605146417646,29.68302259851648,124.9100735178167
183.85408761801432,70.62415647317988,30.26737498525061,127.31119103734649
185.4580919161941,70.0273938682663,30.186897917364,128.01322761163362
184.71128939491012,68.28336195717905,30.54021544143064,128.2980572380989
184.7742682741115,70.2658050266876,30.535874813963076,127.4102921184452
183.54391953586386,72.08967039260443,30.407097374000216,127.3724044022823
184.58493079190373,69.87628091310977,30.376736591733128,126.45563029501798
181.5080752871864,67.19329875155823,31.512199519960532,125.0590299590024
178.25051415246676,63.158417373198645,31.958285305635094,124.29929347103163
176.11569267112446,59.706982205742435,32.968154537088,124.30652247903976
173.48379884454323,58.12891657975102,33.14086867721946,125.17336330286096
169.2879709942388,54.91569547825919,33.27050235939572,127.49638191041616
166.85561581853472,52.691753905016625,33.23257046074285,128.0303837550214
164.68361716746242,52.57568102649521,33.00518190244435,126.57051970543124
159.01644767395564,58.07208751193933,31.89474626177238,129.05484239280716
160.7226316477891,61.58024661188672,31.52612931546347,128.78328661356667
159.95381262131949,62.91709762143614,31.174016649332273,129.71739723751898
157.87446125158473,64.08801546522287,31.40775090773792,129.38626606731003
154.64575288408832,66.83190891831465,32.31579735388185,128.2597543572019
153.15949310994193,69.49488076770476,33.10504120255915,127.99572891708867
156.03508724412927,69.25177383951691,32.67899674827141,129.4239876276285
160.07678663549933,68.7366980465532,32.120322925858446,129.70160822152482
162.09100867017784,69.53237791929675,31.462834562144096,130.4120477733705
165.05013469593766,68.6556406907007,30.754829550419423,130.0951618084282
168.75238679416938,69.01903984673851,30.60684562525721,128.2998815742029
171.02790735728053,70.23263600103218,30.415905245189744,126.16471465290273
174.3042351767127,74.14636313534692,30.257732695772397,126.77277483434648
176.22760368615536,77.14277701781167,29.961218788993403,126.65242793871019
178.08466421843173,76.3974999504836,30.040602677825067,126.71878225380149
180.10558970684596,73.95929026213464,30.10995870935841,128.23901524057632
181.50491039822256,77.53611038968018,30.425285698950187,129.02670017316836
183.26734742825425,81.19902861391122,30.367804321915948,129.18398082828293
184.34422010128918,83.67719788973017,30.07353184667283,129.7308051375154
185.8921261131396,84.01131457522987,29.83087257489462,130.9002430464232
187.41806785207243,86.12081969326286,29.671096583753823,132.22203052077595
185.81968514611492,87.91545894265437,29.866580018968964,131.85109194203687
188.12409501432637,91.05085157552801,29.98995136836152,132.26931968059256
188.83083285779176,91.50617760402424,30.356982649928945,131.53637084027204
188.15436131464512,91.86311787577152,31.549363280568123,130.29315879147887
186.15373431745715,93.68492860899428,32.168718633357734,130.67061543477456
184.72951854659084,96.0005848014417,31.71314789008668,131.6222450588519
186.08908898325035,96.24840836246187,30.741336967100303,132.24650042838107
187.46724938687979,97.17868892167138,30.33684664232434,131.163006375201
186.83108995218677,95.12627559425744,29.963523350341045,129.28921965341146
187.81841515155534,95.31847370930959,30.28251690301995,128.63235071388982
186.36169565747818,94.01127398609617,30.19707025961298,129.06932525263232
184.8226339010386,92.94554669552096,30.322743258652388,129.85293892859323
186.67567640912242,89.50611905557035,30.70373919799018,131.24530395886066
187.20871318188082,88.93037250286754,30.77144279404441,130.501142981968
187.38072591802273,90.70752784585912,30.754858149845543,129.4033039775797
188.17648480119516,90.25868361836923,30.43535059067689,129.87169492575023
190.19136302131906,87.01501452898844,30.46995858371762,131.955363747212
190.87572941605512,84.73808921326423,30.879721225191894,132.36229894286942
188.5102008325219,81.97167356286326,31.962791741791406,132.51501044310373
187.5294249976345,77.58411165423166,31.9804775162949,133.56904060573436
184.51330394392573,75.01560460217446,32.791888229516886,134.63571693747937
183.20176289251748,72.71786779018387,33.07966368789366,135.88890349786192
182.31874081544206,69.9045521129467,32.5648652993962,136.52735040027937
180.37335531669063,70.3233745544606,32.251303468377344,136.37820091481933
179.82436003952867,72.29740776123197,32.02373321451951,136.03731128197728
181.28091494616731,74.33059843175133,31.80469397886367,134.18185957312545
184.811001082086,75.65597400019003,32.6597491202038,130.7621219727013
189.24221700413392,78.31858932194902,32.20099807749955,130.206346285238
191.36774605216806,75.13994469540889,31.00052024456911,132.43447704146158
192.41093913290285,73.46276631397059,30.971184549636945,133.39678282281656
193.51049480538123,73.27715397301377,30.635217602415814,134.46455823162077
193.41788952266614,73.77211009400122,30.355082397725372,134.3924277598752
194.1819944246967,77.0461004456881,29.885843283437787,134.54774896308714
194.73639122341774,77.23510055924837,29.990643288176198,134.7238413220071
196.2004565954152,78.91237706347425,30.08791795113318,135.11583791987857
194.26187393305128,80.81273971045843,30.84148350817609,134.90611294443744
192.56163724172444,81.05899846417944,31.168454588659955,135.68790686029712
192.01029012444766,80.12033127934944,31.7048526033878,137.8000301693139
189.97071719424338,76.79274327919131,32.61807224576355,138.5802309651624
187.3036119448522,77.20981747543584,33.251131373543664,136.86749550554612
185.08332465730308,79.84698354687636,33.19813514404598,136.81934057824125
187.19370213049683,81.60786586116497,32.62293354810707,136.3158333291959
186.72402427440792,80.97139091739153,31.900664828674785,135.17447896030356
185.68178255204455,81.13489816498088,31.38967212288884,132.99005772970463
186.58607622790237,83.2154554453297,31.17316584111948,133.20507422674626
187.58524196276528,83.26717952547563,30.823384524172305,134.2302241604409
188.4867595901493,82.57206296151247,30.731885438456388,134.48324334297843
190.07700683229223,83.23432569161626,30.45347554317506,134.29259110702927
187.08192113740517,83.88709324001152,31.576875711788254,132.42607211398325
178.0142251180824,86.38068846754484,30.981051319769747,133.8880069488336
180.322779737535,84.86222099423819,30.196803027519806,134.59979164405837
173.47566872752404,81.40835639100672,30.95638797783959,137.1170007546961
174.7124141611889,76.78940260174592,31.49368507437707,138.22744689980706
172.3363130104885,75.8770438126843,32.679934597915306,138.64329139672301
170.78540882453234,74.59335987593272,33.46596757538795,140.2646945165984
172.6179850566806,69.4675013555362,34.361916547706436,140.9013955738099
176.00156604375522,66.82941234863009,34.37221276447513,141.8983501455445
179.5624232334933,66.4937697394994,34.35173043684833,140.4640488350278
181.2674503444299,69.1368284367039,33.32120378379225,140.77382148578482
184.132859812717,72.0085679538921,33.31990373759895,136.34921001560977
187.70560450748965,74.22313657798887,33.1468073839423,133.53252229420303
190.8399055444359,75.18232905371599,33.22694159621311,132.37766139822975
193.2176990599242,73.31636471851677,33.016813358876675,132.52513577060878
192.58130939434983,71.40606724592533,33.39062691405876,133.49303310493656
191.45389825104888,69.67051732446151,33.577208319694506,134.51574270242656
190.46024745394396,71.30305009000043,33.4849353289434,136.262710157036
192.38005502749837,74.93905685939902,33.23259521006332,138.0120408031143
196.0336041660983,77.41038031899407,32.72724616229459,139.55809284327478
200.78368750764946,78.96112372010936,32.021021930669356,140.44009388551137
200.66547475594663,77.81552916619539,31.851644617922418,140.8158812961805
201.77205168177807,76.21176866309438,32.19859132167949,140.00044783842378
202.39519423459663,75.77431225573667,32.84125775603567,139.66835062239272
200.4427013828537,75.52023001017594,33.77992389851685,139.67142177740885
201.8599978464039,79.27690175789598,34.664496773418406,139.62052878627173
203.54931597682787,84.18495012208585,34.78596970827969,140.97869696572891
206.1775343258848,86.2096628566288,34.202708821933435,141.58044222723385
208.37219303474086,87.0115127065926,33.32269664294506,142.51119568091647
205.7459797768007,88.45438962845647,33.36062225474211,139.13887094247056
205.18162467071517,91.52722472900716,33.497393220258715,137.24619718607133
202.94220800093882,95.05523713907826,34.53435873144221,135.53845470311785
197.11518325902438,99.6205723507209,34.58220132135023,136.24065762425394
195.82392693739317,100.70213926967199,34.91656647697226,136.74888332538376
193.51403399447543,102.20108186626264,35.65774961965896,135.9311004805301
188.5737137466451,103.65227609449336,35.618118241845465,136.73679827628118
189.27556832173732,106.67007554438962,34.46525640148885,137.46779521694276
188.30430967964764,109.21562914552987,33.15297265074085,138.34891558805703
190.78099242305288,106.22322371436005,31.748784333730143,140.52805738110652
190.31382915913767,103.05304350147108,31.551925687572254,141.26142222430389
189.04520101124947,98.3469651890159,31.877773129817758,141.07631360568396
186.64210154409292,94.8043528653225,32.609391871564924,141.80205548787302
185.2331793700349,90.94435054119135,33.41518916729757,142.19971344881841
183.1228156183708,85.51744417056662,34.36406131631668,141.79853656604445
175.889117827428,81.73694397861284,35.183499096383386,141.68642503436362
177.67765191031933,81.93089749853462,34.84135763119282,142.40925174200237
176.21638884902515,85.00241223285363,35.21291534519658,140.10483029986887
176.07953480917797,83.74855272644,34.55986400306551,138.06878186045614
170.2899235270213,85.31395970023976,34.49804767272556,136.96851433962968
170.88194566784898,85.5962730222231,34.16614089707832,136.3286957210231
172.41633620858278,82.30669386454542,33.81541673280125,137.7788834133621
172.35118131251213,78.45723104793498,33.47465933477231,139.47940359004002
170.15264620832693,76.28355939020112,33.46035449736632,141.09219023055047
162.6739508103405,68.66979359402528,33.3620306861004,142.87481558816094
161.50444430909593,63.22670906903066,33.02855762177132,145.21940348428055
163.04098524853973,62.959262077014046,33.6594974351597,143.59500858510455
172.61692550122822,65.51880789704572,34.44071286178955,140.7465434899936
174.5095000060203,67.14013808892184,33.3145113200094,141.87549946976674
178.60000505268505,67.35532408872588,33.55834024645525,141.66599906768712
185.99148106889066,68.86928819664605,34.48064944451279,140.13824656633957
184.914294066813,67.53064757013053,34.51132855197014,142.28370770094335
182.22670406650488,67.1890327005791,35.037559120213324,142.8949790024842
182.13807678268776,64.82547296699633,34.9856485212311,143.64321115008494
182.25842563732147,64.97567562075409,34.55902978370727,144.95960281293685
183.55327303267615,67.67020946493335,33.817245039575354,147.52609914664254
185.26972168618624,71.56300580721222,33.853216226588984,148.1084912338133
188.3765594464947,74.37175464433335,34.55992558985271,145.12394601127698
188.04385958835792,78.10790742162885,35.238401911401496,142.30862907744404
190.46981528846575,77.34869335706844,35.34601800370907,140.90051754706474
193.56616414974116,79.31158836949893,35.39822861398295,139.87071789390785
194.77941414380487,79.53100280279997,35.43055564459331,140.6032081543886
194.83252216419496,82.06983507243459,35.47827028277682,140.20564977814428
191.81617517374224,84.53701470290707,34.788169254069174,141.17489120994833
194.48813040006377,84.03470271306142,33.37348210045262,142.56701195906788
194.97398747892038,83.52418172394898,32.1737717424163,142.43971311602658
198.10331353089606,85.25435294928512,31.746884813330677,144.05475337485748
200.05504428571518,85.87660641417123,32.679051336376745,143.21161962285206
201.09419822648255,89.3162956748225,33.63405672922555,142.11706594972458
200.39597332054112,91.11348659024637,34.95263276723555,140.7351849295
200.49394557305425,91.06351998540713,35.689267362341326,139.4269901160309
193.2115842820557,91.40020146316246,35.80842185962162,136.89194653365104
183.97670561235464,100.7446686463411,36.59441950969267,134.3944031585047
181.77618300407775,106.63087561356943,36.13143484190808,136.11710831889667
180.76889776463133,104.44670628861415,35.653658080352905,134.9458918960228
178.5022679371366,105.5059408057003,36.53987283826291,134.03398693064474
177.6427033172893,100.40401157129942,38.62731282748831,128.41707704312327
176.61409394217804,101.21451462074681,39.334220894460344,128.25332845346006
169.94225001877118,101.36720018221146,39.633306347170134,130.33856635648596
171.28534961721843,96.48949045740088,40.056822612006556,134.40693260252436
172.84478904823402,94.43098259154952,40.68000321919838,135.1574942097764
172.3440469768116,93.4383551582008,39.448246280805456,133.606084828961
165.40556320788903,98.86712693097245,37.67066326628242,134.55952970962622
164.32573155325775,94.97055331025189,37.2173140232836,134.34497698463667
164.36462162887827,94.94283473762721,37.235613608990604,131.35762276330888
163.31932973654258,98.90144016065985,38.153451927429685,127.3090678372723
162.54357770294268,99.21250145501295,37.91543394281826,127.30141310783428
160.51647093791306,98.75635404831156,37.9874299225998,127.13789188596635
152.22912993457967,93.24217184518432,38.16524417719135,126.50269733225991
155.0214071503552,92.16403431825773,37.68696816513494,127.0808813607606
159.4429707931277,96.17701986651136,35.683696073681745,129.9061323025224
162.8955127227989,95.5047774359073,34.197534638655725,133.10770227248753
165.49974479064915,97.75296891046949,33.19020756884273,136.04468037682994
167.69171283085356,98.66635488776049,33.1350611994324,136.06135598828035
169.97953869231102,100.65568275990077,33.6123012077797,135.3825664434932
169.4151718840427,100.82430162914224,34.73324911148187,133.90716013163075
160.52081961885412,106.65973935776512,35.669530927625644,134.73854488251487
161.2707132126577,100.67565637868825,35.590481006559,136.3037967934274
160.7282598060481,99.97458710798577,36.33019547678162,136.0868615862438
161.40304781589774,103.8182301808589,36.575213220433795,137.6949264689399
162.2278192346369,103.16711315835995,36.61103546378888,133.53271539980207
162.9227536437633,102.70660149915287,35.451356565007856,136.55790665644867
163.44873745042798,105.71136249160958,34.973781508822626,138.7709398320577
162.1045482393846,109.80876038130084,35.63712502642945,139.28827650659363
160.8029320418795,106.16404838098525,35.79338958124494,137.07856835085275
163.11582913542824,108.53824297667259,35.84648085404734,138.59105915291678
163.63245327653374,101.91510750496829,36.230617911573304,139.77586769398164
162.44008943375553,100.31455031601975,36.85221219049059,138.02232547092657
159.54080871167545,101.49309687838976,37.319272627570676,136.5921442366933
159.4061224864935,100.63031537298612,36.02939448474916,137.66705072618024
158.76395191660828,99.53958090355725,35.103153368202456,138.0579725325459
156.1393058302985,99.80754037421596,35.505665717518795,134.6832171597252
154.43105059518066,96.73737791133007,35.78823215317805,132.15326067527968
148.75682116014133,97.02310887729648,36.06774799957507,135.00441331777924
141.97629509842534,90.14901657235006,38.005285947592,131.97521984539668
