40.5,199.5,61,103
40.56391310541676,197.49540332801007,58.74585175814536,100.91824428544714
43.173070135746855,200.02363640811575,56.96788966052839,101.66388355202412
42.23378197056466,198.0621659166207,56.383924410692586,102.9758950458785
42.7970650820736,195.88299932683714,55.83962398195188,102.17956180164798
41.98192891372898,197.50877011237972,56.28805399152321,102.50766443374886
41.320604804337954,194.41675236426346,56.30584519469552,103.19837374284756
40.95731679256829,194.9033929014804,56.078474806625195,103.24341251361326
40.64758876155876,192.80662006177118,55.769676264304664,103.39788043424267
40.0078047399373,191.93709716932113,55.68611159232236,104.08247165409458
39.50769744516344,188.8359327446504,55.49938455818234,104.15464637059301
39.949487125867975,185.36388908408478,54.798977199208004,105.2102301402411
39.905995559157695,182.42748967368317,54.72019759523518,105.89072625718691
39.784033009740455,178.35055532715762,54.39942673974684,106.72731751874993
40.009994871328324,174.7384011740075,53.9406443617852,107.46981144058977
41.08223559071479,167.76338822591862,53.15502174678853,108.20218120120842
40.92206366038238,161.6836877400387,52.58272936792468,109.22029913768998
42.513299113933954,154.95410600257733,51.78836671430054,111.06885928009314
44.1365253704998,146.46127416029879,51.326392865567044,113.13618228166686
46.5411004040039,137.99740203889934,51.30598009561695,114.49937898570843
47.94723231630437,131.86204903162036,52.300033838841316,115.56256070064475
50.587721384003544,122.91531935803246,52.93332610444395,116.94380157247879
51.87582146902889,117.0375285783286,54.52780693414911,117.8941148442278
54.40046393368081,109.12998548484921,55.313090505364066,120.48222845123053
58.42596003428321,105.72052928348921,57.298888198263285,119.5187936516495
61.9963717336927,99.94611662020667,58.362208323614226,120.19684661645923
65.69047536671073,97.50477614287587,60.49074757857426,119.0662972473293
71.17233623951918,89.04749156110225,62.36473335248861,119.54411409154062
74.73541754736189,83.87358007533666,65.1753688325063,116.41398124489552
83.04156637287554,79.35827235564541,66.09448521346144,119.11876574784614
89.16091098266065,77.9046806697608,66.2996016884713,117.31473553090078
95.30548102619044,71.58703577331107,66.35860613266172,116.19905829804337
106.78200259661563,68.25567041592822,64.19456064195782,121.49307503785639
118.3095099478609,63.010111174216505,62.78871013929637,126.70356674744559
129.14944127008482,58.911096507314596,60.76467215610343,130.72319127320498
136.8873837807842,51.9843247007492,62.21382261138923,131.37700496690218
144.34590080185586,49.85555735119081,63.94596039846954,133.15078956111478
153.2540744662898,46.16634399733596,64.21755900771197,133.61083934621706
162.3143494524928,44.336161098688535,64.09299978847984,134.86255093056025
174.4406926843239,42.638665922230544,64.01915205467608,135.37528262983548
182.43966298719343,43.41014777620944,64.23290616634421,133.87920214359337
192.62733705630228,46.001902625337664,63.669857756520074,132.56721415668642
198.82094959454054,40.35865858916884,65.20060905943808,131.29939333772768
211.300104266243,45.92759749500051,64.77081648544231,128.12613563943714
218.60547367021297,43.80480336808935,63.95776902271721,129.2539072066292
225.60169994776538,43.028417829894366,64.41486423525157,130.27279411534798
232.63612423453762,41.66528832069969,65.01109859322567,132.63100926400352
240.14761381421144,41.51199749575976,65.24515087461286,132.6527258325731
246.61174861013254,43.213483983969695,64.9321509437204,132.07092676247953
252.12534557434884,44.088655325396715,63.632425505888385,133.3696139067434
257.82710243505085,45.057792390783604,63.19087829907174,133.94969443028177
263.02638433443235,46.99250319539405,62.27628704974717,135.18416037904427
266.9413462737059,48.29881470548355,62.71878882275045,134.18449173699332
270.9579764772042,49.9392864082578,62.3577782097601,134.00610098380383
274.32601501091926,51.48731859301708,61.8044880838584,135.56626277242736
278.7453081643711,53.25100026929127,61.52262918631741,135.04349136171248
282.48595681107065,56.04701342379073,60.78780663580774,134.8094877425329
287.6680605425969,58.804587222861414,60.286682058497504,133.8886928665595
289.8171124437624,61.79654554143667,60.20473569253732,132.89685262635112
293.56548630130675,68.8685249293157,59.729014111939584,132.56510107257793
298.2344126624522,72.7085521596688,59.72055286914086,131.97636283501626
301.01642737947753,79.26722409504437,60.10917207476918,129.1636244482739
306.0885684756912,85.19252775315522,59.66477334334034,130.07853913522604
310.88418142873576,89.08058088028278,60.52938850170442,129.90221296367355
314.23907213536614,93.92758334494003,61.03334982144534,129.77268881591422
319.52887519962337,97.97611845750367,61.47372412353394,128.44975418038655
324.3640254592864,103.69454332209895,61.597746571737105,129.73509721547822
327.7370443723012,109.07395507769743,61.67406163190739,129.73306958745997
334.82097174911985,112.47742913373614,61.60779608115102,125.67333650796009
335.59171412283996,123.79301742847555,61.54736552053179,128.45902049892558
343.37708618457026,125.21790714937333,61.572655447059034,130.43308835098378
348.5202389205027,132.06280389564853,61.768069945897196,130.74040903995194
350.61109716379724,138.54685513633052,61.32450214857822,129.8197184772281
354.8995711065808,145.1411283639145,60.88475938691236,129.3880651800191
358.0396660171626,152.75525325240613,60.33749688813657,129.01412257771847
360.8142890886728,158.33479614966862,60.205491364775575,126.94946579930678
364.2921216997137,164.94089133124726,59.36002511730311,126.11362965367877
366.92672605336514,172.51733688969313,59.46682062905539,126.0171912879467
366.75646049871233,177.74632161569113,59.67966544642793,124.47541198335061
368.2697233710455,184.37388771135699,59.15379320708703,123.44062624282459
369.03466743409393,187.54205008647273,58.99478556557106,120.49397091092808
368.9683599414723,192.92483612901816,58.64846989867282,118.5818391105662
369.93053957952736,198.42448298669837,58.668716926731314,116.03250991852124
369.4175015634306,201.985371254085,58.782993528077725,113.93473593578037
369.4590122474514,205.2048157620415,58.525758884722705,112.25328939423267
368.3819631776711,205.46077067421848,57.57033825788015,111.72056408751557
367.64326726906376,206.07860505269753,57.5939774381853,110.60444432188001
367.60269837505666,205.80150721890695,57.20648941247693,109.60989149626658
367.27674138831844,204.435099706745,56.21957236655182,108.20427878621544
366.6450942668831,203.32093362016883,56.15156968864608,108.47813567574505
367.37868047327777,201.23917348243117,55.421314592770415,107.46961405821504
367.3678718706729,200.41255870870913,55.426744284733005,108.09399626889001
368.1169823841494,196.55904142445564,54.86785657744396,107.98664113173899
368.6799327277343,193.91188955794323,55.115751161193955,109.2448525834223
369.10881910509465,190.1207996244583,55.435381379648376,108.06682336683502
371.61808964392264,186.47341904289408,55.946989761831176,107.56665884026623
372.7554713966427,183.8305830657628,55.83818704511792,110.69586264152889
373.91942435069626,178.40951369403132,56.641636184236724,111.08803113963054
373.72794888352985,175.02494642229615,57.26033725732924,111.67715679485622
374.7432854145912,168.51656042718656,57.287707675125915,112.9874859521286
376.18080671852715,162.83100473686773,57.25109666400999,115.42212348633072
375.3860806658793,156.76123653799533,57.38519789345112,118.59121520481531
374.8997184228742,148.29723142406036,57.92302507588017,121.60809452753388
372.65779423648934,146.10560164644096,58.83826182679315,123.9236219870543
372.41035338238805,137.09126167040566,59.39435659993458,125.41855140506726
369.63033168597644,133.09070072199324,60.3320197361049,127.7443722269104
366.12901640226545,129.9311775759579,61.05421378771878,129.49544919677652
363.06758749811934,124.70791794045009,60.990220094546174,130.84221127327308
357.82106576813095,121.66495064644761,61.71509033674949,131.82328603232907
354.0937122148471,119.45336106521421,61.8025455703009,132.23430155572726
348.88604466136155,117.11830833556297,62.1064524164688,133.8156154062193
341.6422653051835,113.68156252238404,62.50124818174229,132.1948109586636
333.4083314812528,112.86437115994198,63.11774978651299,131.12523326484654
327.9302886869428,115.50127328535316,63.82619095069448,132.38430026036207
320.5619391206757,113.04151337547145,64.39838698569446,130.6369885867478
312.45265595740847,111.9118667120951,65.24822753555655,129.67640228627272
303.4569181278027,111.75712914010025,65.72671987262454,129.4852321503781
298.13579220174097,115.5209554810443,67.77549066090529,130.93601593852173
289.4559020172894,115.53768490330938,66.7208575776599,134.3902251314061
285.6274493057493,113.50595425723733,67.304258075966,135.7213911488157
276.4980039956782,116.75932792674558,65.96977635113753,138.6139815783539
271.7485913687391,111.54677208725485,67.76500692041483,135.8014538301503
265.7681590354189,118.2708125412789,66.24330761458214,140.6064990665114
262.3085080611433,114.72003981902765,66.43962572600563,142.9973854839143
254.76251245413496,116.02511936326333,66.30512405824739,146.25959520800396
251.29148149777785,116.05782030815753,67.72948625248624,147.57314784797782
246.30666063970858,118.85212868156992,69.25181370623463,148.4662439192988
241.5112016529378,120.07563453650343,70.43778439889239,149.44571107219423
237.0826194650024,123.17669056740905,71.58270283360112,150.55502946463713
233.13618753297254,125.18342094928167,72.74325115734712,152.07710212908404
229.62596958533933,126.6032676627905,73.42871800888184,152.4502773925571
226.98535474060913,128.15962780603513,73.8345967461938,152.04318287854403
224.6286670242639,130.68436227739346,74.41636273903438,151.81395061871925
224.56550164646399,133.3503783158819,74.49762065969551,152.201532570673
224.42920667525726,135.7723724110375,74.34893450957964,152.1638292848418
224.46962525052137,140.15374548403477,74.21149900864572,151.68447413768757
225.34793270422568,143.772496268039,74.21092527040364,150.663422307228
227.31786886318974,149.44454309020324,73.87385165280818,151.4260667534146
230.1293445269536,151.07052017751448,73.51405530880102,150.64211823598816
233.52139898787345,152.43952113769294,73.16420007958823,149.30753676393448
237.94955240280558,150.15193533540122,73.01163813802967,147.60915404341415
244.8020144926253,152.4914967381286,73.38439740718174,144.93328422105262
247.51606194620314,153.76910949706678,73.10481820131994,141.12323787950686
252.56646579795432,153.45053526963852,72.85898810554464,137.23898206800595
259.50397883432925,153.0702092745718,71.99308583497988,134.59556725706824
265.00917102750464,153.27624437728468,70.73400988979117,135.16932616655643
269.7777240628312,153.70415363493711,70.0552135649266,135.06792161361574
276.9839898914764,154.72830155592862,68.87615663908153,132.947421002975
286.33133186512663,152.3663507188365,67.28667441297253,131.2036884761095
287.69967293193844,158.70044883495402,67.58377571517045,129.35212165366448
293.57522101789743,159.982017345488,66.60321215128471,129.3735087872596
298.48194208631037,160.89949486649175,66.34681309002025,128.33944329689163
303.2142942051665,161.0438814374147,65.27474419776703,126.51116562700008
308.8116172061507,162.47642021998595,64.53348831725862,121.98332339339294
310.19799154459287,166.24943592851125,63.23947043814186,122.34622418535726
315.7851044189472,168.03320588394268,62.37094880625451,118.50862656646936
316.28841296587655,171.61032736815048,61.763143380553416,117.8222380978707
317.8999805113492,172.26466628390293,60.98675153950122,116.62881229924182
322.294153436382,175.2695073922443,61.07320637150362,112.9224013761992
323.77055783494205,177.0975560677099,60.21690941520378,111.69766903839059
326.26149407414596,179.09370233041125,59.694954958951755,109.94063461540487
327.6371571130233,180.76930654928458,59.65150007985117,108.03687562338267
329.1902930509571,180.8204200482961,59.71473833009746,107.3330341501094
330.80668391266465,178.82675270316525,60.25543606835228,106.15865476337527
334.0488630942175,177.9490848636326,60.46777970872558,102.818439428494
335.32677430041514,180.80935469774832,59.88730171580969,103.24691852475843
339.5250416923114,177.76635056647802,59.93827383661929,100.44198993579758
340.6999553257476,178.60254759712004,59.34869797260169,101.94739080783262
345.3241653253891,175.36253794144827,59.05149848570889,99.53501223862195
349.2371046387614,175.01337277760294,58.551377839310945,99.4016701958788
353.0929527527303,172.63290082241224,58.03106974156113,97.76582789333904
354.3959929941377,175.6620856174694,58.02973393152163,101.11713580871793
360.1669830387052,171.22921008696787,58.02465531638559,100.49956377249197
364.97093878227713,169.39768221470987,58.40509088276967,98.72847263590444
369.05659287393974,167.48656556942868,58.886329582073785,96.58007146601761
371.57610819145714,171.6173308188188,59.12107881611858,98.96114102674662
376.45406499546567,168.9568999755362,59.41510436368011,98.01748063765879
379.45612702892896,171.93060176908295,59.71025474133369,101.03372298562383
384.7269907591325,167.16837941431373,60.23459688389289,98.89010167038202
387.1626823677487,170.15947839923047,60.35356152890415,102.93270304747239
391.9039940707472,165.64336391863844,61.00392514530699,102.57782129851242
390.89513321147854,174.8007940395299,60.18238509359597,106.51412644674413
398.81918431433934,163.33318533726293,60.234328282771784,105.74221532649776
403.9809362460488,159.4915718571379,59.980858446452395,103.38766724707503
408.59492875893625,156.03392878205278,59.82850360866581,100.97741190096836
409.56352405547966,160.1956093149169,59.27848845636732,103.00827122555998
415.3117475064038,153.9805918927739,58.95245361811776,100.8289625410984
420.9652977937601,150.20933633260034,58.23602839740898,97.7360109005202
421.90786706127057,146.84785481693154,58.744530142157906,94.77472977597405
424.0013589344437,149.1819305865503,59.109526414427336,95.51720512501167
429.9535936721084,143.671691759264,57.832991394969575,93.32071710423027
431.2502941252647,146.85151100957472,57.73663600562473,95.32669444833537
436.6679723074989,140.80127302675078,56.49562950230134,93.14709152604381
438.1046107672152,143.66199075582261,56.57291029160902,95.18640159326026
439.95733484441246,140.7244024000787,57.0852365283888,93.38778880355792
442.3572403103534,143.5936717680002,57.3527335455731,95.11036828899786
446.4791331263019,143.1380538979122,56.693573634653795,95.38863643788821
446.65719241089505,145.6060261134158,56.18436490140219,98.32589766865462
451.23300914149814,145.31279560603366,55.16845550788402,99.63847039349051
450.31121794143263,147.670071117303,54.685345088419666,102.28329150992884
454.99483350305,147.9165574413201,53.459150952489665,102.73748321860322
454.5536341050142,150.3062293408915,53.334129089496,104.65601253499992
457.96903663922734,148.67862222123023,52.12692164298745,107.9347688003803
458.0331604887257,148.05492220216297,52.17924138736158,109.43063552392911
460.8011714742121,143.9263592918721,52.43379587436611,109.97575048406776
461.12669891433643,139.19715557390228,52.46573011460083,110.13525159371346
461.99369707678176,135.11072793462466,51.87789439227968,110.69105002565004
461.20697898951255,128.895449946668,52.56729754250704,107.69758618802572
460.6650718592312,126.7243118976974,52.29491134645043,106.77601684224138
460.51762281427517,120.28198592631344,52.56775169075687,108.15657561484329
459.84410006512616,115.68452106526289,53.15334069949185,109.5615244485777
456.97483436581547,111.06831358237085,53.628219296599525,110.72104245696431
453.63884147955565,104.62502187612445,53.852812128598,111.99755659455477
450.69841229680924,96.37655024038742,54.18548991395164,112.62990159179787
447.9188631588419,87.44623136325339,53.89545898990472,115.01094130071682
441.5072150577327,75.36956100710779,55.3372816508633,110.08834855658712
430.36627840216124,73.44886704681056,57.38856986373962,106.16736207608902
421.4209034965011,70.98444870502826,58.68972960242797,104.57765456257113
409.87440342394615,67.2858137450457,59.33046877646861,104.48777047557823
397.92093351209826,61.60453986777451,60.149083099676034,102.22763947340674
386.0578689680866,55.80049364763548,59.39220475666912,102.79549544060131
371.2360048121868,50.46827922141673,59.68176703758494,102.18732125806567
354.31582397389116,49.77073739270039,59.997077597232916,101.07901388804778
341.2946863817345,45.61478579072282,60.11165464617017,100.36180904451757
325.21265347156526,80.33426539684139,59.689500678911,97.46663492749528
316.8438135627558,81.69333976507428,59.719966141061185,97.40790405869001
308.1166588553022,84.25045899632354,59.72195164239416,97.40445489520272
301.5093641782513,86.9238003735339,59.72221795267276,97.40398119000687
300.5582306282453,82.2094149231426,59.721827543834586,97.40421281466641
315.0652810058127,82.35720619484292,59.72201092261094,97.40398925692823
320.57382107018833,83.3316775161293,59.722547065832366,97.40334721440735
323.9941295190169,84.2873548856457,59.72281056215716,97.4030120390495
325.65809926085814,84.97893116670225,59.723102889998096,97.4026352604752
325.4489413450591,86.39635899007413,59.723281946102624,97.40240414261633
326.0669130013118,87.84417297818322,59.72351488596233,97.40210588021954
327.55945621951383,89.35789532247931,59.723622178958905,97.40196631781757
329.5374439550358,91.21339004916722,59.723713077925225,97.40184784565818
330.30988912228685,92.01269663021988,59.72375487042211,97.40178965238678
331.5683209509868,92.59029661469029,59.72379437502482,97.40173449412252
332.18176388740886,93.67995174597841,59.72383661707174,97.40167518712795
333.413749289608,95.41521864045464,59.723866752996265,97.40163399957015
334.3852026420643,97.7121085985276,59.723889077548385,97.40160169923844
334.8238865102736,99.90995260274744,59.72394772700928,97.40151782440473
335.5310806363824,102.42102565471178,59.72397674163743,97.40147789113033
338.2691408531124,105.74991263376776,59.72400300617555,97.40144404913777
338.76910038989035,108.50488334952988,59.724068495016525,97.40135884167358
340.3423837327017,110.79754169346302,59.72410849312493,97.40130540606562
341.9106500381532,112.53263664843615,59.72418162181549,97.40120779271966
342.20579142238864,114.47899471363627,59.72421270517791,97.4011651547511
341.26610667834257,116.43820595721031,59.724258233919514,97.40110290090988
340.88125036297254,118.37659827556884,59.72431951130032,97.40101866549898
341.0826302223257,120.29088444138006,59.724367445544345,97.4009516115102
340.83550194616686,122.11225435224942,59.724460961515575,97.40082543913977
339.1907427765938,124.06760399592177,59.72450219075261,97.40076996778933
338.38509619663915,125.67499684025954,59.72455365239678,97.40070166726687
338.7451645307828,127.2666567989065,59.72468976357425,97.40051868997541
338.2972207278087,126.34259483007125,59.72470865089835,97.40048319523471
337.2651266969433,127.35112238915093,59.724764499036624,97.40040634093032
336.4669296392186,127.50720376171343,59.724788632720255,97.40036051675335
336.3551381140786,128.8726500446207,59.724850062965004,97.40027716266975
337.232377782775,129.62386185137518,59.72489245313421,97.4002198535584
337.5333181142984,130.62222353562126,59.724927984049444,97.40017185718993
338.3002335506185,129.73317234642153,59.72494086713142,97.40014871106855
338.22599972114426,130.5269209511079,59.7249842136075,97.40008972744195
338.1137226512934,129.3678759767938,59.72500633023695,97.40005109025469
338.3064651217296,130.05467944975032,59.72503818190033,97.4000077916119
338.6342204025562,129.03377087196446,59.72505014555775,97.39998510915565
338.98958520329495,129.81150017946487,59.725095442609195,97.39992328942762
338.6473906603439,128.51674107161568,59.725111745804114,97.39989363258269
338.4461792609796,127.07919762469109,59.725125050609584,97.39986846969968
338.350953972975,128.28708941277486,59.725160959489216,97.39981966144596
338.29406840558016,127.12303365578393,59.725171011987285,97.39980140705627
337.8926949547853,127.97157025887091,59.72523527540865,97.3997151145633
339.1890461743956,128.9933812366911,59.725263835181,97.3996763136013
338.43404380618296,129.87955427875266,59.725296714535375,97.39963106890231
338.59023176103136,128.6595120016699,59.725305678467166,97.39961423795123
338.75689149221813,129.0393190399654,59.72533502676641,97.39957499189234
337.535897189742,129.53548864062404,59.72537092633533,97.39952598937798
337.26513601303594,130.7526949629528,59.72541571875047,97.399465265802
336.8212479914622,129.7859517176912,59.72543088428871,97.39943680366557
337.15021068699474,130.92221441198964,59.72546525245896,97.39939023396217
337.0895267482174,129.3612398200827,59.72548439134336,97.39935660489456
337.85173263917386,130.41871457947911,59.72551194429983,97.39931959601992
337.6692291398491,129.47182149696349,59.72552444684215,97.39929632329945
338.15892775133995,130.0673576840986,59.7255567668789,97.39925218637204
338.6040498581411,128.89830952328265,59.72556895815329,97.39922923958657
338.49288705802746,129.36975384753893,59.72561593360754,97.39916447794536
338.75441968758076,129.9900562519913,59.7256490836768,97.39911984302898
338.2255070196512,129.34037719344397,59.725662801684564,97.39909455825291
337.72559244862794,129.89135212968893,59.7256906656169,97.39905611135352
337.705456594904,128.64483941525128,59.72570246418003,97.39903430283258
337.9117954510634,129.33117644821442,59.72573011370421,97.39899738957808
337.65783943287175,130.10846061338887,59.725765217466545,97.39895014306097
337.77159840522177,129.63539066930008,59.725777081645504,97.398929595562
337.71822362996835,128.9950911151448,59.72578942080562,97.39890693682851
337.86903619057426,129.67442645311255,59.725830142126945,97.39885118246279
337.2513832853999,130.34289889486377,59.72586557150181,97.39880224164837
337.77071950904013,129.17908126045228,59.72588357202872,97.3987690820503
337.18407400132253,130.02039188371108,59.725926534866886,97.39871042517807
337.7845604482059,129.29375685132317,59.72593847672477,97.39868800090207
337.5204971658565,130.2150038005983,59.725963716388506,97.39865342337382
337.76869101501575,129.04494557441416,59.7259822752226,97.39861880419372
337.83539856800513,130.3582303357524,59.72601702171042,97.39857039205188
338.07424658699045,129.54009964540265,59.72602974066344,97.39854789823966
338.13135492698217,130.38528861709767,59.72606685731708,97.39849652631415
338.6716728327768,129.55954582786623,59.726081136899104,97.39847043561808
337.51043299021313,130.06840735136987,59.726128304021,97.39840717197417
337.7481732240025,129.14237609477084,59.72614785384678,97.39837300834573
337.5955673722699,129.74870825002264,59.72617915670207,97.3983305058942
338.21991030518507,130.82022966759243,59.72621286389267,97.3982846971981
338.5341240358331,131.6242826843038,59.72623973017996,97.39824844126409
339.2202646769691,132.40507433949273,59.726269443963425,97.39820847633756
339.1025445073708,131.3083232394086,59.72628501125519,97.39818250115181
338.8358306177523,130.9548053613347,59.726298605444995,97.39815958916301
337.9625883813957,130.25051738167684,59.72631560703555,97.3981311650101
338.55008616516363,129.26963157908307,59.72633477376777,97.39809635368613
338.64999472101135,129.8830972096215,59.726370605492804,97.39804790797032
337.95165094681937,128.98016312688813,59.726387454757166,97.3980174070552
337.7524506756204,129.8144631545801,59.72643331780903,97.39795520681956
338.1969411910177,128.97732750533174,59.7264484708867,97.39792798045974
338.9612171693174,129.73506227484881,59.72647717987563,97.39788889186502
338.39764195439506,130.08039298091614,59.7265203471089,97.39783061674667
337.8717270634415,130.50559290291795,59.72654868591614,97.3977921199415
337.5379937022765,129.68799411067255,59.72656086751655,97.39776953441125
338.08022212794316,130.99574030748266,59.726597653268136,97.39771989362922
338.788526491437,130.03612784442979,59.72661275707578,97.39769254331434
338.88055882917376,129.37271199771226,59.72662975522445,97.39766070945142
337.8015979225897,129.88527304858366,59.72667316949731,97.39760176479024
338.31342597946247,128.75166165600126,59.726688563587146,97.3975721047341
338.478865302866,129.35292185709685,59.7267307918526,97.39751497177663
337.7784899058101,129.9444101911378,59.72676909588258,97.39746245511532
337.5966802020869,129.01592414577695,59.72677775885266,97.39744599660452
338.2601784685307,130.23516097160268,59.72681283836131,97.39739812429572
337.77263064345203,129.2364432089363,59.72682394529043,97.39737817191397
337.37532151077835,129.86069506545272,59.726867532693596,97.39731889686175
338.07710398836855,128.7394506752663,59.72687930919507,97.3972978353156
338.21562009534125,129.33597792796118,59.72692584299901,97.39723542110478
337.7134677010867,128.54426461704517,59.72693647447986,97.39721554025124
338.41886834401663,128.96583655731934,59.72697176603547,97.39716833319152
338.618170731582,127.93661677121993,59.72698181472298,97.39714981556185
338.3233681153354,128.54804922466064,59.72702546560443,97.39709076633879
338.0722548392494,129.11614197123356,59.72707299117278,97.39702666544301
338.18026801987145,129.72679556174998,59.72711793758786,97.3969653693055
338.30837837175955,130.33899209748031,59.727147615281424,97.39692501524445
338.5805127003594,129.22442611402195,59.727162824963976,97.39689643490472
339.2597945947765,129.92490741914116,59.72720871249093,97.3968339501698
338.9476640583714,129.0989319715707,59.72722420129,97.39680706782967
337.87410099590807,129.63343888695215,59.727249639189694,97.39677261958171
337.6277853180917,130.5081931984717,59.72727843787851,97.39673375362273
338.1671643393204,129.5938403233091,59.7273109408848,97.39667578057445
337.6332890725372,130.3936772773344,59.727356796869394,97.3966124396168
337.9454359048734,129.50514043203134,59.727376903921645,97.39657579201183
338.1199674257874,130.43156855612688,59.72740974307883,97.39653099954742
338.5725683291064,129.2419771325283,59.72742111364507,97.39651052719499
338.72381459741956,130.0184366167145,59.7274550212154,97.3964638589706
338.503699281942,128.8873688745132,59.72747527996105,97.3964278364915
338.3180390965292,127.47117182331213,59.727491705006685,97.39639825191242
338.12163374172525,128.40732807974422,59.72753379317001,97.39634034910986
337.70225392500697,128.79002096407643,59.72755778655759,97.39630814089314
337.7449732767014,129.35679140296492,59.72757947033899,97.39627868718081
338.6025382912913,130.09008749843485,59.72760134717275,97.39624888656842
338.36822835616715,129.4504256663167,59.72761376192902,97.39622715762387
338.25110448936164,128.69781389167434,59.72763444916954,97.39619059700713
338.82483187838915,129.32255973932092,59.72767577535487,97.39613480335586
338.0796242087895,129.8297919696691,59.72771178105812,97.39608703730059
338.41445124953145,129.27394945583004,59.72772196329945,97.39606866913522
337.64700846918174,129.8382606914373,59.72775656898947,97.39602104609571
337.4518106390482,129.04133438244884,59.72776713795181,97.39600195138806
337.71928352833305,129.6050883066926,59.7277958152155,97.39596340412425
336.71236940809234,130.26444794279007,59.7278353555931,97.3959097555942
337.22073033546127,129.13980055428306,59.727856922409835,97.39587091253682
337.72664855162293,129.96578357904133,59.727898384488036,97.39581588329918
337.53859253821776,128.92732966137305,59.727914222276375,97.3957874736711
338.06609313238056,129.76099066251658,59.727966387260345,97.39571789276316
338.52031775560573,130.38587407383181,59.72801429552272,97.39565292769953
338.3691628583393,128.88549945156998,59.72803916387952,97.39560752309905
337.8031762397595,129.24800665325137,59.72809194415274,97.39553580390985
337.7506680475748,130.0050114132095,59.728132583440306,97.39548020817267
338.50443487784605,130.58644244616886,59.7281746732487,97.39542405713281
339.14565402207205,130.23564201386267,59.72818443815673,97.3954063695372
338.63047276674723,129.60700467641442,59.72819817103542,97.39538221726238
338.65762865628255,129.07232303249504,59.72821189060524,97.3953569963045
336.91753442747284,129.8802153445873,59.72824726442339,97.395309452694
336.972382894791,128.86678185552603,59.728259704393714,97.3952868682097
337.0742261265469,129.80188856197617,59.72830725133992,97.39522294852692
337.0120171344025,130.8341524537966,59.72834513883552,97.39517141648822
337.4061620332452,128.76452370425415,59.728361637021834,97.39514192063902
338.58112248232777,128.28618945622924,59.728373409449986,97.39511950921052
338.6921244176879,128.62868192628255,59.728418134277426,97.39505952924031
337.7236646197432,129.25279003616401,59.72846095633263,97.39500200279096
337.7587078495207,127.71048098016823,59.728477821727374,97.3949712672026
338.4330448158487,128.79155461950802,59.72852551249205,97.39490618380502
338.57625897276966,129.70040195915638,59.72856650917215,97.39485061698082
338.66189326104785,130.15051847976636,59.72859874617159,97.39480596220115
338.3027190643032,130.01611269146375,59.72861693517406,97.39477308332579
338.60012892202616,129.67978349728767,59.728629878495816,97.39475067648522
338.8655004980406,130.49544465542544,59.728679618446115,97.39468255637665
338.4615363288936,129.94114565327527,59.7286996005504,97.39464704245803
338.7313472887178,128.61100945299273,59.72871220667783,97.39462443341009
338.3859366106414,127.93589283080783,59.728726875952425,97.39459765847748
338.1083045201615,127.16411255338795,59.728741306298126,97.39457136315094
338.0390148105138,128.10839567830604,59.72878710356709,97.39450902242578
338.1960653885708,126.86469515582404,59.728801471745065,97.39448283274012
338.0885597912851,126.1214672096819,59.728818414588424,97.39444847539062
237.46744125440813,111.3656346782026,59.25764606451425,103.29226389845664
250.83312138607982,109.40017862077579,59.16563097023821,101.98555661328584
260.6172560015411,112.06405790349469,58.907830413021756,101.52418779928237
270.2234082354622,114.49852553979474,58.30096036290406,101.1148868307289
277.9052512536565,117.80145268681056,58.813819278908085,98.92412786598192
286.86626292790964,123.45900698658826,58.26158696128558,97.8024244177937
293.2128299717272,133.13901558317383,58.590635338250074,99.74858245655619
292.8986441071018,159.79005239205136,58.64573460084141,101.3701385995433
300.4575161542838,150.6790788292704,58.26192204792024,106.53139293793478
301.5990195050888,165.61625921142712,58.188998115704216,108.82938401077959
305.4001647226566,164.8822328033119,57.23748978887543,113.04339348632703
307.2200381730262,165.85947326318382,56.83555946032556,116.43762882558589
306.11723086419755,167.9801444057543,58.77540149688242,117.90087924521785
305.30372237413354,171.26556372696604,59.26686750121082,118.36438766013691
303.92950014286663,172.1848696986759,60.41018868226584,115.7230320433926
300.280876942769,177.22171690252986,60.652415703798994,114.87880884234973
297.9981463238484,179.13692383504858,60.54235890575147,111.90131807253859
294.3501134875117,181.68982063021772,60.11098660540241,109.54176247544062
291.6956375181061,186.03819287603272,59.75081727880226,108.86315496196005
287.8167013746266,185.8736864726375,59.73412529955652,106.52297664669544
285.590007390565,187.31885664183747,59.64540520875018,104.40308970175484
282.6348312309789,187.05475976085523,58.520774369810894,102.92096232343
279.71775210954286,187.85586729072776,58.198563403393294,101.04757786943023
277.23970316021973,191.15570098228693,57.459623460242724,100.98134916886806
275.0170649751296,190.26523799432618,57.11448168238226,100.96871285173691
272.96303219496974,192.34298364729847,56.356574723781065,102.46616229591442
271.4396153807853,192.76655718303618,56.09780174852743,103.36648488805898
269.77876725511794,194.19314497631882,55.713187489226804,103.46058279430676
267.90171526319455,194.6483928009402,55.5948885666558,103.61898165056479
266.5473751225478,196.22736906418726,55.41447711783147,102.45465691070706
264.7136271504915,198.62517734445098,55.22685526409248,100.74974622176165
263.21574842713864,200.8494889757685,55.06464728912154,99.14332133101377
262.42463691771843,203.91394467173546,55.46508985046535,96.21979872348847
260.48246851437915,205.7343313370299,55.24355402607087,94.07410860575209
259.31046428815614,207.69045794060614,55.72905699107495,91.36225336689182
258.6596204104644,210.47467003591436,56.16561497760998,89.0243365500852
257.71109690674433,212.55634050264825,55.916289905200834,86.93641504258173
255.5090671156291,213.66071663341108,55.48551586545254,84.8718440921866
255.4422144486424,214.50123288334294,56.125614035996726,82.79227517841491
254.67395232390163,216.84696743156422,56.75443971379627,79.94157823391936
252.96416143416752,218.60480298765393,56.91162897235992,77.22547231777723
252.5617744394791,220.2565769566283,56.38414735985384,75.82868268823916
250.1953369065231,221.9207953717498,56.09663429939255,74.54497246817989
250.17491645002372,222.57985195015215,55.34763344126554,73.32523171118211
250.7597281328205,224.55357605211245,54.79250010786805,72.09770342722918
249.82135127791122,226.06783974347422,53.11207365144209,71.54350003246648
249.1974910084383,226.455641792651,52.14756756113067,71.37436169100607
249.0275088208064,226.15845113035823,51.683501816021746,70.3645884287996
248.62868621789124,225.96813798752822,50.97424766501003,69.9657678145687
247.45755634309646,225.456906755464,49.93006046177976,70.43805771132963
247.16249188242833,222.2757953282564,49.290571906652694,69.87385987711565
247.81046290668584,220.23378594792965,48.16346987903269,70.60186200187441
247.0288053698461,213.4458043399698,46.02935362679966,73.10722947652208
247.981900152735,208.5749552301785,44.76575994820606,78.21313114916867
248.9088675929748,197.82801266697507,44.54246736261016,79.9210894567279
244.46189952808845,192.41871024431714,42.796976307324286,87.35941738363252
252.12936836110177,187.22333401574795,42.13259661706665,89.32177170844666
246.62332525129193,165.09187121482645,42.251871061478795,90.65571552928378
254.55763544872912,158.9466186137729,41.759910059915015,93.31597647632499
251.78873920405593,143.02631364846124,43.239855049413954,90.85469508004401
251.70559547437597,136.13557381964716,45.07763937690744,87.71639972851686
252.64108666353786,129.21742236981285,47.42624194044765,84.92083998780465
249.40329351434127,126.06975606936282,47.96094889390067,86.32690132939682
253.61241391740595,117.55039270232803,49.528529811709305,84.41828232982385
256.81617312478335,113.6986996059788,51.71253838212297,81.475294773743
260.34891638920055,112.82037800521057,53.273457569230885,80.3052664703051
263.37794298292135,110.9342299206055,54.52787624839703,80.44603712300524
266.80744147017515,105.57545266915815,55.567443135736276,78.06310105583157
270.43785058253866,105.57705661522343,55.897730372129885,78.29753448333355
275.66133516130395,104.09903948579955,55.94672335754366,78.50874981632376
279.18055395352303,146.62425862832302,55.27224699289309,82.85281989309323
287.93701908336914,150.77666676515278,55.091983130295546,83.11547130894786
287.9734822255217,156.89739471873347,55.00239993498987,83.24239690203062
289.431209014862,165.33247517593247,54.95984421969732,83.2947995404891
287.4029067976339,200.48027938730198,54.717787422158935,82.72392256306256
288.9377858556854,194.75996320352073,54.716887691142055,82.7247613438941
293.1183442391189,189.17331230905341,54.71466145772216,82.72450012928866
292.80972756400087,218.75654073993786,56.113746457242705,79.20850255707059
295.46321435579955,211.37699783487392,56.105764553790536,79.20920556995728
293.6578985046256,241.57588954841316,57.344489498783695,76.36546114434363
295.4766789848697,233.6788893041381,57.33528785607508,76.36549343221014
291.2615339071424,262.776042140179,58.260145882623455,74.28065812756
290.2947688029241,256.8875728118572,58.22728333555156,74.28185997542671
283.08379526651487,289.4418679268965,59.820359635054615,70.94888543748672
280.8774257243166,289.9382413216424,59.815155718657685,70.94921902557367
280.89761746991877,321.5418388369036,60.44698554341713,68.71893744719972
285.5374807680952,321.30639762457747,60.412010877301064,68.68967872805322
287.73778976065046,318.95809551357434,60.36947327930604,68.57187321724084
217.1379074115613,237.56110552395222,61.93552520892968,70.80109489570384
216.6753733233531,277.8362594162741,62.59031618321668,71.49471411301315
211.92444076263573,313.6439582902387,65.53822527285212,67.27410701449807
212.50146821401364,311.89422867428846,65.53814335345656,67.27418351209988
213.38486423443592,308.98264804255,65.53810963532776,67.27421369113465
214.19739714846742,305.6358198169725,65.53808338474889,67.27423229438925
214.16456644431423,308.3656406696475,65.53810733866473,67.27419675969354
213.62549181592814,311.0191964232532,65.53815805989922,67.27412165232337
214.74695815417903,313.03642409996263,65.53810882722986,67.27416260627759
215.82240427176703,312.2112190559568,65.53802588007876,67.27423833607396
216.61045913657173,310.9248327521494,65.53798026027158,67.27427730301788
217.61212301810994,308.71274488929055,65.53795435609715,67.27429922395659
217.9903609812933,305.43356596831126,65.53791394322685,67.27433129839812
218.53474023077277,302.52961853514256,65.53782474434722,67.27439583102576
218.82307795957107,297.3152828928668,65.53774161291487,67.27445536020629
217.835736520032,291.3601357731514,65.5375635853921,67.2745456659212
217.96178174322262,286.14627540187007,65.5374641129603,67.27449770120849
216.19695740378634,280.9802079078785,65.53718887596978,67.27459571714581
215.33859592947468,280.2928260165048,65.53669509447532,67.27488557048792
214.96153508190562,279.37506926338165,65.53594256018226,67.27535969952172
215.68845393089438,278.98051175108134,65.53519481467363,67.2757863624776
215.80230681390293,278.8289009836261,65.53430488329798,67.27630523205904
216.7480849858864,279.5979667370419,65.53407484758144,67.2764178534547
216.7844669743227,280.1196007863918,65.53382535255139,67.27650831913171
216.9851464017475,280.01345015658546,65.5336493280355,67.27658499094622
216.36114874599164,279.7413933526738,65.5334413619593,67.27668968811356
217.50337025233767,279.5478001998515,65.53306431110505,67.27685880330178
217.4518830433206,279.86306275336244,65.53267873931723,67.27699387255713
216.78317288493196,280.05365818958916,65.5324693802294,67.27709388292955
216.16102050738965,280.29930954484917,65.53228756495572,67.2771675724034
216.5397181356468,280.1083508717375,65.5320446870005,67.27729672444714
216.58340194581882,279.9336922985522,65.53180642113342,67.27741260882055
216.7492998296046,279.7323106832913,65.53159555417942,67.2775098666327
216.87068755995338,280.2414160656795,65.53122477790629,67.277676644352
216.28978253663416,280.21930239339014,65.5309943525141,67.27778328976353
216.33648504489867,280.17847335566563,65.53075655157076,67.27789229443702
216.26722579973614,280.6114427055141,65.5304965788898,67.2780297661383
215.97390492447687,281.22463182238084,65.53023845281379,67.27815526222498
215.322309399537,281.47611126781845,65.53001015111577,67.27829181936696
215.15086660724862,281.24690474467656,65.5297219337936,67.2784776782556
215.13800920550455,281.0280921745017,65.52947091255848,67.27866912877266
215.08967164565553,280.2413357464287,65.52918928001591,67.27883036329078
214.66164140385357,280.2012914537012,65.52890357364407,67.27902775136252
214.81889820412306,280.94420990786597,65.52858864587657,67.27928984777843
214.99660768278366,279.95946955471635,65.52836199221288,67.27942820311787
215.15028157102637,280.0831563178139,65.52808575250687,67.27963784268753
215.1979000063872,280.11926274744013,65.52789427698069,67.27976197009606
215.25611522076298,279.9245681621888,65.52767042713948,67.27994064822617
216.03697956034,279.0105189457124,65.52743252214012,67.28014034041047
217.9140344122415,279.0059634116873,65.52705478435573,67.2802991437868
217.2590153746095,278.76260213080883,65.5268523524939,67.28034089986059
217.23586196879776,279.25234534498287,65.52662641771296,67.28043320495674
216.5519382911132,280.5583897346843,65.52608965023359,67.28059618412927
216.3129373931418,280.888567150802,65.52581698156916,67.28077096538877
215.52682481928815,281.04240305848356,65.5255874383432,67.28092736777045
215.10258702962125,280.8919181968895,65.52531594307297,67.2811339607706
214.9090640203637,280.23503045201755,65.52506760953352,67.28128804872763
214.38878083141486,280.8253974484278,65.52452573681322,67.28172881100369
214.69932681630888,281.7880382146729,65.52412005967346,67.28210478927083
215.0689116793092,281.12038477521685,65.52383728607303,67.28233164060273
214.7686271494158,280.838047146372,65.52342254735595,67.28263507402784
214.88878375593902,281.10149117950147,65.52320493479532,67.28279583398661
214.8646002201637,281.0681304921749,65.52300138831252,67.28295638144415
215.14117811290654,281.01800074710155,65.52280766756991,67.28308246000454
215.03674005645982,280.6201011994644,65.52251559964004,67.28326480932999
214.48183632877937,281.2265966590379,65.52231469604554,67.28339041678674
214.51525323196066,281.7500227163376,65.52204185098908,67.28360952067798
214.6314623037161,281.8399626799473,65.52181373531118,67.28378646344224
214.7801983576298,281.560653739354,65.52160027277984,67.28392980391833
214.67076712699838,281.4758954396815,65.5213943707338,67.28407041740257
214.8980528833911,281.6525773349866,65.5211310995541,67.28428811492485
215.02749182614582,281.38892082293603,65.52090008966454,67.28446451516653
214.90619795407378,281.72634444949165,65.52067062563779,67.28463479774173
214.6234010344479,281.5525867173702,65.5202485657081,67.28495269952849
215.03844735061304,281.98736825617345,65.52007688092961,67.28509363002446
214.03404080213127,281.43412918298304,65.51970657106331,67.28536059094989
214.22864684421143,281.56194028312694,65.51947797498588,67.28552150151916
213.9272140655915,281.3306618106874,65.5192311326476,67.28570659042404
214.3308746107583,281.63822008897864,65.51901135161351,67.28589670927569
214.28850627504548,281.74322243471556,65.51863193464881,67.28618854435312
214.21329046781165,281.4371623987329,65.51838902719336,67.28636113945453
214.09348171791544,280.7156797806142,65.5180346955449,67.28661085006479
214.3950263758925,281.3263004602185,65.5176746405122,67.28690338539519
214.36791165511048,281.7221118536109,65.5173758158848,67.28713670870627
214.36538016372737,282.00597689364156,65.51710190399731,67.28732391599465
214.76824928221427,281.0227365025677,65.51683776952059,67.28746773258149
214.53206585795152,281.0053070885828,65.51664927870966,67.28760738023553
214.36584503834166,281.1536460588369,65.51640085779071,67.28778187936933
214.16450269764346,281.55522690816457,65.5161406465422,67.28798094092588
214.26330298124583,282.27678404840447,65.51590187643181,67.28817215284718
214.02573395778003,281.4687443924105,65.51539998405524,67.28855718039611
214.21102062985472,281.84601587483314,65.51512270094487,67.28879397162
214.47681463566846,281.94887748846475,65.51486223496019,67.28900412150351
214.87967478021892,280.9120101535813,65.51451239587915,67.28929561690816
214.65974474706184,279.7508614259302,65.51420029656106,67.2895124600277
215.36459433760035,280.92470661801667,65.51381968180632,67.28986527920866
215.39276155905682,279.9620924769724,65.51354346318402,67.29005593884555
215.9197429653749,279.5334016113373,65.5133254434861,67.29023341167371
217.08748398908224,278.83721570984227,65.51310974777122,67.29036290223243
218.04353535152603,278.92155716716917,65.51296380999307,67.29046441224125
217.86713050931664,279.06484657519667,65.5128719164623,67.29049980559978
217.7922744521509,279.39140446544275,65.51276835219727,67.2905597963441
217.77271801387724,280.16304884003296,65.51269089540804,67.29059814028805
215.96510037556257,279.9458102365649,65.51258236290954,67.29066647390444
216.07013439579455,279.56767560530477,65.51247977499743,67.29074752259956
217.14966938899775,280.25438354211843,65.51234295128025,67.29085738768832
288.4341944617036,215.94616925197846,61.47176570625911,78.35610036005814
290.84692223789057,220.64536951934224,59.85844999877961,84.68457226948338
293.12855093417073,217.43285304718736,59.55728853441149,86.00818385759196
296.16344355694724,215.5101627722799,59.370735405557596,88.3707103987323
299.02841239852256,213.9366734209732,59.2980795980174,90.91773741687075
301.6118368340093,211.26880216033453,59.280112162438186,93.27677009546622
303.9857359954491,209.34060561160973,59.23476125395674,94.64371536080826
307.5246519826268,199.7699737136059,59.33184602383356,95.23558264192333
309.9907094547406,198.33883741935165,59.64075128224265,97.64197479711085
311.7816229623073,195.72224258808762,59.80322105627857,100.43568987696678
313.48335579137967,194.1383685570762,60.04883376727448,102.27141741782567
316.12642718362895,185.19032252453053,60.85369487758185,102.30975572925487
317.5562980401844,185.7453749842153,61.452110465420034,103.10398964655532
318.21685690756857,185.2131436741147,61.94208081582622,104.98677868038791
319.22373381347484,184.71624914159804,62.37325278907837,106.64741974279674
317.80914248378247,192.264656014869,62.26404710083742,109.06191848099603
318.5881271066397,188.9309266624435,62.403284590733875,110.07101718142194
318.37280770573057,187.30402472282142,62.492311560171856,110.29681188441184
310.1252932335317,199.70378636002,62.84687953655202,113.10516061929204
310.63162930741163,185.71820107204815,63.426889511976334,112.81809335649065
300.6034331699445,242.3332778615328,69.36049717234765,105.34730867400573
296.7908227594119,235.1325664067019,69.35465882364353,105.3508052531011
293.29954705059333,232.20019164410337,69.33249384494884,105.36667353363876
288.22959818383015,231.12576668302097,69.31601187876825,105.37665750808011
283.2151150039363,227.24946753304056,69.30261602542113,105.39370588128318
279.02133738906053,220.7044799761202,69.30125047117612,105.39543560327816
275.1080804644029,208.94644162956672,69.29615221035338,105.40184585351406
245.6970923348826,263.4188167251624,67.74187343399362,103.55958894845554
241.52798669168735,260.4188741074802,67.74086562706141,103.55932588746367
240.1651898497222,260.07907681152517,67.74032811020132,103.5596692257688
240.82460093445374,260.7761782453057,67.73980165797758,103.56007437899024
241.58608567488096,265.9905203531688,67.73865880199344,103.56094128783683
242.7513504878015,275.3484450978251,67.7370607462055,103.56180093548704
241.62647821456957,283.0298148436141,67.72277269035915,103.56936555157522
239.79879944199308,287.2410971130415,67.71834520323976,103.57221986648011
165.16983326233034,222.04007200773538,67.91937753815121,112.74079534564706
155.08492040356822,228.64745347752282,67.98142470648114,116.89479919074012
155.7010285586066,221.1740660830231,67.92607492777644,117.5218794606966
147.26383125207462,239.27425932814108,67.51845469403864,119.42860204028484
149.56359693070857,228.21709414650277,67.22574468305365,120.7583903198212
149.9370507113483,234.95453623710512,67.03333162193447,121.8264109924373
150.30724760413912,241.18554178576966,66.82450654238842,123.16196630898764
149.90509805305464,245.94883047260754,66.55763233427754,125.63191851447449
150.1259895979095,251.17289041010815,66.3598412453861,129.0833900853961
150.19576646317282,248.08364934871022,66.60005660169719,130.64136830575666
150.96598780121724,246.475796653246,67.92918751874802,129.818279179168
160.34239128324498,261.1622069616782,67.92408601428721,131.89234081022852
157.02251774590934,257.54253712369825,68.49434313305642,131.51500701664483
164.80715621233327,261.6439082208228,68.309863296461,131.97334613648266
160.61546759185438,257.7460573184141,69.00521029449882,131.0713827267615
168.40457512981664,268.517831252693,69.60026830512219,131.04670044353094
167.56865063310306,267.9672616363729,69.76210467190138,131.07853079917982
176.46373027843174,264.2449659821218,69.95821056373919,131.04955033033826
174.7063958626505,265.89960971934204,70.52724812966136,130.535412897478
176.721571915487,266.77623446922667,70.72731422924957,130.693305389324
182.84383978721013,258.8170645349261,70.93824952462168,130.17205289647495
184.5322865166648,263.2054425643536,71.03055739208259,130.29429223709508
186.11608614616716,263.4916363592131,71.0977045892241,130.341187906291
195.33047894460185,262.21033807955337,71.2573169720911,130.29509420376962
196.4021831431717,259.86257061958327,71.25954561032125,130.29877750780412
206.24514068811757,262.3317465351919,71.25635261210432,130.5276305334594
214.1196680745879,255.58824376796136,71.68960603618513,130.770539311939
216.2210938425347,262.0907748817478,71.80211886110082,132.38356103822352
227.09882192439736,257.80776634775737,71.74286783653571,133.4306100008882
237.0861256013566,253.38976238142538,71.60981321699224,134.5415407813
239.9189728768239,249.2454720123585,72.36178319395074,134.46992159115007
253.10898564693233,254.3228364754151,71.93741561271821,137.37925669091578
265.4577277337883,248.97611363677532,71.71036372050035,138.87739559024126
276.6371024712392,251.1071018767009,71.98656488341604,139.08834286603582
287.2810331415782,246.9562937057092,72.90702797511108,139.1637657799797
299.53177787454894,246.73882265907218,74.29434389857383,137.49292989435662
313.56104786891547,248.57466669033778,74.71705658012888,136.22590754036727
327.8165292141565,250.30693640875862,75.00419150012044,135.4784198479867
341.2218156849246,250.50850336960397,74.98932435387238,134.7677213696973
355.55302166938463,252.0511876047243,75.50908706756942,134.0451019991881
369.7776918400787,252.42520226989492,75.47972009959437,134.06893612938762
383.83949809249043,250.40226356943847,75.07956111649945,134.30969640002098
397.3512621106244,246.43802100808495,75.00538534463576,134.53010361516579
409.53952341309224,241.95575879704546,74.6020034562529,134.32245549085803
421.71371899925504,238.63968375946914,75.0298135320962,133.53477381323358
434.38436396637735,237.41832374040777,75.3806260301026,132.42547854679088
445.40813580352835,230.6304034519361,74.68002335006321,132.0474960341346
454.2207061913767,228.7560711894551,74.00177817373182,132.1227880520013
456.9048186419308,226.90863692193844,73.96628595008342,132.21494824734344
465.71995845192185,220.27429346164948,73.85363786086296,131.9723074243911
467.51413217488584,218.9508942182469,73.79365316594208,132.00287423127986
472.6906707240002,215.1348980356776,73.63830041005949,132.19096601124392
471.7410384893443,209.7644865572737,73.47333992095146,132.4744887818945
471.6631714366925,204.1375447086337,73.4345454912467,132.52594842979707
470.1083727112274,201.19761117850072,73.42488859151463,132.53225172358353
467.03987049768193,198.9765646820406,73.41652921092738,132.52581594987169
463.78960182534956,191.6866088463648,73.41586683330208,132.5230125867384
461.15186865005757,193.53783820237652,73.4164894911065,132.52184686635317
466.27503248657007,197.8013482619858,73.41710624557179,132.52091927643147
472.4886819399407,202.90681355022076,73.41771337520744,132.51998683075985
474.7162815286147,208.02846132287445,73.41797283891177,132.51957401402916
476.4074613469804,210.29139763697924,73.41933336171087,132.51765768464767
478.4937387220498,215.3938494895355,73.4206420225218,132.51566535648828
480.91059687325173,219.7108844784695,73.4209787596688,132.51509738515105
484.6092229469914,224.03444548755618,73.42134395227734,132.51441587295918
488.35196451097045,227.98768563058607,73.4217526433194,132.51377026173458
494.5423789043471,237.18206622667134,73.42170884496944,132.51369048130724
500.85521567162857,248.59858640652504,73.42090847172248,132.51455438795725
505.30031708533915,257.7393698485,73.41736812751658,132.5190974283237
507.6506881878377,254.73564922085285,73.4144737656896,132.5230534808287
508.32112668278654,255.17128968097472,73.40870434071812,132.53134232949063
507.7091119811589,255.85996528428117,73.40600876171176,132.5345745283724
508.04831413273246,254.97807325022043,73.4012529351653,132.54072276466098
506.8968616326848,256.8958310798269,73.39879141914736,132.54363536434388
507.0576752624485,258.2422786370143,73.39446585019834,132.54918866954006
507.0934606584781,256.9959901809275,73.39155338023511,132.5525695196257
507.428903269242,256.702651873386,73.3868245698782,132.55864229674174
507.7548654779977,256.51018577865284,73.37880126206223,132.56881871624006
507.43011669231157,257.4598901813163,73.37201187855474,132.57689527678065
507.82232081272946,256.2429208035373,73.36790520861135,132.58199148778309
506.8100401425099,257.7076876857079,73.36430573857992,132.58653546315736
507.41872362161547,255.1129714001516,73.36009631496802,132.59140678167606
507.775006928885,255.05133961824768,73.3556328803607,132.59769042610986
507.78149806073304,255.47594170774244,73.35136814055221,132.60353293663073
508.0089859472625,254.45196023287173,73.34810929716757,132.60781641058784
507.1690205286259,256.22104658092394,73.34558316422587,132.61105606799902
506.9348511179884,258.11871699311735,73.33932530629016,132.61886470535836
507.78714917762375,256.1518566570609,73.33240739537064,132.62818051792848
508.55986216511656,256.92107621893985,73.32665856348194,132.63594763005622
507.6042891959017,257.3278023386275,73.32164141502048,132.64238612821435
507.85989445169736,254.6221019500007,73.31840707778369,132.64664426630787
506.9242385993884,255.60368416594844,73.31599026868396,132.64952449879536
507.2925411023319,256.3431212700632,73.31168995506539,132.65514843376192
507.2297204890679,256.9945219314478,73.30795003158603,132.65971074033385
507.16514156824206,258.2808083251594,73.30361506072349,132.66546417819143
507.0048871480378,257.8026855769949,73.29842606187182,132.6709684430789
506.9286053066736,257.5915853433448,73.29395339542297,132.6763611694524
507.21906998412385,256.80512005390847,73.28927393800251,132.6823384468953
507.14326938866196,258.80416055117985,73.28288145464792,132.69081968532376
506.9146369031063,257.82046832821106,73.27915364245118,132.69480889333866
507.05316881700764,256.4792515432108,73.27308406065453,132.70230831455066
506.90920912464884,257.9683972653663,73.2689537989946,132.70758410809364
506.9759252976788,257.130501652725,73.26332655182588,132.71476797921213
506.8113435259407,258.02740825705615,73.25886552374035,132.72052616547023
507.9103208051449,255.67284869059415,73.2521190894927,132.72906422463322
506.44345573121143,257.2803675874853,73.24751286498419,132.73502734065633
346.99457134393316,184.5585793942414,70.92314418836882,133.8857265298784
341.92598880126695,183.4172155506944,69.24907861421636,131.79010729695898
338.4937944229676,182.75367661614146,68.22469583684907,129.21755724209942
333.80159779016157,180.81888952277893,68.08393498869154,126.68932287703613
328.6309091206135,182.1280209342863,67.18889646475054,127.40194689484173
322.95065007153534,179.26973533023545,66.5159606215617,125.40961335974883
317.1893226375926,178.6000068022142,64.34115722223518,123.94811202078705
309.87162884904586,177.8210993363772,62.970004500866864,122.99668441782367
303.5910499929723,174.6497017916793,62.280382107423186,120.43017107368671
295.4085814756364,173.8891727289428,61.42029205774428,118.3873032176381
290.6081258901151,167.79972064696474,60.8289100616727,117.19094607483152
284.4965546787043,165.9826294672946,59.66002176855196,117.20526873873725
278.3182234940626,157.76153384883202,59.77222593928802,117.13799952644365
273.58612011690536,151.84087599910296,59.17452015698136,118.17879432899014
268.7377288708074,147.62015215884068,58.80599026361817,118.91027296578301
262.0824941239269,145.4653179321793,56.90338793425903,121.92307035301236
259.78726152895837,137.69700164706728,56.00965979915334,124.39610715144681
252.5309829023718,128.02887223102633,57.62626578126941,119.48920192102874
245.52283092853648,124.77864159337346,58.301280208676374,117.4787894017788
238.9664113337048,119.08751140250469,58.308830892785494,115.90118802814524
232.84811584333227,114.38451988731222,59.109360014399755,113.65965766894277
225.2123795293963,114.57161989694941,59.4858064353015,114.02340988202923
223.10842114555163,112.44267303810568,59.49784946565559,118.82676567161229
210.24209230833935,104.86277655056159,61.23546624652543,119.00099918319948
200.1244154400006,101.45494231288657,61.459944281298654,119.11169205353856
196.3797075913934,98.73503149296295,62.515630806760086,121.83031728034562
183.88798915922195,93.11144926198386,61.988693601889196,122.20834111730379
174.28087598681736,89.65344063080627,62.20242785075109,121.25149508696491
163.85301576626978,84.77318606061931,63.13398447348686,119.31680426090817
153.68252303280556,84.26262629335093,63.21207626365746,117.80933383153193
143.9267071059216,83.31709883271598,64.51542755407095,114.96969064412875
142.4716944849609,127.64260734878016,64.96798905468985,113.32466268670744
139.7790551737988,126.80840762386879,64.95253515977159,113.34684157168796
136.35949202658247,120.7183264996184,64.94005985355724,113.3632426812727
96.30830090988641,97.77621647721078,65.79487586380486,110.71594188258209
88.1014805341276,102.72730146394224,67.33219673006857,108.37858123147636
79.63566671890109,108.07089962084507,68.98432816758945,104.65876210349221
70.04752249808863,120.29978800874404,69.35745117342339,105.7105258855556
60.26015186851133,120.8274515618265,69.80220471590317,105.96427496938547
50.629160318356455,119.66281708857939,70.67314510686234,104.9740451384902
41.25765638224557,123.7812345818474,71.41724970454797,104.02466380338241
32.75653285592934,128.5337914754371,71.58256934324,104.26311462191583
26.210772167813055,139.35672497290597,70.66679987932365,110.64054398317936
25.37348431513672,141.1919758319179,69.86805271632915,113.83397296736493
25.314207883181695,161.1908171225769,68.92386322775354,114.85868265899612
23.767500594605792,155.19564923765296,67.28780850558894,117.64044127277711
20.866865000493164,162.71893529908823,66.87346537496654,117.93674463055847
10.000868372404838,159.36790635886697,67.18486727677308,116.7946038072351
20.872607666603386,177.55154899937745,66.70311316042188,118.10060496420243
17.834246670312808,177.91300429801922,66.32829802073985,116.67093378161083
17.833375293560252,185.06736479150777,66.83833833684415,115.16206135115225
23.797456499966202,192.52318747228253,67.1093746468716,114.6280157057893
22.662967403376754,196.92830553312155,66.88744469414596,110.68701748389148
23.895194287427223,202.3717519871199,67.01584399535044,107.12031929711672
29.018724297040528,207.57928031340583,65.45245878844072,104.97389839436173
34.15220467468545,209.87214132317615,62.91158369599268,103.24768298187678
38.08826010084031,214.24920158574116,61.368806149041845,100.04808449425289
43.28038743334613,216.6113347584954,60.31865602199407,97.98201602853565
45.565442520615655,218.990412489532,59.46770235113239,96.7584701226606
48.870354466529,219.2440486844941,58.62918592772,95.3619073999422
51.083263205123814,219.04864777442032,58.28920152319273,93.47054464642028
53.199036689129755,220.28172341285642,58.018073256352714,92.83554950415348
55.399399168048575,219.95635419744679,57.31774602838874,92.2670885159512
55.91449393339572,220.25603873766113,57.11881646359106,92.26360369903793
57.307853419114934,220.22461167241153,57.1228146170916,91.12904700762249
58.058756080560656,222.7646449810382,56.360714260745254,91.0410005205266
57.47236524327744,223.0402863015715,55.71138659369029,90.45045074181331
58.35324466265653,223.76904238331764,55.82456481242723,89.01938511450444
57.64305299618856,227.1089887787333,55.76749336383089,88.43836260107784
57.46837458556974,227.7557228186546,54.662101077707675,89.3258759188641
55.70988638716173,229.68039010027803,55.077085105825574,87.62623603678483
55.274351701083646,232.28717483539427,54.91611280908983,86.47125507134359
52.04278854755057,231.3253424724461,54.12859633966672,85.49428264742912
52.300439431807824,236.80414535130677,54.85070940803577,84.10030222540118
48.231259109404014,235.7928995160384,54.71731006596595,82.3199655840177
48.707794424229355,241.67966921042614,55.085032468961444,82.57206096086726
47.92567092975818,237.92501093248305,54.87251256165593,80.45392180538869
46.48341719457632,240.02985421382215,54.5367634650183,82.53838988672297
42.520214019836224,236.518701743956,54.676014186294154,80.77288450083265
41.87661521102214,234.13707937503688,53.79615572024312,79.9444706464468
40.63245299983285,235.4058305132652,53.181426811246574,82.71943594506345
39.27465271395725,232.94834382118603,52.48842085376194,81.35689773254202
37.023118894826965,234.13313359384634,52.36533931447124,84.14912190960302
36.314293930755056,231.97421265693407,52.194903472008065,82.90128089539652
35.01872122820829,233.56260074542712,52.105079161983184,83.43048907242965
32.6785248437396,231.6449301591054,51.99586345237442,81.82929822450421
31.012906316638816,233.55728791725141,51.960310927184516,82.9867776087249
28.925142027956674,231.09730618271726,52.00435928756882,81.09465640295795
26.781402539756797,234.30327244466423,53.01388201663886,80.76949822827666
25.41841060758953,231.67446981245513,53.26869593239552,79.48104865260697
20.404542752173626,233.90261201035855,53.75829039261697,80.0125624707589
21.39888821555845,230.79820327916883,54.098336247921296,79.73921078183221
17.006355203286496,232.7311929252233,54.10893671155212,82.55591734177406
17.386765581892977,230.41435313351172,53.795753869950424,81.96013334792664
13.068711378853003,232.61656704248358,54.033968370390724,86.33260677510015
12.664010092150654,228.6954777274214,55.37705561472056,84.62067297083726
9.048189057506228,231.16129715412887,55.9111755206183,89.02225173827199
8.966394254525966,228.82803312112583,57.09366075264694,87.43037411885328
5.061495418908649,232.3910445904322,57.62652427700047,90.99191221539677
6.459885971653627,230.5937185617231,58.192928815660295,88.76250192540283
2.684067960420766,234.8449236901217,58.25613719911845,90.89221943044646
4.963633661916532,232.91505797821452,58.75554375617941,89.0753465833258
2.1038631994824364,241.4179543607957,58.139824766649404,94.4660420078607
7.238134741306119,236.01173525486544,58.39826208308749,95.21314780700146
3.229919337150232,243.6521354209957,58.16818047837436,103.31669348304175
1.7411061735517315,241.73272837162972,58.466338650664134,105.09074689680668
8.277201383457786,242.17395973802124,59.28821027308835,105.35194101388475
4.51577212462055,244.78818569533365,59.627793567984504,107.49892683577116
6.350274066296851,241.07619202029423,61.430131771423895,103.90590921911416
4.476637431355513,248.75621981400218,61.550618332474784,108.72144414683495
11.02849817919223,244.75573539190322,61.305352494760335,108.57851021240742
11.142347217538369,247.5106621609508,61.28440844686521,111.88519071667068
11.296476240511538,248.02875988850244,61.541818447393325,109.05714386023834
12.20317235094539,251.20653389087008,61.400952824502305,110.7390390165138
13.38905646102219,251.92734738975446,61.67010905808406,109.43211198922884
14.061519233453598,253.62857990194064,61.50758767372081,108.58569106657153
16.517408943023227,256.05598788633137,61.49691890369044,110.21934279111895
16.80827831368728,254.51256470670774,61.04300838785577,109.51452097371518
19.006845657975063,256.0707792909261,61.22974124917644,111.0996036651722
18.28546322725025,253.4993247753404,61.07548405404648,108.58130788143278
18.408508820038506,255.74861307546556,61.1905431928146,106.91266587819784
18.551710450430885,256.9576519589668,61.08482572042286,105.82491240337829
20.4203384747662,261.9632828434504,60.84854480374076,108.13246777308305
21.165910054584202,256.8992083447105,61.134321009033954,105.87920044976208
22.437980963624742,270.6444441043308,61.10819386037121,109.18384726243056
19.475393384686875,264.7043322593032,61.44162316482287,109.1074240332352
21.725641719709483,262.72561892911153,61.68988051928327,108.12683904734786
24.22157283213432,268.6405797775844,61.760411006073,108.76631203424009
24.145161614996315,266.8637102514639,61.88962252808562,108.7966860657291
26.63534060744475,272.6941366594653,61.95344016803616,110.09625767294403
26.89697424772687,269.06938736649334,62.02652457061172,110.32584830753294
28.349867256016935,274.3582259607036,62.166662502319554,111.6147263330407
30.639926775794283,269.95984523779725,62.25562372018063,111.70973416252042
29.870716336889352,270.8518255867063,62.41503988111732,111.63738485481613
40.11203377416216,275.5363563040588,62.13863707749457,112.5138745294251
38.50990650752671,271.52361773060915,62.30433956494331,113.38147375426625
39.054614738129764,276.67364881340797,62.27920587866244,114.23619579124436
39.29827675983253,272.4696046527843,62.51491264084468,114.6591857505226
45.94314966278412,269.63929324143857,62.79360059653818,114.84060725638062
43.45382678867239,269.56348705892015,63.213467581944265,115.33619698333499
49.405258529309734,267.6921635899544,63.57008553072328,115.4159725604876
50.39203607997083,271.28537718304085,63.04345297006576,117.3775127128767
51.28174315363766,263.9389302677484,63.244081280312656,117.13039170428934
61.53809391533508,268.729727684312,62.665831813802576,119.10032484815181
59.816130691750445,263.26490777710853,62.62939918351824,119.22470686531751
59.380086457371405,261.8439176558659,62.76036183020907,119.18828034472602
60.30734484295152,257.8162398926276,62.91084994186132,119.07446263054103
60.69116492333278,252.05610797787648,63.10714360659167,118.69448556191097
69.1799432369849,252.89160560042785,63.54018764151888,118.21500218623875
69.84463974425347,250.43140582313558,63.622643410474765,118.16277982309869
71.33215759393673,246.07143369414422,63.73922100380234,118.08935383419417
71.96458031081133,239.1196937075208,64.03056212686927,117.43910475012896
73.54419689272625,232.1341216277795,64.4478911292534,116.39788642944802
76.25670374576804,236.3575229567567,64.79320546806119,115.88595925977488
88.18914029820228,243.46141885281057,64.83628753287044,116.00696099336297
87.498680391129,238.12519693195728,64.85996106730052,115.98911724504266
99.42008118587215,244.23431739425484,64.84914495144702,116.39247265681229
99.61774286571699,236.62474306172362,64.86867999257902,116.41194099350561
100.56466296325463,232.29578274730486,65.00580369520881,116.22422716189391
102.75193051779719,221.54848019474474,65.32102593323063,115.60163523027094
105.31618386283186,221.88940783793947,66.70600229064664,113.68765823787257
110.45825905156985,221.64445334703447,67.28541163607103,112.83161232466308
117.2864763485079,222.50411404649054,67.85123847102794,112.04523182607667
121.47107568028892,223.84438984974827,68.29083859744397,111.45904748526253
126.99537931298948,225.40897140423309,68.47601314661802,111.22517451263018
148.64491308326083,244.93564093933077,67.85104075988392,113.76251461113603
150.0301286644093,238.06411568045962,67.94761804523412,113.93333383615371
151.60593400521438,228.62688749741784,68.08473178607875,113.71507207784757
163.5974350001558,248.7132915930946,68.41336004521935,116.03649987892571
164.56964045755058,233.58619652974153,69.15161590899427,115.7943425782637
174.62374268404815,232.91822633620944,69.28019162262508,115.86655875744977
185.08279060825916,238.2814356586632,69.3075513253505,116.702802237176
187.59585137507887,231.69026286420288,69.32385590102508,116.86627461137499
189.31963086584705,225.10269263537333,69.32961599221211,116.99900040381189
191.11741584578806,216.46809058312803,69.35928278197915,116.98924714135914
193.2323919971332,210.5217840108699,69.36609443345145,116.93021729576307
204.73036639383594,212.168989645465,69.19064124551468,117.47766036045049
205.73267946130704,204.66069086747362,69.1668112092816,117.32661436937514
210.72502259504878,207.58657929078575,69.1603706769666,117.39287922883608
213.0715425971923,202.98515900500055,69.18593237632335,117.19450806182004
222.7232926864731,205.60340908986797,69.30696031971003,117.44947059960477
223.6167288747165,199.36857455815547,69.47087989821736,117.05208472375972
233.04850981484475,201.9998387895407,69.83230314064154,117.35981392471608
242.14851205987736,210.98360557343415,69.79640311224628,118.19052674059618
240.41517973905653,198.80081793904523,69.91268113432005,118.25509759958395
244.48717578114207,199.26334523021453,69.96396626419923,118.55638700661763
249.19885409864264,200.37878238848913,69.97473648314096,119.23358015489694
250.91369683958402,197.47437902365584,70.22061076039826,119.55261980997854
256.7317157517821,203.09735751812937,69.84651675314086,121.87339236662473
259.19325823300255,199.47030376458514,69.76569072090618,124.62369709737654
262.9866651594594,200.6493727783618,69.36949156830983,126.94789635391133
263.98058662332915,196.43633142581578,69.37563918107477,127.49801870896677
266.54029539632444,196.0158391659571,69.11126170847895,128.65769504859037
266.2294051793108,192.65217477593913,69.12832184803077,128.8340976201302
268.17151941358054,192.87050492870094,68.89278455685941,130.2809976144799
266.39388273222755,188.85716120366158,68.9747255144751,130.21955602097955
263.8770110203224,187.08354331340882,69.72060520690107,128.8945259857502
265.2017231514004,186.5385048212152,70.03457129508678,128.56287805463296
262.8536012794333,185.95673443348204,70.76555286441476,127.51811609381694
264.893435197036,185.82220102478027,70.98331316031287,127.58712007004353
263.4339908569383,182.36929982897368,71.26754612647322,127.23909155192769
262.9667539629776,182.42094060009808,71.62562547565103,126.96890596254735
261.5899184246139,180.0630217035985,72.07272173090625,126.55537306615443
263.4306552576587,178.5489029737244,72.24304445344278,126.78450559693225
263.6818601096267,176.56317624811493,72.39127803859593,127.05206204879207
264.2521167988624,173.51090715040516,72.4207343380497,127.13807893531269
263.6668141937733,170.38218880116773,72.46462329208622,127.21686525460665
263.25189270348653,167.90608600831308,72.51771844989821,127.33781063600078
263.01289110380213,162.95965701762606,72.60583139572316,127.50045068372005
263.0382392857037,159.92130121744972,72.7262212389522,127.69029619139083
277.86780719827664,184.81048346402486,72.78784003721944,127.93418282739094
278.7224335142296,170.49995222711385,72.7756663485661,128.00458039947955
280.7895730647221,170.58284302209609,72.69342353298146,128.27533181356054
283.2209464911132,173.78259997627796,72.6197019869009,128.7315241201016
284.82451282842374,161.7646121060375,72.58277156752885,128.86798280125635
293.0828080179294,182.96669469932385,72.49597168534373,128.67940523065047
294.5760826999694,172.55985654874894,72.47031213754795,128.73170228985688
298.3284105048413,178.3797238852538,72.42103172235362,128.83722308712305
300.6800809937448,171.03088426883522,72.4004800702608,128.87559102540456
304.90429704727336,164.9970959233682,72.37056507593556,128.9358711541438
309.1752753700231,176.90817220598984,72.31841460566812,128.96412142093175
313.5339698743006,172.38900323028815,72.28514005328972,128.9947632206017
315.86092845127433,172.01542806557097,72.26309316911772,129.0191090036799
319.02301962182736,171.87640286900927,72.25439058341324,129.0287473730206
321.50614245903665,174.06669150084673,72.249074302763,129.03241121347162
323.18339920730534,177.3970335045744,72.24643968768008,129.03174994161196
325.1457158127938,178.81246589772667,72.24090652286095,129.0268121744267
327.05246418553276,176.27928199598077,72.21578300927095,129.00081995823467
327.7679100764025,182.15197393444333,72.18418619995117,128.82981695594336
329.87166979778544,176.63612016359247,72.17612487943865,128.81129637874855
330.7963257625801,174.5894592642332,72.16569813795206,128.7890452480848
331.03314656825535,172.78778709223167,72.16099702304638,128.77418237582503
331.23536573281444,171.85758204295414,72.15919203309483,128.76880520669516
331.4737270001565,168.8424139057759,72.1572135501055,128.76284654391785
331.1623939829781,166.72435855706988,72.15568830028272,128.7566710360381
331.91973431717975,163.2519164486934,72.15390202389287,128.7524218566424
331.0416738582389,161.01815081527496,72.15271255130223,128.74886995926417
331.22392723753546,158.7120384930069,72.15209173183027,128.74804128196197
331.21548394947666,155.19739695529938,72.15126066337567,128.74688593422022
330.1477040376896,153.0461354552182,72.14871557133085,128.74778034475247
329.7659943031679,148.21509438617554,72.14651701411775,128.75074859886564
328.7380682029684,143.84413169385397,72.14493179462535,128.75399695866744
328.56902535501865,136.7850797282417,72.14088522018864,128.763346731872
328.00353249198173,132.63117239076126,72.13913915095159,128.76772131283872
327.12144223176534,129.3397268525385,72.13672251962801,128.7746136061727
326.3940044066033,126.15030271309453,72.13561774983948,128.77721352538043
326.2640687509614,124.20734867255892,72.1336564662518,128.78209200058618
325.6415464811248,124.10985119892264,72.13223711108095,128.78614241033833
324.04853594907,122.90264789043826,72.13178575926644,128.78815140424496
323.3090018203032,122.19692850207817,72.12987552787799,128.79332420692035
323.1480694211809,121.29873958678814,72.12766885919982,128.79826667659188
322.2359971504515,120.70087546749629,72.12529987183473,128.80384167401806
321.1569423245967,121.23484530259411,72.12481658416755,128.80577068763742
319.99425752092907,120.7706445082173,72.12348598093152,128.80954622401143
319.49422849104576,119.67134877527114,72.12218624689008,128.8130948413167
319.6614447385902,119.44582718374161,72.11821364455106,128.82001341514382
320.2967651000951,118.040121512158,72.11501955869485,128.82513365494802
320.7190687209467,117.84998497367235,72.11194132871795,128.83020315225508
321.00063183017284,117.23292532063499,72.10825101429177,128.8355934487015
321.2384219199273,115.92446636207383,72.10475616169292,128.84066730301865
320.66957573625626,115.13904102212952,72.10349853876244,128.842830782361
320.9141683185263,113.89242202987207,72.10158453410958,128.8457957680661
318.53377302422547,113.30488586254825,72.10070024172994,128.84795729319683
316.887760273089,111.36035273422931,72.10031870817525,128.85058017329357
326.2364345569084,128.8911181567782,71.92253381546314,128.68031138263916
326.1813076537202,128.09932329857955,71.81138268194965,128.54413829691242
325.3721278171811,128.19541401177216,71.70283450571605,128.41887546715253
324.56104236425864,128.49464734997883,71.66731643622678,128.45145419183552
322.1442625548566,130.06139934070535,71.59733830478676,128.62585540752602
320.9797107622638,132.3802514033078,71.52131174203835,129.14192077542418
319.2103013822083,133.17445758291512,71.32587494985755,130.49107970336468
317.14474396338625,134.52088264601656,71.1677389368241,131.68036353788568
316.21935781838397,138.42082033924262,71.19429092710784,133.13693975818404
315.16831349942527,142.03055230834568,71.32353150727845,134.55661785641593
314.79871196933607,144.02306217269728,71.27842529945912,135.9944558890958
314.02654740826773,147.59409855688318,71.1510593084137,136.9412102539027
311.80270630650944,151.09205978071495,71.04525039636015,138.507627588954
313.1755177584571,153.834381782937,70.67137951616172,140.17467978964908
313.0885840729414,156.13394894255998,70.28028551338716,141.20191590039573
315.4455606949483,159.0117256922145,69.653881478968,142.19691457851593
317.8657490255853,162.4786736160881,69.32923329135751,143.11113226760347
320.4485116930601,165.7985493396089,69.37778924379185,142.65050517587798
324.27734176918193,168.47846213849004,70.53000362615506,140.56566036157824
330.06416215014826,167.2751364276969,71.5156070201062,136.37814264330245
329.2117520595697,174.05454687360705,72.45281581687163,137.38002407539574
337.88694290857705,173.49461538689383,72.86633487569284,135.83650928698137
337.9309536367648,180.28324101507138,72.83516457164792,135.8434197890491
343.858091162376,176.22501710726627,72.70456620194412,135.98662627546622
349.3513982493544,174.41188889745777,72.66695429391746,136.04655416954
353.75273693799494,179.4741118430691,72.6358890839948,136.08911858562936
362.5947985405814,174.58233133953217,72.63565717520858,136.0915201917633
371.7708584403884,172.1116451754478,72.63580750193735,136.0909517354777
380.65168948873077,171.47110861822603,72.63583554502316,136.09083660033318
389.610687149489,173.63648894947067,72.635807066158,136.09085596714078
397.7368230349924,174.05078415618874,72.6353911453709,136.0914137866415
405.0017150686679,175.97424268097237,72.63490967506584,136.09207931573332
412.4955774814899,177.33161613652277,72.63419294420953,136.09297438003534
420.043802634,176.76052703403437,72.63391592562733,136.09333680341882
427.49884137370594,180.38790959536314,72.63347017534132,136.0937897097835
435.73461737697687,176.62201435163843,72.63288450791079,136.0944460686624
442.29270444306144,169.91658786261164,72.63188562293404,136.09585805245325
447.4478391372745,167.69833228069348,72.62979704352895,136.0997529824639
449.7356994393071,163.8260088286616,72.61348653467861,136.1350144914776
450.40447302175124,157.9794452614012,72.60439112245301,136.15619986879625
451.2359446561127,153.41691795409673,72.6004419323663,136.1664378177558
451.628897092696,149.3037948732361,72.6016366590379,136.16926288267527
428.51690025731335,194.2224661006881,72.70489897604344,133.1918905205447
424.3487491851905,193.54767298437173,72.70224428740332,133.19273546022396
417.1557977429825,193.3833908116151,72.70221997150206,133.19063108811446
410.55180740022865,193.92738972244345,72.70167023098428,133.1907493162243
404.0322136892145,193.59055856361678,72.70137744366211,133.19089518156517
398.79970014062235,193.84006111855257,72.70130139143225,133.19094414598098
394.89106185321964,192.50511057446562,72.70126715614859,133.19097223496365
393.1215379065933,188.1967647858764,72.70124825786685,133.19098843524995
392.29524398257365,182.73568156320005,72.70123069151556,133.19100426872527
391.1633954091901,175.87346528040177,72.70121233268262,133.191021055208
389.54020359229605,166.5196737346455,72.70120180906108,133.19103120970888
388.8010107901925,153.9957627128504,72.70119075913922,133.1910398377717
387.90460317899334,142.27179069909016,72.70118040189429,133.1910487609221
388.2827520423468,137.10975575930962,72.7011688790486,133.19105533939668
387.9792940535415,133.65688663973054,72.70115293183922,133.19106333105728
387.72289362811483,135.70524084780502,72.70113389648495,133.1910751335668
387.9891792327164,136.30399129771564,72.70112381065296,133.1910801846733
388.33312674850873,136.20735584724304,72.70111573242217,133.1910830696378
388.14772702810393,137.61495626361275,72.70110645264307,133.19108685725968
387.6984238493809,138.78153975285716,72.70109697299205,133.19108910064892
387.39045709895726,140.3458383078011,72.70108894933367,133.19109139604973
386.9319108214043,142.54574254074078,72.70107779664919,133.1910946748603
386.83822405984307,144.51627666449025,72.70106656535233,133.19109769925777
386.7461413690866,145.4852510439327,72.70105702177638,133.1911008627895
386.2198883654571,145.1318475394244,72.70103870080361,133.19110550364206
385.26897676855714,145.00344849086375,72.70102180385187,133.19111117465405
384.95812303820844,145.75876750690279,72.70100781803517,133.19111555190062
385.0733556051108,145.84693116391435,72.70099510255777,133.19111996657432
385.8739676644865,143.74998206598588,72.70097001468248,133.19113188237142
386.23008195856437,145.5714407582963,72.70095565801788,133.19113832969032
386.7517927705668,145.14750682254657,72.70093014931606,133.19114652053713
387.201740407165,144.74280507029783,72.70091135145375,133.1911516719348
387.9774372821475,144.2747062944024,72.70088691091416,133.19115683042276
388.8276303278234,144.35647276424572,72.70087864148468,133.19115655014753
386.7034975056976,140.81007899187034,72.70087472778333,133.1911520607491
280.0346978592328,167.2960730170096,74.35614675020523,138.35925876755067
275.8617538683228,161.21104556043363,74.81609370343021,137.55687963681834
265.08984486319923,168.10538277477264,75.1612613535699,138.35139421876045
262.5793926152975,165.7035373253031,75.09901975409754,139.25156906354604
254.19165868197996,162.68375819924904,74.53979180469251,142.5511356507677
253.3902816568867,153.59311532512086,73.82984129173815,146.24100446787173
251.380565766374,144.55421930276475,73.29923854975337,149.29202496717377
248.69740774392727,134.84424149387286,73.06183917487746,152.9077413118863
246.6264704590265,129.2973031069689,73.47210702280098,154.2009999140023
245.39608803347252,118.33492003903125,73.71656208806604,153.94988561774872
253.93421411826495,114.59263748011169,73.59891282375465,155.0402656693647
253.99915994573115,116.46055238194513,73.52427942427411,155.76759018164628
255.67208494301235,105.0778425835349,73.42454606789532,157.20380331179194
257.7764921130907,94.84547635336634,73.41272698606997,158.12568146304704
260.74216394879545,96.35140878778037,73.22940396361676,160.34027228269554
264.8008323803128,93.63434636305301,73.16326796728129,160.73799729084166
265.43632982175774,76.55369451668136,73.2016440789592,160.9309133798252
267.46399571049056,76.37888266832678,73.25100333008852,161.77629596764
270.16108207272566,72.94799980233346,73.2282166567963,162.2902500007131
272.3663245653811,72.38926158963567,73.2911928226086,162.1622802209695
272.81116972230006,79.07274912372036,73.66617395366342,161.29587163534407
273.3231456222229,82.71375028489547,74.15312396255646,159.3247418677729
274.3099884278079,83.38946898398738,74.02332877992954,158.73934092045195
273.0583399763581,82.57237480183869,73.91071491432024,158.31096753433735
270.95548959492316,83.17464393817014,73.79306143295796,157.76844553421932
267.2013236848607,90.72044396196935,73.6271889035651,157.14840024278544
263.63432816719484,100.51660143349463,73.34715224800932,156.57162065434915
259.81539340855016,99.75300311746233,73.27542036301602,156.54519504062517
254.8797011727041,102.47510615009186,73.22965338359728,156.535152068933
248.7027858125784,105.19954566703417,73.1520036961338,156.5051849689473
242.97807509300773,113.03517364136631,73.1016540171111,156.50524135243634
235.6136769727325,118.28198275141202,73.09967537820603,156.5056226135461
228.28651998142067,120.73347001403485,73.09879030992636,156.50579626258633
222.05415618567292,119.92891074364283,73.09814676952486,156.50596585737122
214.64195110898115,122.11066140116989,73.09755615996897,156.50608673088522
209.3431908258928,123.20010201452484,73.09689023322574,156.50656732439626
204.22208736559594,120.80305787635804,73.09664453235949,156.50673556059925
199.5978417344744,115.5629189715029,73.09660159202691,156.5067639654023
194.81294389969526,113.9172927019316,73.09655683037181,156.5067989390084
189.95585483614894,109.7786109668041,73.09652635455919,156.50681865926342
184.28041840639656,105.94632609260906,73.09636600330956,156.5068967542111
180.0807671627934,99.1010600094114,73.09560116110916,156.50734541688328
176.6620228517748,89.27377182657156,73.09422593350641,156.50818185336374
175.0315053197882,78.54268264606962,73.09100380486788,156.5106300660522
173.425708170868,62.600892333052215,73.07199130835099,156.52014910761434
171.44175008819204,49.394505779998696,73.06636382975154,156.509397357154
160.0163019841156,40.92210389903212,73.12247549200602,156.3203681875686
160.70234392113397,41.553273973085325,73.16550602074024,156.18133634043417
161.59724831300085,40.01845382366545,73.20795569991236,156.04096658754662
161.80536777752175,39.50862168826566,73.29633428309664,155.76815933029292
162.74389970422237,38.62858437798411,73.3319299555667,155.65808696103363
163.38358790316175,38.7790621147043,73.35736920767422,155.57518478380163
163.56463949102329,39.77147647035622,73.40336273285789,155.44055219562097
164.31281997191724,37.886025945074365,73.43816951666021,155.3453448286737
163.63090808210745,38.83098324461187,73.4507718540572,155.3083442053143
162.14660058627516,39.52525608600966,73.47102354158356,155.25407448344097
161.63051604793606,41.471821959109164,73.48410661495824,155.21829094090103
161.04649704475077,43.35446566901723,73.49358064980936,155.1879180623294
160.29921504843253,45.2242377595596,73.50543749961597,155.1485675248146
158.67061675590358,46.41231107667859,73.51967196271032,155.11140609527328
158.38710040909243,44.378378725351695,73.54172597810619,155.05552869435041
156.8667100914356,44.32300070923246,73.56363125293089,155.0002716645886
153.92993742131887,45.82002094491436,73.58566082320593,154.9458304688138
152.8362314837414,45.85038757613191,73.60670707488674,154.8965001877345
151.1483068520413,47.30345331725138,73.63179635522421,154.84443221639032
150.22922867533256,47.170552264638204,73.70569944993652,154.71759769465783
149.3289033918302,47.43832284611992,73.7454619172708,154.6445211921005
150.8236375822454,50.69779675165506,73.817384651629,154.5646412216064
148.33825083271108,51.03815941221568,73.84412786581605,154.51385193993295
149.641759189943,55.330615421933885,73.96902877105745,154.384028535914
148.40007336573117,55.69127798396704,73.9732308123186,154.32908185032045
147.91048597985377,59.09323266246159,73.9704169156316,154.26116730915777
147.03423124191804,59.02746170290909,73.93931211366343,154.22881435142503
149.63112980513654,73.35765333912028,73.55351173710439,154.60427206716184
149.91170029479082,73.36820189299353,73.2443881366029,154.78465797066107
149.78772518253157,72.99779232195105,72.87619990286944,154.90833848855473
148.73839626355465,72.41905352846308,72.41563885730885,154.908897192207
147.9872023449227,72.79045681331871,71.89915038040954,154.717167988371
146.8952969344113,73.3976059984169,71.30462253070172,154.59039331698136
146.8782331170677,76.57875798617103,70.58932242958343,154.5415296643491
146.3137217135756,77.62512790360475,69.88464672544401,154.22232746528488
146.68928107388115,78.69945017956863,69.01298986697972,154.1278766484798
143.57785663997726,71.2972726834785,69.14681848255972,152.8676469086044
145.20700771011883,74.30534135294488,68.56720892154604,152.56288146832276
143.04435895266727,71.32556440517295,68.55128891859638,149.85489958200625
144.69660553671702,73.98757323206686,68.31123337828919,149.96893935085637
142.55933011455153,70.81717794972086,68.25851848317927,148.7144521292935
143.9736124923299,73.55192751456438,67.86202088346056,149.4847796788362
142.13017115463012,71.03359350678423,68.15631780446557,147.85664418945265
144.06442002763347,73.75245904472223,67.6504301601587,148.21840785692382
135.4926499045781,67.44527081988016,70.25975352547113,141.431245457731
137.80855645321014,69.7345588839995,69.90749717945823,141.64196166500258
138.6899758637756,64.17755858601282,69.52044966959134,140.83130348564634
140.32366652118483,66.89416298967672,69.3603612453216,140.7986560110212
141.1342272427456,64.63427032216049,68.93130337222266,140.7000631836696
142.36478146955554,66.0982902346151,68.48809633919603,139.60138908904602
143.6485486156961,66.4041968280437,68.28701807871425,138.39685479756696
145.3023869896002,65.19315813276225,67.51430827655423,137.86768163499875
147.16834707375398,66.66754214524335,66.64085163401877,137.83670426135797
147.9033441332599,62.52106694231648,66.11272403207386,136.89657380325906
149.96292608777446,66.27959608662042,65.43304209669282,137.1102374651822
150.28362057471145,63.115273853261996,65.10145005217825,135.74058729231163
152.10290932274683,66.2357459446784,65.0376816305094,135.0655386668824
154.95843458335384,63.786614151621194,64.80217174726533,134.45657292484128
156.25348541136265,64.28347306633609,65.25504074859636,133.98548060133572
159.97413864301615,63.38804205015242,65.2996952456775,133.9185789856699
161.59792057336307,61.81473480052692,65.65198537744587,133.0340383755154
164.17371774280812,60.706807725487465,65.42294219364608,133.44607978336103
166.0250448889501,60.261105579003754,65.04792891164654,133.15016515523928
169.36077268058625,59.12951044434459,64.60856475522363,133.21909172788708
172.4810140691192,57.98371837452346,63.61985056717746,133.01869841429752
175.09595546655018,57.848929289305545,63.068036887000574,132.8586594182142
176.6005960800336,56.24263241863639,62.989461445785096,131.1632121591863
177.77111356383597,54.975695955455365,62.868138973984166,130.60202521387475
179.86934315342188,54.141459782370106,62.565789520764476,129.90426826431468
182.4076393026797,52.89432214341784,61.403152910725396,129.79299492199522
183.44103750777276,51.83158706853547,60.96459362879703,129.03917997463776
184.4367632662953,51.872291555026294,61.114796364758,128.43565368493324
184.8815260457384,50.94731817172315,61.05110865644241,127.42860772998192
186.49557694416131,51.8351939400896,60.80717157440986,127.10723146027782
186.4656499764841,50.18671367451977,60.83085443108237,126.8153770175863
186.641729132791,49.62918465077759,60.72331627773687,126.74211645487932
187.48010023535673,48.61972230908943,60.15720291591295,127.27717706927065
188.0906885313487,46.5775877826382,60.20943116058366,127.30497239017849
187.27397390468104,45.596505425926395,60.315969301591416,127.67049103312175
188.7601805142756,45.957389181869615,59.979525959645336,128.38771327972682
189.234298568739,44.41280209098913,59.70933446789456,128.61796593362524
188.97310276619956,45.08893038578999,59.68547775620864,128.01262116777306
190.0182767030384,44.65242807525476,59.8478240124748,127.30611295429458
191.97144590768562,43.3977985797317,59.68138309272809,127.62947674079663
193.41707661742933,42.49555448621955,59.786998628273,126.67137904944875
194.47382576534645,41.81897644123131,59.466184053027455,125.01539512477679
196.2706753303462,42.27537707571432,59.420042753838544,122.81914861674369
198.56389773257467,42.250304212914926,59.20986681305953,120.54487460548029
200.24953667011897,43.593520253852596,58.34976552412204,118.8824316049877
208.8700950820953,42.881627861155984,57.530043048313914,118.80786934638984
206.052421821722,46.98938298662475,57.49925235058522,118.27885678374577
210.30077869379468,46.603413959454535,56.32821647814391,119.0426017046873
212.28710227920487,47.50890137960121,55.615427438732226,118.75083267303347
213.12614197033088,48.51925053522696,55.389161039039465,117.67146974185934
215.01367277296623,49.26351579448713,55.03681342874856,117.50105326562111
215.43210874942758,49.76737610698119,54.98577262921868,116.7609786851257
216.30562044805407,49.61817789012757,54.48715647664801,115.97598977051294
217.16615614061894,49.41364585859348,54.208248916553394,115.36748298034777
218.44880779725628,50.64476926542953,53.95045764818532,114.89493147726833
219.25215257531607,50.54902849363824,54.07429120150177,114.31202727055718
219.90183881697976,50.71305851640412,54.0829782913479,114.0260862139566
220.8891006199078,50.10729398940724,53.86646197347096,114.11973218174583
221.6469416771509,49.6008278402788,53.57081731931193,113.81227973917325
222.08481910185557,49.87231178780462,53.66937340444616,112.96844071031728
222.10717928078,51.57478376387233,53.82754129694823,111.62948362990122
222.84117674133924,51.71427147220089,53.74220044668398,111.2398580612761
223.1644155035886,52.528331572028875,53.594877281287495,110.80468966005915
223.19456387896847,52.206453635410575,53.28668236911648,110.58989897825349
224.05472759645767,51.34660550677992,52.91223961488603,110.71206594340816
223.46293399187962,51.523568526592754,52.87722357067757,110.96173575663437
223.62442000280146,51.498552120378875,52.71278494317064,110.46088003070153
223.02548874263928,52.49956722617313,52.71348519294899,110.30010834496142
221.76013690205744,53.583510401849935,52.893740504132836,110.25419622342042
220.91597308539056,53.473954341448824,52.806097320854356,110.86005388651047
220.62811945317614,53.61343210196695,52.735106110399144,111.34934573142576
219.9009358258465,52.38839397269908,52.5889646751781,112.39386197332942
216.74669591426297,50.68628874925625,53.01157356481241,111.68961008653588
216.33284025683534,49.917744743408626,52.76475547025909,111.49179678921776
215.13651952889296,51.76984312301718,52.75766099856207,111.63081287294193
215.62862491840707,51.982349909619714,51.95978792896071,112.59624798919762
215.1553426715357,52.64037703246031,51.88102116392969,112.42354255657338
213.7318467175562,51.89865952712336,52.105936083668425,111.192013892702
214.37972111908334,51.922372865564085,51.876780093152334,110.2051316470301
213.68147732618388,51.58310871729925,51.780963711475366,109.30558656118215
214.8049151340445,51.85343961787849,51.24301811131808,109.14137187139184
215.43078690095058,52.13900057763731,50.9704922856167,109.1822694907536
216.25947972900806,52.012238662396484,51.04056093419689,107.99210099468954
216.9519011717411,51.71895304040407,50.85482629171939,107.57090980657598
217.43315874103513,51.32268211915502,50.53223359318335,107.75255559814406
217.5939771013876,51.52027271051543,50.716572238117195,108.0626976943272
220.04556241201098,50.35139488594468,50.78267804509307,107.62722994335273
219.859601534115,50.45322934901687,51.02500195819169,107.50435509084964
221.11537079996413,50.08905795057119,51.19172566022756,108.1367450192794
221.03823417550706,49.346046737267685,51.40898064133134,108.53311526521472
223.53539132131112,48.681351852058086,51.80648964150178,108.6261291077088
224.53047988896196,48.84997901328785,52.45199151277667,109.5772501629043
225.03780353058832,49.34380357506144,52.96182671815614,110.7611248487901
226.37826687066809,49.233275801095786,53.69068030189736,111.89223913352257
227.59242584097342,49.87125582879136,54.19478142294747,113.35965175688813
228.45942648875837,46.936960131771144,54.82422683987146,115.37610272429282
230.16587501932878,47.421040981003785,55.26290539175248,117.49492709073843
230.08791289169517,48.048354793717635,55.875933167651496,119.84372139180914
231.4442029865175,46.251092478933764,56.68078566767363,122.55441809664849
234.21550509022018,44.36691671164489,57.43866611755581,122.59008430369633
234.72669572637005,44.59637266957773,58.21093957223822,122.37189860545817
235.65960435230232,44.82252455993786,58.767532331665166,123.49398511690558
236.4361661447491,43.93136948074469,59.02691971402621,126.82378777941179
238.29053077629382,42.57271538531309,59.889927740365536,128.2202882748862
240.61750533637257,44.836519461853385,60.57550384298634,127.86813998356098
242.45418939453026,46.02954894656488,61.73247801945658,126.00706781766964
244.57079587993104,48.97896806004947,62.6676505543313,122.29654665117104
245.9178636733531,52.339713099590654,63.6040293508032,118.9136655522675
249.1968135021187,54.378192881798306,64.67947863507501,114.87069386388002
250.09808774313987,59.638991549594124,64.59779683317794,116.06748508572247
256.67240205636585,60.75631611540196,64.65776920465078,117.26428679791783
257.73168282187777,64.57656882063272,65.33009073789698,119.55946749890651
264.9086532465373,65.34734971077177,65.11444506222293,120.24211860353138
267.05213117920823,62.444786580138356,67.21416503153688,112.3797243417269
270.9564003062758,75.41234747208449,67.68024397253113,115.49921376388932
279.79045329794803,75.65563030363583,66.05452881255088,113.98322093003316
283.40323500128534,83.50540632863124,66.60729859297953,113.01464403110435
292.22030288433797,83.99820492774926,65.49636000094651,110.43941515619443
293.99709446251705,96.90504922991914,66.6401416517173,112.35832771762612
291.2988909452289,137.33804604882695,67.3537717583456,109.91133279807224
300.3684054444063,126.51364274051191,66.52561960630433,112.67846560183611
300.28011291506067,145.13664097121088,66.18902715091932,114.50722957744988
306.9813122121134,130.67824281000713,66.24591429289788,117.4510034389199
307.5626638665419,160.1624431062732,66.68207112865598,116.85174728608503
317.310395737711,147.48897133153503,66.18824198409612,118.37439579161608
316.1391762244069,164.49718583405928,66.52524387500779,119.16032350653825
322.0240355666474,151.77042011545234,66.56156213968464,120.4114585509299
319.70606670607225,165.86875060130126,66.58532678039062,122.12398108142926
323.9355303855347,160.14126784899116,66.2151817319515,123.49747609654753
325.0582633385973,162.54719967620818,66.5288453023735,124.69223761758958
325.40715393894527,164.2821597825009,67.00013613365243,126.3024289086052
324.7809820809259,166.89328560658333,67.27387225472418,127.31134886841156
319.87643974129537,169.3827210250479,66.93063511849464,129.8840551226994
322.1826381060193,170.16454956151978,67.00687564566908,131.05098314802228
320.62742585858655,172.94649226618554,67.19560228553883,131.28115272373714
320.5774352966388,172.30714234021576,67.42211760318855,129.42585203589704
319.17418348107634,176.83542363091283,67.0791900056757,128.72067743210303
318.3615297978287,179.95648123905877,66.83365074302826,127.57193742180478
315.0746739528071,184.09349728493933,65.40009734212907,130.38852823196015
317.1449104021099,186.57051718699728,65.37917753266532,129.91328109523315
314.7753524556167,187.7587139281649,65.34724297246565,129.2013225227185
317.3210047235866,191.25000816848222,65.14947834207393,127.75713373843392
317.0051790571612,194.22442016086677,65.16522611857798,126.26566000772371
317.2071743387538,198.08943756339954,65.08813514350072,127.27311013460395
318.351578396236,201.03378780947835,65.22288931682068,127.67047712825564
321.1646017007372,204.30340544083515,65.11975902480438,128.1084519104029
322.46473471452913,206.25635338223685,65.3454533949408,128.03491581840146
325.2120033987097,208.18701999963366,65.29007017468138,127.91512277716562
327.42226100659957,210.5779716772115,65.40302463587321,128.31659096589416
330.273193250473,213.68979144118381,65.92474050853889,129.01820149135534
334.2413370986301,214.29679807613286,65.9581269226373,130.1335110363987
336.3937901891907,215.3094826218899,66.51190003610225,131.49298720168994
340.5360161199424,216.21382007217832,66.94207353318042,131.73875875992968
341.49008977155574,217.88755099289176,67.39778016138078,131.73720627557373
342.80424537859807,217.300715602085,68.06321589553832,129.8397412978336
347.60566730892515,219.25206163585102,68.07407766995496,130.77909978266976
349.22494723380936,221.61251645004205,68.29182213193883,131.32572202608333
347.81590532598557,220.23319147792864,68.95696257486003,131.10376207651134
351.9418154902282,219.98862057916236,69.80512736905544,130.18775417578644
350.30366454165386,221.56258423218893,69.93834307121195,130.58240365958926
350.77109217709665,220.52791054056544,69.96715346452241,130.65182638310722
350.96351628886345,219.38960524014837,70.13732432162772,130.2104759110196
349.95015701131143,220.83804334408404,70.41571085311111,130.21569025261724
349.2995214396666,220.77847555689036,70.54455922971532,130.0065896345398
348.10463171693743,221.54336769169166,70.59712515893833,129.97787872538032
347.3253916397335,219.5376178990411,70.63537835793241,129.8536833300601
