122.5,51.5,51,61
122.87048429219658,51.16951705977408,49.32016380938421,58.92960735231463
123.90835825101027,52.1212919541412,48.26802982150536,56.83379197851551
124.98689703654419,53.39456779398806,47.539505712466024,55.16976818664298
126.12828177742392,55.45644842028661,45.885070991372444,54.52837063491258
125.86214837405271,56.206718901250944,45.78339358472453,53.95053240268591
126.36753327083562,57.10186814211406,45.41450275367548,53.069580263046475
125.19696740780311,58.831559802494255,44.7264608671459,53.33380710502106
125.66486180030029,59.45429670689066,44.64105822488227,52.74515985195717
125.80017830132293,59.89012766139873,44.90387892576362,52.49190239097341
125.81579921566237,60.80803164404689,45.10090372368121,52.10226749753835
125.68818484094498,61.42497945930367,45.22551923549655,51.728162430608165
125.75386915630652,62.3132533288545,45.14791662069055,51.50273294616807
125.40129511019568,61.81202751779659,45.06393569412867,51.88847944867406
124.98707652205795,62.668644433860905,45.22127141948401,51.702303383459785
125.01547082489259,62.51309230035834,45.102632970104096,51.858048695200836
124.91606081743407,63.035041907226514,44.69554727337025,51.77302442233668
124.8354699495053,64.2285682352055,44.68315995581632,51.37705813017112
125.14371814439565,64.23503044738061,44.72425705472887,51.136884530510756
125.3947796091942,64.26772492661382,44.52911741723457,51.310893649174645
125.16789005639646,64.3013603467457,44.499997333834706,51.440712749220424
125.00687474332682,64.64113314871376,44.242396690995875,51.1985719566666
124.47420271888463,64.49023002668778,44.055167488156,51.1662574502913
123.86958595871258,64.83186283412782,43.75834815682316,51.311899205978555
123.71015874793494,66.30452728995519,43.9897797082789,50.8580461148652
124.10614468170246,65.54332647044501,44.20285337392407,51.00260735414344
124.17353809294218,65.9575394729908,44.02431373959551,50.85570336080875
123.59957033512518,65.58672110226652,43.704276022960244,51.250024552406835
124.00126636757474,65.4507964964766,43.534414217193515,51.080224297233684
123.73200452749788,65.68738485536846,43.55680172791365,51.11857797877248
122.86333757881798,64.85408985940227,43.65188103428527,51.32228640561087
121.43951076114065,64.31954208881888,43.93322545600162,51.251254287933634
120.37128925938073,64.0346251520663,44.28936080895537,51.42899885413062
118.28316352584163,64.0129991252221,44.358314855531866,50.835035353104814
117.18833979576172,63.124444362055954,44.19966281236525,50.6988910952574
115.67904417437083,61.10684238071515,43.996994222764854,50.0508722872481
113.80831985949364,60.09028795682276,43.70474381687469,49.06368837609122
112.39275484503011,59.5804120922802,44.13289280293981,48.852547804570584
111.77697248620974,58.793753494551375,44.10868183050181,49.08951765849075
110.77792694194792,59.04697848916131,44.14756001981738,49.03386287271822
110.59155150845338,58.47769396488411,44.10789854139707,49.212915038376195
111.05652512736131,58.38921605876742,43.83293381081006,49.64463135437851
112.30667766849832,57.975635687291955,44.49628186383572,49.86818712496691
112.19328456366384,57.207387407489406,44.453882798665305,49.631548141702446
113.31859732117914,57.247658719737466,44.56045170731021,49.886679326257834
114.29364063436633,55.93268084538171,44.703278708560354,50.23666180646043
115.19120852834823,55.16752765970752,45.28166663275476,50.0253558626309
116.58504927258392,54.40078853337888,45.019166676189506,49.94516281249277
117.29623816353937,54.87129561603207,44.98345483456334,49.91905348002635
117.67837360016293,55.126357250697,45.42872337476835,50.00975486479882
117.93603687742132,55.32329950067271,44.93944774364377,50.229232557955
118.50546953651184,57.593327627119905,44.33569736944388,50.70510409665607
118.51894535689017,58.44995739438945,44.080615254000605,51.308828261915565
117.88126039617546,60.267495376864936,43.898306857406325,52.35208414892382
119.16122503179403,62.46051207885116,43.85034286098001,52.82620966523946
118.62530969223144,64.85642456977668,43.48271373938495,54.21387191178197
119.17218835887054,66.97829330437132,43.87495396374683,54.03281421020134
118.21433794785315,68.69766988313356,43.88795746102882,54.31038490521594
118.38281974080469,70.03167702788369,43.344732434014155,54.35250249933689
117.01105944904378,71.40068903699455,42.163457628360554,54.18762577802069
117.14925329345564,73.80281935516145,41.47653004424075,53.35027717286059
116.87449545956889,75.27673337566264,40.623157056351715,53.50125384415373
117.00627184821123,77.84856076888133,40.215633878972056,52.50780562357329
116.61419056735471,79.69770986610686,40.39744680174617,51.607444107054945
116.4603695315501,80.80677509114687,39.678787012546096,50.94336994378676
115.79652038502516,81.67438354689165,39.08056541519221,49.79307153129015
114.75650160070016,82.71485675464515,37.5988365978101,49.0694104961466
115.99430848011053,83.1360493271875,36.44694329415904,47.829209229483695
120.4472165758923,83.56664811942872,35.246999161463904,46.388729480427585
120.97139887549177,84.09249645179185,34.013894927870325,44.95548962641415
124.76705391746259,84.94258890672762,32.749082875544914,43.59858553858124
125.9846395524814,85.4140481608496,32.04983036580697,42.326946788552206
129.36207461084578,84.96554139306629,31.574757803094293,40.561158343146566
129.81046785758056,84.47714911118118,30.809422797165954,39.15762903362575
130.54288790200115,83.54513403258619,29.09425667091786,39.44224386946563
129.0512218505135,100.82304397741416,30.92869160287261,37.25246325593274
130.9384961737444,81.84484484427392,29.59915838686129,37.487471751705414
127.581708198062,97.32642379655888,29.807532044830076,36.49368564278977
132.55323114979447,76.21684219677849,27.170144004982085,38.64140719195994
129.68804391787086,87.18216466663341,29.693069271060143,36.371509780326264
128.81797334904573,71.95988391536302,28.377722537540386,36.09876323843346
130.1188521786701,70.00649472871865,27.81632962057068,35.51050977807351
126.76082998347935,84.38617554030692,28.76810179796998,35.05435555235792
127.67976487129162,67.49973866333814,27.430238638461013,33.79880981166658
128.9345976350253,67.43768288247395,26.712305541451723,33.11190004542256
128.10487152749957,66.98640647478145,26.244378100665166,32.53774468705572
128.67208533732617,66.11509021909,25.526589779212625,32.089444924573854
127.70648025417488,78.46253670020238,26.992016111057772,30.915870398018065
128.5402404036638,65.75699548355786,25.779404034039977,30.41697587207858
127.53931700748868,77.7417771260796,26.957759789498326,29.67810640417376
128.02947839251968,64.3056009864588,25.474740326492757,29.70634056512923
127.05231199404214,76.01562481250832,26.28672125767938,29.108758809636655
126.35583428379513,62.057086841657714,25.06750860451921,29.36020250341305
126.04420819670075,58.678406126088696,24.10720663003398,29.07477447532257
125.5659068914166,70.52331440808643,24.840235004566907,27.953363062694272
123.3458376680703,58.4939919704607,23.71537148669043,27.65178226045552
122.68734863271206,71.10558255754937,24.141194910533457,27.054449856419772
117.9250559617361,56.58318744832217,23.42635554697997,26.70650363993765
117.83844200789561,68.83353493769907,23.59576054266457,26.616531393727787
114.87039887976042,56.343028877742995,23.25541094688419,25.858299052580374
114.74736337499138,56.89109091520909,22.85626185554257,25.986612810480526
112.89294888167821,68.01741289235858,23.025727457922102,26.24113667234365
113.20213320423863,55.613319079262425,22.81736360739888,25.300960803662914
113.29595986756557,66.64835694104129,22.687245470880253,25.073490670925516
112.76324391586328,54.653647145028074,22.220978193681795,24.5922052306033
112.97959476423833,65.50222868518954,22.11610037426628,24.134381978771586
111.39099311389643,55.215608257354525,21.43504805017899,24.164585419890827
111.824768627555,66.13260651680574,21.397329278702138,23.670207583849717
110.45399417517882,78.14964053492643,22.236432390302653,24.45359102465912
109.14636263318795,89.84408077537034,22.26356571544953,24.03548996271661
108.55593516364831,102.2313470154097,22.279192645304864,23.98856330234006
107.65170558594659,114.20106976410159,22.25530929525332,23.8627641214846
107.4042024052229,126.96050912196608,21.88573210481697,23.462070449090547
107.68197649471131,139.20969990885692,21.57811878881147,23.14181616412722
107.38975589802095,151.55232462781825,21.59974091852871,22.706398879524894
107.23690420111252,163.2272927500557,21.376441228639663,21.847154773721854
106.74492287581815,174.44507955492378,21.36570487791616,21.488090639693727
106.56708619626855,185.80958436364884,21.271116405731785,21.411855833034615
107.07125114711117,187.22931195889345,21.271116372363192,21.41185577026146
107.68432295707507,188.69313590095834,21.271116350991907,21.411855715187468
108.0765393323911,190.24327178239494,21.2711163095769,21.411855654127006
108.4517556189051,191.77478370367157,21.271116287456056,21.411855617192042
108.757100456631,193.25998390062358,21.27111625204944,21.41185555669256
109.03308666989845,194.73491135582015,21.27111621473571,21.411855497068473
109.32868492538881,196.44780642210705,21.271116181168168,21.411855435982094
109.61800609311906,198.17321225651872,21.271116154419666,21.411855391685712
109.87911948381716,200.0785198078888,21.271116123874144,21.41185535165919
110.16949508783205,202.0950908764783,21.271116096493177,21.41185530432393
110.44787865333291,204.01289812151748,21.271116071547695,21.411855257070922
110.61423601692802,205.92967634491694,21.271116051016772,21.411855223922487
110.80605239187994,207.80555696809463,21.271116020629663,21.41185517561092
111.07471863934626,209.70934983987698,21.27111600088245,21.411855148293807
111.28586576110064,211.7166652475647,21.2711159866427,21.411855127443534
111.43788205425055,213.80708479408585,21.271115964506095,21.41185509613828
111.01055740006905,224.8586544518346,21.208287545932773,21.23696895446884
110.92929215515663,226.4692666459399,21.208287509238772,21.236968874272208
111.09243069110933,228.12615193885105,21.208287484729087,21.236968821057914
111.23851283627896,229.38151561570822,21.208287460499292,21.23696876858356
111.42694741264023,229.38151562834005,21.20828744983225,21.236968743319906
111.63861371879818,229.38151564261136,21.20828743930201,21.23696871477728
111.83289411077155,229.38151565738633,21.208287427297428,21.236968685227318
112.11277919894307,229.38151566934482,21.208287417828295,21.23696866131038
112.4405608522827,229.3815156843316,21.208287406036597,21.236968631336833
112.86822278352793,229.38151569819038,21.2082873946547,21.236968603619232
113.25376095130682,229.38151571218418,21.20828738069879,21.236968575631646
113.62429671832751,229.38151572614714,21.208287368893266,21.236968547705718
113.98872679557658,229.38151574364312,21.208287354241932,21.23696851271375
114.33214081031912,229.38151575982815,21.208287341991635,21.23696848034368
114.6600734432569,229.38151577780408,21.208287328134045,21.23696844439186
114.96899991274717,229.3815157939455,21.208287315407798,21.236968412108972
115.33671912207004,229.38151581015296,21.208287303229508,21.236968379694094
115.66527480052203,229.38151582523474,21.208287293047174,21.236968349530507
116.0369891603045,229.38151584236857,21.208287280605035,21.236968315262875
116.3910302953592,229.38151585844605,21.208287269196948,21.23696828310792
116.69459795054945,229.38151587791907,21.208287254684357,21.236968244161872
117.00623467372796,229.38151589743993,21.20828724058214,21.23696820512013
117.30205920872793,229.3815159176459,21.208287226063156,21.236968164708188
117.59857995632287,229.38151593858774,21.208287210460835,21.236968122824543
117.92296390702931,229.38151595655847,21.208287197593926,21.236968086883028
118.25022002846555,229.38151597803665,21.20828718130303,21.236968043926737
118.5870514567666,229.38151599988697,21.20828716602096,21.236968000226064
118.86944190963858,229.38151602100587,21.208287151218634,21.23696795798828
119.18465449453527,229.3815160419078,21.20828713658807,21.23696791618444
119.51542860095813,229.3815160639332,21.208287121011786,21.236967872133615
119.93103108494114,229.3815160858908,21.20828710385523,21.23696782821837
120.30663762940426,229.38151610572473,21.20828708865947,21.23696778855056
120.67846664027627,229.3815161268025,21.208287073106703,21.236967746395035
121.05715012621889,229.38151614810997,21.20828705650178,21.23696770378006
121.3904036962803,229.38151616842697,21.20828704127975,21.236967663146068
121.75657649435153,229.38151618983196,21.20828702619197,21.236967620336078
122.16693326158595,229.38151621004255,21.208287011773205,21.236967579914882
122.55272495917563,229.38151623295835,21.20828699490881,21.236967534083277
122.9099312532369,229.3815162560351,21.208286976785953,21.2369674879298
123.31139769005664,229.38151627531752,21.208286961613606,21.236967449364933
123.70401182330694,229.3815162944143,21.208286947523863,21.23696741117139
124.06151816503935,229.3815163130601,21.20828693362235,21.2369673738798
124.442058187002,229.3815163355095,21.208286916323623,21.236967328981024
124.85121815309509,229.3815163568614,21.208286900862607,21.236967286277192
125.2788967456911,229.3815163771381,21.208286885775582,21.2369672457238
125.65089309653847,229.38151639683957,21.208286870352516,21.23696720632084
126.02434162524965,229.38151641721728,21.208286854727778,21.23696716556542
126.40457757343424,229.38151643880246,21.20828683879456,21.236967122395086
126.78479814225365,229.38151645754004,21.20828682559498,21.236967084919918
127.16844660443945,229.38151647811273,21.20828681150932,21.23696704377455
127.56542019076014,229.3815164959867,21.208286799111942,21.236967008026607
127.9377755099556,229.3815165145002,21.208286784938984,21.236966970999642
128.2930014377569,229.38151653394885,21.20828677069075,21.236966932102284
128.60601922910814,229.3815165503809,21.20828675908663,21.236966899238233
128.90031940332696,229.38151656516763,21.208286748154283,21.23696686966473
129.12824168406584,229.38151657769947,21.208286738001377,21.23696684460107
129.33590781733201,229.38151658828883,21.2082867292167,21.236966823422335
129.47545603598607,229.38151660313738,21.208286716488182,21.236966793725216
129.64598344053687,229.38151661840422,21.208286704559132,21.236966763191568
129.827756288699,229.3815166317978,21.208286694241473,21.236966736404366
130.01838391349946,229.3815166444317,21.20828668388879,21.236966711136585
130.1994223725844,229.38151665653774,21.20828667406893,21.236966686924532
130.36564998755767,229.3815166713962,21.20828666196067,21.236966657207585
130.5668799827175,229.3815166861947,21.208286650698323,21.2369666276106
130.75974047193185,229.38151670017484,21.20828664051607,21.23696659965034
130.96299395501495,229.3815167145894,21.20828662997347,21.23696657082122
131.16191485101837,229.38151672918485,21.208286619344452,21.236966541630302
131.36039312303387,229.38151674357974,21.208286608507002,21.2369665128405
131.59547727424396,229.38151675783112,21.20828659860927,21.236966484337746
131.81650153892284,229.38151677144307,21.208286589101306,21.236966457113848
132.03530174668526,229.38151678718987,21.20828657760055,21.23696642562028
132.23024547766525,229.38151680085113,21.208286567766162,21.236966398297742
132.42189024067176,229.3815168143872,21.20828655772525,21.236966371225613
132.63694392292788,229.3815168278599,21.208286548330843,21.236966344280194
132.82549717183366,229.38151684152243,21.208286538270283,21.236966316955147
132.98249584103377,229.38151685545404,21.20828652815147,21.2369662890919
133.19254823166352,229.38151686847294,21.20828651874446,21.23696626305414
133.38567464695618,229.38151688272478,21.208286508650932,21.23696623455041
133.53921021189626,229.38151689679793,21.208286498317655,21.23696620640416
133.730518775377,229.38151691166695,21.208286487330586,21.236966176666105
133.89481718110122,229.38151692575565,21.208286476447885,21.236966148488722
134.10166774505137,229.3815169404756,21.20828646558632,21.236966119048827
134.27100684096342,229.38151695429903,21.208286454933635,21.236966091401946
134.4490079669682,229.38151696844358,21.208286444297112,21.23696606311285
134.61593164445927,229.38151698338487,21.208286433236673,21.236966033230267
134.7784129876307,229.3815169977894,21.20828642246523,21.236966004421227
134.96048454500888,229.38151701373405,21.208286411070013,21.236965972531905
135.1470417090879,229.3815170277525,21.208286400567545,21.236965944495022
135.31730555631322,229.381517042381,21.208286389613363,21.236965915238017
135.48356905230128,229.38151705608348,21.208286379467847,21.236965887833016
135.65353104659314,229.38151707063423,21.208286368735994,21.236965858731562
135.84371926552888,229.38151708361923,21.20828635923023,21.236965832761534
136.00908343211705,229.38151709795255,21.208286348321387,21.236965804094904
136.1659099334468,229.38151711178008,21.20828633791042,21.236965776439824
136.33534423264632,229.3815171258623,21.208286327720547,21.236965748275416
136.5200962400118,229.38151713948196,21.20828631770646,21.236965721036082
136.6975790437985,229.38151715376537,21.208286307524194,21.236965692469255
136.88658166733853,229.38151716749724,21.20828629683137,21.23696566500551
137.06572046686352,229.38151718102432,21.208286286864094,21.23696563795138
137.22637760952537,229.3815171947957,21.20828627680514,21.236965610408635
137.42211154929058,229.38151720866227,21.20828626655651,21.236965582675452
137.5574395198943,229.38151722267432,21.208286255391343,21.236965554651384
137.72467773085864,229.38151723609,21.20828624480524,21.236965527820033
137.90343111208938,229.38151725045157,21.20828623435797,21.236965499096844
138.09766258288332,229.38151726452082,21.208286223687818,21.236965470958328
138.29881957668138,229.3815172779537,21.208286213571615,21.236965444092604
138.45294855093226,229.3815172927882,21.208286202501192,21.236965414423572
138.65353225240924,229.38151730711775,21.208286192277978,21.236965385764506
138.85621968492757,229.3815173207901,21.2082861820444,21.236965358419813
139.04096042705012,229.38151733447376,21.208286171960427,21.23696533105248
139.21177631683835,229.38151734725847,21.20828616251794,21.236965305483064
139.38417857008628,229.38151736119073,21.208286151595114,21.23696527761855
139.56099979187377,229.3815173746064,21.208286141901887,21.236965250787208
139.75883866988707,229.38151738874026,21.208286131217537,21.23696522251947
139.96901299672783,229.38151740273693,21.208286121792668,21.236965194526135
140.1939488607604,229.38151741544974,21.208286112611024,21.236965169100543
140.4511395398778,229.3815174281558,21.208286103462985,21.236965143688384
140.68965220970236,229.38151744125315,21.20828609388053,21.236965117493693
140.95659417867785,229.38151745337535,21.208286085182202,21.236965093249268
141.19103798206297,229.38151746605658,21.20828607573442,21.236965067886846
141.43877380001874,229.38151747977318,21.208286066342993,21.236965040453626
141.6557567950832,229.3815174924683,21.20828605722072,21.236965015063415
141.8431863925023,229.3815175072152,21.20828604640924,21.236964985569607
142.0358672629819,229.38151752085247,21.20828603650243,21.23696495829509
142.19865172542282,229.38151753458288,21.20828602603407,21.23696493083424
142.3448698818384,229.38151754935674,21.208286014911085,21.236964901286512
142.5274535023179,229.38151756365014,21.208286004319763,21.23696487269975
142.71484136088344,229.3815175764865,21.208285994910423,21.236964847027014
142.8743695320889,229.38151758937917,21.20828598461081,21.236964821241642
143.0672951988056,229.38151760251503,21.208285974782036,21.236964794969953
143.1881657942628,229.3815176157593,21.208285964287565,21.23696476848143
143.36069908807863,229.381517629624,21.208285953852002,21.23696474075198
143.53107344212304,229.38151764410944,21.2082859432825,21.236964711781145
143.70317250152368,229.381517658507,21.208285932200607,21.236964682986017
143.86784611825897,229.38151767209328,21.208285921773488,21.236964655813427
144.01911739234697,229.38151768573874,21.20828591104825,21.236964628522493
144.18193429483262,229.38151769961115,21.208285900146258,21.23696460077772
144.35083736867364,229.38151771508151,21.208285887880287,21.236964569836996
144.477757925262,229.38151772894986,21.20828587682677,21.236964542100274
144.6191346794991,229.38151774336194,21.208285865714736,21.236964513276103
144.77627109547768,229.38151775767773,21.208285854707118,21.236964484644545
144.953314359561,229.3815177713153,21.20828584482813,21.236964457369435
145.12183377301662,229.3815177862784,21.208285832938415,21.236964427443176
145.26324837630898,229.3815178005547,21.208285821614705,21.236964398890628
145.43708592443684,229.38151781496754,21.208285810426712,21.236964370064914
145.58467045833603,229.38151783017133,21.208285798090234,21.236964339657327
145.72722756347773,229.38151784374588,21.208285786729967,21.236964312508224
145.86772002292935,229.3815178552485,21.208285776169078,21.236964289503042
146.034046954033,229.3815178671127,21.208285764278777,21.236964265774567
146.19134516824184,229.38151788043785,21.20828575042713,21.236964239124305
146.42023973580797,229.38151789348163,21.20828573835321,21.236964213036728
146.64081340511842,229.38151790579764,21.20828572715539,21.23696418840475
146.82955019204667,229.38151791725542,21.208285716254775,21.23696416548913
147.0628873615895,229.3815179303581,21.208285705019396,21.236964139283835
147.29094038592987,229.38151794385035,21.208285693240136,21.236964112299276
147.52070667181957,229.38151795877835,21.208285680378786,21.236964082443333
147.74290124479901,229.38151797251103,21.20828566906533,21.23696405497795
147.94252722006067,229.3815179869926,21.208285656408233,21.2369640260148
148.12453270646893,229.38151800146292,21.208285643455383,21.236963997074156
148.29333750811742,229.38151801819308,21.208285629258256,21.236963963613846
148.47801396847748,229.3815180355713,21.20828561548054,21.236963928857406
148.72032346906596,229.38151804795217,21.20828560591698,21.236963904095678
148.95516020161625,229.3815180620027,21.20828559557789,21.236963875994615
149.23133972940883,229.38151807687763,21.20828558454458,21.236963846244773
149.52775640540324,229.38151809249214,21.208285572723778,21.236963815015724
149.82106651776905,229.3815181105143,21.20828555959338,21.236963778971393
150.16666936446413,229.38151812782272,21.208285546573588,21.236963744354572
150.5742076656559,229.3815181451251,21.208285533774355,21.23696370974977
150.97808957907085,229.3815181615614,21.208285521870593,21.236963676877217
151.41059301749166,229.38151818143749,21.208285509099888,21.23696363712505
151.8681600896314,229.3815182001283,21.208285496728845,21.236963599743376
152.2914443294511,229.38151822109626,21.208285482322253,21.236963557807485
152.78299958070988,229.38151824311964,21.208285467265785,21.236963513760696
153.2556725271687,229.38151826538672,21.20828545294922,21.236963469226556
153.74802889388073,229.38151828645726,21.208285439442466,21.236963427085467
154.1714626524371,229.3815183087443,21.208285424065416,21.236963382511394
154.61536816270848,229.38151833219763,21.208285408638172,21.236963335604756
155.0769446911113,229.3815183540354,21.20828539462583,21.236963291929236
155.52673020142743,229.38151838031933,21.208285375523275,21.23696323936136
155.95376202428645,229.38151840375366,21.208285359909247,21.236963192492706
156.4124409935922,229.38151842921368,21.2082853428981,21.23696314157261
156.89086081240353,229.38151845254598,21.20828532634249,21.236963094908027
157.38043608784545,229.3815184773895,21.208285309134787,21.236963045220985
157.85097319191726,229.38151850111316,21.208285293515154,21.236962997773663
158.28359399412923,229.38151852581632,21.208285276253232,21.23696294836736
158.82127170767063,229.38151855236197,21.20828525974626,21.236962895276072
159.3729609832792,229.38151858015752,21.208285242846156,21.23696283968496
159.9786577879081,229.38151860358985,21.208285228330183,21.236962792820286
160.51132406135204,229.38151862746392,21.208285213371315,21.236962745072145
161.07334967420056,229.3815186480281,21.20828520093872,21.236962703943806
161.51101770708314,229.38151867063945,21.20828518616082,21.2369626587211
161.93042985072185,229.38151869348872,21.20828517103914,21.23696261302257
162.2826500654378,229.38151871176026,21.208285156512833,21.23696257647948
162.62308384877213,229.38151872927676,21.20828514260141,21.236962541446502
162.9177748246043,229.38151875271046,21.20828512414934,21.236962494579053
163.1755945159121,229.3815187739203,21.208285106253154,21.2369624521594
163.45894847810933,229.3815187935783,21.20828509096586,21.2369624128434
163.7194531178337,229.3815188111712,21.208285077893652,21.23696237765761
163.96556043526925,229.38151883070793,21.208285063135904,21.236962338584114
164.204941233926,229.38151884820098,21.208285049389062,21.236962303598034
164.39324024093514,229.38151886491835,21.208285035897234,21.236962270163293
164.5807406788335,229.3815188798382,21.208285024367843,21.23696224032357
164.7841161577845,229.3815188938267,21.208285013702906,21.2369622123466
164.99427255900846,229.38151890748125,21.20828500331773,21.236962185037473
165.15823852049314,229.38151892278677,21.208284991101607,21.236962154426486
165.36843734567145,229.38151893746542,21.208284980019613,21.236962125069148
165.59669323336598,229.38151895123113,21.20828497034897,21.236962097537727
165.80010413216505,229.3815189649158,21.208284960108173,21.23696207016836
165.98203964157653,229.3815189795491,21.208284949442945,21.23696204090179
166.17843306215912,229.3815189935638,21.208284938941464,21.236962012872443
166.3490317831906,229.38151900783922,21.208284927965938,21.236961984321546
166.54589216139274,229.38151902102936,21.208284917602032,21.236961957941258
166.7575576922459,229.38151903397534,21.20828490796061,21.23696193204933
166.97711076561026,229.38151904827413,21.208284897792335,21.23696190345174
167.15404189877574,229.3815190620692,21.20828488727305,21.236961875861592
167.36519894284413,229.38151907531562,21.208284876752057,21.23696184936876
167.5521580956032,229.38151908881488,21.208284866140524,21.23696182237021
167.77384917272872,229.38151910229283,21.20828485586376,21.23696179541437
167.95339605588458,229.3815191164368,21.208284845035692,21.236961767126363
168.15444871180782,229.38151913009938,21.208284834807802,21.236961739801234
168.31878431086238,229.3815191443696,21.208284823861028,21.23696171126077
168.4920965927303,229.3815191579776,21.208284813328795,21.236961684044797
168.67760958735005,229.38151917055063,21.208284803608205,21.23696165889871
168.87487740780716,229.38151918348686,21.20828479363533,21.236961633026283
169.0732481973651,229.38151919653274,21.208284783561655,21.236961606934514
169.26012362001316,229.38151920941104,21.208284773922678,21.236961581177916
169.45388546561296,229.3815192231047,21.208284763648482,21.236961553790614
169.68236715076813,229.38151923600907,21.20828475364772,21.236961527981887
169.8691393980912,229.38151924940877,21.208284743378492,21.236961501182474
170.08369190992602,229.3815192624682,21.208284733317765,21.23696147506362
170.32799642281844,229.3815192751408,21.20828472347456,21.23696144971842
170.5289137757789,229.38151928726984,21.208284714084936,21.236961425460315
170.73811602559445,229.38151930000606,21.208284704209476,21.23696139998787
170.9415849491532,229.38151931255734,21.20828469469269,21.236961374885315
171.13867256973708,229.3815193249304,21.20828468498164,21.236961350139186
171.35354921073167,229.3815193361717,21.20828467671798,21.236961327656598
171.58261518489653,229.38151934736092,21.208284667561035,21.23696130527818
171.80572231840782,229.38151935815753,21.20828465920923,21.23696128368491
171.98856852644778,229.38151936952815,21.20828465002209,21.236961260943676
172.1659175467522,229.38151938051664,21.20828464155398,21.23696123896671
172.37184054244952,229.38151939179357,21.20828463223412,21.236961216412826
172.56162334519829,229.38151940232302,21.208284623317084,21.236961195353956
172.73474618789615,229.3815194132929,21.208284614200434,21.236961173414244
172.92032382375245,229.38151942506596,21.208284604481218,21.23696114986808
173.14636535442236,229.3815194371957,21.208284594346058,21.236961125608612
173.34207491583913,229.38151945083416,21.208284584194868,21.23696109833168
173.60493548923733,229.38151946706853,21.20828457015374,21.236961065862925
173.84519478603045,229.38151948382384,21.208284556050543,21.236961032352315
174.16792911664285,229.38151949642867,21.20828454707412,21.236961007142654
174.52669132538,229.38151950731515,21.20828453889396,21.23696098536968
174.8859337098139,229.38151952104852,21.20828452935686,21.23696095790296
175.27671240590266,229.38151953608207,21.208284518332512,21.23696092783587
175.6654987867311,229.38151955059854,21.208284507720837,21.23696089880293
176.02007466503466,229.38151956534628,21.20828449595624,21.236960869307456
176.43753889654482,229.38151957891628,21.208284485904542,21.23696084216741
176.86718500672907,229.38151959432793,21.208284474684426,21.23696081134416
177.28500686694588,229.38151960925362,21.208284462956705,21.236960781492794
177.73901527252994,229.38151962349173,21.20828445266903,21.236960753016557
178.13385098799085,229.38151963672652,21.208284442798202,21.236960726546933
178.56269428318132,229.3815196506498,21.208284431644763,21.236960698700365
178.98322368535975,229.38151966970966,21.208284417971658,21.2369606605807
179.42901550216064,229.3815196851914,21.208284405871765,21.23696062961719
179.82598986266325,229.38151969929766,21.208284394831296,21.236960601404668
180.26396631878987,229.38151971561877,21.208284382034122,21.236960568762484
180.71155291988669,229.38151973087275,21.208284371864693,21.2369605382545
181.1682912483536,229.38151974664513,21.208284360877386,21.236960506709735
181.62433953414813,229.3815197618791,21.208284349289688,21.236960476241805
182.0620865719551,229.38151977923823,21.208284336576302,21.23696044152355
182.53400399833444,229.38151979605843,21.208284325068956,21.236960407883124
183.0008032042574,229.3815198138204,21.208284312385352,21.23696037235919
183.41326198772106,229.381519828101,21.208284300313384,21.236960343798007
183.80240337477468,229.381519843114,21.20828428777993,21.236960313772016
184.181764772683,229.38151985827733,21.208284274098283,21.23696028344535
184.5428822324851,229.38151987335453,21.208284259260132,21.236960253290952
184.79895267680786,229.38151989184115,21.208284240708952,21.2369602163177
185.06805227838575,229.3815199074695,21.208284223878263,21.236960185061008
185.27158516286613,229.38151992769696,21.208284204085867,21.236960144606105
185.47783048995962,229.3815199463182,21.208284186009248,21.236960107363586
185.66646672769676,229.38151996455895,21.208284167419308,21.236960070882095
185.88812393852666,229.38151998262452,21.208284149055043,21.23696003475096
186.12064905711503,229.38151999933186,21.208284132367783,21.236960001336293
186.32650915988575,229.3815200159841,21.20828411329828,21.236959968031755
186.47306851302395,229.3815200354955,21.208284092505824,21.23695992900903
186.60260200554654,229.38152005061335,21.208284076616934,21.236959898773318
186.76229288499326,229.38152006705394,21.20828406139298,21.23695986589213
187.02096009017384,229.3815200775184,21.208284052639303,21.236959844963224
187.34608575955897,229.38152009005046,21.208284042814253,21.236959819899056
187.65965584626989,229.3815201020047,21.20828403376769,21.23695979599058
187.9116301658414,229.3815201154153,21.20828402352713,21.236959769169395
188.17330263680205,229.3815201272013,21.208284015592458,21.236959745597414
188.4258262419188,229.3815201397444,21.20828400746926,21.236959720511233
188.66128086485554,229.38152015235428,21.20828399945741,21.236959695291414
188.86042584314853,229.3815201652304,21.20828399157331,21.236959669539207
189.09792310175837,229.38152017668494,21.20828398476582,21.23695964663014
189.30052978316704,229.38152018926405,21.208283977966587,21.236959621471893
189.53238595429485,229.38152020209938,21.208283970343796,21.236959595801224
189.8463924950941,229.3815202142849,21.208283963143348,21.236959571430184
190.1635052721255,229.3815202248653,21.208283956394254,21.236959550269372
190.4961239885214,229.38152023502997,21.208283950360272,21.236959529940076
190.80428805158294,229.38152024463494,21.208283944468775,21.23695951073011
191.12579571722995,229.38152025457262,21.208283938244218,21.236959490854733
191.44039773713897,229.38152026202852,21.208283933231478,21.236959475942992
191.7539880280726,229.3815202699825,21.20828392768868,21.23695946003499
192.09073597507836,229.38152027866235,21.208283922387185,21.236959442675325
192.40004736781054,229.38152028712003,21.208283916769034,21.236959425759974
192.7334106649179,229.38152029420152,21.208283911757178,21.236959411596978
193.02589802083003,229.3815203018831,21.208283906105887,21.236959396233786
193.3460393688129,229.38152031014496,21.208283900665155,21.236959379710076
193.71779935240687,229.3815203184965,21.208283895311208,21.236959363006964
194.07286842659684,229.38152032751796,21.208283889040143,21.236959344964085
194.42753013217697,229.38152033439408,21.208283884099405,21.23695933121183
194.75032937075082,229.3815203424923,21.20828387811641,21.236959315015355
195.06978744106203,229.38152035024729,21.208283872328224,21.23695929950545
195.4270520220055,229.38152035776648,21.208283867126198,21.23695928446705
195.7600763480849,229.38152036587528,21.208283860940607,21.23695926824944
196.1186962201209,229.38152037473031,21.208283854379232,21.23695925053937
196.45569897708543,229.38152038258636,21.208283848873045,21.236959234827275
196.80285294146964,229.38152039027761,21.20828384342161,21.236959219444756
197.15195299763684,229.38152039885227,21.20828383770802,21.236959202295463
197.5168844643822,229.38152040631417,21.208283832607776,21.236959187371678
197.90631087753513,229.38152041433875,21.20828382669832,21.236959171322503
198.2611751204962,229.38152042391735,21.208283820161547,21.23695915216529
198.60131814905645,229.38152043310455,21.208283812883895,21.236959133790904
198.94934979260324,229.38152044250532,21.208283805895903,21.236959114989357
199.27045342796302,229.38152045046024,21.208283800076572,21.23695909907949
199.60298929468956,229.38152046009552,21.208283792468848,21.236959079808972
199.89744756880773,229.3815204699328,21.208283784378377,21.236959060134385
200.22097765033683,229.38152047957573,21.208283777188672,21.236959040848568
200.61749278460636,229.38152048900224,21.20828377064306,21.236959021995517
200.97732352517104,229.38152049756275,21.208283763741598,21.236959004874493
201.32395213508,229.38152050636367,21.20828375656252,21.236958987272683
201.71882644348963,229.38152051617763,21.208283748809286,21.23695896764473
202.12126034885944,229.38152052498666,21.208283742120123,21.23695895002668
202.48593918321376,229.3815205354202,21.20828373322822,21.2369589291596
202.91837860329053,229.38152054440778,21.208283726368542,21.23695891118443
203.3419737077016,229.3815205529751,21.208283718828888,21.236958894049806
203.76319854451023,229.38152056292765,21.208283710281233,21.236958874144694
204.17028414626924,229.3815205724893,21.20828370179342,21.23695885502141
204.52309581528678,229.38152058257344,21.208283692444105,21.236958834853095
204.8781610169656,229.3815205927434,21.208283682591556,21.23695881451316
205.18905992172594,229.38152060181693,21.208283673135,21.23695879636613
205.50369266946961,229.38152061107877,21.208283664841716,21.236958777842478
205.78842060475284,229.38152062231254,21.20828365632052,21.236958755374946
206.05830209672516,229.3815206341015,21.208283646161295,21.236958731797017
206.34571739729495,229.38152064555618,21.208283636700354,21.236958708887627
206.6458981938149,229.38152065666716,21.208283629277485,21.236958686665684
206.8724996651934,229.3815206696592,21.208283619593526,21.23695866068158
207.16686054548114,229.38152068094664,21.208283611184836,21.23695863810675
207.4348894343587,229.38152069050093,21.208283603681963,21.23695861899815
207.70732763710274,229.3815207014504,21.2082835948499,21.23695859709923
207.98473326123133,229.3815207131411,21.208283585835286,21.236958573717793
208.29737500523012,229.3815207227017,21.20828357752824,21.236958554596573
208.65277137007544,229.38152073333566,21.20828356815542,21.236958533328657
209.04274328671866,229.3815207448486,21.20828355868337,21.236958510302806
209.47860958832158,229.38152075638737,21.20828354806025,21.236958487225227
209.8028101660197,229.3815207708387,21.208283533830723,21.236958458322594
210.3026215596236,229.3815207913757,21.20828350882611,21.236958417248616
210.70897379992167,229.38152081796875,21.208283472161536,21.23695836406252
211.1512182569702,229.38152084457207,21.20828343869879,21.236958310855872
211.5502780740802,229.38152086767505,21.20828340906632,21.23695826464988
211.9915945144952,229.38152089243397,21.20828337983701,21.23695821513209
212.34146816221548,229.38152091740298,21.20828334878166,21.23695816519403
212.77806394577536,229.38152094358844,21.20828331713475,21.236958112823128
213.35356862175374,229.3815209706763,21.208283286390785,21.236958058647396
213.7862481121547,229.38152099642508,21.208283254296422,21.23695800714983
214.35454462066662,229.38152102586957,21.20828322147215,21.236957948260848
214.83598863735463,229.38152105185264,21.208283190491745,21.236957896294722
215.38957561205478,229.38152107696573,21.20828316076918,21.236957846068574
215.8110864110079,229.3815210993372,21.20828313449915,21.23695780132564
216.3019273370035,229.38152112402344,21.208283106238397,21.236957751953156
216.6780164766319,229.38152114664413,21.20828307872487,21.23695770671171
217.10121069083715,229.38152117302496,21.20828304991541,21.236957653950064
217.39826135981136,229.3815211979843,21.208283021743263,21.2369576040314
217.68365484980995,229.38152122243238,21.208282994718505,21.236957555135234
218.0360794235853,229.3815212439883,21.208282971122582,21.236957512023423
218.20073878597552,229.38152126467398,21.20828294856306,21.236957470652047
218.39226328796832,229.38152128554106,21.208282926005584,21.2369574289179
218.67245615252835,229.3815213103057,21.208282900926058,21.23695737938863
219.03553100507492,229.38152133809606,21.208282874063215,21.23695732380785
219.33296063549255,229.3815213582222,21.208282855667218,21.236957283555647
219.61257601960375,229.38152138417826,21.208282832283555,21.23695723164346
219.9047908414892,229.38152140976172,21.208282810209127,21.236957180476537
220.1811364947231,229.38152143551324,21.208282784583183,21.236957128973536
220.46866809156927,229.3815214611827,21.208282759893336,21.236957077634603
220.80997100592413,229.3815214880114,21.20828273419648,21.236957023977208
221.17014642024907,229.38152151741158,21.2082827074913,21.236956965176848
221.46406894472014,229.38152153686556,21.208282685995936,21.23695692626886
221.66007678572913,229.3815215550868,21.208282669747508,21.236956889826413
221.90256924549936,229.38152156911107,21.20828265473472,21.23695686177783
222.26110501615946,229.38152157783907,21.20828264661765,21.236956844321845
222.68030255116014,229.3815215883446,21.208282635725034,21.236956823310777
223.05822956155268,229.381521598466,21.20828262552194,21.23695680306796
223.40097305388326,229.38152161000002,21.208282613192758,21.236956779999982
223.72599069145437,229.38152162220567,21.208282600158377,21.236956755588665
224.00429637782037,229.38152163365484,21.208282586545824,21.236956732690334
224.24096586379105,229.38152164238957,21.208282576205704,21.23695671522087
224.561080600575,229.38152165134576,21.208282566215075,21.236956697308493
224.84500420255372,229.38152166038665,21.20828255454506,21.236956679226697
225.18484667602445,229.38152166911678,21.208282544603872,21.236956661766435
225.43687392472773,229.3815216788969,21.208282533948854,21.236956642206216
225.65111354199053,229.38152168840486,21.208282523866753,21.236956623190263
225.88408856751232,229.38152169644832,21.20828251483246,21.236956607103387
226.08274021409795,229.3815217053712,21.208282504875772,21.236956589257623
226.27687216097488,229.38152171587217,21.20828249232845,21.236956568255685
226.51489769934352,229.38152172857,21.208282477936674,21.236956542860007
226.77082154367815,229.38152174268401,21.20828246411405,21.236956514631988
227.0245476150771,229.38152175476202,21.20828245163388,21.23695649047597
227.25196281010219,229.38152176761704,21.208282439877696,21.23695646476593
227.47674842637747,229.38152177823406,21.208282429394014,21.236956443531874
227.68377542004671,229.38152179035163,21.208282418591285,21.236956419296728
227.90541292704705,229.38152180086072,21.208282409215943,21.23695639827855
228.14739822276192,229.38152181072863,21.20828240027139,21.236956378542754
228.3990502301421,229.38152182285341,21.20828239018019,21.236956354293188
228.6221648597761,229.38152183365347,21.20828238015123,21.236956332693072
228.87749176186068,229.38152184493637,21.20828236979384,21.236956310127262
229.17147591142597,229.38152185498177,21.20828236051541,21.236956290036446
229.38962830582258,229.38152186830712,21.208282349582827,21.236956263385757
229.60636203480078,229.38152188072357,21.208282339384116,21.23695623855284
229.80760065733463,229.38152189238818,21.208282328918422,21.236956215223667
230.0514542013063,229.3815219031296,21.20828231943195,21.236956193740813
230.27929530040743,229.3815219151311,21.20828230950219,21.236956169737795
230.51561447423285,229.38152192785685,21.20828230065557,21.23695614428629
230.79382020032196,229.38152193768846,21.208282293618186,21.236956124623056
230.960737232427,229.38152195339484,21.208282281493986,21.236956093210352
231.27850214743754,229.38152196893978,21.2082822676236,21.236956062120466
231.60616000253097,229.38152198375136,21.208282254629864,21.236956032497314
231.88609182494702,229.38152200562146,21.2082822367547,21.236955988757064
232.115629752905,229.3815220250292,21.208282219166172,21.236955949941617
232.4306529429605,229.38152204254624,21.20828220670039,21.23695591490754
232.79207909478532,229.38152206082447,21.208282192727417,21.236955878351054
233.15542383022603,229.38152207737616,21.208282179739395,21.236955845247653
233.60398106425245,229.38152209129856,21.20828216738648,21.23695581740288
234.03749196903104,229.381522102948,21.208282156916816,21.236955794104027
234.59655999769876,229.38152211451546,21.20828214789836,21.236955770969093
235.1146460188548,229.38152212862713,21.208282137942497,21.23695574274576
235.79494113493217,229.38152214352175,21.208282125285436,21.23695571295652
236.47827203438126,229.3815221570951,21.20828211342037,21.236955685809807
237.2018633689469,229.38152217098494,21.208282099623553,21.23695565803014
237.9483267345565,229.38152218761172,21.20828208520885,21.236955624776577
238.6105056757433,229.38152220511688,21.208282070076155,21.236955589766257
239.10864807683345,229.3815222302072,21.20828205078237,21.23695553958561
239.75020536423335,229.38152224853926,21.208282028480397,21.23695550292149
240.49152360067126,229.38152226708107,21.20828200732578,21.236955465837884
241.21294020376737,229.38152228421208,21.20828198632952,21.236955431575833
241.9008079160598,229.38152230273283,21.208281963851913,21.236955394534306
242.49254156105854,229.38152232149048,21.20828194279821,21.236955357019053
243.04797347283738,229.3815223375076,21.208281924057722,21.236955324984805
243.47311595092734,229.38152235481564,21.208281901921698,21.236955290368737
243.88658208964995,229.3815223749022,21.20828187592984,21.236955250195585
244.29660558308464,229.3815223953094,21.208281850368017,21.236955209381215
244.67441336359104,229.38152241726098,21.2082818217534,21.236955165478054
245.02980020203293,229.38152244029413,21.208281791701157,21.236955119411718
245.32635808826458,229.38152246327823,21.20828176621279,21.23695507344352
245.65704112367783,229.3815224871033,21.208281740861324,21.236955025793407
245.99757946184525,229.38152251957655,21.20828171037759,21.236954960846894
246.29164578436806,229.38152254932163,21.2082816851898,21.236954901356764
246.55457163001108,229.38152257737138,21.208281660831048,21.236954845257216
246.84960220546952,229.3815226066062,21.20828163805366,21.23695478678756
247.1115103022967,229.38152263768973,21.20828161270761,21.23695472462056
247.3810050551312,229.3815226638615,21.20828159134872,21.236954672277037
247.5714341139479,229.3815226946516,21.208281567215444,21.236954610696795
247.9189143329955,229.38152272421604,21.20828154448354,21.236954551567926
248.30136862219618,229.3815227560951,21.20828151825201,21.236954487809765
248.66027019527513,229.3815227865196,21.208281492707222,21.236954426960793
249.0318477396568,229.38152281681508,21.20828146614252,21.236954366369854
249.41837514359688,229.3815228487413,21.20828143683825,21.236954302517393
249.79667186325705,229.3815228872363,21.208281403718345,21.236954225527413
250.21663819368698,229.38152293443332,21.20828136338385,21.236954131133352
250.63198915670415,229.38152297572452,21.208281324957063,21.23695404855093
251.0374502799022,229.3815230206339,21.208281284009082,21.236953958732187
251.4378051330813,229.38152306710825,21.208281242472527,21.236953865783487
251.85659596873296,229.38152310935817,21.208281205690675,21.236953781283646
252.24167570091979,229.3815231544517,21.208281164668332,21.2369536910966
252.59687335701625,229.38152319482398,21.20828112902186,21.236953610352028
252.97588125189236,229.38152323616885,21.208281091108354,21.236953527662283
253.33215474560836,229.3815232849489,21.20828104829457,21.236953430102183
253.71158613532694,229.38152333652002,21.20828100269837,21.236953326959956
254.11303145902968,229.38152339003733,21.208280954066808,21.23695321992531
254.451161808263,229.3815234486104,21.208280905758105,21.236953102779164
254.7900698464136,229.38152350069504,21.208280862820313,21.236952998609908
255.12223954735182,229.38152354849424,21.208280824518773,21.236952903011492
255.44503245567702,229.3815235979251,21.20828078324375,21.236952804149794
255.7949847565135,229.38152364461465,21.208280742613606,21.236952710770712
256.1667551025701,229.38152369600235,21.208280695146065,21.236952607995285
256.55058761096745,229.3815237510066,21.20828064731884,21.236952497986817
256.95039684185105,229.38152379769534,21.208280608536754,21.23695240460934
257.316129654902,229.38152385394193,21.20828056051407,21.236952292116133
257.70352049678854,229.38152389718772,21.20828052108524,21.236952205624586
258.03565512599386,229.38152395096228,21.208280471582743,21.236952098075438
258.3485501468264,229.38152399642473,21.208280429879405,21.236952007150528
258.60996403962486,229.38152404267757,21.208280388766525,21.236951914644845
258.86964967201055,229.3815240985976,21.20828033552395,21.2369518028048
259.11882566278217,229.38152416141753,21.208280285552632,21.23695167716494
259.3591802093388,229.38152421779228,21.208280238564893,21.236951564415442
259.6884675178358,229.3815242628147,21.208280202717003,21.236951474370557
259.99982381147754,229.3815243068922,21.20828016798106,21.236951386215576
260.3054532619185,229.38152435392647,21.20828013150181,21.236951292147054
260.5949421336719,229.38152440561782,21.20828009204324,21.236951188764365
260.8992259497659,229.3815244524495,21.208280055337102,21.236951095101013
261.1686427186557,229.38152450122533,21.208280016512266,21.236950997549368
261.4397619144405,229.3815245469404,21.208279979625523,21.236950906119233
261.7021224765008,229.3815245915493,21.208279941530215,21.236950816901388
261.9716284146562,229.38152463812995,21.20827990127132,21.23695072374013
262.2363251220862,229.38152468836375,21.208279861331224,21.23695062327251
262.5061069103736,229.381524737677,21.20827982140045,21.236950524645977
262.78580097996377,229.38152478509718,21.20827978332099,21.23695042980564
263.0504666043667,229.38152483797603,21.208279741790523,21.23695032404796
263.3796096718707,229.38152489033405,21.208279701448088,21.236950219331884
263.6991155640124,229.38152494540503,21.208279657849193,21.236950109189923
264.00731626833533,229.38152499215664,21.20827962354338,21.23695001568673
264.30747004946386,229.38152504371988,21.208279585490573,21.23694991256022
264.62994281981804,229.38152509515317,21.208279547063384,21.23694980969364
264.95019940225734,229.38152515305165,21.20827950426651,21.236949693896683
265.2695488613636,229.38152521046626,21.20827946195812,21.23694957906748
265.5562886783657,229.3815252659113,21.20827942075397,21.236949468177386
265.86272514652757,229.3815253188904,21.208279383009,21.236949362219235
266.18004837338384,229.38152537363828,21.208279345006904,21.236949252723463
266.4696234313368,229.38152542355215,21.208279309781823,21.236949152895676
266.76285067338296,229.38152546926756,21.208279276773595,21.236949061464895
267.065706151711,229.38152551623742,21.208279243789196,21.236948967525144
267.37215862239896,229.38152556630467,21.208279208686193,21.23694886739068
267.7039890816723,229.38152561387605,21.20827917404301,21.23694877224791
268.00717387836227,229.38152566763662,21.20827913565957,21.236948664726757
268.26714640717637,229.38152571265374,21.208279103475462,21.236948574692494
268.52379049512786,229.3815257612402,21.208279067869427,21.23694847751961
268.7947046770224,229.38152580523345,21.208279038411742,21.236948389533087
269.04130305510546,229.38152584677337,21.208279008091033,21.236948306453275
269.2988212425965,229.38152588945982,21.208278977637164,21.23694822108034
269.59153448226914,229.38152593206948,21.208278948067584,21.23694813586106
269.86158361917313,229.38152596736847,21.208278924171797,21.23694806526307
270.11093441751984,229.38152600313182,21.208278899896673,21.23694799373637
270.3519414136698,229.38152603567033,21.208278878210137,21.236947928659333
270.57939103593714,229.38152606828118,21.20827885533424,21.23694786343764
270.79319815408957,229.38152610354058,21.208278831065492,21.236947792918865
271.075438348332,229.38152613860223,21.208278806903298,21.23694772279553
271.2773273529095,229.38152616842476,21.208278784513215,21.236947663150485
271.5555257853382,229.38152620123256,21.208278761658676,21.236947597534886
271.8196189271291,229.3815262325199,21.20827873973074,21.23694753496024
272.07586771506305,229.38152627525997,21.20827870815152,21.23694744948008
272.3222759820367,229.3815263114564,21.208278682020598,21.23694737708717
272.58829900539763,229.38152634838448,21.208278655329643,21.23694730323102
272.863346113278,229.38152638666455,21.208278626828612,21.236947226670896
273.0774232573475,229.38152642295637,21.208278598609684,21.23694715408729
273.3287358236246,229.38152645890574,21.208278573820788,21.23694708218853
273.56257280067587,229.38152649366558,21.208278547263692,21.236947012668864
273.7859521873012,229.38152652827296,21.20827852111387,21.236946943454072
274.1040730373978,229.38152656631397,21.208278495343897,21.23694686737206
274.3976264612588,229.38152660229653,21.208278471543103,21.236946795406958
274.6290442801479,229.38152663992145,21.208278443677763,21.236946720157135
274.91965663317757,229.3815266753945,21.20827841756531,21.23694664921103
275.17713381091556,229.38152671127227,21.208278390626315,21.236946577455445
275.45527416084605,229.3815267488307,21.208278363315614,21.236946502338604
275.7303635294802,229.38152678927753,21.20827833269317,21.236946421444934
275.97317546209086,229.38152682765624,21.20827830398919,21.23694634468753
276.2583972322919,229.3815268671574,21.208278274596406,21.236946265685226
276.4764924144679,229.38152690277707,21.208278247187124,21.236946194445867
276.7367387636088,229.38152693744635,21.208278221825474,21.23694612510731
277.04340488277836,229.38152697503946,21.208278195457645,21.236946049921066
277.35741101488503,229.38152700995988,21.20827817117726,21.236945980080257
277.63690483733393,229.38152704771608,21.208278143772155,21.236945904567843
277.94252462712836,229.38152708702395,21.208278116681143,21.236945825952066
278.1913554511886,229.38152712655886,21.208278088939238,21.236945746882284
278.4433524873308,229.3815271631797,21.208278064296604,21.236945673640584
278.70283810162806,229.38152719843265,21.208278040459756,21.23694560313471
278.9971639424582,229.38152723446868,21.208278015903886,21.236945531062663
279.26041606274725,229.38152726560116,21.20827799390415,21.236945468797654
279.56335772321984,229.3815272974102,21.208277973263375,21.236945405179572
279.8491921943086,229.38152732558163,21.208277953987043,21.236945348836738
280.15199804529766,229.38152735506878,21.208277933947098,21.236945289862415
280.4184232473533,229.3815273826824,21.208277914548045,21.236945234635158
280.6932189988247,229.38152741369163,21.208277893290873,21.236945172616753
281.00918349817744,229.38152744243965,21.208277874935952,21.23694511512071
281.3502386328129,229.38152747114736,21.20827785566126,21.236945057705288
281.70686363375654,229.38152750203534,21.208277835177235,21.23694499592932
282.01802012697175,229.38152753529437,21.20827781175564,21.236944929411266
282.40532235523415,229.38152756391165,21.20827779496633,21.236944872176696
282.7505207573964,229.38152759451873,21.208277776377912,21.236944810962566
283.12773668815436,229.38152762384044,21.208277758619634,21.23694475231912
283.53617588661314,229.38152765413514,21.20827774009334,21.236944691729715
283.9455496844902,229.38152768171204,21.208277724390708,21.236944636575892
284.3435392053969,229.38152771110475,21.208277705556924,21.236944577790524
284.7337471896271,229.38152773670078,21.20827768930224,21.23694452659845
285.13713632412896,229.38152776461578,21.208277672423304,21.23694447076841
285.4986160940126,229.38152779434003,21.20827765108858,21.236944411319925
285.86127245973626,229.38152782301427,21.208277629449697,21.236944353971484
286.1882322585718,229.38152784813622,21.208277609377063,21.236944303727558
286.51282259547395,229.38152787773294,21.208277586283874,21.236944244534115
286.818463512787,229.38152790444155,21.20827756384877,21.236944191116915
287.13915183077154,229.38152793302137,21.208277542450332,21.23694413395726
287.43021592683573,229.38152796089324,21.20827751747431,21.236944078213508
287.8166829779932,229.3815279890147,21.208277494329707,21.2369440219706
288.1216288458188,229.38152801361255,21.20827747134401,21.23694397277487
288.45574433176955,229.38152803698043,21.208277450274895,21.23694392603915
288.7512564238911,229.38152806325436,21.208277426416853,21.236943873491263
289.08403295126374,229.38152808896658,21.20827740502349,21.236943822066863
289.4917540635536,229.3815281117901,21.20827738491919,21.23694377641983
289.90734707259134,229.38152813642853,21.208277363376176,21.236943727142926
290.32460269308996,229.3815281596834,21.20827734283413,21.23694368063319
290.8301743058108,229.3815281795993,21.20827732494255,21.23694364080141
291.233174849355,229.38152820087,21.208277305015606,21.236943598259973
291.78339320328223,229.3815282235151,21.20827728463067,21.236943552969844
292.33825183914996,229.3815282479382,21.208277262765467,21.236943504123616
292.9427722876269,229.3815282710806,21.20827724601487,21.236943457838755
293.67320313713816,229.38152829261418,21.2082772298842,21.236943414771616
294.3578915345749,229.38152831511036,21.208277213613297,21.23694336977927
295.1421801274781,229.38152833902024,21.208277198178816,21.236943321959554
295.98398565098046,229.38152835926533,21.208277186521126,21.236943281469337
296.85968314935434,229.38152837979095,21.208277176879683,21.236943240418103
297.72883504456604,229.38152840009735,21.2082771670121,21.236943199805303
298.47507053917303,229.381528423087,21.208277157488578,21.23694315382603
299.1362665963582,229.38152844376518,21.208277149174467,21.236943112469657
299.5570455017503,229.3815284673777,21.208277139160195,21.236943065244564
300.0011259184956,229.38152848775974,21.208277130445275,21.236943024480503
300.2144863078691,229.38152850812904,21.20827711991151,21.236942983741944
300.5057628867709,229.38152852707992,21.208277110377487,21.23694294584017
300.71633257235203,229.38152854878018,21.208277098689475,21.236942902439633
300.9440269097911,229.38152856775238,21.208277089010608,21.236942864495227
300.97698150770077,229.38152858595657,21.208277077706704,21.23694282808685
300.9852854020189,229.38152860605584,21.20827706535464,21.236942787888342
301.0072467078979,229.38152862573662,21.208277053001833,21.236942748526786
301.0782209884529,229.38152864248624,21.20827704283129,21.236942715027492
301.1332500596798,229.3815286638854,21.208277029211196,21.236942672229198
301.12656266415684,229.38152868220988,21.208277017600683,21.236942635580263
301.16227584373576,229.38152870216908,21.20827700534091,21.236942595661855
301.21886048198354,229.3815287165037,21.208276996619066,21.236942566992575
301.28717513577953,229.38152873417232,21.208276987356328,21.236942531655348
301.3032851104184,229.38152875139892,21.20827697701251,21.23694249720218
301.3620662254944,229.38152877006593,21.20827696636099,21.236942459868175
301.3624493461812,229.38152878834404,21.208276955734497,21.236942423311923
301.38701242911895,229.38152880493678,21.208276945533537,21.23694239012647
301.40978461241804,229.38152882195197,21.20827693504302,21.236942356096048
301.43925609511683,229.38152883860903,21.208276924632727,21.236942322781964
301.5005561167952,229.38152885450955,21.208276915155267,21.236942290980892
301.5913479140998,229.3815288735162,21.208276903901034,21.23694225296761
301.6372001852144,229.3815288900623,21.208276894175917,21.236942219875424
301.7047215462616,229.38152890675224,21.20827688417389,21.236942186495497
301.79977551426697,229.3815289234598,21.208276874889517,21.236942153080413
301.8611535449905,229.38152894395236,21.208276862479494,21.236942112095264
301.89534519280033,229.38152896289316,21.20827685077293,21.23694207421368
301.9918012275189,229.3815289831628,21.208276838377852,21.236942033674396
301.85208756028925,229.3815290022015,21.208276823269834,21.236941995597043
301.92021815600975,229.3815290202699,21.20827681187201,21.236941959460168
301.8059383790732,229.38152903930205,21.208276797220726,21.236941921395903
301.88781072857466,229.3815290578321,21.20827678625189,21.236941884335828
301.9540453453723,229.3815290780579,21.20827677460617,21.2369418438842
301.8313988271452,229.3815290970221,21.208276760055885,21.236941805955787
301.9383451067688,229.3815291139528,21.208276750085147,21.236941772094365
301.89227438179995,229.38152913130392,21.208276735670253,21.236941737392158
302.04125816449067,229.38152915327436,21.208276723427478,21.23694169345126
301.94529713081835,229.38152917293033,21.2082767072751,21.236941654139343
301.9103637017231,229.38152919016488,21.208276692141702,21.236941619670205
301.8503020056803,229.38152921062644,21.208276675492495,21.236941578747125
301.9497039903467,229.3815292261996,21.208276667436706,21.236941547600775
301.87026122146887,229.38152924660318,21.20827665171312,21.236941506793663
301.9824797698604,229.38152926227565,21.208276642704348,21.236941475448685
301.93786548063423,229.3815292817978,21.2082766283437,21.23694143640439
301.83183597710735,229.3815292986388,21.208276614401385,21.2369414027224
301.89377166738296,229.38152931387464,21.208276605000204,21.236941372250733
301.87855697934486,229.3815293297885,21.2082765954739,21.23694134042302
301.886512392546,229.3815293461797,21.208276584519147,21.236941307640606
301.9321326677023,229.38152936300042,21.208276574353373,21.236941273999154
301.85648897853343,229.3815293801678,21.208276560909276,21.236941239664425
301.9253987032965,229.38152939889278,21.208276550555947,21.23694120221443
301.86238251044387,229.3815294134709,21.208276539110162,21.236941173058188
301.88735666464163,229.381529431966,21.20827652815565,21.23694113606804
301.90929528222915,229.3815294482744,21.208276518349862,21.236941103451233
301.81246460734275,229.3815294650138,21.208276506189943,21.236941069972396
301.8102200115474,229.38152948096752,21.208276496193882,21.236941038064998
301.76452644353674,229.38152949706554,21.20827648699405,21.236941005868896
301.8377571028433,229.3815295140323,21.208276476383347,21.236940971935358
301.91171065446883,229.38152953226125,21.20827646629954,21.2369409354775
301.85522637443137,229.38152954739348,21.20827645489046,21.23694090521303
301.8632620267436,229.38152956189924,21.20827644749429,21.236940876201487
301.89269248373193,229.38152957544915,21.20827643898608,21.23694084910169
301.93335445720476,229.38152959192934,21.20827642862204,21.23694081614131
301.82413065050116,229.3815296069183,21.208276416392163,21.236940786163398
301.924134478534,229.381529621583,21.208276407602504,21.23694075683397
301.84323219289973,229.3815296420799,21.20827639222203,21.236940715840223
301.9408191578501,229.38152966199627,21.20827638152219,21.236940676007478
301.8680924675941,229.38152967882274,21.20827636857486,21.236940642354494
301.993435914483,229.38152969642067,21.20827635872353,21.23694060715868
301.9346361064279,229.38152971222368,21.208276345968002,21.236940575552648
301.8494658140666,229.38152972815146,21.208276333061036,21.236940543697074
301.91628363144764,229.381529743205,21.20827632354216,21.23694051359003
301.82496361606104,229.38152976032697,21.208276308434066,21.23694047934608
301.9890896147891,229.38152977650998,21.208276298673535,21.236940446980025
301.9270498847504,229.3815297926983,21.2082762854344,21.236940414603424
301.8052167471023,229.3815298117074,21.208276269493727,21.236940376585213
301.8726640125843,229.3815298299161,21.208276258574006,21.236940340167816
301.9306380144182,229.38152984880742,21.208276246515744,21.23694030238518
301.8238644136511,229.3815298653841,21.208276233184232,21.236940269231802
301.88237594152196,229.38152988522378,21.20827622077707,21.236940229552406
301.9398383901658,229.38152990383773,21.20827620882195,21.236940192324546
301.83972401532225,229.38152992265384,21.20827619290222,21.236940154692324
301.85389622118635,229.38152994121646,21.20827618140106,21.236940117567084
301.97301647487876,229.38152996102005,21.208276169340326,21.2369400779599
301.85487034524766,229.38152997858145,21.20827615579641,21.23694004283708
301.9010870027687,229.38152999708646,21.20827614434891,21.23694000582707
301.7508083224912,229.38153001568708,21.208276129949745,21.236939968625872
301.827423185625,229.38153003681612,21.20827611712205,21.236939926367743
301.80543021893936,229.38153005424832,21.20827610625202,21.23693989150338
301.7897943948146,229.3815300723567,21.208276095663802,21.2369398552866
301.7904811071063,229.38153008961604,21.208276085496188,21.236939820767905
301.7968698215907,229.3815301065973,21.208276075356892,21.236939786805408
301.81218523745935,229.3815301249383,21.208276064981707,21.2369397501234
301.81725270302405,229.38153014266868,21.20827605433017,21.23693971466263
301.81137300096935,229.3815301633501,21.20827604223942,21.236939673299798
301.8110152298781,229.38153018235158,21.20827603205845,21.23693963529681
301.8142715555216,229.38153019708517,21.208276023143725,21.236939605829683
301.8124126383383,229.38153021510507,21.208276013135897,21.236939569789854
301.81958614939754,229.38153023279142,21.208276003172113,21.236939534417164
301.8134141965405,229.3815302509492,21.20827599277547,21.23693949810163
301.7660493598486,229.3815302690962,21.208275981866123,21.23693946180759
301.764813470545,229.38153028846705,21.208275970522767,21.23693942306593
301.73530324792347,229.38153030651137,21.2082759598392,21.236939386977284
301.7043422385685,229.38153032212682,21.208275949888417,21.236939355746344
301.6930284396437,229.3815303386301,21.208275940749964,21.236939322739783
301.7088510246522,229.38153035624052,21.208275930901436,21.236939287518968
301.67716425074843,229.3815303731995,21.20827592048564,21.23693925360099
301.7342474074059,229.38153038871332,21.20827591163987,21.236939222573394
301.76244029469575,229.38153040257623,21.20827590377492,21.23693919484751
301.8210409219365,229.3815304180058,21.208275895614687,21.23693916398841
301.8365941784927,229.38153043440747,21.20827588618258,21.236939131185068
301.8439342123556,229.38153044891556,21.208275878083587,21.23693910216891
301.8339989680212,229.38153046429827,21.208275869465922,21.236939071403455
301.8533118891081,229.3815304806231,21.20827585993928,21.23693903875378
301.83740595387235,229.38153049906202,21.208275848600408,21.236939001875974
301.81969194683137,229.38153051670605,21.20827583785384,21.236938966587918
301.84711061147976,229.3815305330895,21.208275828556978,21.236938933821005
301.82847867022224,229.38153054951877,21.208275818481027,21.23693890096244
301.82015239687854,229.38153056634005,21.208275809032266,21.236938867319907
301.8517792476897,229.38153058283888,21.20827580069251,21.236938834322256
301.8540081686061,229.38153059883186,21.208275792105102,21.236938802336265
301.8677858507846,229.38153061395437,21.20827578355023,21.23693877209126
301.87137108134567,229.3815306320215,21.208275773767507,21.23693873595697
301.8488730314901,229.38153064773132,21.20827576461886,21.236938704537337
301.85137162643036,229.38153066438483,21.208275755047406,21.23693867123035
301.8546849526305,229.3815306816481,21.208275744956254,21.236938636703847
301.8476926507582,229.38153069680723,21.208275735580433,21.236938606385515
301.7997444176124,229.38153071256858,21.208275726854954,21.236938574862826
301.77675557596217,229.38153073009974,21.20827571710425,21.236938539800537
301.7993772743387,229.38153074839354,21.20827570653039,21.23693850321291
301.78651271603155,229.38153076800046,21.208275695916374,21.2369384639991
301.7988923880391,229.3815307874713,21.208275685482008,21.236938425057396
301.8182753487252,229.38153080585522,21.208275675122806,21.236938388289552
301.83593952381665,229.38153082390937,21.208275664725225,21.236938352181255
301.84673472731043,229.3815308403741,21.208275654499467,21.236938319251784
301.82806177753594,229.3815308553299,21.208275645466344,21.236938289340173
301.8286830566135,229.38153087228147,21.208275635771315,21.236938255437078
301.8365348140749,229.38153088843694,21.20827562575356,21.236938223126117
301.8492311588901,229.38153090470718,21.208275615620803,21.236938190585626
301.8554568679474,229.38153092147405,21.208275605005813,21.236938157051867
301.8541024362961,229.38153093757947,21.20827559529542,21.23693812484107
301.876344525568,229.3815309551527,21.208275585042667,21.236938089694615
301.91629819504027,229.38153097441125,21.208275573988562,21.236938051177525
301.7314637810554,229.38153099249368,21.208275560596267,21.236938015012658
301.7372998803269,229.38153100782625,21.208275550581174,21.23693798434751
301.7632895631833,229.38153102419466,21.208275540382427,21.236937951610667
301.77074916202116,229.38153104298254,21.208275528717696,21.236937914034907
301.7955522992397,229.38153106050137,21.208275517918047,21.236937878997253
301.7868070012186,229.3815310778241,21.208275507205297,21.236937844351825
301.82211508056383,229.381531095225,21.208275496927012,21.23693780954999
301.85471373018134,229.38153111219967,21.208275486682098,21.236937775600673
301.8663885807151,229.38153112848278,21.208275476796917,21.23693774303446
301.8822304487372,229.38153114754917,21.208275465126313,21.23693770490169
301.8951245397758,229.38153116434773,21.208275454265937,21.23693767130456
301.94353958736224,229.38153118269767,21.208275444013054,21.236937634604647
301.83802973254285,229.3815312007452,21.20827542904431,21.23693759850957
301.8661655254847,229.38153121871045,21.208275418551978,21.23693756257909
301.9473241604726,229.3815312348795,21.208275409675927,21.236937530241015
301.81693182543034,229.38153125413112,21.208275394148657,21.236937491737777
301.8841596634169,229.3815312709994,21.208275384121606,21.236937458001194
301.8932246062114,229.381531286917,21.208275374416043,21.236937426165998
301.9408703180067,229.38153130384796,21.20827536419221,21.236937392304092
301.8365143188522,229.38153132053174,21.208275350925494,21.236937358936505
301.93273769382023,229.38153133987538,21.208275339471022,21.236937320249243
301.824832818923,229.3815313553355,21.20827532678759,21.236937289328964
301.91916744167725,229.38153137417754,21.208275315793294,21.236937251644903
301.82712036924613,229.3815313950331,21.20827529986038,21.236937209933796
301.90566749538175,229.3815314134658,21.208275287777695,21.236937173068384
301.8064029260411,229.38153143312996,21.208275272396826,21.236937133740042
301.8739069581416,229.38153145101884,21.208275260187143,21.23693709796229
301.9430118436114,229.38153146776634,21.20827524943676,21.236937064467345
301.8260851444038,229.38153148711666,21.208275233197185,21.236937025766654
301.9317314695998,229.38153150443583,21.20827522217989,21.23693699112832
301.8472388309499,229.38153152259423,21.208275207164228,21.236936954811554
301.9820961638539,229.3815315422116,21.208275194848184,21.23693691557677
301.90669596032154,229.38153155998415,21.208275180078875,21.236936880031678
301.8044120289541,229.38153158074977,21.20827516337533,21.236936838500494
301.91349288563816,229.3815315978278,21.20827515216335,21.23693680434439
301.7915761006957,229.38153161750955,21.20827513547469,21.236936764980882
301.8552621495512,229.38153163492188,21.208275123811795,21.23693673015625
301.9403430401203,229.38153165427696,21.208275111467675,21.23693669144609
301.83941763157276,229.38153167027482,21.208275097054045,21.236936659450333
301.8920784377559,229.38153168989712,21.208275085721,21.236936620205793
301.9350233117025,229.38153170966316,21.20827507215558,21.236936580673692
301.8039693934727,229.38153172635091,21.20827505949406,21.236936547298164
301.86616933399563,229.38153174315647,21.20827504908228,21.23693651368706
301.93965510082506,229.38153176119366,21.208275039185224,21.2369364776127
301.79816743600605,229.3815317805956,21.20827502297328,21.23693643880879
301.8193482554594,229.3815317975632,21.208275012330787,21.23693640487356
301.84847664740244,229.38153181632958,21.20827499986014,21.236936367340856
301.92354083475925,229.38153183302992,21.20827498970949,21.236936333940157
301.76162586707613,229.38153185026937,21.20827497617354,21.236936299461245
301.8097773132697,229.3815318677367,21.20827496562337,21.236936264526616
301.880155547397,229.38153188433805,21.20827495541275,21.236936231323906
301.9078491404872,229.38153190161722,21.208274945805695,21.236936196765534
301.74490714032015,229.38153191922376,21.20827493177171,21.236936161552453
301.79500898457127,229.38153193597378,21.20827492128141,21.23693612805245
301.8092951101552,229.38153195566264,21.208274909095227,21.236936088674746
301.81606931584435,229.38153197344764,21.208274897969957,21.236936053104714
301.81282517907096,229.38153199190762,21.20827488648933,21.236936016184767
301.86650459510605,229.38153201026302,21.208274875155556,21.23693597947399
301.8914102413986,229.38153202850415,21.208274863834294,21.236935942991717
301.93518104825824,229.3815320470156,21.20827485266688,21.23693590596879
301.80896321317306,229.38153206424718,21.2082748386332,21.236935871505647
301.8241589182587,229.3815320847529,21.208274825416574,21.23693583049416
301.82467152489994,229.3815321044017,21.20827481214061,21.23693579119659
301.86071656075217,229.3815321233815,21.208274799955063,21.236935753237013
301.913680464263,229.3815321412133,21.20827478810512,21.236935717573402
301.7142196806684,229.38153215684306,21.20827477617173,21.23693568631389
301.72037785772613,229.38153217381534,21.20827476636213,21.236935652369308
301.7066919699217,229.38153219062713,21.208274755436236,21.236935618745726
301.6966168970081,229.38153220634186,21.208274746434377,21.236935587316292
301.6919783090024,229.38153222260814,21.208274736089244,21.236935554783688
301.71373650892775,229.38153223901344,21.208274726264232,21.236935521973145
301.74656821224767,229.38153225478868,21.20827471693658,21.236935490422667
301.80350274033685,229.3815322679222,21.208274709413253,21.236935464155586
301.8618107716668,229.38153228103474,21.208274702122747,21.236935437930544
301.87518358290544,229.38153229624567,21.20827469330986,21.236935407508668
301.9025367154038,229.38153231039485,21.20827468514974,21.236935379210294
301.7430014472218,229.38153232572,21.208274673694586,21.236935348560024
301.7380024394586,229.3815323412506,21.208274664779605,21.236935317498794
301.7461581061171,229.381532356238,21.20827465659556,21.23693528752398
301.7428888011753,229.38153237145787,21.208274648588826,21.236935257084248
301.75293311224004,229.38153238654664,21.208274639492593,21.236935226906738
301.7193035951357,229.38153240222942,21.208274630246137,21.236935195541175
301.6892806952798,229.3815324172685,21.208274621404232,21.236935165463034
301.67939173521717,229.38153243363664,21.20827461211927,21.236935132726742
301.6726073930124,229.38153245223342,21.208274602756752,21.236935095533195
301.6476284322482,229.38153246899103,21.208274593243484,21.236935062017956
301.62843624426864,229.38153248667783,21.208274583795585,21.236935026644336
301.6099640949102,229.38153250217658,21.20827457512562,21.236934995646813
301.6379588344463,229.38153251887337,21.208274566386365,21.23693496225327
301.6575021286718,229.38153253427828,21.20827455821176,21.236934931443457
301.6649694815016,229.38153255065785,21.208274549740615,21.23693489868428
301.6515309942834,229.38153256875358,21.208274540012848,21.236934862492838
301.6742751903356,229.38153258536784,21.208274531529476,21.236934829264307
301.70716264614225,229.381532601853,21.208274522617565,21.23693479629399
301.7694313057255,229.38153261663115,21.20827451494535,21.23693476673773
301.7751570175823,229.38153263667704,21.20827450508687,21.236934726645938
301.77708983593874,229.38153265137805,21.208274497575676,21.236934697243882
301.7728652135113,229.3815326681221,21.208274488804307,21.236934663755775
301.8091997503571,229.3815326820693,21.20827448160153,21.236934635861395
301.8446379749644,229.38153269609217,21.208274474282756,21.23693460781565
301.85246635818885,229.38153271194435,21.208274465933737,21.236934576111317
301.89138094537225,229.38153272645857,21.2082744588138,21.236934547082853
301.896589288763,229.381532742775,21.20827445018528,21.23693451444999
301.74416025049,229.38153275961898,21.20827443823796,21.23693448076207
301.7461737351581,229.3815327769539,21.208274429483218,21.236934446092242
301.7456236617878,229.38153279213526,21.20827442116455,21.236934415729454
301.7762937817725,229.38153280858128,21.208274412643608,21.23693438283741
301.82309554316515,229.3815328235597,21.208274403993144,21.236934352880603
301.8010967620566,229.38153283994322,21.208274395337988,21.236934320113583
301.80525641189627,229.38153285458083,21.20827438694488,21.236934290838374
301.7880833065375,229.38153286976998,21.20827437851018,21.236934260460036
301.81849531772315,229.38153288527863,21.208274370385332,21.23693422944273
301.83468288758934,229.38153290240726,21.20827436145528,21.236934195185476
301.8530050274013,229.38153291561596,21.208274354337668,21.236934168768066
301.863740560457,229.38153293131458,21.208274345313402,21.236934137370856
301.84827628099663,229.3815329463546,21.20827433718225,21.236934107290754
301.8635711230321,229.38153296200048,21.208274328642094,21.23693407599906
301.87000684815075,229.38153297650837,21.20827432076753,21.236934046983254
301.9033678437771,229.38153299173848,21.208274312768662,21.236934016523048
301.7570002103971,229.38153300858633,21.208274300922305,21.23693398282735
301.76086447559464,229.38153302355033,21.208274292705042,21.23693395289934
301.7834506872568,229.38153303745128,21.20827428505443,21.236933925097443
301.78152391949754,229.3815330527059,21.208274276678555,21.236933894588244
301.8340754204661,229.38153306791625,21.208274268289404,21.236933864167483
301.87953876289714,229.38153308224932,21.208274260415912,21.236933835501368
301.88636035295394,229.3815330993372,21.208274251009275,21.23693380132564
301.93609209342225,229.38153311656555,21.208274240352857,21.236933766868916
301.79947476655633,229.3815331320093,21.208274228690765,21.236933735981406
301.80477490428956,229.38153314622795,21.20827422020247,21.236933707544072
301.814281514358,229.38153316315857,21.208274211196684,21.236933673682866
301.8026010845275,229.3815331792026,21.20827420194173,21.23693364159483
301.7634706696316,229.38153319595847,21.208274192748153,21.236933608083046
301.7190922605814,229.38153321438404,21.2082741813483,21.236933571231948
301.7176617449692,229.38153323138175,21.208274171928476,21.23693353723649
301.67661385646085,229.38153324806908,21.208274162015954,21.236933503861838
301.63386136436924,229.3815332642719,21.208274152402865,21.236933471456197
301.638018411721,229.38153328234222,21.208274142892282,21.236933435315592
301.59175328775626,229.38153329964084,21.20827413282187,21.236933400718325
301.56656436600576,229.3815333158171,21.208274123108115,21.236933368365804
301.56126305479233,229.3815333310174,21.20827411486014,21.236933337965183
301.51599201731904,229.38153334896964,21.20827410433795,21.236933302060745
301.45415392803693,229.3815333657391,21.208274094612136,21.236933268521796
301.4104787223944,229.38153338235605,21.20827408524334,21.23693323528792
301.35485649642703,229.3815334002673,21.208274074747546,21.23693319946539
301.34348505068306,229.38153341799213,21.208274065238104,21.23693316401574
301.353602376284,229.38153343439976,21.208274056586525,21.236933131200495
301.3307090381912,229.38153345219285,21.20827404653062,21.236933095614315
301.29453086779876,229.3815334695219,21.208274036595537,21.236933060956158
301.2768543027412,229.38153348599903,21.208274027667755,21.23693302800194
301.22789669538577,229.38153350344956,21.208274017647728,21.236932993100858
301.1783686790781,229.3815335211991,21.20827400753212,21.236932957601827
301.1526124291506,229.38153353974377,21.208273997802788,21.236932920512437
301.09805842995206,229.38153355736054,21.20827398775555,21.236932885278936
301.0813715256844,229.38153357465956,21.20827397848942,21.236932850680905
301.03743959985434,229.38153359358898,21.20827396763504,21.236932812822026
301.01077216236837,229.3815336115303,21.20827395826144,21.23693277693939
300.97762693337177,229.38153362962947,21.208273948277053,21.236932740741054
300.9662094984527,229.38153364772177,21.208273937837724,21.23693270455644
300.9535678560062,229.38153366614623,21.20827392706953,21.23693266770753
300.9395397422648,229.38153368151913,21.208273918568302,21.236932636961736
300.90500095250815,229.38153369797334,21.208273909463866,21.23693260405332
300.90802614403253,229.3815337133407,21.208273900773957,21.236932573318608
300.85330102699965,229.38153372972292,21.20827389142631,21.236932540554182
301.0727186182702,229.3815337480307,21.20827388273056,21.236932503938604
301.04483483617446,229.3815337644498,21.20827387350569,21.236932471100367
301.0267862584337,229.38153378240708,21.20827386379021,21.236932435185867
301.00422174555166,229.38153379815694,21.208273854885952,21.236932403686144
301.0023163461299,229.38153381328638,21.208273846598317,21.23693237342724
301.0199559074375,229.38153383037675,21.20827383778235,21.236932339246486
301.0452639769254,229.38153384657235,21.20827382903942,21.236932306855312
301.03764041513716,229.38153386314838,21.208273819986715,21.236932273703225
301.0259052965136,229.381533881893,21.20827381006945,21.236932236213985
301.069031027057,229.38153389813877,21.20827380154784,21.23693220372248
301.07763367439406,229.38153391608373,21.208273791782194,21.23693216783254
301.1004679227543,229.3815339347992,21.20827378156744,21.236932130401627
301.095617750309,229.38153395181428,21.208273772269468,21.236932096371433
301.0608972825838,229.38153396944736,21.20827376173679,21.236932061105293
301.0364363425691,229.3815339871757,21.20827375120939,21.236932025648613
301.07341808573864,229.38153400327784,21.208273743077925,21.236931993444347
301.03907158501323,229.38153402084714,21.2082737325296,21.236931958305732
301.0105568998148,229.38153403972785,21.208273721532137,21.236931920544293
300.9875125232304,229.3815340570928,21.20827371211955,21.23693188581436
300.96848373958454,229.3815340739859,21.208273702546272,21.23693185202821
300.9475687421289,229.38153409000162,21.208273694195988,21.23693181999677
300.9414438690387,229.38153410693343,21.208273684703293,21.236931786133166
300.8756402489138,229.38153412373728,21.20827367557402,21.236931752525454
300.9852785721014,229.3815341438255,21.208273666037687,21.236931712349033
300.9374816649664,229.38153416131485,21.208273655325,21.23693167737031
300.9245125772382,229.38153417792256,21.208273645849538,21.23693164415486
300.9249719139184,229.38153419532162,21.20827363635275,21.236931609356734
300.9545988355427,229.38153421187877,21.2082736272921,21.236931576242448
300.91248425133915,229.38153422944123,21.208273616972516,21.23693154111755
300.8946279617897,229.38153424656926,21.20827360749301,21.23693150686148
301.04962325863704,229.38153426557977,21.20827359864864,21.236931468840467
301.0284831834135,229.3815342822846,21.20827358920495,21.236931435430797
300.9925788924258,229.3815342997028,21.208273579695437,21.23693140059444
300.97848964946434,229.3815343152366,21.208273571194674,21.236931369526797
300.9438769914767,229.38153433284785,21.20827356098953,21.23693133430429
300.903628591306,229.38153434954768,21.208273550954207,21.236931300904665
300.8946805277109,229.3815343658058,21.208273541875556,21.236931268388396
301.0633871431434,229.3815343850648,21.208273532608178,21.236931229870407
301.0720836168336,229.38153440079523,21.208273524184374,21.236931198409522
301.0632426197948,229.3815344171737,21.208273515404738,21.23693116565262
301.02785992153923,229.38153443348162,21.20827350602241,21.23693113303678
301.022893132931,229.38153444997562,21.208273497006473,21.236931100048754
300.99842812942273,229.38153446515417,21.20827348860813,21.236931069691657
300.9539976510365,229.38153448223846,21.20827347911544,21.23693103552306
300.8998496074119,229.38153449915973,21.208273470039696,21.236931001680553
300.8764192328171,229.38153451585706,21.208273461014084,21.236930968285872
301.0631941022998,229.38153453534142,21.20827345163438,21.236930929317175
301.04569618545116,229.3815345513368,21.208273442606572,21.23693089732635
301.01762999500164,229.38153456885385,21.208273432410493,21.236930862292276
300.95549691891017,229.3815345859968,21.208273422078697,21.236930828006404
300.92654616762866,229.38153460444622,21.20827341181025,21.23693079110758
300.91139180655745,229.38153462374444,21.208273401189825,21.236930752511135
300.9068436589548,229.38153463969243,21.2082733924403,21.23693072061516
300.90363587008625,229.38153465580731,21.208273383724542,21.236930688385346
300.91035604883757,229.38153467179856,21.20827337442989,21.236930656402855
300.91312390456676,229.38153468827164,21.20827336519251,21.23693062345673
300.86545638335326,229.38153470385927,21.208273356202202,21.23693059228147
301.02589334575356,229.381534723308,21.208273347550797,21.236930553384
301.0369226013035,229.3815347376512,21.208273340153166,21.236930524697573
301.0215997220336,229.3815347527866,21.20827333146614,21.23693049442684
301.014106017015,229.38153476741462,21.20827332307518,21.236930465170776
301.0030751362313,229.38153478364205,21.20827331386082,21.236930432715923
300.98956534828795,229.38153479982978,21.208273305196084,21.236930400340466
300.9804882125784,229.38153481499933,21.2082732963549,21.23693037000133
300.9450680377976,229.38153483119908,21.208273287182323,21.236930337601876
300.9732273312983,229.38153484825907,21.208273277560068,21.236930303481888
300.95398518518766,229.38153486562894,21.208273268363147,21.23693026874214
300.96134614797705,229.3815348835783,21.208273257910303,21.23693023284338
300.9455914267544,229.38153490018104,21.20827324878745,21.236930199637936
300.9524913702336,229.38153491662916,21.208273239666365,21.236930166741686
300.9822097385424,229.38153493290974,21.20827323036396,21.236930134180536
300.9725126028127,229.3815349494574,21.208273221434453,21.23693010108519
300.994960586254,229.3815349657654,21.208273212707162,21.23693006846919
300.9753011539234,229.38153498272098,21.208273202890002,21.236930034558068
300.9553962846487,229.38153500007286,21.208273192908976,21.23692999985431
300.98221182119096,229.38153501746422,21.20827318337522,21.23692996507158
300.96883046795324,229.38153503183517,21.208273175241118,21.236929936329666
300.99558175274376,229.3815350505199,21.208273165322044,21.236929898960234
300.99103015214956,229.38153506572823,21.208273156798757,21.236929868543545
301.0291714780337,229.3815350817638,21.20827314781231,21.236929836472438
301.0621807241753,229.38153509619767,21.208273140061884,21.236929807604643
301.06234613747665,229.38153511471464,21.208273130180753,21.236929770570715
301.08896276870416,229.38153512936864,21.208273122426604,21.236929741262735
301.12013370131024,229.38153514343085,21.208273114915958,21.236929713138316
301.146959647423,229.38153515890593,21.208273106888633,21.236929682188123
301.1427016250728,229.3815351742697,21.208273097919964,21.236929651460628
301.15507843837065,229.3815351919314,21.20827308844696,21.23692961613721
301.16153341940117,229.38153520716392,21.20827307986839,21.236929585672137
301.18715086869514,229.38153522378408,21.208273071055956,21.236929552431807
301.2008368714761,229.38153523972747,21.208273062507764,21.23692952054508
301.1988391068806,229.38153525551178,21.208273053475175,21.23692948897643
301.2389336579378,229.38153527106059,21.208273045308186,21.236929457878826
301.21381977461095,229.38153528850617,21.20827303579212,21.236929422987632
301.21532146947726,229.38153530709332,21.208273026320885,21.236929385813365
301.2174704410986,229.3815353239736,21.208273017550653,21.236929352052808
301.2191486332481,229.38153534138993,21.208273008517608,21.236929317220135
301.2061810477804,229.381535359453,21.208272998967807,21.236929281093964
301.19483352087843,229.38153537620735,21.208272990089633,21.236929247585273
301.2000442537843,229.3815353930045,21.208272981047045,21.236929213991015
301.19255478577054,229.38153541008137,21.20827297181929,21.236929179837244
301.2085257077316,229.38153542609314,21.208272962734295,21.236929147813722
301.1847244923852,229.38153544442392,21.208272952265276,21.23692911115215
301.17518406627255,229.3815354590621,21.20827294395027,21.236929081875836
301.1289636083271,229.38153547502654,21.208272934302663,21.236929049946916
301.1056301307864,229.38153549100855,21.208272924495517,21.23692901798288
301.0718059374113,229.3815355061172,21.2082729153498,21.236928987765605
301.068213067363,229.38153552059708,21.208272907133676,21.236928958805855
301.0676195009721,229.38153553642954,21.20827289793073,21.23692892714094
301.06267131894333,229.3815355538643,21.20827288861215,21.23692889227143
301.0438177057395,229.38153557006598,21.208272879355558,21.236928859868073
301.03301260625756,229.38153558584082,21.208272870463766,21.23692882831833
301.06305080972936,229.38153560476178,21.20827286043251,21.23692879047646
301.0894343452479,229.38153562226228,21.20827285009248,21.236928755475468
301.09882164239787,229.38153563789567,21.208272841591054,21.236928724208692
301.11116991529104,229.38153565571423,21.208272832166827,21.236928688571542
301.1807290317226,229.38153567217512,21.208272823686094,21.236928655649788
301.2053399159696,229.38153569178712,21.20827281299148,21.23692861642578
301.2162386243873,229.38153570885845,21.20827280357463,21.236928582283095
301.2139488493058,229.38153572722655,21.208272793372107,21.23692854554689
301.24996419651353,229.38153574218703,21.208272784798613,21.236928515625962
301.26911793071844,229.38153576037496,21.208272774551165,21.236928479250093
301.26532367608695,229.38153577624854,21.208272765496332,21.236928447502898
301.2731157758763,229.38153579196086,21.208272756293724,21.236928416078268
301.26746686276044,229.3815358078456,21.20827274655693,21.23692838430876
301.2708686488105,229.38153582505262,21.2082727368559,21.23692834989474
301.28549965189876,229.38153584468287,21.208272725786244,21.23692831063425
301.28721528250065,229.38153586164393,21.20827271538937,21.236928276712153
301.2794188503357,229.3815358784639,21.208272704760255,21.23692824307222
301.30724515016743,229.3815358956847,21.20827269370261,21.23692820863061
301.33749553768973,229.38153591461418,21.20827268201468,21.23692817077162
301.32528174007086,229.38153593289502,21.208272671459593,21.23692813420999
301.3173259426721,229.38153595062593,21.208272661048028,21.236928098748137
301.3022734571719,229.38153596864868,21.20827265031303,21.236928062702653
301.29415563731055,229.38153598610998,21.208272640449962,21.23692802778002
301.2934471296942,229.38153600552215,21.208272628711295,21.236927988955674
301.3236816411753,229.3815360226445,21.208272618456437,21.236927954711025
301.3424100267442,229.38153603937337,21.208272609364396,21.236927921253276
301.36446983465635,229.38153605927005,21.20827259747196,21.236927881459923
301.3487501366582,229.38153607410152,21.208272588533497,21.236927851796963
301.36972271018215,229.38153609063872,21.20827257856923,21.236927818722542
301.37270262862114,229.3815361070007,21.208272568678442,21.23692778599862
301.35957866679024,229.38153612278276,21.20827255883334,21.236927754434497
301.398343945318,229.3815361383639,21.208272549754273,21.236927723272153
301.3417979632672,229.38153615687693,21.208272538405346,21.236927686246116
301.3424101978571,229.38153617310303,21.208272529189465,21.236927653793966
301.301151544043,229.38153619119674,21.20827251839001,21.23692761760649
301.27974061684495,229.38153620903802,21.208272507257306,21.236927581923982
301.2656068068209,229.3815362259626,21.208272497860733,21.236927548074803
301.27055749536675,229.3815362441212,21.208272486965715,21.236927511757607
301.2536272033697,229.38153626084625,21.208272476925522,21.236927478307493
301.2796083241918,229.38153627974089,21.208272465635876,21.236927440518233
301.2497528734882,229.3815362981146,21.20827245463668,21.236927403770792
301.2298156565847,229.38153631959142,21.208272442796726,21.23692736081719
301.23838673686225,229.3815363388817,21.208272430930062,21.2369273222366
301.23062925669683,229.38153635726735,21.208272420503825,21.236927285465324
301.2619928615289,229.3815363769354,21.208272408844405,21.23692724612919
301.2906379145962,229.38153639535616,21.208272398545798,21.23692720928767
301.3239043494254,229.38153641556812,21.208272386603404,21.23692716886373
301.3569764465116,229.38153643499962,21.208272375709083,21.236927130000762
301.43549278646896,229.3815364526841,21.20827236438489,21.23692709463185
301.48402916676804,229.38153646925545,21.208272354116747,21.236927061489087
301.5003390065012,229.3815364866972,21.208272344683945,21.236927026605585
301.5293639719485,229.38153650434884,21.208272334735614,21.236926991302298
301.5818319672604,229.38153652133983,21.20827232544508,21.236926957320335
301.64799416365616,229.3815365389667,21.208272315316268,21.236926922066587
301.65349034824055,229.38153655758092,21.208272303654912,21.236926884838184
301.7205157244507,229.38153657584118,21.208272293026294,21.23692684831765
301.7769887577724,229.38153659344565,21.208272282212373,21.236926813108717
301.7933252505793,229.38153661138807,21.208272271810987,21.236926777223857
301.81960009737224,229.38153662876692,21.20827226078267,21.236926742466125
301.86796351343264,229.3815366482853,21.20827224853471,21.236926703429383
301.9048241228359,229.38153666563042,21.208272237406455,21.23692666873915
301.7422289469603,229.38153668451372,21.208272223843156,21.236926630972565
301.8395579053969,229.38153670161827,21.208272213860017,21.236926596763443
301.88903274944494,229.38153671724223,21.208272204006132,21.236926565515517
301.9675873413667,229.38153673686836,21.20827219131472,21.236926526263296
301.8079836634143,229.38153675638762,21.208272176938284,21.23692648722476
301.8049638216559,229.38153677527802,21.208272164640743,21.23692644944396
301.7887367695842,229.38153679368793,21.20827215437686,21.236926412624154
301.77826185043847,229.38153681113852,21.208272144672126,21.236926377722938
301.77182055788137,229.3815368272014,21.208272134835884,21.236926345597247
301.758484771779,229.38153684623205,21.2082721242076,21.236926307535896
301.7677282548202,229.38153686328914,21.208272114259625,21.236926273421727
301.8011933472991,229.38153688009157,21.20827210412954,21.236926239816842
301.83264198843386,229.38153689617968,21.208272094268008,21.23692620764062
301.8544926825597,229.38153691580274,21.208272082782297,21.23692616839453
301.8893695195333,229.3815369359724,21.208272070586766,21.236926128055217
301.91306877712304,229.381536953941,21.208272059277096,21.236926092117987
301.72143712405403,229.38153697121413,21.208272045684378,21.23692605757174
301.7401123750394,229.38153699199108,21.2082720344029,21.236926016017858
301.72180769875956,229.38153700935825,21.208272024151746,21.23692598128351
301.75166318622996,229.38153702764336,21.20827201377142,21.236925944713295
301.73363644546293,229.38153704801408,21.208272001686503,21.236925903971844
301.7345190586366,229.38153706744552,21.208271989828102,21.236925865108983
301.7381210741186,229.38153708291486,21.208271980656843,21.236925834170272
301.72840455076283,229.38153710096577,21.2082719704327,21.236925798068437
301.73576348099226,229.3815371175312,21.208271960807966,21.23692576493763
301.71707073595235,229.38153713614398,21.208271949920356,21.236925727712034
301.7043949778472,229.3815371561333,21.208271938052327,21.236925687733404
301.7366224129362,229.38153717254437,21.20827192885965,21.23692565491129
301.75912644001494,229.38153718888015,21.208271919392008,21.2369256222397
301.78656283541983,229.38153720553885,21.208271909620553,21.23692558892228
301.8087806020165,229.3815372218613,21.20827189987758,21.236925556277388
301.83822680918604,229.38153723962384,21.208271888336373,21.236925520752326
301.8537910151371,229.3815372583646,21.20827187737098,21.23692548327079
301.9078346338301,229.38153727719322,21.20827186673356,21.236925445613558
301.74618259663686,229.38153729328852,21.208271854196315,21.23692541342296
301.76994282221915,229.3815373110208,21.208271843103645,21.23692537795843
301.77970906421666,229.38153732825052,21.208271832866455,21.236925343498974
301.72498509882473,229.38153734581428,21.20827182246631,21.23692530837144
301.75779202559,229.38153736244396,21.208271812436394,21.23692527511206
301.8062154626017,229.38153738069198,21.208271802040418,21.236925238616017
301.81016710030667,229.38153739839424,21.208271791465855,21.23692520321149
301.80763342963377,229.38153741571264,21.208271781071815,21.236925168574732
301.8648704835395,229.38153743539613,21.208271768664503,21.236925129207766
301.82591444328415,229.38153745315932,21.20827175696641,21.23692509368137
301.88089593776436,229.38153747223788,21.208271745474963,21.236925055524253
301.8859468419809,229.38153749513154,21.20827173130709,21.236925009736925
301.9577082837845,229.38153751265324,21.208271721220772,21.236924974693544
301.79757296192554,229.3815375293513,21.208271707399295,21.236924941297403
301.8537450007088,229.38153755209063,21.208271693651263,21.236924895818753
301.9155361683982,229.3815375693857,21.208271684148166,21.2369248612286
301.78251781530753,229.3815375866277,21.20827167124573,21.236924826744588
301.8223995565613,229.3815376048462,21.208271660818394,21.236924790307633
301.8626608157588,229.3815376236497,21.208271649852623,21.23692475270061
301.900132029684,229.38153764281975,21.208271639444934,21.236924714360526
301.7555885822269,229.38153766104512,21.20827162625707,21.236924677909787
301.7879945558645,229.38153767853478,21.208271616492837,21.236924642930436
301.8167100710027,229.3815376971634,21.208271606059032,21.236924605673188
301.8625326893728,229.381537714519,21.20827159520139,21.236924570962024
301.856898996672,229.3815377303997,21.20827158584428,21.236924539200572
301.88731477137816,229.3815377470139,21.208271575764805,21.236924505972162
301.9005166599236,229.38153776587293,21.208271564799322,21.236924468254138
301.7342515511066,229.38153778285235,21.20827155214971,21.23692443429529
301.7231271652541,229.38153780058232,21.20827154163713,21.236924398835338
301.668211205746,229.38153781667583,21.208271531446435,21.23692436664832
301.6935245564757,229.38153783375162,21.208271521417814,21.236924332496777
301.7190582156357,229.3815378510681,21.2082715106893,21.236924297863844
301.7313245079446,229.38153786984603,21.208271499369143,21.236924260307926
301.7537541209732,229.38153788777197,21.208271488929054,21.23692422445604
301.78225393386225,229.3815379042724,21.208271479475883,21.23692419145519
301.8233777682449,229.38153792142808,21.20827147027466,21.236924157143864
301.8634460358595,229.38153794362788,21.20827145769608,21.236924112744255
301.916962336037,229.38153796118047,21.20827144695559,21.236924077639042
301.7721448710969,229.38153797818975,21.208271433827402,21.236924043620476
301.76458512527734,229.38153799652002,21.208271422214292,21.236924006959956
301.7778120463675,229.38153801489096,21.208271412198286,21.236923970218058
301.7857192863382,229.3815380319601,21.208271402384156,21.23692393607978
301.8132334233787,229.3815380505472,21.20827139178264,21.236923898905598
301.85214274006654,229.38153806582486,21.208271383082174,21.236923868350274
301.84667036631043,229.3815380835911,21.20827137205255,21.236923832817798
301.87861671713114,229.38153810082346,21.208271362738664,21.236923798353086
301.89140564790233,229.38153811647567,21.208271353698745,21.236923767048694
301.9282190791695,229.38153813206407,21.208271344690033,21.23692373587189
301.73560500705537,229.38153814870296,21.20827133187486,21.2369237025941
301.74803764898616,229.38153816694495,21.208271321399494,21.236923666110087
301.76358571924493,229.3815381838977,21.208271311491487,21.236923632204615
301.81673760336156,229.38153820050272,21.208271302177447,21.23692359899454
301.8589196548202,229.3815382160021,21.208271293100225,21.23692356799578
301.87078973536364,229.3815382315345,21.208271283910484,21.236923536930966
301.8436805293223,229.3815382480163,21.208271273371725,21.236923503967386
301.845990168542,229.38153826471643,21.208271263167003,21.23692347056716
301.8700064947355,229.38153828373297,21.20827125219094,21.236923432534073
301.86192327291025,229.38153830382626,21.208271239797632,21.236923392347475
301.8819814329347,229.3815383215533,21.20827122986835,21.23692335689341
301.887783053921,229.38153833918196,21.208271219437666,21.236923321636063
301.92412953258577,229.381538358382,21.208271207707586,21.236923283236038
301.76119428239065,229.38153837644614,21.208271194181883,21.236923247107725
301.824795401362,229.3815383925739,21.208271183950814,21.236923214852215
301.8451341630303,229.38153840957966,21.208271174541398,21.23692318084065
301.88791453703266,229.38153842532134,21.208271165577102,21.2369231493573
301.9624570499486,229.38153844452737,21.208271154803647,21.236923110945256
301.80163745202555,229.3815384615961,21.20827114066407,21.236923076807773
301.8058336089076,229.38153847717894,21.20827113201331,21.23692304564212
301.7811359653933,229.3815384937062,21.208271122319367,21.23692301258762
301.8228521621725,229.38153850964574,21.20827111259626,21.236922980708556
301.86242739801884,229.38153852815367,21.208271101564083,21.236922943692687
301.8550762080628,229.38153854453304,21.208271091527997,21.236922910933913
301.8830669394522,229.38153856156345,21.20827108225741,21.236922876873106
301.88161168314696,229.38153857957698,21.208271072356677,21.236922840846017
301.86516789757826,229.38153859752845,21.208271061758186,21.236922804943102
301.8937410317111,229.38153861419755,21.20827105214475,21.23692277160492
301.9536241317878,229.38153863195132,21.208271042639325,21.236922736097394
301.79827357291936,229.38153865133737,21.208271028555636,21.23692269732526
301.8156632566608,229.3815386668673,21.208271019727892,21.23692266626538
301.8341090187478,229.38153868654075,21.208271008126676,21.2369226269185
301.84141677803933,229.38153870493275,21.208270997340076,21.236922590134498
301.8740274047002,229.38153872151366,21.20827098662499,21.236922556972644
301.86963341919915,229.3815387407883,21.208270975461236,21.236922518423402
301.8634532755458,229.38153875773472,21.208270964693106,21.23692248453056
301.8779494117557,229.38153877580723,21.208270954010878,21.236922448385553
301.8943668459358,229.38153879442973,21.20827094335305,21.236922411140533
301.9107842801158,229.38153881305223,21.20827093269522,21.236922373895514
