139.5,90.5,45,59
138.84046723620122,92.92246759940826,45.785178618112695,56.34388063332153
138.13231947347072,93.31208454024815,46.51525945813362,54.32185831761312
137.27666275929434,94.35871726127976,46.912550345440266,52.53308117682707
136.64890674125098,91.58452218542384,46.67295842625812,51.749495868486434
135.72774760440268,91.10683069713359,46.69029751389667,51.57038918957224
134.33503572501965,88.05521342166224,46.49183789177285,51.68904322369973
132.6784965061205,85.1085955708725,46.852072663494496,51.6356193603073
131.57838966372606,87.39051744176751,47.36101242059473,52.55769747825849
130.75342730793756,88.27851269283734,47.24646417074598,52.62823300284461
129.3219092088412,91.08716444590493,47.40425511251475,52.549466045323925
128.69392866774035,91.70125388013508,47.21432219180202,52.23630066897101
125.59605779926196,92.04979191643767,47.182681268846686,51.826139868840144
120.88633809458861,91.08986022544374,47.29838113046388,51.0498465106394
117.66193397509596,89.30806433864487,47.512236442813446,51.41275492890571
118.99030301677206,88.43693403088723,47.45971064354937,51.34193392229727
120.47835664470594,88.35870833197623,47.43511691650549,52.26474768917977
120.743766559913,92.17174195966967,47.515997203679404,52.77979371504291
123.77503124802385,94.61501508984153,47.75624177994182,53.5739568167292
126.52445420743283,97.4339645879129,48.55399906394369,53.33222557571344
129.67857063760906,97.5083290273371,48.682667772957686,52.628229303276015
133.8138479733002,95.32344184734346,48.788471133801984,52.29918116494176
137.68551543628743,93.65268942190265,48.61430477548496,52.168823222854634
139.47464481076315,89.96657131873683,49.391147611921724,53.18989842607349
139.87920962846124,87.80437644155536,49.76781531024292,53.37219929036073
137.7548174904092,88.96140918133597,49.39617245469414,54.63390418891231
137.8124752984778,90.81248657561915,49.93160211119337,54.59457927629198
138.84681466940395,91.30245674811151,50.21257971280115,54.19985074475713
138.70151013481131,90.18102824510444,51.337591164360205,55.12172732112191
141.34749231335604,96.68807995693011,52.662642169056674,54.92154296485339
141.23637566036803,96.23834628827213,54.37868457899846,55.69940691755537
144.55329183776217,96.03011802916295,55.37643591485349,55.73308795025812
143.95800154099948,96.3394897409923,56.942734148301945,56.852161814044486
141.3663664566186,97.0098318970392,57.06304226185736,57.21589794930022
142.95222577227761,91.11895716949773,57.54523236009258,57.50451290578699
148.36189658756484,113.67352058867114,57.88297137984774,57.5384715471765
148.4329295631785,106.89205042491349,57.97702235946282,57.63842111388858
150.5205961522592,137.02405877523165,58.145940813991835,57.32986019328156
152.26058875006532,134.83887041790132,58.14661367273138,57.32533513639681
144.3933010964734,126.68821199906445,57.83916246013986,57.58665105854319
143.21564523748611,128.82805206706885,57.82947774485636,57.59460243422263
176.69670178782076,123.87959468712212,56.81923842348398,58.26227200826404
175.0185233347216,127.56198311879423,56.31865625230495,58.363536709861215
173.84128177932246,120.53533735128867,55.15217402534995,58.93073186273123
172.2327884890579,114.05216882408467,53.87444348475483,59.17582029043024
166.47978498462774,108.44550308093746,52.64673257521911,58.65449544280133
165.4307750797007,109.91671988997327,51.977434374743,58.70913976662425
158.63357825541394,111.8749177424209,51.114421025635856,58.59932937361863
150.74387311521718,114.31706771724856,51.296027236510355,58.28798884702849
142.09773382062906,115.94545660370308,52.43722283313288,58.4100062210616
136.46620351343742,115.04018491753078,55.8679193651797,59.731905053096284
133.54709191512816,116.52272357122928,58.58110274589553,60.87564150836408
134.49540306223034,116.22606050668543,59.00908615504504,61.40293972793451
136.0137586415072,115.40284854680047,58.03005178863614,61.03118923783806
137.4480110632062,115.16941784521634,56.979452490472795,60.52282966274629
139.42289750054243,115.49443419075186,56.187804062669194,59.31765081393371
142.14206330141948,111.86203133044253,54.61376675145772,58.476601546454205
144.86308742117706,106.43633480606971,54.050106439951605,58.15232015672329
147.3406905845934,97.72203737394429,52.0323593435419,57.68096308615968
149.23135722553968,96.88237838078743,52.02932682382587,55.01561649880398
156.58691542924814,94.82922807496035,51.95593815383569,55.154861074462644
164.63055305045643,93.09854035688024,51.79073150730533,55.7639322904233
176.52736581545807,90.86403112984802,51.782821080451455,55.52226596818158
189.23841662593264,90.75063440871276,50.27812744900426,57.82085749661848
190.51256241147922,101.68125459860278,51.48181141425755,60.68549487867926
184.40845551221213,98.92118426260588,53.18134963753536,61.83424520796067
175.6810955831537,101.73847231131714,53.695285041306526,61.831702935458786
170.06107367069396,97.8569459018296,55.78602256892379,62.64175139423488
165.63285046785683,93.2403464993586,57.877634570606375,63.90807464604579
166.34090394915327,89.67541046902254,58.89498665151628,64.67460203737588
170.05717802214724,84.08669077181932,59.99726192319187,64.84930724751719
168.4559048259888,81.60185851613706,59.56432719635288,65.30607379058947
186.23839957009437,90.34876039759197,60.027261292126155,65.3879402699892
187.43137833013228,92.26180655171498,60.04822158249038,65.39222267945559
185.54480610119563,92.82946795632873,60.04584452356374,65.39593628723556
182.8511300825533,95.19756068260044,60.04089166354002,65.39936389087498
182.6190697037244,97.96578916233165,60.028690068311654,65.41196489192284
181.76600876221315,101.48837245292232,60.023700882608566,65.41615572498708
182.60894223170672,106.02820836077359,60.02116340662651,65.41895194212147
183.0267914455801,110.76592931037891,60.020532191461356,65.41950224566959
181.03797230820436,114.97624104141269,60.0191214988514,65.42055541934423
181.24512394393327,117.62065455934513,60.0191116059851,65.42028972762607
178.43965225400342,114.99252548445048,60.01963189777109,65.41989075384971
174.91080997564828,113.25627547969513,60.01920717103409,65.41895273883952
168.7834557344188,112.74633166980074,60.01824415233338,65.41808268345741
140.35291406892324,106.80725752137303,61.1637093497796,65.82660550729037
134.06396991761733,105.02446214311057,62.60417032237431,65.24682244255675
128.43644920444365,98.9925948895122,63.87434369910008,66.04552990354986
123.35606766345114,95.898253275945,64.75776017006217,67.3258307149128
117.3449745451321,94.2678766049485,64.49981125197613,67.85914799123196
111.92405632639495,93.0771693748325,64.48552662621802,68.06689406691197
106.6695890349753,93.23507273116407,64.60892501520965,66.25365488392717
100.410647497284,90.73937585360245,64.73017303505024,66.22900068449107
96.19513012802213,88.09835194805251,64.76252422560037,67.38474196177748
93.05951774364402,90.87143178138169,64.74837053824086,67.386478680312
89.39605804113262,89.29501405640953,65.35184548144117,69.39107976288571
78.17790446008152,96.46632798832294,66.33111567149746,69.42508840418583
71.44356041354462,96.70109902987136,67.45079711173925,69.95204883974287
61.45688705590446,100.07234618516819,67.13391975170217,69.69261202808111
56.982427754873996,102.15067507185711,66.9717200371127,71.51747919900868
52.94288809868055,106.43621397482084,67.31143377180184,72.70922926631117
53.09680923001062,102.69627182023439,67.90688076762177,74.83559985783275
53.3674456007123,106.58941944310759,68.30992077751159,75.82574237148575
46.96097018982795,110.38291064543823,70.36599370011038,76.4765548429231
49.31826184591455,105.2089148358265,71.15905742544328,77.20466483220271
53.1862307474505,107.62565103608216,71.60622985949296,77.23446700597115
58.59678194342597,110.70506230364808,71.67955667439017,77.2337546125935
56.474830785538366,116.23744255185605,71.6808170643536,77.23268620907305
58.42532940649548,118.76727883627183,71.68006930364055,77.23251910288798
55.51576859675138,124.03610223913861,71.67972862378183,77.23253575693222
54.47120311230407,130.11117085083686,71.67199036240606,77.23496735067442
57.341612091512054,130.31191683927617,71.63481572598106,77.25909202556926
60.955105667991376,131.6164000488717,71.63469338778071,77.25898752959596
63.24931238359247,133.61514044100338,71.63464408087663,77.25892705630673
63.50615877349902,134.13719633405458,71.63464242836379,77.25892389943103
63.0977212266281,134.36453298280193,71.63464218355124,77.25892347495646
122.71528695040385,117.7134856763005,71.3906377501599,78.85955057392127
117.32483901608364,119.9846140613474,72.64284423433988,78.19725744022577
108.93851895182252,112.37813770230856,74.45910065772297,78.5199609059841
108.04944455932187,98.4085630511159,76.54698560514834,80.90682406029813
113.58112412645713,92.92048549327956,76.73352347405167,81.31898572199133
114.89510027550659,86.15558143054324,76.70649137630063,80.02288423290098
115.04271685552187,82.05845404020619,76.39961462120786,79.46817661123133
115.99609553782417,76.25954586080566,75.5302719265938,78.65023674444646
111.53740148287089,72.73139430565183,74.81022316974011,76.7181126925837
106.4697939733731,66.53365438923588,73.91870002192663,76.11224498360653
100.01852665347093,63.424949408590564,73.34846397081299,76.37529922819184
93.2562738598587,63.115494421410546,72.0355233452689,75.43900671842101
90.7762544417949,63.313425307536995,72.63080321304321,72.75909162051504
88.47729747724487,63.522821255655906,72.59734612087252,71.46488046520587
88.27449647945173,69.36863036397368,72.9734648167564,70.77758716159522
85.35496441538116,66.72429379026836,73.58271966068733,71.75514695146191
82.04028628543746,64.8865731677234,74.03331920670755,72.1153392303348
79.76450626012372,63.44864126436821,74.77246771062786,73.02904352261798
89.06356451684373,98.7024367037707,75.36539505094763,71.46520874732863
87.63211868160262,78.38045292694467,77.23394785138132,72.46181836030686
99.27330279253046,65.74819001580487,72.01944118653248,77.54892642745952
95.59250256397885,105.51642080121614,75.45055377246564,74.55260310126587
99.30160534946575,93.55785721362382,74.90183882496598,74.49282636104525
104.6021379520227,94.95101714491008,73.83338737412453,74.38883543791057
108.14465315228196,94.5682074125749,73.50451008029546,74.16289921181556
110.72238679447,94.69005834574577,73.6703285205593,74.42086055348163
113.37584000385746,91.75687934992388,73.88835400943816,73.6767201167807
116.90845559036363,85.90033921566953,76.3005674851685,74.53027184372446
122.00541891672722,85.46416794827948,76.92580987693594,75.89953195410232
124.58168178331711,83.62185379876044,77.32088155205085,76.80918090018933
124.84590227249947,84.28278608500185,76.02729551028585,76.80257506908534
124.94622197256089,82.05167773846124,75.28073591696769,79.33010200195841
126.58378213228279,88.83521890256246,74.46961296156806,78.85353862517198
128.53482065142035,92.40102284342179,73.24612598257335,76.39501929402095
130.01450130079814,95.6357905864286,73.50816804418457,77.06556282946119
134.236171680905,99.5429277914592,74.75757630740841,76.20893288198542
134.04000716514466,102.6951095612001,76.11122317616734,75.85344190872677
140.23686783643012,106.46974273358586,77.73390312448998,75.76295823683732
139.44490666783673,114.98745199784243,79.22537614678444,74.43514697761131
144.21243938232678,114.45442769354098,81.38677048800702,73.96693698216453
147.9360283773322,113.17791902535124,82.32894243543515,73.69832598640593
143.8574279791881,114.0604633899538,82.960040212009,74.59411186237966
140.57233869635758,107.44333211261056,83.66442268849765,75.39413884425119
135.59807212387202,108.43323925341839,84.42318036654983,75.6712086606885
131.76030862814872,110.25037372353864,84.66062800084923,76.11425886565064
129.0835336861423,113.85820415554845,84.61344346027101,76.30255107703996
124.9932636201047,117.29001345515637,84.62435640270995,76.45720535456363
119.93011069516149,119.77240603041923,84.81583921640255,76.67730475222514
121.33521981788303,121.333174694164,85.18554784321289,76.87442315402944
115.97160370825891,125.67883695181229,85.38178946187517,77.00764068432613
118.49674112754052,124.34893571502265,85.62716033711811,76.99505746530897
124.45045608558124,117.04710181251087,85.69564060780425,77.2786616793291
118.2313016142752,115.26215853677346,85.70971134546026,77.31701332060193
120.85042298407811,108.28642851024881,85.83997217641111,77.39873479485482
114.8032838940398,111.47287119764066,85.841272832684,77.40552242422152
108.10384154911193,111.81561903944433,85.84948102412666,77.44054437595962
101.39010588908118,113.0796603126433,85.85752161146111,77.45054895915459
96.44806772329255,113.46234742408726,85.8576009795374,77.45221886325412
91.0294186765368,116.2982069119507,85.85466145555621,77.4540910244596
87.45466842003557,120.76132878743644,85.8541175273355,77.45425604118832
83.49040610125358,125.16939358009083,85.85314301557699,77.45474060688055
80.52403944576467,131.8697011323202,85.8514853048263,77.45545835764639
78.1304074800714,137.9692733515421,85.84955179129709,77.45612966932464
78.17953104821706,144.38189512043704,85.84231243901475,77.45756822229407
80.3138734338199,149.51525782885022,85.84109755077415,77.45788687285052
83.73509044991283,152.40887967527115,85.8408547379181,77.4578636580665
87.74340452798467,151.9090587676076,85.84068032475541,77.45778376748007
91.31850296019283,150.28231256205186,85.84061277857639,77.4577399542263
141.38563355469074,120.40476914966551,85.33297665061573,77.86849313031738
133.15755270543886,121.3940565844335,85.3575759254134,77.89209216138565
137.5641176957982,119.08511707650689,85.46771617021965,77.79316190447274
142.40881512968153,117.12166118055191,85.5092153911981,77.72752880693263
149.23141692425972,117.4645483269058,85.46874336179513,77.58882889176164
155.46684442816883,109.51422777194581,85.44478204599349,77.51202249191599
151.45683515184194,102.62709516206831,85.31695723774642,77.41426603656113
141.18953468724726,93.75167752339921,85.21855302472386,77.33433654339152
135.93529424793917,92.86477032733619,85.21227483961937,77.32445845638395
125.87994157335064,83.82072683393972,84.94129111714115,77.13339924871889
123.0689865417596,83.37057980323047,84.7869560631357,77.00907539975225
120.62616521927612,81.96246529069437,84.68463884634728,76.89450541740868
118.83636585886629,82.53241516142681,84.3971626007363,76.62458207727283
115.31238494340484,83.14951062856022,84.20495442967555,76.46326652352207
115.73964358819308,83.32116796479315,83.80800292455342,76.06595716564476
119.4179944039617,85.12617699966704,83.31211109602522,75.42464022008826
118.57363737954194,86.56662781726364,82.90553138456505,74.90516088523381
117.27858391784284,90.24052866728243,82.35027664605224,74.04129883287078
121.05938767538576,92.05501657400694,82.09096672312947,73.80465509644813
120.31225182307672,94.12062275408161,81.70327970467932,73.41860879960751
117.4902797600123,95.39641172161981,81.36132581292486,73.39676642971666
123.61333752448665,95.23625086173571,81.45481466172274,72.94972621053145
126.28042023174537,96.599564352085,81.43390074256664,72.99405169298291
126.31345698705549,101.45471064845708,81.43188352412264,72.9959668944282
128.1063589977886,108.6072224112047,81.43122521455524,72.99632514383529
128.15519428588294,115.22328669100655,81.42997006867394,72.99693126440738
127.70602254781952,113.23916276309521,81.4295407686739,72.99728170506893
119.78731111911281,114.61450149366591,81.42948880308926,72.9973164002233
114.08877882893054,108.6882716443154,81.4294062048039,72.99736196775976
114.42849657482208,107.32911575101528,81.42940328395512,72.99736339821987
115.86416121392831,104.99380080102398,81.4294023596245,72.9973637968597
189.4758594692296,98.88950302948163,82.16352538027196,76.32661249241023
180.77159279432723,105.02690949885678,80.97502427573095,77.51674248578881
181.36985576728893,102.83810203322406,80.58877436130173,78.02978560728558
181.4633406138061,104.65249919470527,79.45017961915309,79.64932378478093
188.60480464066342,108.81115240277975,78.57891557453272,80.07043213303626
180.91263546167585,118.26271862567614,77.87871261170712,80.23094409642316
188.71017511033085,112.3133017315234,77.5500613081715,80.1124572517941
191.13158370847688,103.76989427609104,76.91749210534867,80.2933349678346
194.84123391569744,93.24024221004507,75.42927680061827,80.8373211830564
200.49374431908598,82.08588744337477,70.35846314716153,83.28842955062552
202.9271042299033,77.99386116494907,65.20797964864502,83.71958293755505
206.5286645927689,75.99136228085632,62.72532505984625,83.49251025972615
208.84752282710093,79.70007563321298,58.541939095122764,82.05616170290102
205.2188467368633,78.03169225485766,54.31788220272207,81.89554200407576
202.5569624590842,83.15957710486907,52.134190164103025,80.65323723172628
200.4817364694916,76.68385450572133,51.318031234779866,79.63339565634013
199.74847149598494,78.0162781182508,50.534968877563486,79.41115988719854
199.8567405232594,78.44359992914117,50.003420931027755,78.6763625498073
194.99452689452022,82.86295438462925,48.84512724124047,79.32629633139706
193.80143902816135,75.51923310450314,48.84649085733526,79.02267100529674
195.6171560705141,81.38079786345513,48.80337798158358,78.98208810299334
201.8108693454911,88.71967653904571,48.8425642856335,78.49366562119695
200.8371351186456,82.41243870652511,48.91812717406268,78.41265521751255
205.36752591497472,84.37714598839906,48.966193199507494,78.35647063423342
204.10737948867208,89.00802634635686,48.97260413034455,78.37039999705317
204.24215872614036,93.47208756050509,48.9756293188716,78.37160648721373
204.48642591430269,95.90682037856675,48.98232466361628,78.37215075022984
206.19219741037088,96.80957478334409,49.01755591578834,78.36523820360696
207.08022405441707,97.69300742113195,49.03044961389442,78.36813890112236
207.02861175931073,101.45607487372271,49.037484444435414,78.36823433117644
207.24475010592647,103.64586578247807,49.04281301300662,78.36973886315303
221.8241473410276,91.94780237122549,49.01164305452305,77.86407125206445
219.8357058919715,94.69595863249234,48.99983223849348,77.80999610669748
209.16534095138405,98.60019545341956,49.14207769889196,77.39152566918874
201.63434082911502,97.31405986184757,49.168077691660024,77.36595415900386
193.51203466154394,95.86206017807746,49.20292745356001,77.33063677697135
184.61370326518974,95.75119493368514,49.230799047537914,77.30705339782938
170.35298609189724,100.39576292823371,50.30111111018736,77.21871830442316
163.49635567810887,96.13259317336632,50.564138478291454,76.91222357038353
158.00234503852204,92.62830752120024,50.81056258186699,76.6628645959376
155.14067488235005,87.97339280900482,52.08205724830638,75.16142330652231
147.69215065373993,84.9411609265837,54.21661257198173,73.61212660002053
141.52881404805686,86.42165062070275,55.4606985412214,72.32305761694144
135.27830878262847,88.72689907928486,55.74119000622123,72.1049986346527
129.56928782373924,92.6023128209012,56.20853116411198,71.80555426528109
122.99305982189473,96.71466463610844,59.72265480085767,69.08780959635344
118.41687899510119,98.43093493569762,62.04901051877582,67.48402926347909
113.11462670166597,98.69989400580047,63.20663285772143,66.06467632503274
111.1926107794138,97.30786126294711,64.9579344184886,65.46903352063934
109.39086011164608,96.14426381599665,65.83020215722229,65.19926572418689
106.81837045414494,96.52575698997882,67.05325878850874,65.12080218382069
98.99684889725096,98.27177069937059,68.45909162855403,66.19962656786305
94.15238965707883,101.49703830688499,70.14478287501159,66.81692573012307
76.987093912918,105.66288261887296,70.5414411052766,66.9861011350778
67.05874108058639,106.78819622416353,71.04180254691735,67.08256249985982
61.61347335197456,107.64486342336367,71.79653478148475,67.17787716456988
