601.7462,280.1106,54.6577,30.1738
592.7711,277.3055,46.7777,27.5740
585.7912,276.3979,46.9026,29.5892
572.4938,278.0889,46.1325,31.1422
561.4363,278.0305,49.1325,30.3891
554.2481,278.6946,45.0088,27.6208
541.4556,277.2721,45.4387,26.8757
525.1166,272.1324,41.1668,28.5701
516.5864,269.0335,43.3073,32.9130
510.2567,261.7977,35.3917,37.2846
498.8424,259.8984,36.3602,41.6632
491.5814,260.3857,39.2222,42.3985
473.7532,260.6965,43.1836,40.9570
461.0618,254.2021,41.6515,40.6509
455.4870,253.6792,44.7910,40.8916
441.2892,251.6069,44.0215,40.8612
431.9893,249.7058,37.3264,34.6085
424.0028,245.4846,38.0944,37.1508
409.6010,244.0187,39.5179,37.7126
399.6495,241.9762,44.0959,39.1927
390.9340,241.4566,42.6521,35.5268
378.2341,241.0900,46.1167,35.9400
363.7257,236.9289,48.9487,37.1572
363.3824,237.1333,43.5852,30.9434
350.0892,236.1276,43.4116,34.8748
341.8445,240.5486,44.1010,32.4777
330.3525,240.4848,45.2400,34.2204
322.6746,236.8678,39.1059,34.6793
310.3428,243.0788,39.8194,30.8123
306.2015,238.1197,37.3319,34.5106
299.3490,244.6997,44.6420,24.2556
281.9699,245.9089,48.6101,28.1072
271.2365,242.9075,53.5421,32.1850
265.6998,245.1370,56.3304,25.9960
264.5051,240.1220,48.1997,31.6661
255.9491,240.0618,45.6418,25.5714
242.0741,235.0823,48.6518,33.3055
248.9609,230.5736,31.0181,41.2278
242.1554,235.5766,37.0691,38.1967
236.9262,242.9897,38.7276,38.5506
226.4869,251.1408,41.4512,36.3984
219.5464,255.5130,39.8023,31.3240
211.3395,259.5290,40.7611,35.7570
210.5503,257.3774,41.2894,37.4601
215.5087,253.7545,43.8525,36.0660
221.7171,254.9919,43.6259,31.0263
219.0838,247.9215,44.8325,34.4770
218.9891,251.0521,39.9869,32.9358
226.0707,260.1447,34.1486,27.4206
226.9465,260.3919,39.6721,25.6961
230.9758,259.2321,35.8485,27.7059
236.2719,252.2453,34.0963,34.0544
237.1880,255.5818,36.6540,29.0313
238.4122,254.4416,37.0656,34.2919
240.1766,257.1766,35.1467,35.1467
245.1213,258.5208,35.3825,33.3084
241.9940,260.3416,39.1819,31.6367
245.2741,260.0063,36.5168,30.2574
250.2373,256.5171,33.2853,32.3858
250.2856,256.4807,34.2589,35.4686
246.9354,257.7424,38.2692,36.1903
250.1851,257.8155,38.6198,37.4790
255.3939,258.6466,38.2222,37.1318
256.1491,255.6152,31.9619,40.9146
260.0192,261.3940,32.3417,32.8720
260.2624,261.7137,32.8103,31.0576
264.1995,260.8748,32.0110,33.1704
268.3629,262.6187,34.8742,34.3425
269.9806,263.9611,34.1988,35.6329
275.1427,266.8707,34.1247,37.1886
276.2277,267.8625,32.9446,37.3650
276.2507,268.3834,35.0836,40.7531
280.4757,270.0976,33.6236,40.9398
284.4124,272.2402,31.2502,40.3696
284.1387,274.6938,37.4975,40.8273
287.9891,277.9492,34.4518,38.8817
292.0683,278.7455,33.3084,39.7840
292.5776,281.2340,36.7547,40.6571
295.6870,287.3735,37.5409,37.0081
297.2214,291.5091,40.0571,40.9268
303.4679,292.5074,38.5843,34.9402
304.6152,293.6911,39.8196,36.2427
309.5648,301.5108,36.6403,36.1134
311.4078,300.8482,37.7493,33.4536
315.3400,302.6832,32.0701,34.7285
314.3386,300.1784,34.7728,35.8732
313.4157,297.2378,44.4287,48.2144
317.4321,297.7360,42.4358,48.3981
317.2552,301.4443,44.4146,44.8615
321.6581,303.0136,39.9639,45.1328
324.0112,307.2074,40.8127,41.2352
324.9365,307.6140,43.2870,45.5921
329.4796,307.7549,42.7559,43.6003
326.9891,306.4232,46.4918,49.3986
329.9063,305.8184,50.7974,44.1482
331.8173,304.3045,47.1655,36.8910
337.7149,306.6229,44.3702,39.2743
340.2895,312.4116,44.6660,39.1569
339.0513,319.6138,50.3324,37.2024
338.7670,320.2955,55.4560,40.8290
338.8848,328.0824,55.3254,34.8053
343.3140,336.1458,52.6470,33.4784
340.3746,336.0824,59.8209,33.6151
339.7596,341.9067,55.2907,31.7965
342.3257,344.3932,51.6186,33.0335
339.2697,351.1450,54.8005,27.9301
346.6977,346.5146,49.1696,33.6609
349.6581,352.9504,49.1887,31.9143
348.1334,354.0398,53.6133,33.8404
350.7735,356.5292,51.2630,32.9666
351.2484,355.5110,46.6632,42.3779
351.2122,356.7997,45.5355,42.8157
351.9116,359.9032,48.2767,46.0436
351.8328,361.3247,50.3894,50.8856
349.6941,363.6826,52.5718,47.6648
354.2112,367.1010,49.2275,42.5629
351.6472,364.8791,51.3156,44.2068
349.0427,363.3575,51.6197,45.3251
344.9937,359.9395,59.6326,46.2809
346.6308,369.1762,53.0484,41.8576
342.8885,365.2804,58.5379,47.3893
343.8853,369.8214,53.7544,43.3771
342.0121,378.6161,51.3858,38.7078
340.5159,375.5588,53.9483,43.2725
335.1077,376.0648,48.3896,45.9854
339.0061,382.0591,46.2178,41.4267
341.7491,380.2404,43.3717,45.6792
339.5231,383.8994,46.4188,41.9511
339.0364,386.3633,48.8072,42.1334
337.1551,388.0540,50.5998,40.9021
336.1974,389.6335,46.9052,37.1380
333.5881,394.5579,46.8738,32.3741
332.0912,395.7145,48.4875,31.5509
329.4458,396.4856,48.6534,34.8787
325.6396,400.6210,54.7257,31.7030
328.5245,401.3680,50.0361,36.6590
322.5410,411.3991,61.9780,25.6418
328.9435,411.7807,52.5129,33.6086
322.7415,419.1092,61.1171,27.7017
323.2942,424.4311,53.5216,28.2079
324.0186,424.7327,49.4028,33.2745
322.3404,429.8646,51.7493,30.7559
322.5755,431.0916,52.1540,28.1367
318.7295,435.9321,55.0010,23.0308
322.9004,443.2534,48.3742,15.0332
313.8376,438.2786,56.7847,20.7679
318.6564,434.6131,51.6172,21.6887
321.4602,432.4120,48.2646,25.9410
313.6638,431.5038,55.4675,26.9724
316.2575,427.3954,49.7649,30.4793
316.6773,427.4185,42.4954,30.4230
313.6969,419.4231,46.2412,36.7189
312.2204,425.3857,41.8993,30.4336
310.7804,422.9667,42.5693,32.5816
311.1419,423.0203,42.2713,32.7194
311.0677,425.4528,47.7347,30.2045
305.0387,421.8974,58.1426,32.7252
307.2139,423.0190,55.8622,29.8020
