1
333.1224,30.9934,38.4639,42.5171
334.8471,21.7542,37.5643,41.8721
334.5097,41.0025,36.9886,42.1412
333.7253,60.4078,37.3120,41.9405
343.1477,14.8097,37.1801,42.0664
343.8987,24.3286,35.6782,41.7393
343.6962,43.2488,36.0832,41.6643
342.9366,62.6920,36.3788,41.9325
342.7977,82.3287,36.6566,42.0982
2
0
0
0
0
1
340.6563,63.1773,42.9513,47.2113
2
0
0
0
0
1
320.9148,42.4802,40.2855,50.0549
319.6263,64.8142,41.4418,49.4255
318.4988,87.2773,42.2672,48.8169
2
0
0
0
0
1
353.9651,45.6410,42.4633,50.6770
352.5908,69.7221,43.7466,49.4059
351.4833,92.3172,44.4952,48.2044
351.0466,115.4694,45.3687,48.6055
2
0
0
0
0
1
388.9703,108.9376,49.3393,48.2589
382.8099,91.0111,49.3646,48.7618
371.4816,68.1943,48.8418,48.0368
370.8744,90.9586,48.5306,49.8028
2
0
0
0
0
1
304.7126,25.7000,46.9520,55.7723
307.8859,25.8440,45.4541,57.1005
314.0073,25.1661,44.4982,58.4563
310.4597,19.1958,45.1230,59.0737
309.5575,15.1628,45.2903,60.5907
303.4599,11.3924,45.8440,63.1424
300.0027,5.7985,47.6258,62.3538
294.8309,7.7803,47.6009,63.5744
293.7552,8.2071,48.0061,64.4671
300.2355,7.7292,47.4108,63.6564
313.3177,2.1855,47.4123,64.2775
325.3118,-2.9752,47.9784,64.0755
330.6627,-2.1036,49.5972,62.3324
324.7351,3.4880,49.1337,63.4679
324.1258,7.7685,48.5827,65.5248
325.9196,7.7590,50.3712,67.3359
324.6436,7.5282,52.9230,65.9485
324.1519,1.2296,53.9066,65.4615
323.0134,-4.6707,54.3059,64.1189
321.9551,-0.4355,54.5591,63.1020
319.9204,-3.6690,53.0733,62.1621
319.8462,22.9708,53.2218,61.4687
319.5761,46.4906,53.7619,61.3587
285.9355,21.5956,55.8136,62.2264
287.4166,49.4246,54.7096,64.1729
286.9008,78.2524,55.7411,64.5084
285.5693,105.5862,56.5116,64.7215
285.2579,131.8135,57.1344,63.7853
337.8832,181.0169,54.6742,68.1688
336.9754,210.7779,56.4900,66.5954
335.4421,233.9274,57.6197,64.8410
2
0
0
0
0
1
210.9462,28.1139,86.2324,106.4477
198.8812,3.1939,86.1213,110.8353
175.7116,0.9280,86.0268,109.1760
156.3149,15.2256,84.9278,105.1300
143.6612,3.6182,86.3247,107.4233
141.0168,17.7055,88.5669,103.6215
139.4037,16.9801,85.7445,105.0725
142.7515,23.5354,85.0513,106.9674
161.8109,25.0830,86.1793,106.8913
162.0542,29.7310,88.7288,106.7037
165.7043,20.9538,87.5775,108.8859
