1
227.2157,136.3235,52.7043,69.7780
227.7957,133.9357,51.5445,68.7811
221.1973,132.8318,51.5110,67.2088
209.6710,162.5882,50.3120,65.5269
206.8734,188.6302,50.4463,64.4112
2
0
0
0
0
1
203.8853,99.7689,57.9536,70.3677
199.4844,97.3350,58.6817,71.1985
199.0213,90.9091,59.6078,71.7926
198.4228,90.7113,60.8050,72.1881
197.9343,90.1974,61.7819,73.2159
193.8816,90.8235,61.3911,74.0878
210.0989,90.0780,58.7930,75.5787
201.8087,85.7076,60.5897,73.7598
194.6739,112.5789,57.9538,74.9604
223.9274,88.5536,55.8458,74.9674
199.3042,87.0804,55.7832,73.8046
192.9555,117.2202,56.2657,72.5636
232.2674,95.4829,54.5821,71.4939
197.0173,98.0511,53.7671,70.3194
195.4423,125.9489,53.0176,69.1173
232.7685,103.2884,51.2949,68.3774
204.6775,106.0362,51.0829,66.6414
198.5870,134.3466,50.3148,65.5169
203.9635,163.5012,50.4829,63.6336
2
0
0
0
0
1
212.6346,69.7992,58.6259,75.1949
213.4198,67.9951,59.1587,76.6996
214.1938,67.7976,59.7459,77.0947
213.8323,68.1200,60.4687,76.4499
214.4891,69.6349,61.3077,75.5726
215.1524,73.4392,62.1338,74.4220
215.0187,79.7661,62.4013,72.5097
213.7649,83.5737,62.7856,71.2637
213.9752,90.6800,62.3651,69.7111
214.4299,94.3211,61.4558,68.6662
214.4645,103.6053,61.3865,66.4849
215.9584,108.6994,60.4120,66.3632
217.1962,117.3323,59.9324,65.0647
219.7094,119.0283,58.8421,65.6088
220.1747,149.2867,57.9114,63.8658
214.0016,177.1960,54.9202,63.6455
2
0
0
0
0
1
234.8863,80.2186,58.3059,78.0483
235.5840,82.3596,56.9105,75.9080
233.9586,84.3154,55.9886,74.0826
237.1299,116.2357,55.7763,71.5441
237.6660,93.9209,54.7041,70.1463
237.3017,95.3831,53.4705,69.1842
239.2987,97.8848,53.3316,68.0359
241.6952,98.4266,52.3541,68.8602
242.0875,96.2339,51.5695,67.5323
243.2231,98.4617,51.1698,66.8194
243.3066,99.6516,51.0028,66.2937
244.4653,101.0658,50.5286,67.1517
248.4735,102.7310,49.9067,67.5185
247.3645,109.0085,50.2806,67.8717
245.5011,137.6340,52.1520,66.2856
246.6726,111.5271,51.6708,66.3681
245.8591,140.0341,53.2978,65.0124
245.8826,111.1902,53.2507,65.0134
244.4406,139.9426,54.2746,65.1722
246.0742,103.9960,52.8865,67.5390
248.7358,91.9345,53.2421,67.0535
252.1930,85.1359,52.0017,67.4116
252.6742,74.9565,51.0392,69.0045
253.5289,67.2466,51.2151,69.3431
255.4795,61.5072,51.1002,69.4628
254.5726,65.5223,51.0209,69.0050
256.2086,55.2657,51.5185,66.8998
251.2825,84.6397,50.2053,65.8403
247.0835,113.9569,51.3099,63.7294
240.2866,144.1441,52.2406,63.0522
2
0
0
0
0
1
252.8477,82.2030,66.2475,78.2411
250.6480,91.2901,66.0999,75.9810
245.8306,98.3961,66.7902,72.9497
243.1164,108.0502,67.8183,69.0423
237.7995,119.5909,67.6758,65.3582
232.1575,150.6343,64.2953,66.1197
2
0
0
0
0
1
246.2924,50.8343,62.2101,72.9378
246.1386,83.9472,60.3912,72.6379
253.1922,67.3815,60.9331,70.1929
248.4476,98.4003,55.9764,72.1295
256.3413,75.9019,58.3097,68.8048
255.1669,77.9096,58.6584,66.7894
250.0746,108.0779,55.0213,67.6629
255.5614,83.2838,57.5541,65.1555
249.6300,112.6201,53.9647,66.3596
247.2032,139.3445,55.0337,64.0045
251.8116,81.5835,57.0565,65.2559
247.3587,108.6555,56.3368,63.0895
243.4928,137.5688,56.5488,61.6622
231.6605,167.6282,52.2961,62.9616
2
0
0
0
0
1
246.2942,71.4535,63.3167,81.2624
253.4852,62.7965,60.2968,80.3969
254.0654,62.8888,59.1365,78.0022
259.5830,62.2572,58.8739,74.9564
254.2596,94.6193,56.8984,73.3448
247.0030,127.4301,55.0355,71.1795
245.1617,158.8797,56.7345,69.7710
2
0
0
0
0
1
257.4742,100.0790,63.4944,71.5656
254.4373,103.2494,63.1903,69.4766
249.0891,103.2172,63.4434,67.4524
247.0486,132.3357,61.3411,68.9875
243.3282,163.9244,60.5757,67.3563
2
0
0
0
0
1
244.4403,71.3030,59.7494,81.0004
246.5750,62.3001,59.9005,79.1144
252.8595,56.7919,60.4352,77.0270
247.2444,88.7775,56.5399,77.8800
259.7953,67.2881,58.8701,72.3250
254.8530,98.6665,56.3747,71.4687
250.8828,128.1731,58.2857,68.7289
257.8564,92.8117,58.3284,65.5059
252.2338,121.3273,55.9283,65.0051
259.2065,101.1194,57.2079,61.6492
249.6551,128.4054,53.8533,61.3487
252.8692,97.6477,54.6782,59.4007
246.2424,123.6983,51.7665,59.3874
239.1796,148.8184,50.1473,58.1310
2
0
0
0
0
1
222.9383,99.4442,67.2015,72.3217
223.6629,92.2874,65.7523,71.2576
224.2120,122.7023,64.6540,68.6720
217.9021,149.6432,62.5781,67.2749
235.0116,76.6538,61.0727,70.1320
234.9265,60.4169,61.2429,67.5011
235.6609,86.0862,59.7741,64.8073
242.8903,62.7028,59.0458,62.5363
238.2886,92.1369,56.7624,61.1026
247.3992,76.4158,57.0994,59.1398
242.6966,104.6021,55.5219,57.6814
249.0462,86.0184,55.3011,55.6306
238.5694,113.0437,51.7974,55.7356
234.2453,138.2878,50.2866,56.0417
227.8722,159.3533,49.6421,54.0832
243.9890,96.3263,51.7034,54.3887
237.5174,118.2436,51.2819,52.3193
243.8025,93.9052,50.1322,50.4198
238.1061,116.5559,48.8570,49.4564
233.0682,136.9027,48.0952,47.4685
231.1471,158.8124,47.4226,47.2921
229.9996,181.5067,46.7344,46.6507
2
0
0
0
0
1
221.0883,63.3298,64.4828,81.2676
220.2440,55.6794,63.8799,80.5281
218.0654,47.9827,63.6964,80.0290
217.0713,47.0291,63.4249,79.6765
215.8485,45.3255,63.6205,78.5838
215.7014,44.6530,63.9149,77.6925
216.1219,46.2114,63.0737,76.8032
216.0735,47.6270,63.1706,76.1720
216.7605,50.0173,61.7967,75.7755
217.0125,55.8008,61.2926,75.0268
217.2711,59.3130,60.7753,74.4347
211.7731,89.4153,59.0118,71.6475
219.6469,72.6998,57.6510,72.1949
213.0212,103.6741,56.6111,69.4529
224.9215,85.8014,54.6199,69.5101
214.7037,114.5917,53.5914,66.5654
228.7306,98.1873,51.9903,69.1427
216.5135,124.5048,51.6877,65.9810
229.6485,103.2250,51.3125,67.8486
222.3963,128.2319,50.8409,64.6355
232.9438,100.6355,49.7138,67.1854
226.4070,125.1803,48.1011,65.8262
240.4989,86.8867,46.7478,67.2882
232.6315,109.9588,46.3856,65.8576
227.6281,136.8967,47.5878,64.8103
2
0
0
0
0
1
230.4747,28.5087,75.8206,86.3783
232.3644,28.3446,74.5942,86.7065
236.4569,28.1395,74.0244,87.1167
237.9185,27.7935,73.6366,87.8086
238.9807,27.6956,74.0523,88.0045
239.8625,28.8582,74.8384,88.2290
240.4885,31.6237,76.1523,87.8297
240.1073,35.0189,76.9147,88.7816
242.2729,37.1680,77.7988,87.0910
241.8862,41.3807,78.5721,83.8570
242.0617,48.5858,78.2213,79.6772
240.3564,55.3497,76.6587,76.0956
238.5318,58.1580,75.4968,72.8847
231.7190,91.6629,72.7660,73.6369
231.4443,126.9369,71.0098,74.5609
2
0
0
0
0
1
197.9087,31.1443,79.9622,91.7649
197.1989,32.2138,78.6792,89.6259
196.4794,34.3145,77.4691,88.0735
193.0643,36.0351,76.4823,87.2378
190.9628,38.8774,75.5315,86.7071
184.6792,44.3610,75.3316,85.9536
183.9295,47.2452,74.2925,85.2623
176.7129,52.2367,73.6585,85.3240
175.5470,53.1326,73.4883,83.5323
173.1976,56.1195,73.2442,82.5014
171.0711,59.1718,72.5939,81.2999
165.0795,94.7805,70.0420,80.3367
164.5497,130.8588,71.1015,79.1837
2
0
0
0
0
1
179.2851,47.1063,78.1814,93.6917
189.5244,36.4424,76.6301,93.3884
189.9710,30.9307,75.7369,91.0406
193.2745,28.4970,74.3773,88.0372
186.7530,66.5992,69.5321,88.4962
185.3113,105.9393,69.9314,86.8246
2
0
0
0
0
1
214.8691,27.6874,84.3818,100.1052
216.8894,31.3226,83.2440,98.6402
220.1653,40.5707,82.4157,97.3144
222.0061,47.2770,81.5619,98.0417
224.1081,57.5770,83.0088,97.2196
223.8065,60.8303,83.6119,93.5491
221.0325,96.1868,80.7934,92.5572
220.6472,69.7688,81.5642,88.0976
211.2856,65.6486,78.9164,85.6526
206.0631,56.4768,76.4061,83.2675
203.5203,45.8477,73.9498,81.9000
195.7354,34.2189,72.3449,80.6223
195.0618,21.2057,71.2840,77.7520
187.9151,47.3985,66.8055,79.3354
186.5073,15.3922,67.3218,76.6678
178.6916,42.8711,64.8224,76.1026
177.9089,39.6168,64.1703,78.1761
172.1373,28.3881,64.5188,80.4828
172.1897,22.8012,64.4138,77.9766
167.1669,50.4311,63.2603,76.4726
169.0921,35.8259,61.6080,77.1082
195.6999,47.2557,56.3766,78.2405
166.0566,36.5422,56.5005,74.3121
159.8513,63.5620,56.5795,71.6541
160.5071,43.0012,57.2838,68.4251
154.8205,70.0381,54.8130,69.7275
157.4425,50.7353,55.4423,65.2626
152.0676,78.5415,52.8970,66.6289
156.3289,63.7553,53.7704,62.3759
160.1901,91.0774,55.1869,60.7387
156.8177,116.5829,54.6315,60.8297
154.8933,145.2065,54.8451,59.9290
2
0
0
0
0
1
171.7058,17.9261,70.3884,91.5771
172.4280,16.2745,71.4891,89.7898
178.0143,16.6384,72.9954,89.0622
177.9455,15.7913,73.1329,88.2075
181.5410,15.6910,73.5558,88.4081
182.7170,15.5415,73.7518,88.7071
185.2901,17.9780,73.7171,88.9455
186.5731,19.2366,73.7099,88.9870
188.3085,21.7737,72.7984,89.0315
189.6542,24.8172,72.6522,88.0350
191.0181,28.9630,72.4521,87.3262
190.6794,33.2679,73.1294,86.2569
190.2528,38.6552,73.9826,85.5138
190.0558,48.0336,74.3766,84.3278
190.2598,51.2923,73.9687,82.8066
190.4341,54.7381,73.6201,80.8508
190.7640,56.8143,72.9602,79.1303
191.1171,56.7073,72.2540,76.9498
190.3838,53.0722,71.3713,74.8224
189.4614,48.3906,70.9140,72.6750
189.7418,43.6617,70.3533,70.8268
189.1818,37.5182,69.2499,69.7739
188.5972,32.9458,68.2298,67.9721
188.0979,28.6637,67.0835,65.8117
188.4513,58.1303,64.2838,65.4772
188.4209,87.8356,62.3011,67.3705
187.3867,119.2141,62.3278,67.9055
2
0
0
0
0
1
173.9855,36.6511,78.3101,90.7168
170.5055,37.6588,77.2901,91.3615
166.0998,40.0924,75.4871,91.8017
163.1071,81.4271,73.5785,90.7036
163.7339,53.1874,72.3247,87.7602
159.2664,92.6074,71.1875,86.9809
152.9646,75.1834,71.3523,84.5128
148.8876,112.4912,69.6969,83.4686
147.5535,89.8004,69.9555,80.6579
146.3381,124.1786,70.0158,78.2719
143.0899,99.3509,69.5093,76.5720
140.8732,131.4370,69.3430,74.4949
