1
171.2219,67.4159,85.5284,65.8533
135.3673,92.9517,85.8698,67.1181
106.9908,100.6240,82.5047,71.0114
82.0901,99.7520,79.1566,75.1713
68.0549,102.3574,75.6349,77.2510
76.9150,133.8382,74.7682,76.8874
64.9707,129.3463,72.3862,78.7065
93.7846,159.0479,71.8518,74.0179
111.3447,151.5058,75.7824,70.7254
137.0446,152.0229,77.4406,67.3842
173.7189,130.2679,77.0304,69.8662
211.0631,126.7855,74.0340,74.5184
243.1974,127.0924,72.9294,78.5835
270.1208,146.2586,73.9517,76.0353
292.3161,130.4297,79.1619,76.9877
303.5705,130.5310,81.2430,81.7032
323.0551,140.4451,80.7650,82.4036
305.7624,133.9263,79.3767,85.1630
334.4909,138.2481,78.9167,89.4732
361.3381,157.9887,80.8829,87.0992
371.7070,151.1182,81.3047,84.9705
381.9423,164.7697,79.1625,83.8511
383.1234,167.4574,76.8003,83.6093
383.7935,164.3649,75.4601,84.7432
374.9355,152.1316,75.5234,83.9916
356.5768,133.5848,74.5734,83.4177
326.2098,125.4642,73.1304,82.2493
289.4537,124.0149,73.2665,80.2562
274.2379,125.0573,74.6933,78.1715
271.6912,132.1428,74.9725,76.0364
263.1848,142.7763,75.3388,71.4159
242.8636,145.0168,76.6960,66.9348
226.0013,145.5249,74.2511,65.9186
210.4750,142.5219,70.0009,67.5118
195.4178,135.7080,67.6334,68.1468
165.9224,133.8546,68.8909,67.5772
156.1210,133.8817,69.1521,67.5229
162.5526,128.1379,64.8981,70.4012
176.2223,125.7834,63.1218,70.8497
183.4311,115.3082,63.4666,68.6021
197.1105,113.6808,65.2198,65.6186
151.1633,138.8384,64.3942,66.8145
172.7575,162.3055,62.5295,65.3366
152.0710,143.9766,61.6187,65.7510
183.3850,150.2431,59.1575,67.2569
207.8412,155.0112,57.9991,67.6695
237.8854,155.2280,57.2379,67.2359
294.3026,140.2014,59.9629,63.9922
302.9743,149.8958,62.1375,60.2178
309.3245,140.9046,60.9979,58.9321
333.2876,161.7754,58.3979,58.7396
318.2035,134.8203,59.0513,55.4648
340.4750,159.9362,55.9813,57.5252
362.3500,182.3345,55.1305,55.6276
383.2746,205.9675,53.3982,55.4555
404.2992,228.4286,52.4887,55.1013
425.3767,251.1650,50.9946,55.3720
404.4615,232.7890,50.9573,55.2804
430.3114,233.9817,51.1109,52.8951
405.2567,234.2985,50.4475,53.8993
424.3047,216.3851,50.1412,53.5794
404.9354,236.8123,49.6838,51.9210
423.6189,218.7113,49.1162,51.3236
405.0857,237.1091,48.2235,50.9056
386.6740,256.0390,47.5842,50.5085
404.7060,238.5085,47.0460,50.0438
404.8882,263.0298,46.6815,49.9225
404.7279,239.8862,47.0021,49.0553
404.9757,264.0829,46.5065,49.0659
404.9218,240.9623,46.6144,48.6538
405.0514,265.2064,46.3552,48.1722
405.0697,242.6127,46.3186,47.2144
382.2638,243.5715,46.2691,46.7698
405.0341,244.0685,46.1488,45.7757
382.9026,245.1381,45.5354,46.5318
405.3894,246.2001,45.5073,45.8577
405.6521,268.7015,44.9819,45.4582
395.0528,246.9717,44.8168,44.7662
377.7610,264.0452,44.1314,45.8880
361.0017,247.8815,43.6286,45.6115
344.6826,267.3159,42.5404,46.0902
328.1015,252.1461,42.2111,45.7294
307.0356,254.3877,41.4199,45.4000
322.7621,239.3759,41.4051,43.9853
312.0972,260.9028,41.2217,42.6134
327.3770,246.1988,41.0266,41.6570
342.5091,232.2665,40.7106,40.8754
362.5796,234.2496,40.3990,40.7636
378.3909,250.9291,39.4519,40.6366
398.0837,251.8289,39.1636,41.3595
417.7835,252.6130,39.0708,41.0591
417.7056,233.5290,39.2266,40.1117
432.5335,249.4956,38.3071,39.4136
432.5456,230.8192,38.2830,38.8248
432.6953,250.0481,37.9835,38.0100
451.4772,250.6075,37.5189,38.0879
465.7641,265.8659,36.3301,38.5281
484.2119,266.7983,35.9756,39.0208
497.8988,253.5665,35.7601,38.3259
484.2044,268.4935,35.1521,38.8017
466.1583,269.0672,35.1519,38.8186
448.0523,270.5231,35.2634,38.2360
430.1088,272.5324,35.2761,36.5319
412.6916,272.9959,35.0560,36.7355
394.8561,273.9408,34.5511,37.1067
377.4556,274.4820,34.3752,37.1528
359.4707,275.7840,34.3061,36.8011
342.2091,276.9779,34.1208,36.6526
324.5495,277.7079,33.7804,36.3068
307.4776,278.8084,33.7140,36.3129
290.3228,279.4489,33.8431,36.1345
278.0564,293.2462,33.0331,36.0866
286.3596,311.6653,32.7502,36.2482
303.0802,312.5333,32.9823,35.5986
319.9306,314.4647,32.7560,36.0550
336.7428,316.6151,32.7147,36.0874
353.4744,318.2912,32.8298,35.9848
369.4072,319.1938,32.3832,36.3464
386.2155,320.3161,32.3055,36.2657
402.9530,321.9180,32.2923,36.3001
415.4008,309.8457,32.2307,35.6108
428.5499,323.3580,31.5653,35.2871
428.5483,307.7737,31.5684,34.8841
428.5078,292.2720,31.6496,34.5025
412.4779,293.7872,31.4221,34.5966
399.7679,282.1556,31.8973,33.9544
399.8547,298.9820,31.7237,33.4827
399.9723,315.5103,31.4885,33.2831
391.8099,300.1204,31.4945,33.4651
407.8474,301.0162,31.1284,33.7191
393.7062,289.6368,30.8224,34.0155
393.3738,306.2439,30.4663,33.4656
408.9703,306.7623,30.4756,33.4355
395.1126,295.6165,30.0173,33.5904
402.5342,280.5634,30.1937,33.6578
402.0960,296.8835,30.0648,33.1828
409.5840,281.9782,30.0247,33.1218
397.9041,294.4393,29.5252,33.0529
397.7525,279.4977,29.8284,32.3983
389.9402,295.2028,29.7772,32.3397
389.9034,280.4011,29.8508,31.6248
378.0400,269.3221,29.3771,31.5184
366.2603,258.7835,28.9656,31.5012
359.1295,244.4018,28.9470,31.7038
370.8674,256.3782,28.3883,31.6232
385.5232,257.6995,28.3630,31.8149
373.7360,247.5663,28.2551,31.2407
387.7657,248.1155,28.2952,31.0789
373.3506,249.0442,28.1474,31.0911
373.2910,264.6468,28.2667,30.6619
360.9059,254.2079,27.9857,30.1998
349.6629,243.6250,27.5683,30.2943
360.2938,255.7527,27.2588,29.7242
367.1011,242.1975,27.1016,29.9198
381.0224,242.5766,27.0876,30.0592
394.9339,243.5244,27.1537,29.9629
408.9574,244.5183,26.9819,29.7735
422.4396,246.3084,26.8231,29.7673
436.2809,247.2054,26.7578,29.7552
450.1338,248.1756,26.6314,29.5941
463.4632,248.9775,26.5267,29.7606
474.3658,261.3856,25.9867,29.7537
474.3224,275.8944,26.0734,28.8097
463.1385,266.5706,25.9763,28.4485
476.4600,267.0904,25.8961,28.2659
463.2861,268.4761,25.8089,28.0525
452.1947,259.0851,25.9429,27.3301
462.0970,270.4150,25.4326,27.3198
471.7731,261.0347,25.1844,26.9763
478.0199,274.5239,25.0104,27.1010
467.3298,265.8690,25.0579,26.3600
460.8728,253.9348,25.0173,25.9386
470.8090,264.7566,24.4031,25.9604
483.1134,265.6765,24.3782,25.7066
