1
595.7109,482.8507,72.3217,88.5627
625.1272,514.2581,71.6879,86.4772
594.5098,485.1798,70.7212,89.8964
623.5034,517.9927,70.8066,87.3932
595.3738,487.6518,69.8439,90.8530
624.3687,519.3566,69.9348,88.0494
596.0723,489.1755,69.3991,91.2830
624.6782,521.0160,70.2520,88.1913
599.1611,496.3746,66.4804,92.6331
626.3732,530.1895,66.9959,89.9319
600.1284,500.3828,65.2621,92.8571
628.2427,535.2947,66.0866,90.0087
599.8815,500.0045,66.4368,91.9621
627.8762,532.3047,67.6336,89.5206
598.8568,504.8617,66.4197,90.0917
594.4504,505.7651,65.4018,90.7426
622.0331,536.9361,66.6061,87.2212
597.7106,507.2088,64.4934,88.6669
596.7131,508.2266,64.0840,89.0359
623.6072,537.4927,65.5721,85.7800
598.7427,507.8239,62.9811,88.0413
624.1924,537.8779,64.2240,84.8158
604.0055,509.0703,62.4513,86.2355
600.7911,510.3672,61.8780,88.3098
600.7005,508.6056,62.0592,89.4770
622.5829,540.2967,63.4500,85.5101
600.7723,514.0230,62.6228,86.5909
624.8115,546.0641,63.7313,83.4068
597.2906,510.1097,63.2864,85.9571
623.6086,539.9832,64.5509,82.4542
598.6550,512.5973,63.6218,84.0788
624.9811,542.2276,64.3390,80.5079
599.3123,512.6260,63.2941,82.7736
625.1265,541.4616,64.4543,77.8912
599.7598,515.2571,63.6871,78.7995
622.5015,541.7946,63.0181,75.0205
646.5979,568.8425,62.6045,73.0474
671.3900,596.2168,62.1177,71.6654
701.6626,596.9655,62.6314,70.1680
685.2996,629.7575,61.9096,69.3892
699.8177,598.1949,61.8094,66.3749
699.6400,633.8987,60.1464,65.6089
697.6613,603.7385,60.1439,62.5714
719.9121,626.8852,58.1558,62.6564
695.9945,604.6617,56.5332,61.4499
718.2383,627.2921,54.7703,60.7717
690.2767,630.0188,54.3062,60.7750
705.4498,601.7482,52.9456,61.1570
690.4632,629.7057,52.3913,60.9096
689.2609,658.6279,53.0129,58.3385
710.3427,639.0816,51.1698,57.1105
689.5089,659.8408,50.2233,56.5015
709.4965,680.8704,48.8878,54.7617
687.8271,662.7566,48.1727,53.4622
677.4460,652.5525,48.1347,53.0703
689.7284,677.3014,47.4696,51.3717
689.3792,694.6227,46.6118,50.7546
688.8286,671.5236,46.1800,49.4305
688.4940,695.4775,45.3437,48.1918
672.2739,673.6533,45.3817,47.6554
683.7942,696.5627,44.3167,46.8747
683.2768,674.7312,43.9156,46.0233
682.3433,697.3047,42.9500,44.7804
660.7642,697.6468,41.9000,44.0964
681.4264,698.5316,41.2006,42.9368
696.9616,679.3290,40.6035,41.5942
697.4899,699.4820,39.5469,41.0360
707.4471,680.0856,38.6670,40.4908
722.2655,695.7093,37.6996,39.1593
722.0151,677.3397,36.9901,38.3786
736.2851,692.4565,35.7478,37.8164
736.5330,674.3220,35.2520,37.0174
753.9586,674.7306,34.5414,37.3382
736.6718,675.1537,34.0308,37.6237
750.0145,661.3135,33.2907,37.1026
763.1998,675.8925,32.4075,36.7564
763.1573,659.4471,32.4924,35.8989
779.4457,659.6140,32.2166,35.5651
796.1407,660.5159,31.9068,35.8954
779.8147,661.3082,31.4728,35.3781
796.1465,661.9280,31.4312,35.1908
779.3882,662.6166,31.3877,34.8624
795.6850,662.9709,31.1257,34.1538
811.7485,663.0833,30.8587,33.9291
823.6438,651.3976,30.5280,32.8204
835.3969,639.4339,29.9633,32.8092
847.1179,651.8582,29.2518,32.6679
847.1316,637.5165,29.2245,32.1090
854.6015,652.8978,28.7688,32.2460
861.8677,639.5186,28.6436,32.1114
869.2495,654.4266,28.2256,31.9430
867.7097,639.9764,28.4642,31.4839
878.9434,652.3976,27.7031,31.1792
878.5132,638.3674,27.6368,30.5065
892.3946,638.3884,27.3348,30.4644
903.0128,627.7285,27.0259,29.9468
903.1613,641.8298,26.7289,29.5487
909.0944,628.0708,26.3805,29.6011
915.8573,641.8244,26.0733,29.4123
926.2200,654.0527,25.4358,29.4108
939.7088,654.3526,25.2162,29.6740
939.7554,641.3153,25.1229,28.9740
946.2430,654.8444,24.9184,29.1599
936.0536,644.9410,24.8739,28.5434
945.9772,655.5720,24.3634,28.2994
936.1044,646.2236,24.2187,27.9347
948.4796,646.2404,24.0920,27.9013
935.8554,646.2960,23.9750,27.7901
948.1359,646.3321,23.8533,27.7178
938.1522,637.2084,23.5315,27.2990
947.5734,647.3623,23.0875,26.9895
941.3362,635.2368,22.9535,26.8120
941.4250,647.6332,22.7758,26.2960
941.5731,660.1595,22.4797,25.9565
941.6567,648.5922,22.3126,25.4603
929.7035,648.9273,22.1575,25.5420
941.4362,648.9574,21.9637,25.4818
929.9438,649.4099,21.8020,25.3236
921.2351,657.9744,21.4207,25.2517
920.8565,646.9077,21.4435,24.6195
909.6930,646.9391,21.2964,24.5565
900.8148,638.8130,21.0121,24.2111
900.8693,650.0418,20.9029,23.8171
900.5692,639.3558,20.7993,23.3689
889.8596,639.6985,20.6652,23.3789
881.6387,631.5674,20.4683,23.0024
873.5669,623.4420,20.1891,22.8303
884.0792,623.4199,20.1562,22.8745
876.0859,615.4128,19.8871,22.6332
870.8127,605.1045,19.7254,22.5027
870.8467,595.0098,19.6574,22.0879
865.6321,584.8421,19.5727,22.0523
855.5215,584.9573,19.4819,21.8220
860.4954,574.8882,19.2871,21.8042
852.5110,567.5885,19.0856,21.5271
857.8516,558.3165,18.6331,21.5318
849.7167,551.0920,18.4680,21.4424
