1
164.1292,59.9935,46.1762,169.4923
165.1261,60.2191,48.0274,165.5938
164.7498,59.2276,49.8789,162.6027
160.2432,58.2690,50.4031,163.3856
166.0301,53.1113,48.9081,165.0191
167.8462,59.0450,47.5404,168.0371
162.1312,56.3788,47.6429,165.0229
165.5131,62.0488,46.1561,167.9729
168.0738,58.9153,44.0604,168.7477
159.8317,68.7122,43.6566,169.1787
165.0166,63.3315,42.4633,167.5311
157.7595,64.1921,41.7604,166.6280
161.2876,61.6857,41.1626,166.0654
152.1260,72.9892,41.8155,162.9488
156.2833,65.4180,41.4899,162.1576
147.0163,72.8935,41.7288,161.3561
152.5192,57.7865,41.1081,162.6099
144.2945,65.3249,41.5069,161.4442
147.0657,67.3941,41.7041,160.6763
150.8545,59.5880,40.8511,160.8137
142.8976,64.2762,41.1710,160.6081
149.0068,59.2274,40.7470,160.7333
150.3540,54.4542,40.5805,161.0823
151.6766,54.0322,42.0093,161.7468
144.1244,62.1627,42.0225,160.1786
149.6815,55.8736,42.3846,162.7270
152.1354,55.0110,43.7810,162.4026
147.4955,58.5603,44.1527,158.9586
150.4834,58.2548,42.9218,158.9247
150.7308,57.7820,42.5835,156.7441
151.1438,58.3635,41.9689,156.5902
148.9046,59.7398,43.0655,154.1615
149.0511,60.1086,42.4200,155.0103
143.5805,60.6607,42.7253,152.8534
145.9549,60.0603,43.2894,151.5323
144.9940,62.6371,45.3959,148.3269
139.9714,63.0528,45.7348,147.9925
142.7118,63.9722,46.2359,145.1977
143.7843,63.0122,46.6893,143.8349
142.4888,65.2432,47.5172,139.9206
142.8640,66.8235,47.6667,137.7621
131.8833,78.7735,48.0685,138.3064
141.7582,70.0086,47.9226,139.2922
141.2730,71.6325,47.6359,138.7769
142.9908,69.2043,47.0507,140.5733
144.6998,71.7315,46.2472,140.4983
144.1504,72.0200,46.3057,139.8865
146.5068,72.3605,45.8403,140.5589
146.6384,73.4220,45.6246,141.4019
150.0867,72.0727,45.3994,142.7099
150.0490,71.1576,45.8658,142.7850
150.9671,71.4259,47.9990,142.4306
151.3298,71.0839,49.7174,141.3004
152.1364,71.3247,50.1676,141.7213
149.5327,67.1281,53.9786,138.0509
152.3445,68.9127,54.4182,139.1232
152.9190,68.5625,54.6071,140.3093
154.3875,63.0650,57.7392,137.6031
153.2333,61.3307,60.4682,136.1394
156.6168,65.2483,61.1994,136.8067
157.2994,63.2827,61.8926,138.2438
160.2093,65.1822,63.9321,139.3450
161.7314,63.9683,65.4578,139.1664
163.3785,61.7115,66.4542,140.2003
163.3112,60.4048,68.7122,138.5704
167.1167,65.8095,69.2558,139.4429
167.4479,66.2645,70.3883,138.2159
170.3727,64.2626,69.1432,138.7950
173.4612,68.6052,69.3536,139.1214
175.8359,63.8729,68.4719,140.7799
176.2595,62.5892,69.2392,140.1329
180.2495,67.9827,68.8521,141.3481
181.3988,64.2933,69.4784,141.7355
183.9006,63.7276,70.2587,141.2060
185.0277,65.5216,70.5129,140.7886
191.9735,65.9976,66.9271,144.1985
197.0398,70.5455,65.2843,150.1969
214.0674,87.1290,60.3151,151.0368
212.5079,80.6142,58.2715,150.4776
216.9087,102.9466,55.7327,146.6353
218.1143,97.9151,54.8120,145.1544
221.9247,101.7022,51.9807,142.0352
223.7334,109.5698,50.9213,139.4961
225.4886,98.8191,50.1694,138.8656
226.2966,110.4062,49.1600,137.7892
225.8857,100.3503,48.2791,136.5964
224.6204,92.6636,47.5268,136.6598
226.5989,105.5744,46.3443,136.0324
225.5012,86.7237,45.6948,135.9916
218.0771,75.7595,44.4926,142.8191
220.2046,75.8260,43.8129,147.5905
220.8376,119.3115,49.4817,133.9624
212.7455,106.5263,49.0267,130.7820
213.8550,86.6243,47.8215,132.7753
215.0272,81.0612,46.7843,135.4848
209.0735,131.1134,60.1653,118.0109
201.4108,106.6843,60.1315,118.0264
190.0316,150.5151,66.2850,109.8980
217.1062,79.4030,71.6441,102.9412
209.2661,106.4112,66.4583,108.5083
189.4171,152.3689,71.7928,99.7572
191.7299,196.4286,73.1210,97.2763
2
0
0
0
0
1
195.7325,112.0177,80.3271,94.1884
200.5775,112.2430,75.7700,94.0551
200.2812,111.2962,74.7562,93.3487
201.9602,103.1363,73.3817,94.1896
192.4021,107.3259,72.6344,93.6064
191.8657,120.8304,72.4736,91.2807
192.8692,163.5822,75.2912,83.8394
209.9483,102.3915,60.9335,96.4869
211.6225,115.3359,55.6631,100.7929
222.4801,142.7520,54.5133,95.6589
219.1483,187.8316,60.9650,85.1672
2
0
0
0
0
1
167.0035,44.1600,55.1232,103.8111
168.4721,44.2080,51.9467,101.5328
160.5583,33.3473,47.9971,100.7733
153.9373,31.3435,46.6786,98.7828
157.0652,32.5302,44.9784,98.0377
159.4312,34.1230,43.3376,98.2990
161.0888,34.2509,43.5547,95.1956
163.5336,42.5782,43.9619,93.0824
166.0634,38.8240,40.5168,96.0651
168.7432,48.8194,41.3712,92.4675
179.4904,55.6263,39.4493,93.8138
182.5127,55.5198,38.2300,90.4802
192.6086,65.7479,37.3871,89.8007
196.6562,85.0025,36.1320,87.0542
200.0555,69.1445,34.1138,85.9085
210.1290,82.7097,32.4660,85.9886
223.4988,117.2979,32.5576,85.6441
223.2820,141.9817,36.5859,75.0226
218.8610,174.8127,44.7447,64.3344
215.8388,207.0481,49.5858,58.7535
2
0
0
0
0
1
249.6428,93.1753,55.4336,96.3139
249.4975,91.8652,54.1608,96.7881
249.9990,90.9439,51.7664,97.8930
249.5102,90.1662,50.3223,99.0704
248.5897,91.1166,49.2770,100.2086
248.1359,88.5031,47.9737,102.4011
247.1728,89.2657,47.3797,104.6363
248.1853,87.2446,47.3719,105.3999
247.3893,86.9320,46.9424,106.8101
246.9099,85.8333,45.6746,107.7502
245.9101,84.6578,45.4717,107.5834
242.7415,83.5814,46.6380,106.4124
239.4670,82.0127,46.9530,104.9949
237.0742,90.4705,46.2337,103.7325
228.7536,90.0132,46.0570,101.1049
230.1676,68.8499,42.0554,103.8455
219.5949,84.1134,44.7969,97.6870
201.7505,90.1096,46.4498,95.2440
201.6205,92.0306,45.7052,93.3726
199.9362,90.1380,43.9197,95.1733
193.7785,83.3002,40.8696,99.9055
193.1376,79.7430,38.9243,101.5963
187.6187,83.3609,37.1104,104.8706
188.3279,79.7539,36.5909,105.6800
183.0277,85.5796,35.2346,107.2696
183.7824,90.5762,35.4919,106.5181
182.0634,86.7161,36.5772,105.3234
180.7156,92.4714,38.2755,105.6597
179.3167,96.8288,39.9155,106.5322
179.4724,98.7420,39.7689,106.2965
176.4335,100.5065,41.4296,103.3921
175.3715,102.3224,40.7613,104.0566
159.6853,150.5593,52.3122,91.3501
149.8815,173.7221,54.6865,87.1539
142.7744,210.9637,63.1931,75.6742
140.3409,234.9832,65.4579,70.0336
138.2856,236.2841,66.0684,67.4318
136.6106,237.1981,65.9379,65.6038
135.1655,237.9233,65.4618,64.1534
133.8803,238.5241,64.7142,62.9519
2
0
0
0
0
1
186.5810,109.2981,69.0791,105.6314
187.4001,110.3568,69.1569,105.7337
186.2617,111.3344,69.2314,105.9864
185.6317,112.0927,70.2935,106.4153
184.4519,112.5724,70.8376,106.4327
187.1385,110.6271,67.6635,109.6009
187.2834,109.6791,64.2558,110.3926
187.3800,111.4394,62.1407,108.6351
186.4634,111.4848,59.1428,107.4112
178.3996,115.3595,55.7796,106.5140
175.9036,131.2095,54.9666,101.2171
170.4199,183.0326,66.7304,87.7416
160.5283,212.7289,57.5868,91.9046
155.8255,229.4734,66.0888,81.0532
153.0710,231.6619,69.8773,76.6762
2
0
0
0
0
1
217.0706,77.9616,67.6347,108.4178
214.5613,78.5375,66.7061,110.2301
211.8698,76.9848,65.5704,109.6250
210.2081,77.4419,66.2508,107.3864
215.8052,72.2752,56.5224,116.2935
218.7370,68.4064,51.6088,119.9842
220.9384,67.5211,49.0050,120.9062
222.6099,68.1348,48.8016,120.6137
224.6143,68.4103,48.1340,120.7646
225.7214,67.9884,47.1677,120.3507
227.3815,66.7313,46.5086,119.6376
228.3898,66.8211,45.3978,119.2481
228.3539,67.1836,44.9472,119.4817
228.5060,69.6350,45.1077,119.3751
229.3061,72.0549,45.4352,117.9257
230.0280,71.9650,45.4917,116.6409
230.8049,75.4449,44.6843,115.3789
231.5467,80.4821,44.6160,113.1966
233.0158,83.1450,44.2188,111.1883
222.3120,77.2612,46.0920,105.5570
221.0959,80.3953,47.1934,102.0237
212.3894,81.8906,46.8141,100.4605
213.6348,83.3876,45.4384,100.4989
214.9755,84.3038,44.7124,100.7328
233.1639,98.2482,45.0757,98.7588
244.9530,118.9219,43.8632,98.7813
237.4225,123.9830,44.3371,98.4512
202.9689,85.1557,43.6470,98.0202
203.4577,85.3144,42.4022,100.9077
212.8691,93.5894,41.3884,103.5714
221.9747,115.2301,42.9563,101.0704
199.3876,82.3083,40.3193,103.8922
224.2495,117.3670,42.3290,99.6420
226.8505,123.1439,41.9594,100.2040
229.8947,159.8486,53.2550,86.7340
192.1364,87.5951,44.9083,97.9372
194.6109,78.2463,41.0451,102.1427
196.2406,76.2113,39.3812,103.3205
190.8857,74.6207,37.0719,106.3438
192.7737,73.5823,36.3571,108.1227
194.7846,68.8835,36.4891,108.3469
195.9410,64.0463,37.6100,105.4723
195.5822,60.4748,40.3419,98.4360
195.1995,62.5007,42.3857,93.5923
214.0625,79.5850,39.5749,98.6856
214.8357,99.6328,40.0543,97.7213
200.0541,108.4914,38.3482,97.6363
220.0570,111.8546,36.4526,99.4959
191.0171,64.7764,40.6493,92.9126
206.9862,79.6662,41.9320,91.2077
215.0431,93.2090,41.2528,92.1646
207.2294,98.8283,42.6185,89.4424
209.8703,101.8034,41.9734,88.4326
217.0789,138.2805,44.3131,86.1014
215.0815,177.5631,48.6445,78.4797
213.9471,207.1313,54.1370,69.4721
2
0
0
0
0
1
207.0850,97.5117,55.9535,125.1830
208.4172,97.8283,55.0084,127.2022
209.1207,100.8700,55.5165,126.3839
208.6350,102.7950,55.8881,123.3526
206.7384,104.8500,55.3495,124.5345
207.5039,103.2758,54.4358,127.1273
205.4983,106.5747,54.8997,125.6078
204.3947,102.1206,53.2005,128.8947
204.9529,98.6636,53.4993,129.7910
202.6203,95.1528,55.0975,129.8958
203.3443,95.7477,55.0954,131.3008
204.5246,93.8289,55.5218,132.9430
205.3089,84.9234,53.8734,137.7250
205.7826,85.1843,53.8467,139.0314
207.3019,86.8900,54.5952,138.5485
208.8305,85.2201,54.4187,140.6701
209.7566,84.0027,54.4510,142.8463
211.0840,83.9444,54.5472,144.6848
213.6370,72.5163,51.1083,152.0086
214.0130,74.9730,51.8644,152.6449
214.8547,78.5586,52.4343,149.5508
215.7860,74.5796,50.4510,153.9046
217.3947,67.3130,48.3351,159.9513
219.8192,65.9097,47.8282,164.6538
222.5194,70.8183,48.2283,165.7379
222.9305,65.2689,48.3441,167.5982
222.2510,62.5084,49.3118,169.5834
221.7455,60.7621,49.0859,171.4562
220.6318,57.5487,49.8628,172.9864
221.9261,57.0262,49.6417,173.0051
225.1899,54.8957,48.3927,175.6426
225.8219,53.1004,47.9281,176.0598
224.5647,56.5669,48.7467,173.8282
225.7081,58.0129,49.0096,173.2690
227.0022,55.7904,48.5595,174.2166
226.6839,58.0329,48.3136,174.3672
228.0064,58.9611,49.0543,173.7079
227.2463,60.4950,50.2029,173.4972
226.1001,53.4510,50.4680,174.5124
218.0783,60.6473,50.4225,174.3961
220.5409,63.0053,49.8017,174.2586
220.7148,60.8149,49.1766,173.9776
217.7445,62.7572,49.8383,174.1661
214.4001,62.3845,51.4894,172.8121
211.7274,62.8610,52.5606,172.5670
211.1723,64.0541,52.5805,171.6530
210.2085,74.7061,54.1836,168.6092
212.7343,74.0853,53.8912,166.0474
211.9713,73.3814,54.2759,164.4713
212.2350,75.9446,54.0099,163.1515
213.5885,69.3512,55.1046,159.6385
212.8032,74.8723,56.5575,156.8127
212.2640,77.9753,57.5294,155.0890
223.0831,66.5152,58.4806,150.4766
199.8054,110.2240,64.5219,137.9336
200.4522,104.7912,62.7423,137.7272
212.0607,91.3094,61.6769,138.0260
198.8452,130.9495,65.7600,128.8972
208.9140,113.3632,64.5547,128.7465
207.4389,125.0085,64.6184,124.2706
203.5539,162.6868,69.0200,117.2221
195.2472,205.0369,67.3462,116.8209
188.2686,218.8769,78.1054,102.2463
184.3975,222.7763,83.0238,94.4474
181.9329,225.1166,85.1647,89.7667
180.2102,226.7559,85.8276,86.4882
178.9473,227.8726,85.6538,84.2548
177.8982,228.8040,85.0135,82.3920
177.0189,229.5347,84.1786,80.9305
176.2857,230.1791,83.1424,79.6417
175.5595,230.8385,82.0245,78.3230
174.9362,231.4054,80.8047,77.1893
174.3033,232.0049,79.5625,75.9901
173.7630,232.5307,78.3019,74.9387
173.2258,233.0703,77.1223,73.8594
172.6895,233.6690,75.9666,72.6621
172.1444,234.2010,74.8364,71.5979
2
0
0
0
0
1
261.0650,58.5843,63.0826,168.5885
255.0812,60.8157,57.8486,168.4381
248.9186,76.3379,55.9154,164.8119
248.8362,77.1631,54.8125,163.3280
238.8921,91.6733,53.5792,160.7772
241.9339,51.9533,52.0821,160.4207
234.3838,58.5296,50.7648,161.8337
227.2643,62.1413,49.6259,163.9222
219.7766,63.7365,49.0798,161.8814
210.7268,66.1680,50.3204,158.3257
213.9007,61.2339,50.7431,157.3033
202.8017,64.1135,52.5002,153.8902
191.6371,65.4127,53.5976,151.8217
191.7413,65.4477,53.5878,150.6835
187.3397,71.9341,54.9898,148.3585
170.2794,77.1120,55.5655,147.0652
183.6387,71.6089,55.5392,147.0212
170.9933,78.0357,54.7167,146.0546
172.9566,83.9484,52.6623,146.1832
172.9269,81.2623,51.7498,146.3399
171.9677,79.8261,51.6656,146.2651
168.9510,95.9545,51.3883,145.8430
168.3860,90.4368,51.2369,145.7678
168.4440,87.1716,50.5369,145.2238
168.9675,84.4446,50.3443,144.9176
170.0897,84.2789,50.1572,144.4597
169.2421,84.2948,50.0461,144.1835
168.5318,94.1856,49.7112,143.7530
169.7202,81.3123,49.1852,142.1311
168.6391,90.3711,47.9808,139.2004
169.2044,89.2970,47.4077,137.5368
172.4754,87.6627,45.7156,135.6632
171.5930,96.2242,44.7394,132.9765
172.3305,97.3198,43.5894,131.8241
171.0854,98.8304,42.4801,130.5346
172.3354,91.1001,42.1169,129.9725
174.3597,76.1984,42.1315,128.2242
177.1944,72.5071,41.0688,126.1756
166.0343,91.7390,43.5487,120.5758
176.7808,94.4091,43.2945,120.9478
176.8403,96.4682,43.0976,121.0887
166.5660,106.9146,42.8440,121.2246
167.6376,108.9201,42.8294,121.2320
169.4604,110.7355,42.7970,121.2446
170.2941,111.1659,42.7664,121.2724
171.1309,110.3112,42.7106,121.3205
170.8866,109.9968,42.5663,121.4114
169.3048,107.1438,42.2951,121.4978
166.4029,103.9305,42.3320,121.1909
164.1581,100.9927,43.3616,119.3629
170.2805,99.5102,43.7553,120.0957
165.8943,103.7799,44.2333,120.8051
165.4255,104.3264,44.8862,122.8640
167.1185,105.2695,43.9071,126.8430
165.4881,107.2066,43.2818,126.1150
165.8574,102.3247,42.6270,125.7335
166.8467,107.5290,42.7484,122.5233
166.4339,111.5385,43.9687,119.6047
165.9745,113.4747,44.7140,115.7741
166.4354,106.1865,44.4356,115.6897
159.7998,106.7925,44.8886,111.9221
163.1648,102.5611,44.1033,112.6920
164.4463,106.6010,43.7758,111.9347
155.8088,110.8781,48.5788,105.0515
138.8508,138.5606,44.2631,104.7413
140.2272,140.3001,40.5811,108.1862
141.1761,144.2198,38.8898,107.2210
152.1565,120.7153,42.0888,101.7499
155.5290,125.5007,43.3503,96.6251
158.7927,129.2666,43.4455,94.4606
160.1075,133.0272,42.8483,92.9610
164.1370,127.6497,42.9193,90.8393
174.7868,131.4385,42.4978,89.8457
177.7285,133.3763,39.6659,93.2177
186.9076,123.9593,37.0737,95.1696
188.0103,125.1845,35.5523,96.4728
193.9585,119.5952,35.1909,96.8176
186.1649,135.5602,34.3181,96.5972
187.4375,141.3666,34.3160,96.5960
187.8086,141.6639,34.3152,96.5958
173.6574,154.5531,33.9081,95.6597
176.2176,152.8912,33.9020,95.6478
178.7631,152.3470,33.9008,95.6399
181.0886,151.9288,33.9006,95.6384
183.2777,152.0232,33.9004,95.6371
185.5755,151.4361,33.9003,95.6364
187.4454,151.0968,33.9003,95.6362
188.5196,153.0489,33.9005,95.6359
188.3868,156.1679,33.9006,95.6358
187.9538,160.3466,33.9006,95.6358
187.1228,164.6366,33.9006,95.6358
235.5027,126.8951,34.4270,96.7100
236.1552,131.0637,34.3761,96.5488
238.0697,129.0825,34.5374,96.1002
245.0221,126.1760,34.6586,95.5514
237.8653,128.0350,34.6382,95.5359
247.4573,112.2623,34.5455,95.1746
248.1832,112.5787,34.0626,96.7310
250.0264,114.5778,33.4542,98.3877
250.8172,114.5169,33.4198,98.4856
250.9392,113.8749,33.3958,98.5265
245.1387,98.5845,33.3307,98.8505
244.7555,102.6684,33.0526,100.6675
238.9025,101.1418,33.1145,100.8552
234.5043,101.8859,33.7388,101.0078
229.8954,103.2499,34.4606,100.7129
224.4626,104.0988,35.5710,100.1025
218.8084,104.8336,36.0484,99.1803
212.5490,106.7793,36.8041,97.8795
211.4018,106.9710,36.5855,97.9007
209.4287,109.1078,37.2903,96.4323
207.2959,112.5524,38.1164,94.3187
200.0354,113.7714,38.0435,93.9412
199.7773,119.0397,38.4676,91.6404
206.1703,122.0372,38.3171,89.9497
197.4582,119.4374,38.2552,89.3841
191.3721,114.1803,38.0961,89.8963
200.5079,118.9846,36.6769,90.0088
192.7794,121.6013,35.9709,90.3473
200.0760,117.4934,36.0187,89.9683
194.1721,121.8636,35.6822,90.2702
195.5943,122.9370,35.0715,90.8484
197.3819,124.4088,34.0142,90.7351
198.3525,125.1993,33.6353,90.5911
200.3210,125.7792,32.5334,89.0010
195.1912,118.1060,32.4382,88.4905
194.6503,124.3553,32.6478,87.0636
191.7565,157.6718,37.7071,81.0545
201.9912,132.3351,38.0772,79.0361
196.2848,132.1273,38.1108,78.6686
198.7884,132.8696,37.6373,77.0687
200.5657,134.0378,36.3958,77.1550
201.7731,133.8909,34.9687,77.8020
202.4662,135.0718,34.0918,77.8247
205.2115,137.3257,32.0206,77.3571
206.1333,132.6394,31.3285,77.1804
207.4470,140.5902,31.0855,77.0145
209.6476,134.0785,30.7467,76.5654
211.2517,141.6820,29.9654,76.8176
212.9958,141.2013,28.5378,77.6828
214.4904,142.3071,28.2591,77.5667
215.4586,143.0318,28.2130,77.5298
215.6326,142.3311,28.2119,77.5295
216.6754,141.4952,28.2120,77.5264
217.6778,141.4657,28.2117,77.5248
219.1320,140.8463,28.2116,77.5237
219.4280,136.5703,28.1939,77.4683
213.6477,131.4853,28.0484,77.2718
208.8015,124.6082,27.7463,76.7352
205.3287,123.8518,27.4212,76.0981
206.4150,123.0117,27.3674,76.0820
202.5382,115.4953,27.4980,75.9323
198.4683,109.7708,28.1429,75.5743
200.1241,112.1160,28.7886,75.4240
200.6617,118.7685,29.4746,74.1490
202.0711,136.4910,29.6758,72.9117
202.0967,141.7184,29.6564,72.9318
202.4041,139.8037,29.6150,72.9711
203.2691,137.3276,29.4324,73.1030
198.8165,98.2066,29.3928,73.2946
199.5453,99.5791,31.0816,72.3938
199.6572,104.8070,32.3988,72.0626
204.2892,105.3719,33.8367,71.5610
206.4073,97.9065,32.5735,74.9384
201.3047,98.1466,34.0883,74.2874
201.5078,110.4942,33.5889,73.3004
209.5723,111.5044,32.5372,74.1810
209.9794,114.0591,31.8363,74.4319
208.9229,141.6699,33.9504,72.4448
207.8769,142.4326,33.9510,72.4438
207.0929,143.6188,33.9518,72.4422
206.8140,145.0620,33.9520,72.4418
208.8522,146.2060,33.9521,72.4417
2
0
0
0
0
1
240.1870,77.9263,66.2791,82.2253
240.5700,76.0569,64.6447,78.5885
246.2689,70.0326,53.7586,86.6919
249.1753,63.4880,46.5875,88.5558
251.1090,66.4122,42.9892,88.9496
252.9888,61.0349,40.4541,87.0153
253.0643,63.9459,39.2799,85.0445
260.9041,67.7065,38.3219,82.7700
287.7262,102.2451,37.5137,79.2894
280.2681,139.5294,46.6374,69.1944
275.4071,173.8277,48.6361,66.6076
2
0
0
0
0
1
270.2164,56.3459,51.1309,137.1691
269.5876,58.5232,49.8855,140.1877
267.9568,58.6594,49.0150,145.5874
267.2226,59.7386,49.0321,147.3631
264.6642,60.8275,50.4652,147.5800
263.0891,62.5253,51.0388,149.1390
260.6037,58.1790,52.4366,148.8793
257.2556,58.2149,53.9596,152.1833
253.8439,50.9693,57.2605,148.9631
241.6830,39.0141,62.0852,141.0801
233.1760,59.8739,63.9756,140.5838
226.6684,32.2453,72.5999,127.5182
221.3709,51.2568,68.5104,131.4198
215.7443,42.9809,66.1962,131.3011
209.3664,56.8488,61.7263,139.4951
184.5887,122.5035,58.8126,141.2741
169.4439,182.4817,77.3896,117.9398
162.8553,218.0663,86.3531,103.8675
159.1271,220.3174,90.4945,99.3652
156.4542,221.5083,92.4188,96.9835
154.0995,222.0411,93.3347,95.9178
151.9993,222.3216,93.7433,95.3568
150.1115,222.4676,94.0463,95.0648
148.5022,222.4595,93.9221,95.0811
146.8818,222.5421,93.7376,94.9158
145.2049,222.7641,93.8194,94.4718
144.2668,223.2675,92.5422,93.4650
143.5028,223.9452,91.1474,92.1096
142.7084,224.5066,89.7682,90.9868
141.9512,225.1197,88.2246,89.7606
140.5010,225.5027,88.0919,88.9946
139.0714,225.6462,87.8423,88.7076
137.6178,225.7681,87.6641,88.4639
136.0611,225.8835,87.6284,88.2331
134.4997,226.0269,87.5276,87.9461
133.2606,226.1636,85.9843,87.6728
131.7598,226.4304,84.5657,87.1391
130.4133,226.8171,83.3287,86.3658
129.0261,227.3637,82.4126,85.2727
127.4299,227.7707,82.6859,84.4585
2
0
0
0
0
1
82.9912,120.9334,76.3484,104.6512
84.8896,121.6957,75.7216,99.0709
93.5992,114.6633,73.7054,95.2419
98.3199,116.3594,66.8588,99.3656
103.3859,113.6033,60.4895,102.9111
106.7275,106.9755,58.5883,102.5223
111.2680,101.5057,57.2402,102.4305
112.1155,106.8891,56.8300,101.1964
116.4385,99.5725,54.7708,100.6233
115.7546,106.1043,55.5134,98.5539
117.3830,98.6069,54.0625,98.7878
118.1939,93.1404,54.9545,95.4787
120.7935,89.8708,54.4557,92.7864
121.3263,88.4470,60.2065,85.2827
129.8494,92.0275,57.8658,87.7887
126.1468,87.8913,61.9193,82.2946
125.6977,88.2345,63.6995,79.9875
125.5446,88.0563,64.8711,78.7479
125.4199,88.8552,67.3343,75.5038
128.8696,93.5076,67.1803,76.8267
126.3208,99.1205,67.6465,77.4398
119.0920,108.1211,68.0500,74.7338
120.9679,109.8627,65.5944,73.0222
121.8030,112.2212,63.9051,70.9917
124.7677,107.1254,61.9945,69.5762
126.5528,111.4055,60.3737,69.5030
132.8159,105.6376,52.7096,74.2407
135.6623,107.3033,48.4352,77.3079
139.2539,110.5365,45.1565,77.7603
132.0530,145.5737,54.0303,66.9748
129.8348,177.7598,57.2640,59.2224
2
0
0
0
0
1
162.3442,88.7307,50.2054,107.7670
164.6462,92.1455,51.0928,106.0121
166.0611,92.7786,50.5085,104.0657
169.5851,96.9142,49.0585,103.1458
170.2209,95.6150,49.5234,100.7513
178.8666,80.0465,52.9389,96.7247
175.2260,97.2821,51.9457,98.3849
185.9045,87.1151,50.5345,101.3498
187.2150,85.0234,50.6197,102.7535
176.9342,121.8904,59.7783,91.6174
181.1320,88.7644,56.7181,95.3452
178.5800,120.7631,62.5229,88.1582
175.6033,90.4207,58.4755,94.9381
170.7947,127.9569,67.1885,85.1101
170.8258,166.6111,69.1741,82.7161
171.2412,204.1166,71.1693,76.1719
2
0
