1
173.6528,70.0496,82.2497,63.5965
170.1898,102.5795,74.0547,62.8310
111.2337,105.0122,74.6197,68.2556
85.9892,105.8597,73.1665,71.6221
100.0562,136.6965,72.0863,65.6950
65.9850,125.1855,70.1502,66.5486
83.9381,148.7540,64.6736,63.7281
109.6186,172.2566,62.5548,59.7109
132.8491,183.3822,62.1199,53.1213
156.5043,212.2983,59.9549,54.8229
186.2299,211.8665,58.6375,56.6521
213.2776,213.7704,58.1463,56.8946
235.6205,215.5816,57.4560,57.3257
239.2443,222.4065,57.4245,57.3626
262.8890,224.5983,53.2210,59.6393
290.1585,227.4570,52.5007,58.7062
315.3438,232.6395,53.0067,59.1686
339.6942,236.5374,52.2634,60.2507
354.2872,234.7446,52.1418,60.3261
362.0573,174.8302,56.5265,58.6202
383.3090,195.5265,55.4486,53.4145
400.4349,220.9348,55.6600,53.1972
395.6077,182.5207,56.8890,53.5858
411.8219,203.2906,57.0015,52.0046
420.7056,208.2431,57.0015,52.0046
427.0448,212.5927,57.0015,52.0046
421.8080,215.4741,57.0015,52.0045
395.8379,217.0990,56.1325,52.9197
368.6336,218.2834,54.7004,54.0982
346.7535,240.9806,53.1374,54.6572
368.7797,222.9804,52.2100,54.3587
342.4645,226.1181,51.6874,54.8360
318.1925,228.9448,50.0795,55.5139
294.2434,231.5564,49.4801,54.5700
286.5358,207.7915,46.7456,53.5297
268.1497,229.1182,45.6237,52.4875
265.6759,206.9433,46.7815,50.1654
263.8613,233.0597,47.1648,49.2813
265.2079,210.0666,46.3984,47.2411
284.6541,195.3979,45.5553,46.5147
274.3273,220.3326,45.2770,46.3207
296.9794,222.1713,45.0998,46.4009
279.2583,242.4113,44.4980,46.6360
297.0024,226.4337,44.0131,46.4280
319.3604,228.6888,43.7890,46.6607
342.2210,229.8058,43.5226,46.2887
363.6464,230.7206,43.3799,46.3536
386.5647,232.9663,43.3173,46.2985
409.0010,233.9799,43.3374,46.2088
392.2209,219.6274,43.0243,46.1955
393.7144,226.6888,43.0243,46.1955
411.3418,212.0265,42.7200,46.0772
411.8391,219.2847,42.7200,46.0772
412.2294,227.7303,42.7200,46.0772
412.4569,236.3605,42.7200,46.0771
433.7245,236.2033,42.7568,46.0000
411.8281,238.5357,42.6595,46.1393
418.1103,242.4940,42.6595,46.1393
401.3579,228.7766,42.0737,45.5655
423.7671,230.4269,42.1206,45.6155
402.5134,232.8889,42.0750,45.6198
423.8112,233.5759,42.1203,45.5874
402.3386,236.7190,41.9809,45.6649
403.2270,244.1367,41.9810,45.6649
424.5083,244.3297,42.0158,45.5419
403.0452,246.4304,41.9102,45.3859
423.9169,245.9053,41.9052,45.1962
403.2585,248.2250,41.9333,45.1958
410.5045,252.6324,41.9333,45.1958
406.1570,258.0715,41.9333,45.1957
396.0510,238.4241,41.7745,45.1459
403.8023,244.2309,41.7745,45.1458
382.3983,247.2276,41.7352,45.1709
404.5987,248.7634,41.6334,45.0364
388.3262,234.5396,41.4326,44.8459
394.6533,239.6509,41.4326,44.8459
411.8393,259.0792,41.0861,44.4460
406.5581,259.7328,41.0858,44.4457
401.7255,260.3151,41.0857,44.4455
381.2367,262.5934,41.1036,44.4470
376.0608,263.0114,41.1033,44.4468
354.5751,265.6829,41.0178,44.3813
334.6392,269.4177,41.0264,44.3841
329.9114,268.1233,41.0264,44.3841
317.4372,249.1649,40.9233,44.4108
334.0211,234.7713,40.8167,44.1372
356.2987,237.3346,40.6824,44.2316
376.2612,237.9916,40.6360,44.1061
383.4069,243.7892,40.6361,44.1060
405.5701,246.3527,40.6432,44.2395
405.7018,253.3807,40.6432,44.2395
422.3184,239.3471,40.4611,43.9612
444.0763,241.0763,40.5769,43.5080
424.3867,243.5048,40.5577,43.5288
445.9614,244.6528,40.5098,43.3879
446.2471,251.2563,40.5098,43.3878
457.4985,251.4020,40.5098,43.3878
461.9535,256.2505,40.5098,43.3878
472.9046,256.2270,40.5098,43.3878
473.5263,263.3015,40.5098,43.3878
452.4302,266.5899,40.5136,43.3135
431.4660,269.5901,40.1173,42.9727
415.2097,289.3232,39.3495,41.5568
410.6761,290.9476,39.3493,41.5567
408.2827,293.1441,39.3490,41.5565
404.9460,295.7290,39.3488,41.5563
401.1216,297.9891,39.3487,41.5560
398.1881,300.2343,39.3484,41.5558
394.5176,302.5446,39.3480,41.5558
391.2052,304.5305,39.3477,41.5558
387.4892,306.9611,39.3475,41.5556
383.3390,309.4710,39.3473,41.5551
363.9432,312.2530,39.2909,41.5070
360.9231,314.2407,39.2908,41.5070
358.4693,316.0002,39.2906,41.5069
354.1351,315.3217,39.2906,41.5069
363.2147,316.3150,39.2906,41.5069
382.9467,318.4453,39.2608,41.5062
388.6292,314.4929,39.2608,41.5062
399.0485,314.9419,39.2608,41.5061
409.9987,315.5029,39.2609,41.5061
416.4521,311.9294,39.2609,41.5061
416.9236,302.9362,39.2609,41.5060
417.1442,293.1728,39.2609,41.5060
411.8218,288.7085,39.2609,41.5060
391.9918,291.8399,39.1352,41.2479
411.7407,294.0922,39.0310,41.3652
391.4044,297.5106,38.9125,41.4297
391.9770,304.0126,38.9125,41.4297
398.9489,299.8147,38.9125,41.4297
399.4625,281.9083,38.8781,41.3765
401.0190,288.4842,38.8781,41.3765
400.7242,292.5623,38.8778,41.3763
380.2735,295.8074,38.5275,41.3915
395.5013,282.2530,38.1649,41.1605
399.9046,288.4424,38.1649,41.1605
410.4048,271.2502,38.0619,41.2216
395.3303,288.0614,37.8469,41.0587
395.1544,271.2866,37.8312,40.9312
392.5383,276.9843,37.8312,40.9311
388.9507,275.5616,37.8312,40.9311
385.6349,273.6907,37.8312,40.9311
381.9630,271.7621,37.8312,40.9311
378.5854,271.3569,37.8311,40.9311
378.4852,264.4268,37.8311,40.9310
378.6255,258.4102,37.8311,40.9310
373.1378,255.0076,37.8311,40.9309
373.7152,248.9108,37.8311,40.9309
374.2428,241.0557,37.8311,40.9309
372.2623,244.9957,37.8311,40.9309
368.3906,245.3367,37.8307,40.9305
364.8527,245.5310,37.8305,40.9303
344.9355,247.9891,37.7729,40.8647
351.6603,244.2313,37.7729,40.8647
357.6691,240.7805,37.7729,40.8647
366.4808,240.6521,37.7734,40.8643
385.5909,242.8996,37.8199,40.8230
404.8300,245.2400,37.9410,40.2106
423.7063,247.2266,37.9375,40.2628
432.9790,247.7581,37.9379,40.2627
443.0155,247.9731,37.9384,40.2624
462.5016,249.4216,37.9196,40.2464
462.9432,254.9786,37.9196,40.2464
462.4358,260.0585,37.9196,40.2464
467.3403,263.9334,37.9196,40.2463
451.1697,250.3646,36.5242,40.5281
452.7106,256.3923,36.5242,40.5281
471.5200,258.2375,36.5520,40.4818
468.0942,259.3925,36.5517,40.4818
467.6800,241.8508,37.3355,40.1202
451.8474,257.8908,36.9030,38.7898
453.6933,241.1825,36.2779,38.5259
467.0517,257.1855,36.2721,38.3930
484.9505,258.4304,36.5567,38.0616
