1
445.3245,339.0519,38.0789,36.7820
442.6010,338.4627,36.4527,36.7815
443.2011,338.1808,36.4058,36.1920
443.0648,338.2381,35.5352,36.0774
442.8811,337.9079,35.9025,35.6102
442.8573,338.1355,35.9501,35.1549
442.4961,337.4294,35.5528,35.4474
442.5020,337.5097,35.5409,35.2868
441.6126,336.8414,35.0890,35.5080
439.2381,336.7243,34.2792,35.7421
438.7181,335.9697,34.2165,35.0461
438.5771,337.1602,34.4985,33.7558
435.0196,337.3294,34.0896,33.4174
432.2458,335.3138,33.2587,33.1963
431.9210,351.7345,32.8618,32.7974
429.5058,335.5768,34.5900,30.9907
429.4476,351.9066,33.6742,31.3673
2
0
0
0
0
1
415.4228,329.4475,45.0376,41.3350
414.2805,329.9903,45.9623,38.8895
414.0899,328.1732,46.3435,37.1833
416.6904,328.5093,47.7096,35.1977
419.5110,326.7209,48.5779,33.5670
423.5054,326.0420,48.3184,33.6365
424.1732,326.2030,46.9828,33.3145
427.1596,324.4126,47.3097,33.1155
431.7440,324.2975,46.9719,33.3457
435.8978,323.6832,47.4864,33.3141
438.3528,322.7328,46.3790,33.9474
441.4501,321.5992,46.4904,33.6920
442.1032,321.3239,45.1842,34.2426
444.7519,321.4629,44.8782,33.9647
449.4958,319.7528,45.2996,33.6689
450.7371,338.9263,42.8169,35.0091
2
0
0
0
0
1
466.4534,302.9957,48.0215,41.8570
468.5974,302.4598,50.8064,38.6849
468.7022,302.5719,50.5968,37.0548
469.7344,298.6594,51.2849,35.2463
471.1285,297.4563,52.5671,33.5818
472.2031,292.8804,53.1148,31.9463
473.0641,288.4474,52.7218,31.5085
474.8723,283.0974,51.7373,31.6811
475.9736,285.1141,50.8389,31.5602
476.1580,280.8827,50.4700,31.0022
476.0727,275.5095,49.3669,31.5579
472.2386,270.9296,48.1685,31.8509
470.8674,267.1815,48.4036,30.5721
470.2240,262.7311,48.4546,29.5866
470.2490,263.3264,47.1847,29.6162
469.9703,259.0668,47.7420,28.5231
471.4742,254.8679,48.3086,27.3893
472.3698,250.9129,47.6982,27.0347
474.3973,246.4611,47.1398,26.6135
474.6863,241.8702,46.5619,26.5940
476.2198,242.5058,44.6361,27.6054
473.1343,239.3729,44.0287,27.0928
470.3714,239.4388,41.7701,28.0730
466.2601,232.5706,43.4253,26.4851
462.6471,238.7123,40.8157,27.3158
462.5197,255.2293,38.9352,28.4468
461.5661,272.6754,37.6686,28.4658
2
0
0
0
0
1
483.2624,208.4219,50.5988,50.6362
496.4600,208.3353,48.1173,52.4037
509.5268,213.9242,47.3062,52.3043
527.8451,215.2478,46.7376,51.2255
541.4207,221.5285,45.8059,51.0025
542.8995,221.4646,44.3721,51.1303
555.4642,226.4393,43.2913,51.7021
565.3881,232.3790,42.8718,51.7788
570.9871,237.8529,42.0963,51.2533
569.9066,248.1046,44.2572,48.3695
575.0847,252.1124,42.6511,49.1038
574.8376,251.9466,41.7011,49.4354
581.4785,259.2756,39.8910,50.5506
592.3231,264.9148,39.5287,50.6467
600.6415,275.1078,38.4830,50.1041
607.7249,280.3187,38.2370,49.4268
613.5067,285.8007,37.6951,48.1068
613.6147,285.8101,37.4791,48.0879
620.0306,294.9039,36.7514,46.0395
625.3522,295.2579,35.2205,46.6332
629.2968,311.1002,35.0469,44.5242
633.5169,301.4455,34.1117,45.0706
625.0119,319.6770,33.7061,43.4390
631.8881,307.8237,33.2908,41.6840
632.6703,326.6256,32.9052,40.6245
632.7969,345.1719,32.6520,39.3789
644.2140,319.1407,33.6132,37.0522
643.4746,318.7213,32.8668,36.7785
652.9150,319.5157,31.5275,36.2860
647.9842,319.8489,30.7164,35.6196
647.3254,335.5481,30.9900,34.4956
661.1017,328.8597,30.2408,33.4398
642.7156,325.2481,29.9195,32.6428
642.0983,340.3713,30.1693,31.9463
667.7346,326.3876,29.7577,30.5709
652.8963,324.9987,29.0332,30.4985
653.0646,339.3841,28.6966,29.8508
651.7640,354.8896,28.5318,29.2645
651.7785,370.8167,28.5028,28.3559
2
0
0
0
0
1
625.7428,306.8692,53.1154,55.5716
625.0701,307.0001,51.0378,55.3099
625.8240,306.9937,49.5299,55.3226
624.6696,333.2125,50.1883,54.0533
624.6858,359.3682,50.1558,52.6228
617.7289,309.4402,51.1222,50.5168
617.6566,308.9911,49.6660,51.4150
618.2592,308.4381,48.4609,52.5210
618.7059,308.1319,47.5674,53.1334
618.0955,308.2651,47.2031,52.8670
616.9338,309.3267,46.3758,52.3191
615.0936,310.0698,45.3957,52.3864
613.9172,310.3339,44.6706,51.8582
609.2374,310.1738,43.3967,52.1784
613.0836,309.8824,41.7185,52.7613
607.8091,310.4551,40.3847,53.1011
603.2666,309.4911,39.1881,53.5604
598.5490,308.5551,38.4299,53.9762
593.4804,308.9929,38.4166,53.1005
588.9816,309.5661,38.7949,51.9541
590.4882,310.0637,38.6323,50.9590
585.4146,310.7248,38.9268,49.6368
583.0591,310.8648,39.4611,47.9646
578.5458,311.6311,38.8619,47.8070
574.4118,311.4575,38.9515,46.7912
572.4120,312.7793,38.9044,45.4966
572.5329,312.5881,38.6627,44.5508
569.5508,313.0092,38.0786,43.7087
567.6097,313.7511,38.0993,42.2248
564.1917,315.0060,37.3480,40.9795
561.3638,316.1895,36.8380,39.8458
559.1593,315.2711,36.4175,39.2677
558.9255,333.4669,36.8851,37.4348
555.8199,315.0446,36.0739,36.8272
554.4119,330.9802,36.5941,34.8049
548.0065,313.5042,34.7889,34.9035
547.2522,330.7465,35.1999,33.3444
546.8160,350.2478,34.9930,32.1186
2
0
0
0
0
1
517.7800,295.3269,50.4400,54.2962
513.2690,291.2115,47.9181,55.9304
507.8796,289.0259,45.6234,57.0334
502.8078,284.0291,44.4681,57.3420
495.7780,282.1431,44.1268,57.9139
489.6829,276.6183,43.4908,57.7405
488.8890,276.9874,43.4884,57.0025
482.0056,275.7689,43.0445,57.8605
474.9998,269.4242,42.7933,57.8717
468.0729,266.5533,42.4196,58.8712
461.2378,260.8053,41.7811,59.2381
451.1544,258.9096,41.3442,59.8596
451.9894,258.5250,41.2611,59.0418
444.7413,254.7926,41.5972,58.6397
435.2676,250.2224,41.6707,58.3431
427.1929,246.9298,40.5552,58.6503
419.7802,244.0116,39.8229,58.2635
412.4507,241.3395,39.1035,57.4564
411.6524,241.5068,39.1863,55.6082
403.6161,241.4825,38.8996,54.1695
394.5458,242.1216,38.0509,52.8912
388.1234,242.9898,38.0492,51.1549
381.2923,243.5584,37.7015,50.0176
374.6038,244.2040,37.2986,48.7266
368.3409,245.1818,36.3071,48.1227
368.0115,246.0983,36.9659,46.2896
363.0103,248.8131,36.4959,44.7871
358.1572,251.4862,35.9750,43.2762
353.5944,253.2407,35.1267,42.2607
349.2590,259.0826,35.2757,40.3160
347.1704,273.6983,35.8836,38.4491
346.4195,263.7980,35.0446,38.3525
345.7429,281.0355,35.2423,37.3889
345.2331,280.7927,35.1181,36.7308
344.8255,297.5631,34.8019,36.0008
343.2860,296.7724,33.4211,36.4674
342.9601,312.2883,34.0730,35.1448
342.8838,330.0110,34.2255,34.5798
2
0
0
0
0
1
356.8009,326.8377,40.3452,55.4755
361.9273,328.6853,39.1180,56.2932
363.6564,330.8327,37.1563,56.4878
365.5760,333.2392,36.2508,56.0753
370.2532,334.2925,35.5696,55.4142
366.4257,336.0675,34.6790,54.7128
371.5107,335.8263,34.3013,53.7962
373.1080,336.8636,33.8643,53.1004
373.5581,337.2910,32.9641,52.2458
374.8077,337.8449,33.1315,51.1379
377.4185,337.8136,33.1877,49.8811
374.5624,339.8466,33.6937,48.4180
378.0967,336.1513,33.0647,48.0814
379.8051,337.0378,32.1926,47.5807
379.8336,337.3858,32.1357,46.8847
383.8132,336.9224,31.6103,46.5726
381.1700,336.2220,31.9945,45.5223
384.0428,335.1572,31.1132,45.2196
382.4503,335.7654,31.9043,44.0033
385.1878,334.2729,31.1957,43.4136
381.7715,336.0240,31.0021,42.2533
389.7944,331.3908,29.9092,41.1676
384.2267,333.3556,29.8867,39.4697
387.8806,332.0593,29.1166,38.7934
383.5988,332.1174,29.1464,37.6105
379.9812,332.6303,29.0373,36.5847
387.3038,328.2714,27.8042,36.0172
382.4813,325.5587,27.4195,35.4247
380.0586,326.0568,27.3265,34.4285
379.5398,340.7717,27.3933,33.1551
379.0818,356.4547,27.3569,32.2672
2
0
0
0
0
1
350.5126,302.7670,39.2589,44.8303
349.7022,303.3406,38.2329,43.6830
345.7972,301.8198,37.0177,42.8568
342.4391,301.3313,36.1918,42.5768
343.9971,301.3086,35.5546,42.6221
342.8393,301.0298,35.4106,41.9500
341.7772,301.3517,35.1003,41.3060
341.1935,301.5657,35.0653,40.8780
340.0825,301.8627,34.8973,40.2841
337.9749,302.9464,34.3798,39.2999
338.1333,303.6302,34.0630,39.0919
337.9048,303.2071,33.3686,38.7867
335.8535,303.3972,32.9290,38.4064
335.9560,303.7228,32.7241,37.7553
333.8025,304.9351,32.5943,36.4399
333.4430,305.2937,32.2267,35.7228
333.1234,305.5201,31.7960,35.2700
331.7247,306.2948,31.4260,34.7764
332.4363,306.9547,31.0450,34.4987
332.4680,307.8477,30.9816,33.7447
331.1639,307.1126,30.5327,33.1767
330.4503,308.5068,29.9537,32.3945
330.7392,309.2123,29.3758,31.9651
330.4084,310.5320,29.0717,31.2573
329.9475,312.4444,29.0436,30.2822
329.1478,312.5338,28.7746,30.1034
329.7024,313.2475,28.5926,29.6030
329.2766,313.4724,28.5278,29.1534
329.8782,313.6033,28.2328,28.8915
331.4882,313.2325,27.7116,28.7334
339.1739,320.7647,26.5620,27.8910
339.2820,333.8395,26.3457,27.4651
339.3843,347.5394,26.1412,27.1811
2
0
0
0
0
1
334.6793,301.5082,33.6313,41.6106
335.3620,301.9715,32.2660,41.8673
335.9810,300.8899,31.0279,41.7004
333.8961,298.7903,30.6289,41.3306
333.6663,295.3318,29.9584,41.4672
334.1219,294.7683,29.0472,41.4730
334.5266,290.3179,28.2377,41.5241
334.6101,291.7285,28.0707,40.8900
334.2129,287.3305,27.7839,41.0357
330.1718,283.4333,27.2363,41.2790
326.7843,278.8278,27.5714,40.8303
324.1132,274.7419,27.5530,40.4251
320.4088,270.0831,27.5018,40.1512
321.0895,269.5633,27.2011,40.1302
317.0912,264.2598,26.7543,40.1827
313.2265,260.0373,26.0931,40.2373
309.3170,255.5738,25.6032,39.8167
305.5033,251.9958,25.0376,39.8037
301.5901,248.6182,24.7481,39.4575
303.6779,248.8748,24.5901,38.9444
300.0640,246.2701,23.8650,39.1831
296.3540,242.9698,23.4007,38.8850
292.2015,240.1877,22.9462,38.6094
288.5765,239.3254,22.5041,38.4111
284.9622,235.5233,22.1242,38.4066
284.0166,236.3678,22.1262,37.6623
280.0435,235.3653,21.6703,37.8001
275.5142,233.6306,21.4500,37.5579
270.6602,230.9112,21.0318,37.4733
264.5154,230.5425,20.5507,37.2986
259.1148,230.0381,20.5348,36.5046
258.5092,229.9727,20.8567,35.7460
254.1947,229.7600,20.6493,35.2876
252.9619,243.1609,21.3682,33.8122
246.4600,232.8939,21.4203,32.7602
246.2334,246.2518,21.8736,31.5010
239.7545,239.2591,21.4375,31.2552
239.5872,252.2707,21.7721,30.0181
240.3030,265.4507,21.9664,28.8612
240.2787,278.6736,22.0151,27.9705
239.8241,291.2727,22.1384,27.1312
2
0
0
0
0
1
250.4112,287.2593,33.7540,36.7882
256.2431,295.4071,32.0860,37.1523
258.0046,294.9150,30.7423,37.0468
264.0829,302.3935,29.2496,37.0192
268.7968,307.2633,28.1563,36.6560
272.0921,311.8964,27.6764,35.5375
272.9286,315.7398,26.9971,34.8057
275.5070,318.6755,26.6969,33.7910
275.0549,319.4472,26.6502,33.1985
276.5941,320.3652,26.3950,32.3036
274.5571,321.3983,25.8530,32.0837
271.2708,319.1741,25.1371,31.9768
265.4488,317.8841,24.2116,31.8635
259.3490,315.6168,23.1960,31.9929
259.5162,316.3738,22.8616,31.3452
253.0287,314.4901,22.2201,30.8575
251.9229,327.9656,22.7654,29.7326
2
0
0
0
0
1
195.6991,305.4296,36.3376,25.4424
188.5273,305.2586,36.1444,24.8153
181.0367,303.1461,35.8323,24.2611
182.1206,303.0185,34.6063,24.5163
173.9056,300.8964,34.3382,24.1221
167.2249,301.1945,33.9430,23.5260
160.6956,299.1003,33.4822,23.2078
153.8568,298.8266,32.9343,22.8662
147.0678,296.7588,32.5098,22.6258
148.0832,297.1689,31.3438,22.6704
140.8837,297.4897,31.3289,22.0288
134.3658,295.9616,30.9713,21.7367
129.2611,296.1091,29.6047,22.2686
126.4928,296.9040,28.6224,22.3086
127.3052,300.6896,27.7983,21.9420
127.2939,300.7773,27.0389,21.7665
133.5743,306.0140,25.9902,21.2702
142.6699,311.0795,24.8955,20.8027
142.6910,321.8205,24.1343,20.8887
2
0
0
0
0
1
227.9626,354.2420,40.9473,26.4681
232.5014,358.1249,40.3140,26.0910
232.9587,358.2856,39.3993,25.7695
237.1072,359.3782,38.2470,25.6257
240.6509,363.0822,37.1653,25.2244
244.5950,364.6700,36.1230,24.9829
250.3427,368.2428,35.1690,24.5453
256.6417,369.6393,33.8107,24.5623
265.7508,372.1382,33.0037,24.1462
266.5880,372.8724,32.2264,23.5752
266.8578,385.7508,30.8108,24.1020
266.5015,398.7945,29.7972,24.7723
2
0
0
0
0
1
337.0392,393.4941,39.2849,30.6433
345.1656,396.1007,37.3209,30.9258
351.4015,398.2307,35.5847,30.9600
351.4332,399.4080,34.4740,30.7001
359.5126,400.0836,33.7041,30.3748
370.1814,401.6825,32.5422,30.2033
378.7242,403.2537,31.2636,30.0249
387.8810,409.0572,30.3224,29.0341
387.5616,423.9163,30.0264,28.2915
387.2411,438.8283,29.7491,27.8527
387.1566,453.3495,29.0112,27.8341
2
0
0
0
0
1
459.0304,427.4015,43.1935,37.1220
466.4693,430.6685,44.7464,35.6436
472.0460,431.7102,46.2327,34.8241
477.0183,432.2440,47.7479,33.7566
478.0204,431.9563,45.7437,34.3321
479.7266,438.0183,43.5892,34.7862
493.7568,433.1190,43.8717,33.4940
504.6841,433.2545,43.8982,33.2230
518.3823,436.5323,43.1571,32.7255
532.0162,435.7552,42.1170,31.8953
532.5284,435.8607,39.9300,31.6842
544.8995,435.9494,38.8317,31.5070
545.0358,454.0730,37.4531,31.7640
2
0
0
0
0
1
619.4340,412.4025,40.6523,39.8048
623.5623,412.4698,41.2649,38.4032
623.4846,409.4444,40.1658,38.1820
623.2543,409.5681,39.3928,37.9345
623.4033,406.8462,39.0948,37.2899
623.0062,407.1816,38.6861,36.6190
622.1991,405.4290,37.9287,36.5670
619.1739,404.1766,36.9405,36.7254
618.0526,402.6412,36.8630,36.3159
617.7973,403.0615,37.3735,35.4753
614.1529,402.6829,36.6325,35.0855
610.2233,398.8473,35.4569,35.9805
605.9431,399.0724,35.0173,35.5302
601.7487,397.9211,34.5182,35.6110
597.0444,394.9510,33.9876,36.0294
596.4344,396.1538,35.2076,34.7262
592.6298,395.2341,34.0063,35.4644
588.7658,394.4666,32.9826,35.9055
584.0754,392.3943,32.6018,35.7115
579.9990,392.6439,32.1504,35.2123
575.3030,392.2060,31.9975,35.0276
574.6787,391.6319,32.1908,35.1205
570.8356,391.3804,31.3989,35.6236
568.0052,391.1205,31.7849,35.0884
564.7493,390.2596,31.9800,34.7045
561.4086,390.0648,32.3618,34.0442
557.9373,389.4256,31.9847,34.2771
557.7513,388.9591,32.3565,34.1667
555.0911,388.0705,32.4396,33.8489
552.4166,388.3316,32.5691,33.3266
549.3196,388.5448,32.5370,32.9003
547.3947,387.5575,32.2648,32.8139
544.4115,387.6707,32.0820,32.5875
545.0877,387.5360,31.7480,32.8568
543.8731,387.9135,32.1425,32.1017
543.3151,406.0742,32.2468,31.1905
2
0
0
0
0
1
529.4749,379.4329,41.5801,38.5542
532.9722,378.9030,39.6326,39.6140
534.2845,378.7487,38.2558,39.9225
535.4374,378.7131,37.1812,39.9938
537.0017,378.6738,36.4829,40.0723
538.1954,379.1911,36.5060,39.0378
542.8328,379.3721,35.5578,39.8654
546.0913,379.8530,34.9771,40.0909
549.8792,379.8632,34.4903,40.0704
549.6089,380.5436,33.8574,39.8829
554.5886,380.6046,33.1806,39.7610
560.2975,379.8149,32.0904,40.1929
567.8930,379.8752,31.6742,40.0722
573.0721,379.9597,31.4673,39.9032
578.9947,380.0032,30.8419,39.8163
579.1754,380.1529,30.4806,39.5168
586.9915,379.8165,30.2488,39.0896
593.1813,379.4337,29.8561,38.7655
601.9177,376.9791,29.6373,38.2829
610.1641,377.0830,29.1562,38.0749
618.1809,376.8596,28.9688,37.4654
617.1614,376.6270,28.9198,36.8864
626.0902,376.3887,28.6472,36.3288
633.9930,375.4456,28.1634,36.1721
639.3383,371.8069,27.5848,36.3710
643.9458,372.3585,27.4129,36.2726
647.3788,369.0394,27.5504,35.9074
646.9780,370.2355,28.3519,34.5124
650.1711,368.6099,27.8987,34.7972
653.1324,365.2766,27.8911,34.5628
656.4849,365.2567,28.0608,33.6207
660.0843,362.2531,27.6548,33.8055
659.9055,362.1251,28.0123,33.0948
659.8231,362.5118,28.1771,32.3214
664.8344,357.8837,27.6763,32.0559
664.7394,358.2858,27.8662,31.2517
664.4468,356.8311,27.5207,31.3692
664.0607,355.9823,27.3662,31.2131
662.1402,353.3004,26.5972,31.9669
661.5499,354.0998,26.8564,31.2892
660.3278,351.2398,26.5557,31.5193
657.3467,350.2259,26.1217,31.7196
654.3367,348.0219,25.7729,31.5785
651.4177,347.0678,25.2968,31.6825
648.7075,347.5020,25.3417,30.8143
648.4958,362.2579,25.7653,29.5679
2
0
0
0
0
1
617.5214,336.2090,42.1928,36.6580
616.8044,334.1313,42.3858,34.6086
616.4206,334.2823,41.9426,33.0955
616.1821,334.1942,41.2398,32.0921
615.7252,334.7543,41.0012,30.9718
615.6892,334.7051,41.0731,29.9397
615.7657,335.0705,40.9200,29.2088
615.7300,334.9238,40.9915,28.4017
617.0161,335.0592,40.5958,28.1309
618.9669,335.2582,41.0057,27.7329
621.5821,335.4484,41.1625,27.3525
621.8907,335.6400,40.5452,26.9692
623.5067,335.3894,39.4289,27.4705
624.9572,334.6987,38.6266,27.8025
628.4305,334.8078,38.9785,27.5843
629.7360,334.7320,38.4562,27.7359
631.1560,334.5040,37.6943,28.1920
631.6754,334.4002,36.6555,28.3995
631.5582,332.6897,35.8673,28.7533
632.1259,331.6529,35.7482,28.7946
633.1147,330.1939,35.8004,28.6677
633.1561,327.1757,35.7176,28.6220
633.8627,327.3115,35.3160,28.3506
634.0850,327.3589,34.8714,28.2558
631.6512,324.8377,34.7751,28.3343
631.8241,321.8345,34.4295,28.3854
630.4746,319.3012,34.1643,28.5117
