139.5,112.5,51,36
147.7973226086644,123.15574330312174,51.14468698176792,35.05666601216474
139.88587899881955,117.98971894476068,51.143722616069404,35.05598062091564
148.01981906156493,128.60831988871576,51.149394431496596,34.59479306100841
140.28687955945082,122.88451514489194,51.14906020940646,34.59465245710335
144.42981762110952,127.90387279955867,51.14931785226337,34.53014597955698
138.6481999325377,121.46030794381109,51.1485578680789,34.52974917890614
150.71001903364518,128.76600107078875,50.988754428437176,34.302091905968915
140.65442232658856,125.25936127601172,50.98870936293615,34.30201814774464
137.91540646484808,121.6735468894015,50.98366546767324,34.29733685855659
149.31920322692642,128.90348799720613,50.6673801557968,33.70035537689514
139.8063627406575,125.34855804341336,50.66732527323214,33.70026474203069
137.3737950486249,122.59571122918796,50.663361040292926,33.69465113094903
141.08118360528232,126.8301861467681,50.66973318082329,33.46045299714373
136.2225599582118,121.95459960738351,50.66882079936621,33.459742569137994
147.26103011098144,129.09912081043208,50.4434429938269,33.014579862747894
138.38292355388566,124.57758743156718,50.44341526329191,33.01455293914224
135.70821231919876,119.99086149993592,50.432883852355616,33.00396473282469
144.4864959160657,129.73454130638092,50.47668706572626,32.55810330413878
137.55623958437837,125.40407941307511,50.4766431266229,32.55807547637054
137.1902412516615,119.48763148798551,50.46874146804391,32.55361475916693
148.61465154832246,126.68548931642164,50.32314887154817,32.37694474133276
138.45217815628843,123.73520711622378,50.3231425763926,32.376924920842235
136.7960163807917,117.68162094912103,50.32017424582474,32.37495685892959
147.92596080095228,125.12347873510572,50.091419057236976,32.09966451999242
139.85536118483796,121.98471952677323,50.09140010404082,32.09964177607391
138.75680794599415,116.28056303728465,50.08504088157891,32.095288434250286
144.14211584218464,122.09506476828716,50.06703243477895,31.977244597489413
138.8132315519507,115.61815475208859,50.06677908836696,31.977217698429033
150.1577073608608,122.98805790299402,49.725401704555566,31.685106175060543
141.69448192371777,120.5872894889205,49.725388498031066,31.68508689282548
142.4319090872518,115.3283974345332,49.72151052365466,31.683871901868653
146.67987119208462,121.17684283994357,49.70071067311988,31.641261753584534
142.97514885642937,115.20465157435883,49.70039963764326,31.641173879175387
148.59143223438957,121.01912482105755,49.680286723885985,31.573835700292125
143.54271452491997,114.74862994895541,49.680031560549736,31.57378216294124
154.24027374505312,121.71617154081332,49.449057636274674,31.408116741981758
148.56139486140663,117.59265615021589,49.44888522015703,31.408014268171748
151.28139317198782,112.92725053281441,49.44473206670704,31.406369867903905
152.76900343926255,112.49536000165574,49.44263579782838,31.403072029884004
163.7872577785956,120.56928835298395,49.31711115846889,31.314757029498107
159.12005869863384,116.29936012906487,49.317034754793774,31.314703160868994
161.13192930925143,112.82451378860809,49.31096559547874,31.306859621232014
162.5185591240239,113.03074052893459,49.310588427481655,31.30665025187853
173.56880697993503,120.96926552466773,49.2023546022561,31.245901606237428
169.04570787464107,116.85590228961134,49.202235712319144,31.245854814326282
170.41629377863117,117.63879190153018,49.201360983425225,31.24547869431704
170.98619540419338,117.42595603292415,49.200259409623214,31.244713292017977
172.2891195961078,116.62105225589579,49.19845594003993,31.24367373055803
174.72157248884363,114.88309780694497,49.19740456283244,31.242928337306726
176.6107913949368,112.64346432125157,49.196846465611955,31.2425004654013
178.39393527549854,111.16511126690284,49.19623634731071,31.24212120308131
180.50081201247093,108.52359344543123,49.195586167738476,31.241511216141706
179.85457648941846,107.38138444630098,49.19466324430759,31.24091744606112
191.23425835907452,115.14475554867438,49.08956014037149,31.190906541668337
188.88907356543533,112.28983336749972,49.08946809206027,31.19082859032746
188.9956805634935,109.5962576092314,49.089397295626156,31.19077069142834
191.59328921699316,107.40789815636312,49.08881871772228,31.19013402160338
189.27377076059904,106.47759759383028,49.088479467027874,31.189968735841397
191.4850384900355,106.65723089040333,49.08785286359319,31.189362483004473
191.3148540611748,107.11125752215932,49.08726813282887,31.188884946001576
194.05978295707484,107.90577507583399,49.08686461043795,31.18857600156269
192.69038096603447,108.10541337535173,49.08589055067909,31.18804061799465
194.66363591320155,109.03240320437025,49.08512445555453,31.187741451405053
194.1043687862427,110.0482506077618,49.084653506225145,31.187466637068855
194.47448711419315,109.71435217459737,49.083811276670055,31.18689194520836
191.9906508668354,109.55532567083668,49.08334889131962,31.186706068519122
194.38971610075257,109.60083139180031,49.082382386803225,31.18616678091116
194.27911452980547,110.20974939372188,49.08184795018617,31.185920393843524
193.305739675375,110.90254812883059,49.08134860413832,31.18567410465638
194.2133745245786,109.97421032724483,49.08074911084742,31.185286652789433
192.77637418285872,110.75160596448785,49.080321998877054,31.18508143119799
192.25142030530176,109.6330657928801,49.079419774552164,31.18480320431462
193.9534515162063,109.78186609489275,49.0785832514858,31.184522787381145
190.0743204591706,109.89000454039986,49.07815500834891,31.184382694629523
191.81146964881225,110.09288058238845,49.07715207927616,31.183951821275134
188.43516367964992,109.54569828503647,49.07660163356762,31.18379465503855
190.9922196602196,110.32671852468843,49.07555300784696,31.183150297713393
187.3714788388186,110.45740394458251,49.075100828017135,31.183036033509634
186.77940569794114,108.8260724649102,49.07413773286472,31.182306067591817
186.4350720250985,108.63324102987075,49.07364324144901,31.18215847305012
184.60232662921527,108.78086245951279,49.0731980400209,31.18182363068613
182.61771550605405,108.12422720829186,49.07263864915154,31.181462717760873
181.0073804149523,107.51486796190252,49.07240615000433,31.181335962317185
180.60466746426016,106.71670939147644,49.071970935933024,31.181126003559974
179.48702270552104,106.12741384084428,49.07151907653438,31.181031558902966
178.52802143931507,106.42994698655278,49.07099829733136,31.18100742704332
177.72373112695152,106.51882086562813,49.070331952835424,31.18077398354411
175.89004137351458,105.4671142058875,49.068995744300985,31.180328116852863
183.36071138078057,112.0752197840735,49.0461985917075,31.13369455905265
176.24531241014134,109.51893621022978,49.04616061837412,31.133651366621677
176.86553375713692,106.30154210002624,49.04527590587405,31.133459671409863
174.95661972105347,106.93504436673919,49.04386030853104,31.133447468535095
176.5997555006386,108.51247573040986,49.04251540226913,31.13309786184502
171.9089456540067,106.66069312201482,49.04146946137769,31.13317878183639
173.1785963997014,108.03329814581355,49.04051783685534,31.13301034304935
172.13898026854395,108.43748259424781,49.039410905826124,31.133136848516955
172.53488130642856,108.97160903792066,49.03848307283948,31.13308967539704
170.9907464249546,109.67756356617281,49.038086396731,31.13301724303823
171.4703251321149,109.6869499553368,49.03760591665264,31.132803663536816
172.40522192440008,109.59126267856915,49.037069424558204,31.132563395518883
171.91357415998425,109.14082977413777,49.036636425367064,31.132433651841797
170.4556430656819,109.19772003968704,49.03596442856221,31.132326710866927
172.67020231698652,109.70344560477302,49.03403336873254,31.132013781454855
169.74471846399666,108.44639649383237,49.03303564731356,31.131944932947363
170.77019294432023,108.47749863867544,49.031599072988435,31.131811400411863
167.67793145803265,108.24966979731991,49.03017033581632,31.131837916426385
169.38362168317425,109.04884016569025,49.02893826771998,31.1317202698575
168.7516378079199,109.26052374270687,49.025548668832954,31.131936533955148
167.87685625507928,109.63379963062879,49.02436325938511,31.131955762502027
170.34529282575596,110.12297618823732,49.02181009102369,31.131658005218025
167.20168645273026,109.54002874417202,49.01977389374625,31.131958077140716
167.11812717631565,109.4782662276822,49.01825366586236,31.132058624794553
166.32317201126295,109.22004537931996,49.0171001388892,31.132070480000642
165.8704978564009,109.9655048585615,49.016209058240065,31.13204631598167
166.37448072683426,109.88940115146407,49.0149838874417,31.13196188092096
165.65096274423573,108.64057735112912,49.013842991829456,31.131755725639927
165.34399550482362,108.40774574054403,49.012079490726606,31.131399137564042
172.3061621037108,115.5098131652626,48.995391518477184,31.095340803324667
167.28479710331032,112.62615807896874,48.99538928050858,31.095337018698018
167.54158781139068,109.3764344806502,48.99527392450942,31.095259621981835
166.36718059162547,106.8773967446371,48.99460845032832,31.09506124452073
169.33598967365072,105.28575264370166,48.99002995150002,31.093661116694953
166.92259761407,104.55534614168381,48.98898137183936,31.093661313647512
168.5820336065244,100.99322726044957,48.98361670542734,31.0938894668936
165.407749018577,100.63799109703004,48.98129858273813,31.094384643769267
173.224383896205,106.23809950327806,48.96614520626626,31.044798782200967
166.81899664693864,103.12902025706386,48.966138225917184,31.04478996963669
165.5282189904916,100.317243654959,48.965751934196994,31.04449521242062
169.33229023075918,98.13215374819838,48.96326226280491,31.042876987459213
166.48717749360077,96.20264662042914,48.96100955719012,31.04204059793237
170.4182858809173,95.76411456972939,48.9436452300668,31.03810275002157
167.38149414602594,94.50756918170782,48.94124803654996,31.037277987276877
169.97744603190898,94.47835935116369,48.93853655985831,31.035418007064703
169.78022055026096,94.34764574197986,48.937710708455214,31.0350635627298
169.17987875283262,93.71184766114422,48.93714661120375,31.034661199735243
171.2228053679001,92.97598282986037,48.93656617007023,31.034220509367145
169.68576623237544,92.61470378745196,48.935947661868454,31.03366601102357
171.10843352970699,92.4251229658995,48.935329377706466,31.033147199397476
170.95967452852543,92.70364044335118,48.934952932027656,31.032706735499094
169.48280932496564,91.18499824391327,48.93458416083303,31.032362483709623
174.3118535171811,91.66614349490294,48.9342335083357,31.032074020685968
171.0110363719907,90.49691388222534,48.934126007945025,31.031939047814237
171.39508231417497,89.51696541028457,48.93360509601912,31.03151468451347
172.35609698414916,89.33780319992675,48.93313914298786,31.03084888301345
171.59818519820553,89.67700369679875,48.93195309897696,31.02954550784932
169.57184887398864,88.51318305731473,48.93113606235216,31.02866744248753
173.44113484949136,88.92053542357814,48.93099556505154,31.028500473556278
170.4225886717114,88.10451681101347,48.93070674843131,31.02808544915865
172.9009968540498,88.95690131209619,48.93044145873622,31.02782403633341
168.97807586951004,87.99960574572935,48.93023554955034,31.02748804408999
172.26462648335098,88.93251060728961,48.92990444058182,31.027112013901583
169.5574989823282,87.73209818083339,48.92944033786052,31.02654869847907
170.5822934268294,88.09623068038408,48.92895494731697,31.025899949892676
169.53765169032692,87.57357680360214,48.92867743475674,31.025481046542797
171.0399307302673,86.755122089783,48.92832172075128,31.025072339873223
172.1284074604301,86.72524152655998,48.92764041428,31.024191141931222
169.97857798047633,86.10560111872276,48.92696587427913,31.023145076196986
172.94052761120918,86.02027441613684,48.92626102123016,31.022522314333703
170.78922699459753,85.78566789614216,48.9255985902079,31.02155648197621
173.00072246244986,85.31143649362842,48.92458946602666,31.020604914559538
171.9474206698839,86.37818323819798,48.92368248444714,31.01931571962514
172.1142217868372,86.12419333766145,48.92116959814149,31.016417434608087
171.82406196473846,85.65810057575442,48.9200952852009,31.015098138552176
172.29425656630298,85.75243341502765,48.91956237288914,31.014477678592613
171.91946777833363,85.58188921655454,48.91815110777099,31.01265909383221
174.17223455601993,85.40835206804924,48.91722427618378,31.01159422401084
171.93123637352906,84.98473293377893,48.916977103262674,31.011200740060488
174.60442888160074,85.88576574354242,48.91623608431174,31.010147278927338
172.3635005681902,85.4621597911837,48.915988886517326,31.009753836011427
171.9887517242015,85.29163345624659,48.91457730563865,31.007935853210025
174.7909968042099,87.42388564017698,48.9136051548077,31.007068551236692
171.5693505485841,87.08043055348907,48.912874533735035,31.006744203700343
176.31195018699373,88.50020699855462,48.91237450618336,31.006341742341224
171.3877255506881,88.55954641903843,48.912264399217,31.00621881225893
175.9842403183238,89.41655396415538,48.91204969091092,31.00599533083545
173.58210107845488,90.8330188826492,48.911804702631194,31.005802462841963
171.98665122158195,91.94799581467784,48.91136730776497,31.005460472411382
175.09821204875823,92.73998218461615,48.91091144015558,31.00516800463711
172.4854863607742,93.14849720033783,48.910773540763564,31.005048240069968
172.79241950294926,91.03316504134001,48.91027785377591,31.004828006063654
175.51189155937303,93.08066769159844,48.90956234810614,31.004513028422796
172.9179863145091,93.71122199355702,48.9093397338911,31.004450357275395
176.53366867568369,95.8687917352397,48.908227754309266,31.004152621193974
172.83408965873582,96.43260943709437,48.907896862271144,31.004020731774496
175.42418086463533,97.42971135993889,48.90564909707857,31.003075243133495
173.37915862340333,98.41185202889146,48.90518130384682,31.002992017716142
173.56295245732343,99.40555087945523,48.90449989149022,31.002838326560216
174.4737600086588,100.56321549805132,48.90323710472223,31.002484351056268
173.72406551352256,101.40947150532925,48.90239673632158,31.00237493774248
175.86796666353263,102.43288762040908,48.90123937190936,31.002144241472593
175.19781311818824,103.49629238861948,48.900807093205756,31.002080167469387
176.5044037675977,104.83890443727078,48.90046763894556,31.002039118415066
175.91072043387453,105.6447149617127,48.900086947116044,31.00203301208191
176.41157549012902,106.46086233252511,48.89971591255659,31.002028991396706
176.70236519671147,107.45622108956226,48.89924191044442,31.00197846283419
175.78382695080296,107.89054351245389,48.89872293946237,31.001963966687015
175.83250716421296,108.85957819769163,48.89817064815183,31.00192698489867
176.17194896996133,109.68816394950655,48.897620021102554,31.001830409552515
175.68017426453326,109.73182967370747,48.89711939648201,31.001811592459703
175.81764534164856,110.49831789686408,48.89641323587517,31.001713545041742
176.8557802255949,111.41016070754323,48.89582157810513,31.001651461700725
176.2745839707025,111.56957379755954,48.89546825449301,31.001630439806377
174.84241610617067,112.04203932129788,48.89528629480546,31.001623091231842
175.93938075961918,112.97345947784423,48.89506850714978,31.001598039026273
174.93125898882636,113.77589434922032,48.894958203139126,31.001598854059118
175.85984520790998,114.92222948457722,48.89477073792568,31.001588581285414
176.6040461832893,115.76951883956426,48.894622499821125,31.00158518106474
175.88587087309472,115.68261315587813,48.894582005021746,31.00158536605728
175.843273491375,116.23554851898373,48.8944147438559,31.001592277709207
175.85231415689333,116.52289296541561,48.89430244743141,31.00159533612035
174.69309000906378,116.74222598859278,48.89420802420321,31.00159375590866
174.22857625853183,117.6409404609972,48.89411587871785,31.001587339366733
174.31903207401245,118.92747951057262,48.894017157955794,31.00157857424602
173.9333831036308,120.23733477452195,48.89389521594474,31.001567524496778
176.05447195957473,121.50225749105242,48.89381059029955,31.00155612349456
171.32411334321577,122.06827703917192,48.89373909621084,31.00154560696749
172.92312910326768,122.41054551696325,48.893612401317576,31.00150845159004
182.8422263308302,139.31607905244093,48.47536652407344,31.3908159839062
178.7758267848355,139.55005953157476,48.47533976462241,31.390767371763168
178.73280824061098,139.2805212408187,48.47532208838341,31.390750041627467
178.3815947766972,139.22301113179228,48.475294747278625,31.390728504540515
177.64333577562428,139.17932316585927,48.47526526979492,31.390703336903467
176.39546881521386,139.15777446397237,48.475204417513964,31.39064821465628
176.368973609379,138.82351234408415,48.47517731349454,31.39063132102894
176.39355569187867,138.29734514051523,48.47514758549001,31.390609842661114
176.43727281437333,137.62621355633917,48.47511533407339,31.390597391506365
174.65634734166622,137.20149827110103,48.47509832714082,31.390588758243485
174.2674359669531,136.829731899998,48.47505727604139,31.39056827922385
173.68348423670878,136.59738204894643,48.47503072954915,31.390553871429344
174.64966452678124,136.6704576583953,48.47498752554097,31.39053308024976
173.8187050985232,136.6154938384577,48.474949475738384,31.390509693387298
174.0584932716056,136.67926711194525,48.4749112424524,31.390490308844836
174.7293714459057,136.89041324964748,48.474870110488816,31.39046582804944
173.62417414584553,136.8612330594641,48.4748243133466,31.39043647393941
174.92668644906752,136.7890286735473,48.47478470560568,31.39041365473904
173.6952594594043,136.67362963166448,48.47474472207197,31.390387774624198
175.089157050518,137.06895666559782,48.474692393009235,31.390363332077936
174.96328826635025,136.43978078383356,48.47467081966119,31.390351014223718
174.0548978970612,135.8077730434311,48.474638923771174,31.390333535090548
174.2040634759045,135.2566285116769,48.474574534540146,31.39030776877264
173.6872419828594,134.6504378186229,48.47451955786934,31.390276320713173
174.35387928237628,134.78731597496,48.47447926898575,31.390245458077846
174.07910430621214,135.14548155277842,48.47435584284647,31.390173841568334
175.70529388361308,135.1223240652474,48.47432296528154,31.39014218572928
177.51902031771732,135.0070165259761,48.4742652501187,31.390098792687606
175.86577241443132,134.74102269845673,48.47425442293217,31.390081018458417
175.1034144827531,133.96080053023888,48.474242226519934,31.390064668210442
175.2913779220077,133.0053737970288,48.47423445163315,31.390056165636494
174.9018732876569,132.22882620830399,48.47422960976955,31.390048492172127
176.94340059371137,131.11136576051265,48.47422572550486,31.39004173348843
175.8717585536763,130.56552640467066,48.47422357739511,31.390035150067423
177.19685500329916,129.60979982990193,48.47421936261286,31.390028734442243
177.10592443382689,128.46301389327078,48.474215077639634,31.39002245981636
176.4358608596154,127.40638703714998,48.47421010879121,31.390012088195657
175.14399356624585,126.16409789870282,48.4742042227367,31.389999834694464
175.66170242442192,124.67539722868709,48.47419524165987,31.38998680514279
172.85545232487212,123.45352422199898,48.47418285225848,31.389946435843843
173.56598481324139,122.28998214777786,48.47414648956411,31.38987237162434
172.13624863153962,121.84043725441202,48.47413775669997,31.38984129110365
172.56636455722446,121.3368420385589,48.47412991389047,31.389828739907372
171.31870552037742,120.79484946522031,48.474118130712014,31.38981174940043
170.98846664042134,119.76173849044997,48.47411109982215,31.389799348736638
171.83318109649156,119.1798567332593,48.4741056295686,31.38979373717957
173.26420407628217,118.58611603712292,48.47410305072469,31.389789911404215
174.02962672858092,117.55867354813213,48.47409850063615,31.38978616410502
174.7933757174017,116.52631660941717,48.47409471511806,31.38978274874933
175.0521840728749,115.60457001536233,48.47409195156313,31.38977997185505
175.3158577749024,114.88410822020924,48.47408734383381,31.389775937458765
175.28991065236002,114.05625378919336,48.47408401097713,31.389773387060693
175.83180490483173,112.9165002002287,48.474080443892305,31.389770543780312
176.34371641609394,111.6826830705464,48.474077106350194,31.38976821790931
176.06709614562934,110.00179056138712,48.474071566404,31.389764963370194
176.09362306512102,108.59175857741751,48.4740649075964,31.389758664585795
174.64083380881905,107.17728068875785,48.47405550859451,31.389751639018154
175.1668540431449,105.26361977100476,48.474040358088594,31.389733110068153
174.38109031011464,103.04886630390592,48.473985864424634,31.389688442855903
172.9303057199399,101.17041917210716,48.47386980688964,31.389649732591742
172.94512419893152,100.01743047969066,48.47368642824277,31.389604473381784
174.9565179969535,99.31380653876877,48.473435586807,31.389601831658357
175.4848656719159,98.9724256867832,48.47333258211988,31.389568726288086
174.9532639649266,99.13467446892139,48.47326244701861,31.38953628781088
176.74209747251774,99.19696143893512,48.4731732611973,31.389507504739143
175.8475876294123,99.28481375550173,48.473108512898925,31.38948741306975
175.62593804965252,99.5761129246258,48.4730229356421,31.389460640926504
174.96665350389372,99.62973354295242,48.472883130522746,31.389400781982175
177.61642563207474,98.52177028996098,48.47264431315609,31.38934699659848
175.84362203217822,99.34802712775031,48.47261652797903,31.3893427719323
176.17223639125564,99.39048575904465,48.47249367291854,31.38927494890499
176.1483679785681,99.63682882875187,48.472391225526266,31.389238156080587
176.49498249526314,99.1633553668242,48.47220315912383,31.38917641055954
176.29554858716858,99.84159453194907,48.47215708518955,31.389151260622917
176.77188305058763,100.18523415843978,48.47208959115174,31.389107422623336
177.45748141381597,100.99293280790957,48.47204669617703,31.38908623852904
174.86737953070946,100.94582247876262,48.47196214757068,31.38907562656927
175.53333446515293,100.50389163952711,48.47172637765228,31.38902664906495
175.61188150466074,100.63974626841197,48.47157597749251,31.38897205676537
174.8980859467282,100.95921932412588,48.47147313030679,31.38894541803193
175.10174945044722,101.24012292096559,48.47130980246852,31.388856330622367
174.8674020403139,100.91344190340943,48.47103733400264,31.38877491003856
174.63275584813857,101.3723360525546,48.47087078070834,31.38868642559101
174.27350583048053,101.96388186019723,48.47067559269292,31.388626846133384
174.9366845737371,101.97768124368021,48.470428230767816,31.388443360329095
176.28547324695344,101.97435603268124,48.47010864152202,31.38829425721137
175.75746099076744,102.15994725756882,48.46993765638123,31.388220369190456
174.89792416442745,101.70207740978829,48.46974119893086,31.38814411531153
177.38122253936695,101.79666732241968,48.469356721695945,31.388028599049715
174.48668039223153,101.65129524283856,48.46927265811761,31.387984524931777
175.33260791748708,100.68956123059671,48.46880561858526,31.387918275314203
177.0786009840162,101.4784979152026,48.46863004575343,31.387829205952908
176.7174042939438,100.30189969238623,48.46820844872925,31.387757743489313
177.47147297445977,100.85463953057454,48.46792817197154,31.387687331677196
177.0026755989245,100.62336842616361,48.467810313274164,31.387598940761908
177.76090113402898,101.32904631133243,48.46762678113587,31.38749340407447
176.13982158833895,100.7833199437685,48.46745079141552,31.38742594896336
177.60810581050112,100.94400769715759,48.467188108428424,31.387365224089407
176.33697059543857,100.99788947302774,48.46703886654117,31.38728052532449
176.71963964980472,100.32664397848039,48.46675343400976,31.387175579551318
177.2745498149641,100.19169039139108,48.46651409734336,31.38713468844903
177.35431203964444,100.24323363280439,48.46618033253966,31.387121981390678
178.18988927812956,100.29130398079731,48.46593919423058,31.387062408160855
178.92989293655816,100.11155021039585,48.465734128235525,31.387039142422328
180.0246354935113,100.12865862551743,48.465483032655044,31.387009364578084
180.2135846751902,99.89013558919049,48.465156460707696,31.386920494223553
181.35455940609575,100.09897583876993,48.4649357434034,31.386819020094798
181.71665078327567,100.51876797820688,48.464771085967406,31.386701074610194
182.0450080338596,100.93766701410743,48.46466009994773,31.386638596128027
182.12876217236317,100.8198860059834,48.46434349228545,31.386466775486806
182.56070945181253,100.22579127829573,48.46396967484948,31.38616905873539
181.1035384102954,100.11742941449117,48.46379888518779,31.386110037645327
182.93345469990345,99.9483285964243,48.463580630541394,31.38599699153379
183.78510859168998,100.93035320804557,48.46329294279353,31.38587658699397
180.49787168467665,100.64151714454951,48.462862791823866,31.385738188091917
183.49484956513973,100.88542778288065,48.46270480998094,31.385679839438676
183.12126758753288,100.9217691808305,48.46235886843943,31.385588258911074
184.11544309195776,100.69372949457902,48.462129845978836,31.38551224186668
184.99259114087968,100.92135348836095,48.461581807407754,31.385539164037542
185.96349520630272,101.32404663148634,48.461406781839685,31.38550926111044
185.72448672830626,101.81109868882415,48.46115681321293,31.3854801657944
186.2119884883882,102.04480262841977,48.46089040080283,31.385420891997512
186.34573432235285,101.83374487227643,48.46041827294497,31.385297786148765
184.76523375909375,101.75065780697183,48.46016547032503,31.385213373028165
187.46081260444933,102.82399647801172,48.45980634833946,31.385069281757094
187.16872972776432,103.76960686983045,48.45967617323125,31.384979303135193
186.64567202386698,104.32288947926048,48.45953491961078,31.3849031465844
185.8881238878046,103.85221119832487,48.459427000527675,31.384827649644446
187.1492202691236,102.8849163718447,48.45931537459316,31.384736959930525
186.60568727015402,103.0985179380996,48.45908166798064,31.38465129434728
186.75796609435577,103.83301236075636,48.45883839450084,31.38455669227413
187.58358367306064,104.56208980790689,48.4585388869629,31.38443571730751
186.9507485966906,105.70589666585224,48.4580856256634,31.384278990705134
186.08417818720466,105.45255083051174,48.45770879784571,31.384169354184724
186.6709581654384,105.26903491270811,48.457448273179054,31.38408947709783
186.66806093926797,105.5502467592581,48.457128991423644,31.383986254807766
185.47548472006264,105.05537711696051,48.4566832471561,31.38391024466038
185.58499817787933,105.04461253362861,48.456422484381434,31.38381029948287
185.52994557068808,104.79876396282798,48.45597913546238,31.383679237882824
186.17938279600682,105.6583541748847,48.45553143214698,31.383546240946792
188.0770766305628,105.36916546074477,48.45435085913488,31.383287201769846
187.5923344709841,106.42195894439796,48.45416559783269,31.383184720089705
188.81415894504968,106.60677341534343,48.45399141929382,31.38301233761839
189.0575583226345,106.65399184520368,48.453860714413345,31.382912233471632
189.17270109591394,106.67308022958551,48.453718476493954,31.38279384996093
189.7595689998046,106.59439055639668,48.45358477289965,31.382677995704594
190.0037231442132,106.3149844523939,48.45345041591953,31.382602841229986
191.23021779287538,106.46867516434122,48.45335437573628,31.382513491300422
191.08557362743056,106.50253475006271,48.45319653152754,31.382432895888176
192.13321934092198,106.3921597653983,48.453099682715475,31.382365403607142
192.79247199606203,106.76076650427348,48.45301001422003,31.382303369815066
192.27524216885286,106.21571776369665,48.45282613779272,31.382214612679864
192.00454712191507,106.31174539568873,48.4527305644396,31.382149485795903
195.29480974310238,106.43867103791548,48.45265728739703,31.3820341906746
193.10941096209103,106.94270733820524,48.452609531579114,31.38197805718951
195.02270567187924,106.9461181247099,48.45253721710527,31.381903900866455
193.90152114328941,106.57972174785678,48.452510158028204,31.381878527894234
196.1014041469965,106.54385348722873,48.452446699594745,31.38181484701906
195.5762979645566,106.91994495343712,48.45238743418734,31.38176909874535
195.01263728559445,105.98337903754998,48.45234439506268,31.3817412835317
196.25528083462356,105.5093267580012,48.45219022966745,31.38161927154622
197.08132590350615,107.03601951771675,48.452061299292104,31.381494316919166
196.73112517957895,106.86316955174206,48.45198037867724,31.38144493026886
196.91788979976258,106.92352751725564,48.45189846711595,31.381385578974612
197.12011300807717,107.23964383297803,48.45175157789344,31.3812587152567
198.0227804740462,107.7100701766578,48.45167944998679,31.381197754009545
197.91527942984044,108.31158737582446,48.45158782141927,31.381132668344062
199.19948543372362,108.05929691063454,48.451506340004805,31.38107594012787
199.27254948332288,107.94637742933371,48.45143705354375,31.381021628779912
200.07865118962619,108.18633511965254,48.45136285236291,31.38096345448684
200.08013173764462,109.06206293565371,48.451277075309655,31.380884689778803
199.394166719381,109.09907084100368,48.451225014211154,31.38084620046522
199.9699619901629,109.32125311298373,48.4511792819888,31.38080996461058
201.05104500235745,109.68735615500617,48.45112835464555,31.38076879994206
200.15069172439772,109.93309454659871,48.45106534307542,31.380718544257164
201.77512582794924,110.17922336447694,48.45101839451732,31.380675916044257
200.04283226536032,110.46469101772094,48.45099899618133,31.38065380516631
203.13904253332055,110.3985006134833,48.45096174959801,31.380620853813994
201.12690585719957,110.45739286699259,48.45093500342081,31.38059696035605
202.81020492747584,110.59974530345738,48.45088087112328,31.38055296322376
200.69797519117805,110.96882639804336,48.45085876107724,31.380532429973734
202.30037481791288,110.99946573596829,48.45082697319901,31.380500186487858
200.93122213596556,110.78960526056169,48.45079529714617,31.38047280122432
202.90790781974516,110.39930047345203,48.45073894919446,31.380428243077468
202.25107270727133,110.81823070643321,48.45070206087615,31.380397426563494
202.50939158107218,110.28133453775867,48.45063619266134,31.38035105312768
201.70922478495478,110.81805871552174,48.450605219046835,31.38032381824513
202.4538017576076,110.48434837391002,48.450566035093715,31.380292464134122
202.20476848327985,110.79171207143537,48.45052500141857,31.380256803397394
204.06411606344255,111.32352546688901,48.45047684426696,31.3802150554436
202.33164811656223,111.35319646220728,48.45046742171289,31.38020569261016
201.66581801075415,111.1949823012509,48.45044638180321,31.38018744198073
202.07580971637165,111.00722381828206,48.45037629826215,31.380134021270226
202.94225820330763,110.60580713660359,48.450315213252786,31.380086322596394
202.80753355971942,111.22532009798994,48.45028617935378,31.380060362630374
203.23022669472363,111.31700539816529,48.4502714537065,31.380047567293317
202.80271650702042,111.27139253510418,48.45025056362523,31.38002833507444
203.1639368195213,111.6267186834668,48.450234266950666,31.380013250148803
202.82253028493545,111.57359214736401,48.45020198204215,31.37998720995577
202.33738674902682,111.35732186813287,48.450186829700165,31.37997319559739
202.71042006613237,111.403076340487,48.45016518888965,31.379955786195097
202.9548431763072,111.51311424211235,48.45014175654006,31.379935890909117
203.84020625681597,112.01832010609236,48.45012558697758,31.379919809044377
201.45468286698087,111.6222474967807,48.45011714509022,31.37991005988281
203.5378822903852,111.68692859126429,48.450096796358935,31.37989054612468
202.46307642493102,112.07596206891766,48.45008584851058,31.379878424230103
201.64459581508328,111.60760649292921,48.450066534606215,31.379857164822436
203.84382506836445,111.77818786086063,48.45002836190617,31.379813509741517
201.97153861934459,111.85482438786902,48.45000787806419,31.379790628459
202.799851383336,111.21550262982537,48.44996613609209,31.37975083975962
204.1680755205542,110.99624902766207,48.44990654497481,31.379700508676276
204.58418186417168,111.54996902513173,48.44988300044382,31.379676905109648
203.66699443132686,111.71777159056498,48.44985411285283,31.379647444247034
204.32347623493968,111.91868867778778,48.44979510195596,31.379598524279885
202.93557160996195,111.90176506285651,48.44977503672586,31.37957498634044
206.54944229345375,112.5296895505232,48.44973581055037,31.37952208587431
205.5725811865776,113.25028941351582,48.44972005013578,31.379503423541124
204.77159210237102,113.09832088042195,48.44968975659672,31.379473252256307
205.0618811830893,112.58230022547977,48.44964772225062,31.37943558074113
206.10771794903783,112.50596419468077,48.449597258209394,31.37939297263468
205.2495706321461,112.87814126941815,48.44957876828986,31.379370540651088
202.43629389858228,112.15632428753638,48.449566302189965,31.379353185864513
201.70251031757672,111.75637889688522,48.449551357610815,31.379337713352122
200.81294621154495,110.93433050211675,48.44950774521908,31.379300219823268
199.40987276709058,110.27964439188038,48.44947058070681,31.379258888011783
198.53965668197534,109.99499187219114,48.44943508335763,31.3792265593788
198.44433676546907,110.04277316634847,48.44940909016874,31.379198332963036
196.94002916648785,109.93104557820207,48.449386383010335,31.379167562600543
196.0671184321422,109.79705210000252,48.44934775190914,31.37913081947764
196.28941089628617,109.85970711604827,48.44930222157617,31.37908896358413
193.67029308719398,109.31310225639997,48.449268987526615,31.379049957943288
194.77328860044085,109.37789475853009,48.449235612171194,31.379017020009215
193.33180997220336,109.402364781873,48.449136704858375,31.378931037519713
193.06777672066508,109.7008647749719,48.449026483024156,31.37883395821661
193.55601491676344,109.80817578540251,48.44896256593656,31.378780641722088
191.1575384165002,109.63855850270096,48.448822651881784,31.37866975195549
192.39002995787382,109.9498724705036,48.44877797131036,31.37863790142176
188.75007346762308,109.59621331718934,48.44874939297398,31.37858223134285
192.9037837049122,109.5457846832565,48.44869052117896,31.378525989482014
189.01906496570302,109.41622450134622,48.44861534624646,31.37844092255647
191.53136302552562,109.73206143490383,48.44858921485201,31.37841535751951
188.70900023852093,109.85332594077316,48.44849791340364,31.378314737952703
189.37748498394407,108.73865406140642,48.44848003598355,31.378301969357686
189.90435653665693,109.14232738719448,48.44834594411528,31.378218453691613
189.51243806395854,108.85346490108064,48.448186307480796,31.37807621600794
189.02684149638537,108.5092813861379,48.44801333516329,31.377945344930602
190.47268793370017,109.06709869744805,48.44790056536158,31.377867439229256
188.30245122102895,108.82766897177922,48.447718187023604,31.377726739409518
190.23709144480546,109.04972428230896,48.44765966520609,31.377672450461407
191.49553198402748,109.37789590993187,48.44759162654165,31.377605659677876
190.32615592776702,110.30577578442967,48.447498962909016,31.37752196563679
191.1972303212984,110.44581871638125,48.44744433497254,31.37746417671341
192.92903606115388,110.68188395423574,48.447385568655754,31.377404454578794
193.7537794657284,111.35370097306625,48.44730936493734,31.377324794473626
193.91944979529612,111.96438306701077,48.44728481927386,31.3772922029591
194.94739571634224,111.75104573489578,48.4472616028225,31.377266990403793
196.13432217167912,112.0777348760576,48.447220175531896,31.377223862136717
195.89368429551996,112.06908443179404,48.44717113594195,31.377167278333513
196.87041704448626,111.95921616139331,48.44712675388461,31.3771178755076
196.88698018763407,111.77932328303447,48.44709663577924,31.377090389074574
198.9146159340574,112.14081817261963,48.447010937762926,31.376998497134174
199.5167461384924,112.90506671160398,48.44697726114692,31.376962637045725
199.18833684447986,112.86612940909342,48.44692184814582,31.376893604099738
201.77213779465407,113.25022983143926,48.44689101560747,31.376856678856914
200.97001130173606,113.40192619556788,48.446847078759816,31.376815352882378
203.43870397621552,113.94721856546397,48.446802943027194,31.3767689956204
203.02517826058053,114.06003692626815,48.4467624420004,31.376725662092632
205.91658624814252,114.6215049464646,48.4467280678286,31.376683670390555
205.21854664635896,115.01131912095677,48.446709968958906,31.37666285581476
208.63509487532465,115.53073056355197,48.44668140500943,31.376631627118517
208.56265147092782,115.81190759900588,48.44666722129039,31.376611318856423
209.52026416875557,115.59722658195912,48.44665719867411,31.376600982706854
210.78002415371856,115.95461910850919,48.44664439847166,31.37658445854501
212.27958575934105,115.78779652792474,48.44663546220536,31.37657485839951
214.32385657781703,116.1845390774711,48.44662770357982,31.376566042857068
215.58022465607473,115.83907886668933,48.4466228607698,31.376561104694648
218.03859234055022,115.55173311428364,48.44661646520754,31.376554459348124
218.33917681686316,115.67216676079623,48.446603330090326,31.37653639303611
217.77288293002493,115.80396098657654,48.44659246523223,31.376519203835112
219.33931318621535,116.01226704498937,48.44657997721971,31.376504393737797
217.38661049762024,115.81188049207744,48.44657721041273,31.37649866951025
219.04358314363859,115.76594788171991,48.446567675059384,31.376487219507126
218.39370628780506,115.79206752228058,48.446553058059735,31.376467239847948
216.96581852630538,115.93061627570724,48.44654321118606,31.376448957581122
217.52451725925462,116.00106956738927,48.44653304005684,31.376435446106953
214.24307005943695,116.06988909776346,48.44653166485089,31.376430617998803
214.05230509660547,115.97531699494486,48.44652144106356,31.376416264790496
212.1815167183677,116.12265283115212,48.446520095427275,31.376413088031043
210.81674216362944,116.40413194033775,48.44651908168907,31.37640929547156
208.88447047096435,116.5764137495817,48.44651855222437,31.37640787967567
206.24736405801667,116.53502404803761,48.44651806406328,31.376406541608702
204.17811825259218,115.8275671706692,48.44651709068378,31.37640497308808
202.10197715223117,114.44307326436052,48.44651609972488,31.376403699554306
200.5684052500107,113.49165043834937,48.44651384131485,31.376400988653963
198.99280354553193,112.90853370835609,48.44651051847615,31.376396379106207
197.3566249942062,111.19543215721761,48.446502051059255,31.376388124266477
195.64651157501453,110.81517389849563,48.44646846006023,31.376344844423432
195.73168466258517,110.45004124124385,48.44642509320375,31.376280049330738
194.65610543711517,109.57052809355116,48.446385633834865,31.37623773643213
195.16466019156044,109.64116364573778,48.44633950423209,31.37616656356124
194.4254932189212,108.98220442145089,48.44628883551981,31.376114259418966
192.96757710962012,108.46846791269105,48.446247526595066,31.376062805655675
195.92080239786083,108.26821329351627,48.446138026010885,31.375908042301976
193.7331414428698,107.82670835872199,48.44600741752983,31.375802083853273
195.69350606173066,107.83487552162318,48.44596537844702,31.37575667928788
193.45202625467093,107.80187868987896,48.44588036823783,31.37565429769946
193.80226063585232,107.85139689457768,48.445739836732926,31.375552538723188
191.97651922301034,107.60863037353661,48.44564852759022,31.37544624708034
193.20979052714057,107.21286899677787,48.44551894041739,31.37530195643506
192.13301715964326,106.54017864221831,48.44545210805975,31.3752258269464
191.66234093123032,105.59582426401566,48.44542430251071,31.375196547195998
191.61491691809454,105.64336754511261,48.44538894646187,31.375129243560842
190.23857509329738,104.23171950342646,48.44536177681183,31.37509969293046
190.22554861412362,103.46271441477764,48.445342894262104,31.37507388142044
189.35316991664806,101.71111551489244,48.445327378141485,31.37505946767458
188.64620038241074,100.75673439017656,48.4453001485128,31.37503685077335
189.9169163703678,99.96974543588817,48.44526669783667,31.37500343351394
189.54068070069633,98.85266665336457,48.445198879312215,31.374947884776375
189.19569616524615,98.16588232175802,48.44514303785527,31.37489222319086
192.27307007369836,98.22915050069658,48.445045432285035,31.374798953368412
190.15328571409475,97.15651280381874,48.44498869754327,31.374761561021792
190.04330449620255,96.97831570060566,48.44486931224365,31.374677761800285
190.52000269989932,97.17378559447354,48.44478965299235,31.37460127343434
189.3005953511593,96.52017469835755,48.44469505825132,31.374532392410405
190.35771362980265,96.33418263907114,48.44463072119474,31.37447832538674
189.32991111370222,95.5022006869298,48.44455500159506,31.374425982873785
190.60897176149837,95.2626010862964,48.44447265596922,31.374344473920253
189.22244151519746,93.83209507188963,48.444383181377425,31.374296837053873
192.8371327403579,93.95906891739506,48.444029909675926,31.37402362338178
190.34981565779066,93.09461891694771,48.44381866541707,31.37390207505164
191.0495851499466,93.0135407341388,48.44366727914291,31.373821243508736
191.75324312097544,93.44004579794893,48.44351650680115,31.3737314693011
189.04438144864685,92.8103604527947,48.4433626541927,31.373693924059626
192.42633384409606,94.34549497032943,48.442515572034495,31.37352281226899
190.48509809279767,95.34046783134984,48.44230308224544,31.373459917033262
192.73142939563732,96.83457681696405,48.44187661395623,31.37336631637981
190.92541895582733,98.30594014349109,48.44169961759967,31.373275676356748
192.39133778363032,100.47565123619552,48.44158507982206,31.373219450115347
190.02402643235578,101.29564196763685,48.44146752510793,31.373164540005195
193.6878215835147,103.24204558350671,48.44138138081013,31.373116392967024
189.99584650459354,104.58657046421803,48.441305964921966,31.37305197929219
192.8045749891539,106.3662462994529,48.441163334485324,31.372984519027543
190.11551615918972,107.60088907888384,48.44109286117395,31.372937479834228
192.49946461140877,109.41877316048735,48.44091331818604,31.3728580983655
189.09051351878293,111.25999462599243,48.44083807500147,31.372786306881686
192.98399511592396,113.2931006966871,48.44066096012611,31.372644722132982
188.96404376009173,114.52233405036837,48.44061520835064,31.372599721923763
190.89008218820572,115.57789378109631,48.4403528605608,31.372458863830932
190.91333683384048,117.5071689932683,48.440275956375054,31.372414880603273
191.416869203483,119.1329327299191,48.440213332339646,31.372366556166412
188.15638371617592,120.39733622413709,48.44018439850654,31.372336690227993
190.427783169766,121.86584585049816,48.44015730758001,31.372317235326896
187.3582971396428,123.31843336965923,48.440140872953386,31.372304054609746
186.37094131657625,124.298762697633,48.440099139264724,31.372289166972774
184.58111470999373,124.83113567188384,48.439996330930136,31.372262299396045
184.55374920977147,124.95755827279764,48.43996824247094,31.372260894775348
182.5072980260649,125.31213033850528,48.439936955098986,31.372261415249838
181.38326204252684,126.05390081027195,48.439910787180594,31.372255999899483
178.82653371698194,126.39334095012708,48.43988114829235,31.3722472922069
188.73389784491707,143.59018026594453,48.099766082119324,31.702418910816153
184.8285211464863,143.95564606388726,48.09976517981703,31.702415437928003
180.90867118335564,143.99480470779042,48.09976202304004,31.702409191119163
179.87447711946845,143.36889248146693,48.09974857572595,31.702389714475387
179.14320937515194,143.1085992345038,48.09973723895001,31.702375233841877
178.61838248717856,142.28625167075674,48.09970947059289,31.702349210937737
176.78717557839258,141.59517904748066,48.09967869664261,31.702321276909753
177.6616700800448,141.40629325789408,48.099658413774286,31.70227465907096
176.0123715190238,140.8428287135052,48.0996362654916,31.7022402516405
175.93139779401636,140.14524803866556,48.09962612373439,31.70222638273764
174.7118577365324,139.82284506695737,48.09961980147693,31.702215927533405
173.06788143753903,139.64576341968686,48.09961520799638,31.70220240274995
174.623855455711,139.51473669863216,48.099608270819296,31.70218903353619
172.8957905941257,138.95200750651134,48.099604389940225,31.702176183456213
174.53756926535533,138.32740579058859,48.09960040937367,31.702167111868505
171.7665442697673,137.5752459588059,48.09959765473064,31.70215816692099
175.07118738279416,137.57862886629025,48.09959249175677,31.702149515394975
174.26652193162514,137.8208986064582,48.099586183439634,31.70213839781009
174.73777969782543,138.1866134909147,48.09958495138539,31.702136715654706
174.97825298311037,139.1946031453824,48.09958179240417,31.702132643612075
175.63751918626073,139.74976151224075,48.09958018406185,31.702128848585545
174.91264993821028,139.69968770395465,48.099578985567426,31.702123153070644
174.1877874269903,139.41429383325777,48.09957861852677,31.702121676515482
171.74633479479655,138.4663606726771,48.099578399668445,31.702121007587426
167.69740086624552,137.94909271248767,48.09957829107227,31.702120208644093
161.1118311480784,137.00236494643036,48.0995780103044,31.70211928171327
160.4016864202805,136.33411755792966,48.09957663814906,31.702117705565275
162.92282365998517,135.65155054350834,48.09957138862865,31.702111534746656
162.18268713858964,134.80389411973235,48.099569277305925,31.70210878285714
166.29849592242635,135.24329164372938,48.09956391513785,31.702098212573812
169.23854036628066,136.03336849426643,48.0995571578614,31.70208176430729
167.91751352452587,136.39378244726888,48.09954722366468,31.702060218547157
167.78941468700566,136.91508784334027,48.09953826704461,31.702039090863597
168.29623275985207,137.51782102076825,48.09953394203053,31.70203221152492
168.56574117244136,137.8457860400394,48.09953193313611,31.702027029645343
167.7490901719269,137.684671347707,48.099531007147824,31.702023512260162
167.07042633786483,136.48620804146856,48.09953073719217,31.70202300643566
165.10381991554377,135.12478707880476,48.09953034788653,31.702022476852946
162.16695595255726,133.55885286279798,48.09952952172332,31.702021831184005
159.54307895705136,131.7954967407363,48.09952893891306,31.70202141928625
159.85324901157418,129.90432423679692,48.099527746646004,31.702020655375435
162.12919268320746,128.77222652666748,48.09952314721485,31.70201681873739
159.66281519733892,126.7208677392927,48.099520741327446,31.70201508654114
159.29691857384447,125.33459224374994,48.09952046548158,31.702014779485175
162.37884614422995,124.49479041974877,48.09951992370966,31.702013777943765
160.9917633052178,124.4849331914222,48.09951782562615,31.701999233149348
160.8234168812267,124.62192230197431,48.09951229051546,31.70197141001341
160.45275661741326,124.71253215622917,48.09951208888666,31.701968939810687
159.40176155925826,124.46449331808542,48.09951198226576,31.701967916271
158.79996608770176,123.39457998967761,48.09951193626593,31.701967321652294
155.355234143747,122.02743892970376,48.099511922655665,31.701967186427243
155.97921712747026,120.92979090808393,48.09951141026437,31.70196670371172
155.91646809601963,120.34774118142276,48.0995112230388,31.701966463735705
156.06693268155365,119.28575712621881,48.099510793664265,31.7019659729168
156.75229491969748,118.19983328238966,48.09950920727682,31.701964409781656
159.52973099560342,118.34736139425348,48.099507184096495,31.70196077404001
159.5575645366411,119.19354048301572,48.099506619487435,31.7019570372046
158.7304991086421,119.87027772188512,48.09950487088647,31.701946328424864
159.1487341273375,120.2820654717072,48.09950353008995,31.701938040408667
160.25067909320904,120.55541013479494,48.09950344514859,31.70193655564858
159.29721009583992,120.7630194325928,48.09950336386755,31.701936104708093
157.85018287175876,120.36456111830684,48.099503160769444,31.70193511595901
157.15880797054467,119.60806892480295,48.09950304807468,31.701934392683885
155.114786365298,119.01820458651189,48.0995030456774,31.70193432285183
152.22313333014418,116.64009661697183,48.09950299415883,31.7019342127376
152.72696568910675,116.07551592704989,48.099502718296115,31.701933877073966
155.0028410444459,115.14435489458279,48.0995021907233,31.70193301548687
158.15192313573658,115.95900627849606,48.099501898980506,31.701932034083054
159.12275911234138,117.45342691699241,48.09950012513796,31.701927522379673
159.3105909408636,119.47695208584739,48.099496440522856,31.70191955451225
160.5494250247651,121.12609259745476,48.0994956044154,31.701917339891242
159.36457833217602,121.79576680253042,48.09949499507146,31.701915577002506
158.77646831767123,122.40707511498023,48.09949460705829,31.70191324043297
158.11801274702015,122.86300820681248,48.09949428939135,31.701911933515586
159.2477751586813,123.33020978821537,48.09949357304846,31.701910104041872
158.485804896628,123.62466422469122,48.099493176325254,31.701908949748617
157.45769791480694,123.84134392913329,48.099493045805396,31.701908508168717
155.5128048027609,123.77705046742615,48.09949302645871,31.701908438961567
152.09436375162295,122.82610028222587,48.09949301432428,31.701908398709975
149.48692252895336,121.92186933365838,48.09949260901644,31.701907437644884
151.08266522968336,121.45372721420947,48.099490943594645,31.701905644342844
154.1014710588688,121.57448094470958,48.09948886240272,31.70190367209593
158.54331689723847,122.18783220794647,48.099487066034484,31.701900736305124
162.07537995298475,122.74621586215318,48.099486492414265,31.701896065983767
162.4440645415841,123.17487376921221,48.09948625652262,31.701894182854
162.53510980593938,123.67103749540455,48.09948538440344,31.701887387245755
161.93783814362592,123.83097243487705,48.099485347366596,31.701886788162184
161.52539822498056,123.87750720095994,48.09948512112348,31.70188515534278
158.45975469427,122.9668322925426,48.09948508461371,31.70188451689332
156.51395880344313,121.82209347252133,48.099485078929234,31.701884331771073
154.11252630918574,121.14405755130663,48.099485039062664,31.7018837483582
154.51224381067098,121.5158874417148,48.09948475756202,31.701882569779578
152.3769926962952,122.34390740521934,48.099483465348065,31.701878304467872
153.35546669414316,123.24114736711809,48.09948017370786,31.701871671113782
153.76543773381175,124.44744650660384,48.09947532352721,31.70186389583493
153.7372176259587,125.78738539305331,48.099469445167436,31.701854582637495
153.81271423742575,127.09739583515382,48.099467229918965,31.701847889110326
154.39014042988717,128.10185847232805,48.09946568556465,31.701841138550304
153.70564147264355,129.033023373269,48.09946399964146,31.701834024771106
153.66173041206505,129.48022062647868,48.099462588276715,31.701829147715788
153.64431804548403,129.69824710396946,48.09945976497767,31.701821630785467
152.15636727657832,129.55430231868664,48.09945922225318,31.70181820408624
151.8188155719203,128.6800192921173,48.099458430729186,31.701815722373833
151.84256591116772,128.3790604545626,48.0994578820235,31.701814342498203
153.77483232430995,128.36981447740774,48.099457288023565,31.701812432122633
155.92555225276146,128.34819322558818,48.099456716398876,31.701809597858226
158.22180171456966,128.2021657524473,48.09945609524219,31.70180741737947
160.4254220565914,127.57988162818391,48.099455801976305,31.701806483510357
163.23702081240458,127.06092036656499,48.0994544153805,31.701802928905487
164.06217518365827,126.88118984235255,48.0994541626726,31.701800226014278
164.36940725208285,126.87025324625316,48.0994539511851,31.70179861416335
164.93419780723042,126.85741626060924,48.09945393467807,31.701798391353663
164.0659998256846,127.17114152722186,48.09945370426538,31.701797907051926
163.32830147062356,127.54840190875782,48.09945342361139,31.7017975006351
162.7730320005068,128.0117252948961,48.09945125857457,31.701795232428832
162.53627415179307,128.53854148444591,48.099450014931435,31.701794159023777
161.865460448363,128.97984111563596,48.099448393471285,31.70179287952717
161.8604268991762,129.6506816072273,48.09944419001207,31.701789800473477
161.46891724634403,130.11830781901392,48.09944133037794,31.701787778397126
160.80855176680046,130.90030602460615,48.099439457510144,31.701786370912927
160.00624484054308,131.76402832581164,48.09943821774738,31.70178546357034
159.54674449205652,132.1674739878389,48.09943638176152,31.70178432916351
158.37345664661356,132.31238675220797,48.099429183090535,31.701780454983517
157.43177037665828,132.70080940935964,48.099425005433645,31.701778152059447
158.3937658808786,133.45508535764364,48.099423650580356,31.701777257040213
159.83056041945048,134.7478481396019,48.09942170493683,31.701775775307535
160.7062907103638,135.76110443523967,48.09942119848864,31.701775330028052
161.57559306333297,136.5075219321912,48.09941925000418,31.701772758381484
163.67445824704512,137.46271116898922,48.09941751646049,31.701770475924658
167.43189070754667,139.01392747375374,48.099416086515774,31.701768925279268
170.60933526941957,140.8279085743708,48.09941587878557,31.701768836471892
173.2349331872396,143.50644622028642,48.09941547390114,31.701768759026685
179.14219426786786,147.39462244382287,48.09940651912657,31.70176347229315
185.17047218141116,150.93805227248342,48.099404532677156,31.701762087524525
185.66279792680902,156.04179162033145,48.09940305771242,31.70176191508285
186.023391667194,160.80729890613267,48.09939184361271,31.701761785924266
186.23324590882882,165.63874666841377,48.09934073973185,31.701765278696012
186.85011822658024,170.95375079190399,48.099286723697745,31.7017666828997
187.94412921041675,176.61386610616594,48.09917364388787,31.701748418572546
189.69834393160133,181.6408518108179,48.09909838853043,31.701744485159722
186.9404596108863,185.81620967918292,48.09896641808304,31.701774903214897
193.60455432228383,181.4779571422661,48.098965891467174,31.701774888242355
182.59843676265928,182.3070328685316,48.09888526059424,31.701909053539747
189.28696031441598,178.47468002518036,48.09888474216384,31.701908986915807
184.9656851559903,181.5617278552975,48.098884590570385,31.701908957327266
174.7668817339989,182.1884233301725,48.09885502097892,31.702026098550192
184.35042148335148,181.8074169424162,48.09876580242512,31.70204445258067
174.10830128455677,182.174741853392,48.09873991888664,31.70214192124033
183.1483131236953,181.83752791157804,48.09862270423262,31.702163574418613
182.3039046193491,186.313599726427,48.0985857338143,31.70216552119775
182.75549883723696,177.12773046781336,48.09858123511134,31.70216751193572
184.32662804104174,182.84808520522716,48.09851972119376,31.702167151182827
178.36221425258654,178.14801430409452,48.098518104988976,31.70216723744469
180.113699242394,183.53367008830537,48.09849879370899,31.702165521623105
174.5681127680483,179.2830467965459,48.09849666305467,31.70216565281048
174.20549590379466,184.34358280522324,48.09847973018884,31.70216449727223
168.21820440438108,180.28673847750883,48.09847814954821,31.70216468376791
158.76542492564903,180.84072591835297,48.09845658638245,31.702180543809362
169.66660766625293,181.45465808256267,48.09843447370491,31.702202057713265
160.01481346055914,182.31559396950072,48.09842066646454,31.702213223175875
170.98071074248435,182.56400597680906,48.0983926126239,31.702247447733097
174.2455738928496,184.49013454604358,48.0983923403358,31.702247322584956
183.70199761678026,184.54777997242394,48.09827606312878,31.702285705616397
188.1957699496048,186.5803830925967,48.098272596210165,31.7022855161437
192.01450716664908,188.87241994871192,48.09826936115725,31.702284870624656
191.2842765407907,194.24712040239652,48.09817529785633,31.702321295408808
185.1842367919104,189.4377350561168,48.0981691556633,31.702321388603014
188.53598331331872,192.52714690582482,48.09816827745844,31.702321160256293
182.22550436328441,188.69230782441343,48.09816784928001,31.702321111866926
192.60176586506896,188.60082827034,48.09811104749312,31.702393679124057
182.3535807675795,188.69413430994558,48.09789158182752,31.702682126198074
192.60202733632588,188.44877813305916,48.097822708861166,31.702766416292132
188.67540188496596,190.95607946126316,48.097822631203776,31.702766421016957
199.51034557447554,190.5999064082806,48.09781135081745,31.702791960804767
190.75472933817207,191.93281772425743,48.09760354632475,31.702988530129762
201.4214841182276,192.43793055253155,48.09757291382601,31.703036449364266
208.17670228853055,187.79183474062637,48.097571677590224,31.703036567742533
209.4880180163729,193.6184691296839,48.09756151974184,31.703040418411632
204.09410909219272,187.71016508442702,48.09755664471352,31.70304198731893
208.19174461722676,189.61512443211916,48.09755613297551,31.703041933978753
219.0817341821403,189.10455249495266,48.097539542821266,31.70311485112791
225.60355263606397,191.78388745615763,48.09753132760091,31.70311277921233
223.60458375761536,194.5314613008406,48.09753116678877,31.703112794924532
234.22086284877705,195.95669816931832,48.09754363265874,31.703127243851696
226.69479474408467,196.98179148838955,48.097514810610406,31.703138683864697
226.07201807208503,190.41988698079012,48.09746411637113,31.70314360665631
230.79205704470627,193.36569877205963,48.0974639528059,31.7031435211266
241.8310154223302,194.3367787561724,48.097479555346126,31.703170504538292
234.88885192964096,189.63507744919866,48.09744336628615,31.703179373063474
245.68955766706222,190.05854617344735,48.097439896204385,31.703292293351947
256.8248717028875,190.65471045556623,48.09744361471497,31.70332317659343
255.16677972356482,193.90814248999942,48.09744329105746,31.703323178619392
261.894044763619,191.3582602134917,48.09744297321717,31.703322907721255
272.3796773669706,193.35369611302102,48.097441652012016,31.70333016750048
266.8420953784949,194.18823278835097,48.09739315032578,31.703348518348136
274.89053874433523,196.03525109983676,48.09736348956786,31.703377466207897
280.3719638154908,198.0028569906637,48.097323863614136,31.703400469633944
284.3352077143855,194.5408841406092,48.097323034818935,31.70340026596489
285.9834273705578,193.8449924189031,48.097294759919386,31.703404286617065
286.15874795062103,194.23276562394608,48.09729142313624,31.703404248467894
287.99771662220724,195.36002102266394,48.097289441826035,31.703404092130203
293.2708759788971,194.99571765584557,48.096734697867674,31.703888054980684
295.9516817871665,194.5052475511752,48.096636425667036,31.70392881115828
295.95170948560553,194.4565890047163,48.0965810287889,31.703954881536887
295.9517175557311,194.7480662655088,48.0965648885379,31.70397020429315
295.95172601087415,195.29409865433996,48.09654797825168,31.703994125971672
295.95173370040675,196.2716504622592,48.09653259918645,31.704023471406412
295.95173853144377,197.2048287879393,48.09652293711249,31.704054544922588
295.95173713401255,197.8346970292202,48.09652573197496,31.704075581129157
295.9517344502621,198.66762288092016,48.09653109947573,31.704100862325426
295.95173041931025,199.18784358937216,48.09653916137952,31.704127303735987
295.95172977153686,199.8137630417698,48.09654045692627,31.70416022320523
295.9517203601621,200.1598283929208,48.09655927967578,31.704184762869495
295.9517046759582,200.54066005043248,48.09659064808364,31.704219872662247
295.9516920984944,200.9283353286903,48.09661580301125,31.704250702426613
295.9516822916811,201.16290477058558,48.09663541663777,31.704281494939934
295.9516679664323,201.41592492027314,48.0966640671354,31.704303524380304
295.95166176538174,201.32524154937101,48.09667646923651,31.704318887624503
295.95164905411656,201.44308740429187,48.0967018917669,31.704336010523562
295.95164432005527,201.59066074765667,48.09671135988948,31.704356918942068
295.95164441609444,198.4380430889376,48.09671116781109,31.704356850485414
295.95165570786594,198.57591253701372,48.09668858426816,31.704409599383194
295.9516558238717,195.55527651333875,48.09668835225662,31.70440948334202
295.95167923130526,195.62282641928047,48.096641537389445,31.70443319254813
295.9517358920039,191.1776683684676,48.09652821599221,31.704424701583562
294.118815108499,192.1813604827271,48.096525819378904,31.70442429645939
291.87983533722564,191.50718385547182,48.0965200070062,31.704423688207434
290.7762111849817,191.2779543645874,48.0965131864483,31.704422726443347
287.561858199576,194.2063738123083,48.096465304415496,31.70443636243463
283.11915693430245,194.90991834746154,48.09646515551919,31.70443640631729
282.6775624007421,198.30695245842273,48.09645244470495,31.70443795139323
276.27101535728406,194.74519974397964,48.09645143884758,31.704437787933205
271.11909054128034,195.2384886268096,48.096422286675256,31.70445100375676
266.1634428959447,196.23400492311006,48.096387354263086,31.704465674301293
259.750284481855,192.72012694645483,48.096384487923494,31.704465413469894
257.80225916023653,196.23505695238902,48.0963842011372,31.704465421285338
249.846216162516,193.2870733204786,48.09637894139027,31.70446424791132
259.9224761937051,194.91542131192946,48.09638954917803,31.704472118616827
253.3653870708986,195.87608410501187,48.09633477782332,31.70448127595177
244.42041711180974,197.03439241931216,48.09626386226078,31.704503593884414
236.6205155674544,194.2100852278705,48.0962611190623,31.704503093344815
235.05771882976106,186.57669531195043,48.096154120663584,31.70454307990911
236.0199965896644,191.8439596245491,48.09615092229091,31.704543187011602
226.66583246921556,193.92784377225215,48.095960181254995,31.70472313760768
231.5062556685495,188.99203094461694,48.095951413812735,31.704725753632463
229.0186665086352,192.2903696161042,48.09595101507441,31.7047257139722
220.23033302606143,193.9562752436298,48.09582812426491,31.704831744840167
211.79450142359494,194.0122303858588,48.09568613815785,31.705006080083056
223.21615720570526,194.55435215776018,48.09568397640308,31.705033013575235
215.39319126513354,196.17269989871087,48.09561976379648,31.705089564907478
216.5444651396533,202.75550290217518,48.09561017126632,31.705091010371454
209.97909199817292,200.28748726346518,48.09560770544781,31.705090469401572
209.8765755303398,193.3456553003487,48.0955420419186,31.705112198979247
211.3760686010248,199.76948701937482,48.09553523061147,31.705113593995833
205.71406429044114,197.53092123479223,48.09553300277976,31.705113319594158
200.11386669254492,191.77560639444022,48.0955297534428,31.70511430004183
204.03697258812554,195.74333684403678,48.09552367364631,31.705115398834522
195.32580435370704,196.6656317799204,48.095470158352455,31.70515636450776
202.887972926685,191.9927415375244,48.095469255072324,31.70515647668013
198.90534318076666,195.8482758498312,48.09546919490704,31.705156482285084
199.3004949430365,188.20357805123987,48.095458827468,31.70515960815427
199.46383152190188,193.43920785920935,48.095435544186024,31.705169599759223
192.72212354269698,189.0237625225239,48.09543494528385,31.705169617612576
196.91223094053817,192.03651681177567,48.09543388708927,31.70516944288711
202.02693161726452,194.84400113977546,48.09543316840219,31.705169086753227
198.28351513031464,198.78042467959173,48.09543304675139,31.705169087351393
209.36719221605102,199.83503980536688,48.09543345901885,31.705178175629634
200.14826026230438,200.82931159381448,48.09541780413425,31.70518824196102
201.21746938041608,206.74551289266324,48.095407513543755,31.705187873572577
191.72750615974604,207.1151091317635,48.09538972575787,31.70519044418116
203.62705376099612,207.06384482023233,48.09539730646081,31.705199115482678
193.70701906299252,207.16426144802628,48.09539216328347,31.70519871857645
200.45839196038358,204.48134221560684,48.09539199685828,31.7051986557359
200.12882237368103,199.56371227238338,48.095372225179766,31.705196243598813
200.10404841601093,193.30504318062938,48.095349442228915,31.705197581708866
199.6191458296114,185.61407140221797,48.09534621535065,31.705198389508293
199.34152770993848,176.68629511738337,48.095342121616206,31.70520019318629
204.1970667157629,179.99249073864178,48.09533607804602,31.705198992020783
198.88075497497118,175.53100438949966,48.095335887144046,31.705199011166805
210.0298997827187,174.15103111002884,48.095199195233036,31.705594044992466
206.48651848603726,181.04493410746426,48.09511352962372,31.70562317127645
210.62417953155943,182.65590677564498,48.095112445354275,31.705622882293532
210.90785028875263,188.4720529499457,48.09508573456822,31.705631864258507
212.71526590888212,194.2416438212732,48.095074497818736,31.70563373824169
212.6882202766009,200.08887615758587,48.09503616930688,31.705650915286768
209.3412037668478,203.54036990564742,48.09503604290855,31.70565089932725
202.18305619436018,204.6988243802429,48.095011722246596,31.705663422685692
213.8679381730375,204.67351782641015,48.095014000243516,31.705688835259227
207.94214803518386,202.18427889683034,48.09501270246444,31.70568873955435
208.47774887587843,196.51934155189218,48.094999947772074,31.705690344408726
202.73259191462415,192.65435489473074,48.094999386638044,31.705690342538983
209.96515145323622,188.41521868467876,48.094998717617074,31.705690324593615
200.49552901468496,187.76110291577754,48.09453107030547,31.70617342546824
206.8879840997802,179.27379868139724,48.09411625381373,31.706580691836272
201.38137295675844,175.00142212879956,48.09411584546028,31.706580722385635
212.5019564753908,173.34798124297745,48.09400334310766,31.70720715345369
208.8168762174298,177.7912090985474,48.094002325673976,31.70720697820244
208.5376091401203,168.34926947127738,48.093874780997936,31.70731052168295
208.89683945036728,174.6646613997695,48.09382286430797,31.707305931056084
208.34402651177356,180.55932322056825,48.093582905351916,31.707308003569956
211.66771793008775,182.7658114393971,48.093549426328565,31.70729972463417
215.8446869421501,185.4735826575862,48.09352852409103,31.707300844469355
216.97765464698648,190.30442496155248,48.09350016359734,31.70730694851187
218.24340195123486,195.82003159730672,48.093481337494985,31.707311252076632
225.07051899216762,190.03831058495382,48.093452577895086,31.707331073718496
216.68254911500327,190.03915314615205,48.093307432321446,31.70747113949224
224.8549125532442,186.9762755220069,48.09330711833964,31.707471077723916
220.02680266874344,179.96398159656505,48.093303590222,31.70747225105637
227.51984479764945,176.9077566873621,48.09330236311064,31.707472423466108
218.48649969219798,178.46895665563363,48.09297597245108,31.707749097869723
226.36116458710066,173.192926390878,48.092953815092024,31.707764758911743
218.05407584737884,175.43545242557053,48.092865852641104,31.70783441651647
219.28071677485624,167.4202655117622,48.0928291606502,31.70785660533917
220.08545894296725,172.81343989072352,48.092820198649996,31.707854282963403
221.74027958695766,164.4369813492443,48.09279118483911,31.70787410334863
218.6208202602843,168.31335441827844,48.09279105690527,31.70787407047441
225.82787509067865,162.64314006025364,48.092758201231334,31.707888739282815
221.99575851986165,166.1243243177638,48.09275813516266,31.707888712574253
222.33615723705836,171.43431061431772,48.092749277372185,31.70788548744738
222.61304445431102,176.7176420221458,48.0927394245472,31.70788164548503
223.24913835455797,181.8238272093369,48.092727651351275,31.70787928257746
223.5397427866999,186.78971532273235,48.09271223418047,31.70788005621379
223.67026020596225,191.7463127872669,48.09269555266105,31.707884551888345
222.11428007239564,197.855223594194,48.09267752732903,31.707889781295858
214.99973317617798,193.91176905318244,48.0926768144543,31.70788985529287
226.76152781474488,193.70901749796434,48.0927920661291,31.707901554043133
217.10717097760636,193.57289520157505,48.09270408940517,31.708000070857747
224.5503841244876,189.5102712140972,48.09270376762751,31.70800009049119
225.1220269809427,180.62744067284763,48.092690216201106,31.708009470109467
214.69581225572432,181.9541337737875,48.092603492321444,31.708097122294635
221.8374365242223,177.95246725643202,48.09260194934406,31.708097065269772
228.2210529719802,172.39470852685318,48.09259145830823,31.70810263020139
222.00625296187715,167.8041211616855,48.0925898092028,31.708103082277518
224.6786463466196,169.9801499453556,48.092589683699856,31.70810297190748
235.532768285033,169.84495144552395,48.0925844085576,31.70809914940813
231.73511490218007,172.96973317032024,48.09258382410481,31.708098916978653
228.62642608373994,179.02720930638674,48.092573307908864,31.708097778573677
229.03570674185565,183.78705414368034,48.09256985014455,31.708096710248707
229.1419225486805,188.20449721560806,48.09256691059672,31.708096163622255
229.37712570511366,192.79514540815478,48.09255938141414,31.708096127100603
229.59667749870778,198.73005229293454,48.092528313766735,31.708100091305695
229.8986321836606,204.59786812349515,48.09242782371337,31.708127075814364
228.23095747906842,210.22292842199116,48.09240478493017,31.708131410157794
222.17678278880675,207.06594748191355,48.09240436534368,31.708131307585997
217.52336564031356,202.57574415254567,48.09240253409516,31.708131205152284
217.98291323611954,193.18514638790643,48.0923765730397,31.708145398981554
219.24199183482236,183.68206402079767,48.09236827471246,31.70815130446376
220.778748226775,174.54969130170514,48.09236566079006,31.708152937717184
213.6084144746968,170.3612029870861,48.09236067196555,31.708153553771613
224.08215394753677,170.9442301109017,48.09234571554339,31.708144018207058
220.06605502819014,174.70858769182067,48.09234560196617,31.70814399003614
215.50876315852798,178.47667916080346,48.09234537217422,31.708143932472165
215.51075754761564,182.82469083316744,48.092309767289855,31.708136899389746
216.19034325768882,185.70450689905698,48.092260385031096,31.70813973922931
217.0728824150795,187.8421197398493,48.09222687863748,31.708144942196665
217.78884122841765,190.2168928286483,48.09219175260968,31.708150060832793
218.2652791839786,192.57067336894966,48.092178044608964,31.708151426824337
219.02540959291562,196.34440443035797,48.09215872568206,31.70815367473522
218.55650188969986,201.8149915875697,48.09212741189495,31.708154821127184
211.19725823368455,203.55010111902928,48.092085976366945,31.708175635908862
205.41174105479024,201.24493678588144,48.09208590269806,31.70817562788815
205.1792982485427,194.21606168048615,48.09208145238414,31.708177044123037
205.65335884422635,185.14137214030634,48.09205176797485,31.708195467744346
201.414625828083,178.93661630115957,48.0920407265921,31.708200348247388
194.9851753727669,174.40223338590948,48.09203965968524,31.70820053848879
199.86435137416962,177.261919031723,48.09202944612542,31.708196274144434
195.620917906164,183.61631949672312,48.09182725219277,31.70825288046014
195.9927281670796,186.79086118714636,48.09180155562941,31.708259122111226
196.37983751589852,191.15677593681121,48.09178228416575,31.70826594175122
196.79065152181036,197.18808144046855,48.09176043155224,31.708271282703148
196.69008076975655,203.85309029162983,48.09174536415241,31.708273531247283
196.30931145418074,209.39594517491616,48.091718071613236,31.708271429164395
186.105068087068,209.3025411373272,48.091725115287005,31.708350371213175
187.04359445556838,206.81152714387065,48.09172480462436,31.708350350618947
187.99334428683483,204.95767633927488,48.09172443923356,31.70835027676608
188.77320691588193,202.4415671106185,48.09172386966927,31.708350277810496
189.7102747134984,197.31449199793485,48.09171637769262,31.708352019901458
190.44950699454176,190.21613403384612,48.09170664386818,31.708356407856723
190.80653860125204,183.52341943915707,48.09169563076499,31.708360983282212
191.36668148931938,175.87992065631462,48.09168201420677,31.708367429582346
192.1366698604432,166.4969909821582,48.09156480526907,31.70842439447236
184.49439150489235,162.40640799381228,48.091562266492815,31.708424675973717
184.96528529173167,167.39862837338777,48.09153070286969,31.70842758137355
186.44224153147772,173.390513239297,48.09150330180781,31.708432988410046
188.14029340987085,180.29889005320507,48.091469071693915,31.708441331113903
189.89582335087027,185.1357439088639,48.09143724107139,31.708450164901244
191.12079021533253,189.69041662951167,48.09142678904809,31.708453974399166
192.15076573335847,194.62210703431205,48.09142276685123,31.708455504275925
189.85465212907548,200.65589103155162,48.09138770735081,31.708457242462828
188.33608864724036,205.121525894432,48.09138741462759,31.708457162392957
183.0444669359079,202.13549912405165,48.09138555988771,31.708457175321684
183.50893515291466,197.9653997644449,48.09138328276892,31.70845737768945
184.02127543065842,190.10393591296378,48.091370586358856,31.70846275551739
184.6436046347531,182.28829302117254,48.091361230789396,31.708467640052053
185.67013651471524,173.96691747627796,48.09135847931848,31.708468943464236
186.7464453028812,165.42149521509103,48.091331416215965,31.708479801897667
179.78760660376363,161.88795799119364,48.09132712042034,31.70847995083383
180.31232318215322,167.02634888963175,48.09131277067085,31.708482097133892
181.62394350988518,172.94634560672787,48.0912944662812,31.708486908180866
183.3291812021397,179.7759404413908,48.09126691769436,31.708495999841404
185.03240171500858,185.1243594977478,48.09125422905379,31.708499127056555
186.58741225924896,189.83893810473344,48.09124471817922,31.708501077513947
187.59487911982004,195.68522466753356,48.091241722134704,31.708501499276995
188.7103164152527,202.4646572778831,48.09123976234244,31.708501825758095
186.94334320632308,208.45035834008044,48.0912222615157,31.70850186963738
182.37923964350622,211.71721410687007,48.091222180423365,31.708501769468768
176.72975496002098,209.33343809597068,48.091221324920674,31.708501415474057
175.67761131215252,205.30437066964282,48.09121908894983,31.708501235476007
175.0000124846452,200.3544206531,48.09121490356378,31.70850178583458
174.57171250871403,192.39670030838434,48.09120568975766,31.708505730575958
174.6494371731437,184.06083084673264,48.09118050874263,31.708522241769973
179.97798719077727,180.08041636346238,48.09117924361709,31.70852242718259
186.573295046804,176.45391884097359,48.09117823188106,31.708522457969487
188.31977522996593,182.99543999186014,48.091125389666026,31.708531837714943
189.88846961666363,187.2453954870278,48.091101957457184,31.708539785062705
191.22508086537943,192.4214202864489,48.09109079616145,31.708542874819145
192.10565677663345,198.4381238041479,48.09108683036571,31.708543050724895
192.6499553746601,204.48896453174237,48.091082402027915,31.708543304825454
193.23117744054483,209.67513345843042,48.0910696295495,31.70854279275797
187.99767841604915,212.37082864682014,48.09106957826009,31.708542739617403
183.53215333026407,214.82523272918334,48.09106944923211,31.70854232940766
182.2887420644743,211.573797158069,48.091067945167126,31.708541481432473
181.73042903880733,206.1264044884317,48.09106606490624,31.708541893338932
181.5671734001992,199.20616099120124,48.091064707368254,31.708542361310563
182.1780101508351,190.5564994873145,48.09104895908721,31.708550870182634
183.01655032485294,181.36871730175886,48.091005611707665,31.70857927632812
183.70841867543743,171.13287509040933,48.09096439374636,31.708604992362158
189.97905130537146,165.25271950072153,48.090927428250914,31.70861935014351
190.80999355447148,157.38671990160108,48.09089242879963,31.708634409895623
192.2483005436089,162.11514013058476,48.090891352212395,31.708634467065018
193.34016018673208,166.04052723179416,48.09088192581408,31.708632645475088
194.09687596068505,170.40259285301968,48.09086845633064,31.708625357796983
195.51111643775542,175.6315363055527,48.09084748029357,31.70861847287257
196.16986564333357,181.12713559464993,48.090828917998955,31.708614619714684
192.79449400510583,186.91866260253906,48.09077206170299,31.708643756707435
188.96588664303505,188.7995010029337,48.090770236924875,31.708644459503954
178.95232597956985,188.54383552522256,48.09037233778107,31.70968729561011
184.84903115201942,184.0889532030512,48.09037038674179,31.70968765009692
185.33672800018945,175.21264636125954,48.09036199866739,31.709692080750546
185.6682428913393,165.48137955357987,48.09023773060797,31.70976231720361
186.4868381580338,158.07238819572834,48.09019021308048,31.709783340096628
187.25577755622365,150.48250963401105,48.090164776876875,31.70979478939793
191.85085106624294,145.05860911459882,48.09016038836906,31.709796527074875
191.16885287180233,150.82416111060078,48.090136548864336,31.709799483923526
192.27540128860966,155.24439958192738,48.09013585706485,31.70979953101644
193.7268086596821,160.09395507558764,48.090135503195114,31.70979952849815
194.6450764319456,164.24890259639,48.09013290906942,31.709799048661004
195.33824545508367,169.0101716133613,48.09012212948642,31.709796338815075
196.40039386815107,174.14533721069023,48.09011076287001,31.709792712211435
197.32467980812356,179.6006660959354,48.09010112352566,31.709789963388577
198.48989916511655,184.84705119289322,48.09008957933946,31.709786149783
199.5482086160536,189.59625140162507,48.090087164968374,31.70978546681638
197.22612954649136,193.30661149773405,48.09008694075059,31.709785375001225
187.6959730504508,194.43930999885617,48.08986831662082,31.710076553680434
188.31855766840434,185.7362221442324,48.089854295977084,31.710084278919187
189.23167129366269,178.05209199971983,48.089846246548326,31.71008704536134
189.74040310431346,169.2833959098517,48.08982711663323,31.710095191894474
201.1358583653379,169.8115232655491,48.089861647684934,31.710083184891108
191.25468398250004,170.4700516013899,48.08944071426398,31.710330409159862
192.61608036853127,175.78872231440855,48.08940552009762,31.71032380673097
194.00161122086791,180.15106361820136,48.089403328516376,31.710323053393367
194.6833622607201,184.18396612499973,48.08940124785834,31.710322521303002
195.05191984786225,188.6492712073769,48.08939925135035,31.71032205961261
195.53029608363076,193.60035468313816,48.08939687470394,31.71032147466725
196.3906789080952,198.94306119709023,48.08939395541984,31.710320853684504
194.3595430361558,203.36444887563735,48.089393627460254,31.710320841438875
188.03903636499763,200.00554932246297,48.089392870655516,31.710320761081082
188.64036316443182,191.64336125537469,48.089390295651874,31.710322124139534
194.2618089008334,185.9952343794831,48.089368199984946,31.710333161994473
195.08849675966553,177.6224046591837,48.08935702146707,31.71033945012741
195.57886044291894,167.6460754000635,48.08901972682919,31.710550077132517
196.71767784519352,172.53290209656785,48.08899093271703,31.710544946147735
198.42048226159255,177.7382339856245,48.08896262054886,31.71053905072482
199.47277398788142,182.55169714002574,48.08895957034536,31.710538210367183
200.42292072367755,187.48165383538623,48.08895396534554,31.710536738286372
200.95968835882869,192.24792728783973,48.08894615037317,31.710534923101033
202.11503950717713,197.49993356074665,48.08894355498548,31.710534485136268
199.90066497586582,203.6091263179071,48.088926366997704,31.710536574575123
189.47003158490045,203.5274114226132,48.08885357983669,31.71061691552842
190.29195220084213,196.20618345803965,48.0888512303996,31.71061774366236
191.00770516812244,186.85289546081043,48.08883774369206,31.71062788118715
196.7480284461949,180.1366346288492,48.08878391520829,31.71065919629372
197.3785179357989,170.6916426304881,48.088580144473475,31.710790669212212
203.21693547268222,162.6528096216275,48.08819770742561,31.71108127494606
208.11386603634895,158.3130407588124,48.08819606190363,31.71108122744395
216.41371999468743,158.47368319088974,48.0881261304562,31.71110390322915
217.09810056074411,163.9141482129534,48.08812165022118,31.711103806001294
218.6798219554318,169.47700916243656,48.08810812109968,31.711104792166783
220.53892487357248,174.91571767001614,48.088075550275484,31.7111101097713
221.10607914258247,180.36753400274884,48.08806414474757,31.711111515656
217.87294275033528,185.23427554589034,48.08805932990723,31.711113651235802
212.42060464015276,188.45190284763996,48.08805911289435,31.711113621558603
217.8495942064661,181.74918035209535,48.08803972758217,31.711132587257143
218.5154416526293,173.01852450943292,48.0880309743625,31.711138654295876
218.83686333176402,166.00226187244166,48.08799265597572,31.71116366124961
225.78617252702722,159.38079894076415,48.08797198273446,31.711178185798488
226.5374106868848,150.5059721296927,48.087958765360014,31.711186574787085
233.2369548718916,146.28677343206706,48.08795830123016,31.711186562506633
233.93392526955557,151.09889005234191,48.08795795466322,31.71118656780655
233.9753494724739,155.30362938198158,48.08795351560864,31.71118800343688
234.0555440724126,160.0902163204721,48.087949611479964,31.71118955675364
234.2937932012611,165.95153041468927,48.0879412255233,31.711192822787073
235.50698917187043,172.58537107305617,48.08792991861256,31.711196442576743
237.4832227588078,178.02229256284113,48.08791969587912,31.711197609735365
238.97565515719901,183.34567332090865,48.0879150809052,31.71119894150067
240.09709739762351,188.2404915644433,48.08791237495855,31.711199066369886
239.07480959671656,193.34821544452734,48.08788486741269,31.711209222461534
239.92468296105517,185.26641323955155,48.087880932772364,31.711210803433644
240.497938934208,176.0178761839985,48.087868739465016,31.711218416736976
240.83514153336802,167.01999552524813,48.08784890996902,31.711229306991612
246.87414470196407,162.58570773436384,48.0878397804185,31.711235514675792
246.8409753326647,155.25195993478718,48.08783616519648,31.711237293638668
247.24176914429182,147.14790159679822,48.087835885158135,31.711237438244503
258.6142619282677,146.98651265539468,48.08783780499938,31.711235009943973
255.62332453770688,150.29668857069834,48.08783764334143,31.711234970718447
256.08780248107126,156.09540041446817,48.08783451015652,31.711235790319897
257.5825529958757,162.46199041511312,48.08783304948691,31.711235835111573
260.6367434481674,167.33125216187634,48.08783150891713,31.711235824861475
264.3588429731948,169.36486353143147,48.087830590423685,31.711235680966094
267.4247007332487,170.02634810269873,48.087829414340476,31.711235498239887
269.704433281135,170.7757261582039,48.087825435358724,31.711234723037343
271.4702854831318,172.51766602396543,48.08782164247956,31.711234080869747
269.3820629464818,176.01730299101058,48.08781789375802,31.711233446950366
260.8489028464542,175.55792321371834,48.08779478631815,31.711241642548917
261.432276517669,167.4745398242653,48.08778190090456,31.711245115790952
262.20394890248656,160.80499175947887,48.08777054248612,31.711248037050808
262.68228303871996,153.78357906612706,48.08774293078217,31.711257261645063
262.78108649980743,146.82288317640592,48.08774187182074,31.711257553965773
262.83682610375877,139.67537928795855,48.087741566317675,31.71125762517201
263.2296031842383,144.07778018787258,48.08773978782775,31.711257766261944
263.8275552809828,148.94664863369385,48.08773508088058,31.711258530259038
265.43677030567954,155.19572584982984,48.087733643242345,31.711258738184796
268.526590920643,160.50690982401392,48.08773318327398,31.71125864870339
271.8961393835591,162.75068641354198,48.08772908428495,31.711257635632347
274.23460260805194,162.70123459471625,48.08772161875874,31.711257021231518
275.3709990850861,163.10398313974247,48.0877174277367,31.71125656423191
276.0403911501601,163.35191769055476,48.08771095891229,31.711255758038465
276.1900402011367,163.25890439574624,48.08769937147975,31.71125456748032
276.6227048338517,163.06923268452232,48.087691384621856,31.711253764998318
274.48020597378127,163.6759243768889,48.08767066070146,31.711255366188954
274.43233963819574,164.41953917665893,48.0876702331867,31.71125535229644
274.93307292858543,165.07886418204697,48.087669807459534,31.711255348768287
267.4533948969217,165.32281590541373,48.08762664745939,31.711265987422962
261.1201939370054,160.07339876213695,48.08762384317087,31.711266617665494
261.6935596763483,153.2125932566267,48.08761718462208,31.711268513085432
262.0720077908441,146.66208629955338,48.087614590426554,31.711269243638306
262.83033201977577,152.1176061199254,48.08761216012833,31.711269908985596
265.2101172939773,157.9497966333691,48.08761173349035,31.711269909319878
268.5814740942486,160.30613705715916,48.08761158433327,31.711269878390116
269.7767981446619,163.091868806946,48.087607556993035,31.711271394227808
272.42899968336457,163.87228883133798,48.087602539432574,31.711270879249692
271.5099138163231,165.2909075708404,48.08758991682609,31.711271712012426
272.7620899379368,165.48484974830896,48.087583090621415,31.711270394404053
271.3657966298258,167.07552980804638,48.08757861187263,31.71127004284303
270.2947002844105,169.0419740191809,48.08757345533691,31.711269889998388
270.6791751170634,170.51840565522153,48.087573060279674,31.711269834317292
262.090017410931,170.36160089727946,48.08752467249548,31.71127577020342
254.64877407669573,166.83235882216997,48.08752309023369,31.71127536613162
261.8490569405747,163.0688761415075,48.08752250987558,31.71127510932303
254.9732436551963,159.1764875848372,48.08752211224864,31.7112750582044
266.1410822324078,160.01473277041114,48.087524965760174,31.71129049111839
269.02755674082005,161.38714510306602,48.08752469084856,31.711290473712076
271.8792073084918,162.4471502948861,48.08752450841643,31.711290466048514
271.3902295314886,164.13175151898764,48.087520429549315,31.71129063167595
273.0283884892644,164.59204979953273,48.08751534206172,31.711289478071766
274.2037137408076,165.39254646233758,48.08750847377145,31.71128775917444
275.0102869267577,165.59138439315814,48.08750244649098,31.711286815708046
275.25819750236786,165.74269687768088,48.08749606573076,31.711285684848807
273.42017555503736,166.94209042270325,48.08748858214165,31.711285616441028
275.06310215688063,167.00557960132343,48.08748137340439,31.711284777401563
273.96657612964714,168.43913489142363,48.08747541395544,31.711284926418656
273.03661574533805,169.795904056177,48.08746745542361,31.71128548202855
272.1549062947217,172.07932145417948,48.08746315223439,31.711285135791655
270.4698124091956,175.87074814124477,48.08745911077134,31.711284602084625
270.5067176204991,167.72884593891465,48.087457104888465,31.711285066925562
274.2404554009732,167.8091955887284,48.087454574030616,31.71128383842022
275.5011100984506,167.33786501419618,48.087452409071446,31.711284059712124
276.2692406208103,167.01912846605148,48.08744886976902,31.71128416882653
277.22987841809623,166.25256076944154,48.08744614907563,31.711284267132147
277.82612912197015,164.86783542678964,48.087440445024946,31.711285003171437
278.1695179884336,163.31692016675024,48.08743142271134,31.71128623286021
278.5186681043449,161.2698111583509,48.08741462480289,31.711289810266795
278.42416022254173,159.4002712411776,48.08738351376689,31.711295176000743
279.1325501522555,158.95312726190411,48.087350270702906,31.71129834975387
279.2013683812045,157.7784360485847,48.087320165372645,31.711301713740138
279.3910202241743,157.45924429008215,48.087284112394144,31.71130470324884
279.56525616713463,157.5877800843304,48.087241697727926,31.7113085735174
279.2642588677472,157.41537907729142,48.087218595830684,31.711310085533523
279.451702091866,157.19399927827178,48.08719085478258,31.711312136671093
279.75081829395197,156.8912329197161,48.08716216927296,31.711314293765852
279.47250338546013,156.6431356632112,48.08714361265274,31.71131560642579
279.28726273718684,157.34271801478062,48.087109443463,31.711318202557628
279.53308438451825,157.35556931989694,48.087064605898156,31.711322611817952
279.21033631601176,157.48068286645807,48.08702563148382,31.711325175392023
279.40391081047756,157.90179997131202,48.086964583721986,31.711331239636575
279.53838281579505,157.75468878114535,48.08692934197929,31.711334841359694
279.17784875227875,157.429025746564,48.08688384682331,31.71133902255242
279.24710499969814,158.02653324768633,48.08683295669893,31.711343503874026
279.3130949438042,157.68107599730916,48.08679605592889,31.711347605668255
279.36307408056234,157.28765963281884,48.08675316020821,31.711351995549016
279.4363606504978,157.50552384978405,48.08668586791055,31.711358489272868
278.6631120185563,159.22499519863806,48.08660734711033,31.711389933639442
277.8086620915771,159.13054525160064,48.08653319727694,31.71141740096602
277.3758335568353,158.98568534916168,48.08648584953185,31.711435356621756
277.97215420790656,158.7939018759949,48.086485090373394,31.71143544657103
278.16098754914617,158.06620403138677,48.086484255434044,31.711435556449214
277.8977802338265,158.9689712158518,48.08642077432947,31.7114627300301
277.4709945227293,158.72948096545565,48.086360998117584,31.711486740067386
278.12635831475916,158.1752237100002,48.086341579226705,31.711489445443856
278.7315064294932,158.27215189121844,48.086286309879725,31.71149537219771
278.84026942494114,158.01013375072233,48.086237148870296,31.711500550532616
278.8888666643698,157.8197433825511,48.08618232655672,31.711507176319387
278.8625472485489,157.3637536881643,48.086128424493474,31.71151279065989
280.69937399502834,156.9499041777569,48.08607131367568,31.711504401615986
281.89889028682154,156.5689125888145,48.086032460634335,31.711496197855574
227.45858734105857,111.6105190612009,50.293245102648534,38.22698473013354
226.28770918981544,110.25681945821196,50.29323790873587,38.226971216384875
229.3339351113496,110.92209445290773,50.29323000869127,38.2269572348745
231.11363743353763,111.31970930629342,50.29322330018248,38.22694241953684
231.03219731552016,112.05473957235066,50.29321737858554,38.22692793081837
230.34900832207995,112.48570368561481,50.29321038240326,38.22691100113453
231.20974507501217,111.9788750264837,50.29320055680615,38.22689262969947
229.87455170336432,111.89863155910382,50.29316260031854,38.22680801909679
228.21095909543462,112.13686157023662,50.29311545533806,38.22668098914646
226.69003225111413,111.9240016304174,50.29305825721452,38.22652025784208
225.80383547845096,113.00217358803508,50.29302221708398,38.22647641050833
223.1672147804144,113.8668652809835,50.293015417508904,38.22647065198422
221.98841472866712,114.81681242109907,50.29300767951182,38.22646369513259
223.94220286870947,116.84307273150738,50.29300486095966,38.22646144208333
220.17451167331103,118.18992113505601,50.292960158250736,38.22643395413888
213.47723867939146,118.55063573248003,50.292938656465815,38.22640978858772
210.22732228441407,119.39091642142965,50.29292165012545,38.22637275990112
204.04528791112725,119.33110972124138,50.29292045803942,38.22636799031431
198.01553496587803,118.71495283640084,50.292918024868385,38.226360259217195
193.39888616333195,117.07943389656164,50.29291446724087,38.22634840096529
187.38735552291052,115.30702839418848,50.29291018106712,38.226325745585875
183.00492364175918,112.22458267290759,50.29290139240542,38.22630496433173
179.08940540354382,108.15422308894027,50.29288508868479,38.226275154605254
173.77642420111334,102.97241001966992,50.29270689906331,38.22601445995502
171.86353482364427,101.84879603596613,50.292076790933834,38.22513547088066
169.95449973433563,101.32218729306653,50.29144498705294,38.22319374552111
169.1902404422754,101.27734053807276,50.29074680481599,38.22016682143903
168.2225620030564,100.20501705644499,50.289727826854445,38.21553800497046
173.69668386974215,106.66335638445547,50.30182077866363,38.133965244945585
167.02879877819737,101.57653345980512,50.30177457839136,38.133872614632025
166.3695436467487,98.68387862117525,50.3007655599014,38.12386082735319
165.97369071088272,99.16050573563643,50.299578796764685,38.12246434407825
171.36588128749034,105.61473124818994,50.30498112133265,38.063101034120166
165.0816473635232,99.97512925835218,50.304793955228895,38.06287557806569
171.80124655114264,106.76694495685157,50.33207202041968,37.901356645971696
165.24213204062792,101.10596795235652,50.33171736224989,37.900944894158584
172.07310156840316,107.81660003770271,50.35694356701437,37.58669061116152
166.0667665163595,102.03663061557857,50.35627939680964,37.585893752895146
175.57397389689055,112.97999126876093,50.40769868115774,37.0717062447482
168.56322788388647,108.91039839481805,50.40769584174841,37.071698457782894
168.80552135251335,104.31669049284926,50.4096274365324,37.054598804567135
180.53397309088564,113.32814904415656,50.222560385569075,36.805491134935956
173.0357402898661,107.91281036726758,50.222506898862974,36.80543137476127
180.12725755676445,114.63486657396548,50.21539857356243,36.692727462036856
175.27614825010897,109.75648993270727,50.21473537382403,36.69217846031257
185.53548153783396,121.6816035563223,50.157982860874064,36.48529418488424
179.30008110669866,117.62067848763662,50.15797283294694,36.48526092992162
181.22949520648007,115.75452259034428,50.1575337725595,36.48345330922311
182.36264189586967,116.50220037448551,50.15730122294289,36.48318417244395
194.1786921130823,124.8848629800154,50.08146375848839,36.374974897663456
188.21634896825358,120.75357263832012,50.08124331749392,36.37481544586113
187.95614016170563,121.9970452723939,50.08115848250786,36.37471638628597
189.97813801125014,122.84988861923108,50.08096313742279,36.37457034965509
203.76508021896618,135.9111277464145,49.882446840276806,36.203162880810666
196.1398269351223,133.6953789203708,49.88244319220531,36.20315580648817
195.31789131581613,129.8377879826958,49.88132625161078,36.201460221358424
195.57271945229562,128.90857229956674,49.88119122460824,36.20119739186918
197.66321368219985,128.48794609038407,49.88091403417845,36.20089481088305
210.0251096812531,136.98163248183715,49.76793708428969,36.07140357399736
204.82283162402808,133.40247983539555,49.76745817981882,36.07101889114203
205.2529783873765,133.19478961857345,49.76738454896174,36.07094222511009
204.8694132733313,132.89778314038975,49.767249457227905,36.070776206849075
206.75953976123816,132.4996765319894,49.76695496797118,36.07047783316901
207.9004763743933,130.80010293014152,49.76652557596574,36.070097725539625
209.46975120649222,129.88103334781283,49.76584717717922,36.06953480756306
210.72679789665517,129.0363681747822,49.76544927529265,36.06919172985722
213.10332294666316,127.04251054277822,49.76404664765829,36.06805592346116
223.15120942809511,133.702180706607,49.60195708018012,35.91206951578645
217.43685377529016,128.68589829927677,49.60156834916892,35.911816489870795
218.4245349694547,126.26857718722435,49.600501457780474,35.910965626207066
228.84240271052275,132.93095817210278,49.52235340850567,35.79287346388427
220.67912611774327,128.58631159283163,49.522307472970894,35.79283461406476
230.87564071434022,134.49929312410086,49.45511827611489,35.703500083936
222.55286118763615,129.92862678950615,49.455076056940044,35.70346293348426
223.1048691459352,128.40459456538974,49.45383940956039,35.702323747455
233.64528732972477,135.1616528866267,49.39761737608767,35.63049836474673
224.7316711004344,131.36242799587063,49.39756406806688,35.63041546956209
225.77234717469514,130.7015905812958,49.396767358540714,35.62963012415123
227.06452587385448,130.97112389425445,49.39612635273915,35.62892898151789
227.99393280351194,131.40308625457183,49.395655379395286,35.6284995511625
226.84444282204072,130.19323724445934,49.39543027756415,35.62827045117876
237.020267639093,137.0591283806331,49.31987889480238,35.580619801145716
231.13429625958216,134.15005250282923,49.31983183143638,35.58060005559376
225.94289311442049,130.8839351560607,49.318885298883735,35.57995682707275
226.99433669029236,128.69969171690468,49.31801149667308,35.579357439820804
228.35234615433797,127.43043617975506,49.31719633063633,35.5787218523616
228.81909201121002,125.14288680796858,49.3163247250198,35.578093133166014
230.44589126961995,124.11871870861621,49.3153254475493,35.57706595716066
229.71181480206357,122.42764507651306,49.315190437868374,35.57693692475137
229.1966419731947,120.28799175577151,49.31425188254001,35.57614655848299
231.22208819774332,119.70448827541014,49.31322563293617,35.575038737826034
231.56744402962528,119.68357598248365,49.31277288936497,35.574530789932076
230.18130409579666,119.6332803627047,49.312511949298184,35.57419934064816
240.6421647884535,126.09553925862281,49.27597580568375,35.47009513828949
232.59080967808984,122.87942987725118,49.27596767313957,35.47008390530519
229.0046516460828,121.52904688956467,49.27497441098178,35.46872123192029
230.53334073196393,121.44346000286026,49.273338741432035,35.46726961265368
229.05087318501717,121.81596714290887,49.27224752917326,35.46555487641406
229.13299363601945,122.17052516288821,49.271132246460915,35.46431224048141
238.9851409019343,128.8342047541047,49.241251395661465,35.37251633624666
232.0163724069569,125.91200552382925,49.24125023864367,35.3725153445881
228.06589400841673,123.59297322727227,49.23911751240852,35.37031351924503
230.55934410427065,124.35512054564703,49.23875382353882,35.370016904574975
240.12707306262138,130.1883890380229,49.143581017311014,35.2532540897451
227.86862793323542,124.48025045160901,47.48773987654678,34.362070477660765
231.7884079836963,124.70810869028622,47.48740125313363,34.361756225562324
229.76210077821264,124.21154080898663,47.48713919162778,34.36133000505299
227.72519233524486,124.18404515848195,47.48684700010971,34.360762088132496
224.03993793989358,123.8767221956272,47.48650188990286,34.36011927940597
220.65662809891424,124.02334025104362,47.48612709554315,34.359473935718285
216.83350829401815,123.67752033173014,47.485696840680845,34.35883658127578
214.3424404094317,124.10690151196476,47.48504547759051,34.357735050827436
210.66569459904628,123.42812022781274,47.4830225719942,34.35457293155518
209.3922123192058,123.73691671679576,47.48158649118746,34.35178785735578
206.90749129597785,123.78902377480901,47.478483867538394,34.34651513452588
205.0832666483639,123.93475504433755,47.47641927536089,34.34234045657759
203.22893873068568,123.06677882421968,47.47198564462238,34.334619929856224
211.94099654599424,128.93926474845492,47.46550497799448,34.20558436068263
205.09082540303712,126.70664698933078,47.46548887310061,34.20556032692893
199.58373093369613,123.5013202094877,47.45986522785927,34.20010050999766
202.02231015331088,122.96269342447846,47.45823512420104,34.198091346556666
202.20124503450316,124.06088066114327,47.45781405890663,34.19739868360607
211.5209956246386,130.1006385735387,47.4550392580303,34.106884132924094
204.13401076658383,127.1115975045027,47.45496302992597,34.10678347833253
206.29131570685587,125.58399259708261,47.428196376768355,34.02202465952099
203.4191524731013,123.9601160705497,47.42235452076065,34.01228016352981
205.79016683835823,123.86983554727298,47.42144851287256,34.011071928457476
203.96378282828573,123.42503580723208,47.419348168683435,34.00719772375155
211.7725473271788,128.33509848290964,47.37259515661506,33.918662643392516
204.7587293103108,124.4978145237163,47.3720043379341,33.9179647727472
206.39000532290106,123.21743665219948,47.37036496953758,33.916383117251804
208.2958357010876,123.820058750579,47.37008030798262,33.91603131741965
210.43303031505548,124.63755465254371,47.36988198275686,33.91579715146782
212.5649815180361,126.30440705833136,47.36964811393549,33.91554551829827
213.90565951865264,129.40364149110053,47.36952289616495,33.91531359505119
213.7531085761059,132.02176729231897,47.369373123295645,33.9150057868648
212.73323238449478,134.11027497406562,47.36880868637321,33.91391090982173
213.24604695236962,136.44071635856923,47.368351426577206,33.9131476743533
212.48057687027315,138.81667087264168,47.368176297267325,33.912856077849
210.6025397961212,140.17821441176199,47.36752942582639,33.91199800351467
211.53197479772805,141.10310017325037,47.36694210789252,33.91126245885517
210.75480559850996,141.36573636557154,47.36653089828881,33.91068409972934
212.17002180606548,141.39688098537383,47.36616969403898,33.91035586277264
212.75858819957833,140.7435450641807,47.365449012573606,33.909568589176835
215.2183954102383,140.47331706409977,47.364866688116464,33.90907905940094
215.63269948394324,140.40895523785616,47.36405619199747,33.908190429969636
218.3565142438435,141.11542981356962,47.362586988664226,33.90663778199122
217.8628033907631,140.4619712993582,47.36166348904118,33.90548188580012
220.16645261071358,141.31531049115222,47.36096819473962,33.90477879632523
220.21316822953864,140.1963258380479,47.36004501235918,33.90347956119778
221.79233231036915,139.9019187873455,47.359799574315744,33.903264886910605
222.90261070119843,139.46523357333768,47.35964145713168,33.90311130474483
222.58417799087235,140.1291581502266,47.35953778827576,33.90296240826833
223.216528590497,141.27273294008606,47.359417792487115,33.90283684969806
236.5613954784346,154.1679396529466,47.17978724231995,33.80533647939692
233.52310957676355,153.29237812246902,47.17978710428633,33.805336350425904
233.26289541339733,156.96683163370386,47.179782839580454,33.80533250712493
235.89156241618994,160.90629602556746,47.17978258948839,33.80533238474418
