32.5,60.5,68,78
38.814410069753805,64.09771107381295,65.24257592525069,78.41107084858994
44.12288622087339,70.41626014911452,61.70023719417851,77.24806994987887
58.45708384161847,76.3449178698075,58.63952131975378,76.38913612317796
62.55333121885076,81.75717678834333,60.63197930119009,73.7863733138773
74.42587143061033,86.18644052852459,59.50554549937504,72.13138854286538
84.54510567176264,89.6865225827931,58.68357901597179,71.52666644330051
94.46115037643173,94.15805500109076,57.94603687836211,69.71763051829576
105.29682850040803,96.08296751391276,56.11681319876891,70.01368333078653
114.3858365544267,100.07414100802565,55.58980951138585,69.74439576791477
122.20255087706609,101.98841334246278,56.03511240297232,69.4922752208972
129.46403795480376,101.89922071890399,56.21182906628362,68.79987362233071
135.5204646211227,99.83850774238043,56.72752340210272,68.88091814379825
140.15882852211547,96.21469166909334,56.69830460280276,69.42945265701061
141.97621777886343,91.82812091953116,57.15447705518818,69.86397110925999
148.98335892764268,88.73719710837895,56.50543103997829,68.97971813418279
156.86449718865777,86.97905456392502,56.12058829480358,67.97859485211899
162.12014245244453,84.0932342249159,55.81834794575794,68.1500329697124
173.98720799801018,82.45043263839617,53.617526791150055,67.47094045068953
189.2109601762308,81.89754245529585,52.059682316300595,65.49445996979847
207.7803039299942,83.1879926752299,51.53909402142031,62.6316032446921
225.24820547633186,81.61134624306436,49.0404971970555,63.394043657698724
243.134028268357,84.0129355640942,48.41395506759506,62.35208809341307
260.22482741314076,85.65328334983728,48.15298437202175,60.81781564719395
276.68080818810034,86.87641986694624,47.43012880965139,60.441970745986914
287.48187895861736,81.98204585977686,46.500941827943485,59.78227248652194
297.68458873507547,80.72330918186911,46.97142826562787,60.06935863149149
306.25277350654125,78.3784662337688,48.18483212967876,61.172738194150234
304.3516241356975,75.62727662965945,50.86283265645389,61.96715822725909
302.9121456429039,74.69981656978345,52.59675854748992,62.083819865985404
294.1981885405153,74.73659159749194,52.16096807087075,60.75263242901477
284.54983145795234,75.08799582080351,52.64085446194875,60.793724221859236
271.0981725657242,75.45039379889943,52.68703647369985,59.83827651450679
258.15717823069775,77.02047142438117,52.752399548660016,59.69183225826375
242.8007299880847,75.87944167064444,52.78167558100529,59.642623932027504
227.23879498244574,72.04678877419816,52.86960351464648,59.40570327686098
209.58881147091904,73.73819971434278,55.845908733500664,58.92744506196174
197.36456473042404,78.17482599803162,56.410214516126416,60.6384982578287
182.18167897059294,84.70020605177241,58.79153664919194,61.94985782502973
173.30342763339297,92.8178296676539,58.87031257798638,60.719777600713066
163.36495738769153,110.83720122434912,59.62109340142052,59.489632052019886
155.64738578848863,115.54471724408317,59.51193556680629,59.72386148716115
149.12111080204812,114.39559890416517,59.40136908460923,59.16063485866281
140.76203366779032,120.99162408539816,59.46618968918438,58.97269578617486
135.68634292428314,97.57556810883605,59.01944381108645,60.13847549442603
134.93630585208143,107.03416643597782,57.632037219711066,62.13315361126064
127.98141874169991,100.75035720305237,57.525694344526805,62.12387827065401
122.26771706338312,100.99407288260807,58.02201306828685,62.03396086737416
119.07775936020343,99.02129794478944,57.57094960425441,62.32550879179378
114.51314882231664,98.35443251020754,56.87719075296499,62.16734434292624
114.8480695816888,98.41066094229089,56.66368141114441,62.6410244755056
126.68877979413878,101.27857619660416,56.13634805289484,64.19053713704508
138.49451646069954,104.41236053323388,54.8651361791239,65.34048135746241
148.96970305047319,106.16921283779641,54.24812367157368,64.37775636259516
166.7818381772587,100.70945156283534,53.87889644778784,63.804207356425984
185.09476120160372,99.09842952442283,53.039312911304805,61.16667187011015
202.70115346805844,94.59247070091745,52.37524969187196,60.18240516806085
223.0132228681142,93.7365466333888,52.61614690250256,59.662942697115355
242.68884067417503,95.87738514356647,51.879806157324325,59.6735897429221
258.91241842206813,94.45247854093239,50.94522962577149,60.43720366459043
276.41170112767793,93.12055089847485,51.69329583686633,60.35464261916799
289.50766021731226,92.86392723353617,50.687204912846674,60.679669135174905
300.9760531481946,85.49624604296555,49.85621395769833,61.12425717091819
311.448189186836,79.68206594583046,49.900024766157685,63.79493952400183
314.29882717099434,75.27174813794807,52.307452411122156,63.92408401275249
320.4042760435594,72.54294359547922,52.7859334043955,65.21742317352636
317.1182537869709,69.50865261459128,56.01281791009556,65.48325454783883
313.5028193023216,72.50568362696028,58.25918170285,64.58739189062405
304.1664312054559,75.529570275688,58.97868030869074,64.00727234454189
289.33776844424597,78.76073019286808,60.87080616985582,66.892781375233
267.8951515146904,82.59465450374071,63.21332304898648,69.93712147419086
247.92772208832747,85.70173659041677,64.11796568467125,70.22941987484386
228.07265943579512,87.38504211732815,66.3003276230368,68.74279415351012
202.44429373942552,87.68152255292,66.97531768276818,68.51651691446182
176.99513490080307,89.56701560649405,68.71346766592123,71.68616076642016
152.5711164962699,97.87035186193357,70.42712794910872,73.31977603630284
133.04424379379654,95.50990303517207,72.61853433428001,75.18944926737102
116.29555059329331,86.90040239657655,73.48597307293296,77.39010471173734
99.44526424991544,83.48570255998982,73.46169605876096,79.21225598326896
69.23516576333367,75.82835955607726,73.4889067343171,79.25898907208773
67.45649637911882,81.04054478986514,72.9518770449526,78.89513973030543
46.13113750202058,77.04155158886172,72.86213917170767,78.87976038676781
22.93070978695502,79.98502398692801,71.99323828470011,78.75546369625658
2.786347971692088,80.42817823273431,71.88383722040176,78.67377958332517
-4.654643985506333,86.41159771075141,69.58167234634645,78.52975461502291
-4.08427869410356,82.9047215349529,69.56549294056575,78.52147089102789
-2.215520395674865,82.3330986199923,69.55620658166917,78.51371383703795
-2.488374967546278,81.9843966797983,69.52995712393724,78.49632612149014
6.389313794060108,77.1130133837409,69.4302268785565,78.35684574247456
8.084478485991156,80.07973173687088,69.43005686320942,78.3402619872644
28.481491459769238,89.48886350386051,67.973616364872,79.20601372733299
22.633827825383406,74.16869920593543,67.89347480734972,79.16904663836871
19.332116275990543,82.6556578590494,68.98459455377949,77.43913835008509
25.597279110619958,81.8948480697814,66.69245190606607,78.23157097650699
38.919362277848464,84.00885701681715,64.06821545747331,78.90757816025533
37.54037474875865,85.89421915283259,64.60589365591173,78.16551847715266
63.03454134593903,91.26838928382115,63.693671301394716,77.01476389327613
52.103922097330155,90.14586534359537,66.07317266177165,74.97705878300502
66.22620157276103,91.88892424365315,65.35901875546556,75.00031703193122
79.54494937238223,96.39429101440093,63.910123696384275,75.22351598555284
99.11104757393979,109.57372863820139,60.7936514753981,75.84295418399685
120.99167814421432,119.64909048656945,58.21113178992715,74.16481044331542
130.8002934819441,109.51324361602606,59.41377110958481,74.31851369062778
146.00682185116236,105.74737644780076,60.47566516155352,74.3062807800691
163.4545887610166,108.23994379169915,61.22550563994076,72.50327261433652
171.78954231242406,105.11832329334602,61.22540024916196,72.50277591344147
210.15394101168744,100.73261579554875,61.86846716948287,70.90310574210486
239.6956577000078,124.40196117425856,60.88404807506866,68.03487396906023
261.34279173502426,138.96336264795747,61.87233081680335,64.30842569695537
282.122544009805,110.44815402839451,61.175783267974374,63.374075480026626
305.84357230037773,120.06501050281275,60.12535876690692,65.4172675910046
327.20689207050367,120.7265188354388,59.26703969174294,65.7361492001742
344.763370749629,114.6531329758809,57.17658904735944,68.10975235544723
357.45858924160666,108.66387234730827,58.22592180827718,68.28170642051484
358.83349435349453,104.18940492075532,60.26758592684763,69.19397058880628
362.2230124934981,96.81827836581972,59.359202322469216,71.34547300440258
359.3922071953982,101.1120761798509,63.18535011005999,72.94372084405262
349.57117548266115,86.74676609445767,64.12394139808292,74.4906843223342
335.7564588013903,78.17565208897848,66.99943036365202,74.01810711173496
329.5963787836977,84.28928272369319,69.92654497362216,77.40957924837244
324.3897298717554,89.90188111297323,71.06365203975534,79.32954219118687
302.66834870999435,76.92319849666922,72.02983278979102,80.2989046466953
294.58445087585665,81.83382863602539,72.12950750164549,82.30602113800248
302.0938424759203,104.591891488405,72.22228035467977,82.15157069569443
272.70927029937303,111.63372628355745,74.23402800977634,80.21300265263073
281.2876477339571,130.7039215610505,74.58438182896268,79.24277429857239
278.0824253964235,127.02737590767244,74.58453340176554,79.23902499482435
275.1484404816973,120.4230348719656,74.5784111291671,79.24300182789574
274.2219663047175,123.98624651596953,72.71706075799858,80.93891473678728
272.6007780152251,121.73742874763167,72.69380017763584,80.96404279665637
267.51550361913496,149.2932780608657,72.40408285653488,80.1079174428934
262.18477670883806,145.29174270182946,72.28715246844949,80.12697078883451
257.03943971134674,140.88996183186782,72.13772388622262,80.16402538001515
247.87804762538508,140.19580888190762,71.85892839200822,80.27115530890431
251.65751966596144,136.14514831523798,71.51820883630715,80.50549445905884
247.17642484301174,134.05530893253123,71.5045655430586,80.51192111875939
240.7876191483574,131.45143453246132,71.4614448156681,80.5205384300992
234.116764471566,129.6688266027237,71.46120089166301,80.52032174105149
230.62661548635847,126.77133968131157,71.46086560325845,80.5200260945874
240.07502168975316,98.14149878251897,71.23761047796324,80.1332235171726
255.45246628662454,108.82237852568193,69.52131648380545,80.28086535225782
259.96417491096946,106.09071761028821,66.70172470890097,79.0201852985848
260.94272418645664,101.64661052839234,64.44107370917703,76.76484763589949
265.7617583524023,109.06684129480256,61.15338007592469,77.03961666338179
257.8231837678586,99.98335569462533,59.67064307557851,73.04229457455168
257.37593245088937,109.33010860030913,58.457571485044895,70.9857650052495
249.93925712898294,110.00200758610553,57.95021343439977,69.01354936292992
242.8099608173154,108.61172735277471,57.10113336638963,67.0818510138262
239.79707625334547,102.2158183305929,56.13454190244107,61.96913376461073
233.3038694866269,101.11471724561935,56.115812270289815,61.941546439089684
227.83903015452557,95.03608572516043,55.65563364231716,60.56626725130877
247.38637670579405,100.05434296643165,53.21372297996577,60.35075096059985
261.28267960877713,101.47885224413145,52.89903961357485,60.31523280955814
273.4403982450814,98.2007454693454,52.677318008690875,59.836988675566985
292.12909110179277,100.13085176079403,52.300218397563114,59.664008825442586
303.37598691245364,92.88067964281888,50.84554840404893,60.51302974291145
312.52606470229335,87.53458513931889,50.24228079434023,63.393953281314
318.13970669278456,79.04040536079808,51.237699793399344,64.4628077190319
318.65413051109067,122.98056277885806,52.97403393664851,64.47307210654476
315.30891621519436,123.32815344746083,55.72906466505313,63.54447117219031
311.65113549046265,125.09499044546793,58.740017292647615,63.54145852070431
307.7065524970912,73.37385193038901,58.7777171004965,65.36033772371371
305.4753620611366,79.36194351474208,58.27608630324674,67.95409130732689
296.5882330999416,91.43186946796331,58.08998465227252,71.56355847742252
285.9492034786452,102.82226049184602,60.57582664022662,75.15739877462781
277.3892852366729,114.17260135373101,63.96749272927376,76.70134595710785
273.47000138625447,113.77559052871698,64.38696014553423,77.2724387701942
274.71599857574984,116.91499667691158,64.85459053384696,76.43798005427983
290.35048257126135,136.10533877121335,64.6594655451432,76.48963839497317
283.1151635255722,133.45811553357336,64.695676375169,76.52037198725755
287.27739719074674,132.60644529510535,64.69515313661675,76.51989402375627
270.2861300427435,163.35592266226473,67.65125158057253,73.56197780262106
279.0466517536356,141.83543155267756,66.19067873984292,74.42109051495946
268.2388395596097,148.81505997401172,65.76207171309993,74.7413317725719
268.9846836792552,152.41594421545096,64.39128179507975,75.74990569691998
268.4026452069945,160.99753490749748,64.29747995923621,75.82591536812483
256.40134742213667,137.24894330376006,64.05871963295576,76.0212911720352
255.5443275026752,146.16045323893042,63.36876872633427,76.53303006023938
253.45662873921523,139.40632671551865,63.20406501118879,76.67077682044184
244.8080198842257,138.9683065241107,63.01251318991788,76.72930868456196
178.88731740425703,98.01395527277376,65.38873870649579,75.2330810724897
186.69961294302237,100.8490721457236,65.52344213885286,75.06113214333199
181.10447057053233,95.48282920938018,65.62458980650136,74.70657234646315
182.04681678906303,88.57905280711844,65.53426539808072,74.50656728202908
194.23850448582843,95.81355145337874,65.41839755765052,72.43106364185226
200.8081906920985,93.00532467893979,63.534106321868194,68.93485010698994
210.15325622249827,91.32117649320469,60.8787500413421,65.56810533695011
212.83280602301159,90.94569323079689,58.67201636324332,64.47284898426327
222.663331023339,89.8082967680605,56.294634880654904,63.055266249793426
229.64780464640353,84.76537805320748,55.606683003483326,61.83098500426753
240.79760294057255,84.43232601034491,54.077556080672636,62.19329691136185
229.26309960250597,83.1083782863729,54.079126538544045,62.19077646193647
240.48457742946184,138.0054270779251,54.22412635948585,60.85644908146878
228.07823962372723,82.37343134437708,58.17757192945119,63.246005123760156
228.23004376566465,77.32412366799419,57.99843000519165,63.13263965682379
238.8775620133453,84.90322914744145,55.96371035858519,63.78870253215778
234.50403133822738,83.23425995207174,55.30419078383332,63.95348180043014
230.623988318515,84.41004857290994,55.16791165754763,63.856344151115195
233.28639294089913,89.57900007404304,54.93127437170264,63.89176840409803
237.02121924963285,89.0004731354417,54.59569691903016,64.02034747356146
243.86422464816167,88.50659711506754,54.27652839186997,64.10652961141291
258.6716889894822,91.23877323291285,53.97845990820345,64.14308336632284
276.22915097644113,101.8420472746721,53.22788911421726,63.597771092130515
283.10917797227347,73.27301281002423,52.41243045946672,61.582245050723145
295.33730030142306,91.53585553631704,57.78240345253471,64.51726821630157
290.2173358920283,91.72775432022333,57.78148468373873,64.51714485283853
285.100953810723,91.48547382666467,57.77767562704998,64.52081270488505
282.1696856647597,94.05625655333444,57.77744899096767,64.5209913883558
276.35020032158116,96.24065008400709,57.777216605730516,64.52120094718873
293.04997187691725,119.5411416062567,56.32266556048798,68.44676438096099
248.81476369085073,82.67328858363527,56.87982051904682,67.63984499895777
265.4625327639479,109.36033896552478,59.0304379209482,68.72640326227835
237.46229303426657,87.56651686779338,60.39535448358228,67.13788092331731
218.80178489490828,88.3995352266599,59.62422293515047,65.6004863325021
199.76229127599785,91.76635784583709,60.65763979943614,64.52492214883523
177.83109279970336,99.59270204216645,61.784597451488,63.92123163520483
164.66515035334956,103.83083971331541,62.20267924360966,64.07358883837811
153.03554313016008,109.51055085505283,63.35035766398765,65.56002703616548
157.41786319328475,110.93785656310547,61.838228085376244,65.7368754284098
167.5054099224924,109.89205868922107,58.89984994373343,65.62315510943665
174.39479966251025,105.3334539873182,58.17799909834129,65.65246435149925
185.62613958624638,98.89444739234472,56.85004100685043,63.9822712121005
195.32294150196398,90.87775374887823,54.37976938977074,62.908518911631106
201.30814220584801,85.28273998372023,53.87272972211496,65.75106471434702
208.85178752492897,74.93941319970777,53.79308850564496,69.15937889638562
227.3712310226067,72.45055210840374,55.3550811794789,70.55292811489763
240.94027564235014,69.37546518317686,54.002642193287976,71.52189478532819
245.3307186070174,62.535802854805034,55.35657624838951,71.08675563591949
248.61624594598325,66.44473965735628,57.88493258119994,70.21306108889196
247.56614419713333,72.6889164431766,60.736381875580236,69.70868769608433
246.76736508268553,77.08085675552172,61.21108909033859,69.48436212510502
234.41117889948356,79.34690891194394,65.19822265669373,67.30244106078047
230.147797065318,83.9422821721342,64.74630952906534,68.91187116088335
203.08424092727356,85.6957454856232,65.94585527683392,69.9127222247928
200.3185948970887,99.81735536300815,67.69332074761925,67.45544073296234
193.5940434292796,104.46669889269242,67.65852933509298,66.88886274341804
187.7965762276662,112.2440792187218,68.6221361092304,66.04886382536807
196.58531733028437,113.80348267222533,68.6748342628808,66.06550990412455
196.03538973531786,110.25172081725296,68.67438389556281,66.06464919176703
206.3698956707764,103.95900438471419,68.69337937938208,66.05008835109507
210.49707022950932,96.74978101191661,68.6933370551291,66.04961267237381
229.58600999805566,85.34859611812416,68.20856893771418,67.43184123986595
228.45121980509728,86.3544912359395,70.29815061287941,66.72021367723178
243.76794124865705,91.48250560873143,68.66492516350397,67.4039842404248
245.733771798499,94.0033654110878,67.02417740724971,72.05597305551187
249.91577623311503,106.52138642150982,66.86330116741217,73.1771213575438
253.62769076682778,109.78879697521592,66.65995778724249,74.32286083896828
255.18442168723925,119.76849583013289,66.57591131545335,74.34603949937357
242.62928880484918,87.22826249626738,66.40157014663976,73.17720807140148
249.3665398176823,100.41321716594928,65.26787126733579,73.31142814182773
220.89543832576038,93.14280233987414,64.68951303291796,71.45139796121433
227.48547630144157,95.59231287060388,64.60216283533974,71.12304655078634
208.56493251032526,100.40268116418174,65.06002211557043,65.90553490869897
209.29662626397342,110.0668366538665,64.77701745606004,64.2197581853109
204.9312184925729,112.2033543532693,64.70186185323124,63.17674450166949
202.96252033493303,113.55654033870843,65.49658586817219,60.829181376072825
223.78982417731376,134.52145105033586,64.36563312115486,60.94465185345275
246.90302564978083,147.8034492158654,63.94834272504886,60.62387489800398
243.82548800023707,143.41358144076867,63.94819799239808,60.62386725361742
243.35518737596686,138.97334402952183,63.948082437864635,60.623913761902074
259.9248623740708,153.56302579719105,62.84673064111962,60.99853200756953
268.96276382990976,159.6024438159904,60.77263480646811,62.650079842956664
263.5371410703523,163.29587291801795,60.77184194209914,62.64947594950948
258.85834886226274,163.91863049805545,60.76894128137393,62.651310051672
254.5963079440064,162.41888969293524,60.767127045498896,62.65254022377158
243.0506740581184,132.814839751972,59.71922321693312,63.55312210032697
243.76460016368878,133.01117260434992,57.77809776665661,65.90937469047772
248.0647439830946,136.91229980881678,57.00253241788407,66.34278941759132
246.8085090127341,132.44726832436322,56.993158209969174,66.34667631533145
249.62602879752393,137.24954165016612,56.92159949442398,66.35454974581796
236.0429693321564,83.7910810834253,57.308038173083844,71.30804619668241
250.28416742561043,106.49070275996263,54.38592755441304,76.38999638608823
257.5939511627989,116.33091961595629,53.86424330452346,77.09949721389583
261.6501206178996,148.56307082219746,52.731036092930495,77.62183573158929
258.6178027055221,136.21941271619283,52.57386014629259,77.51757174340322
253.21082946664342,143.43053964599227,52.66959449636444,77.11862091572573
246.39098292928725,131.44216375931214,52.68612816250744,76.94154120715238
246.2133828635493,136.76805460237688,52.56025855035004,76.80710208846673
242.50052852608687,133.92533059529222,52.558826989374055,76.80567762033625
239.00834557719787,130.88706726744354,52.55669500812368,76.80117247671723
231.23289170782155,133.30873548329865,53.4852978304945,75.98234118340422
235.28771397495268,134.3728559643465,53.580358534574515,75.73957633367421
243.548311338952,135.3966826967298,53.464523074764365,75.63548633021135
251.0899175069989,131.46928493629483,53.50105980788446,75.52287605503027
271.1578428082827,149.05626390705504,53.05495606200634,73.77606883982824
284.8834125326806,149.5235244356672,52.19972763921142,73.79316222209134
286.6458527156156,170.56427425487462,53.1711312813676,70.14273100408667
295.51152411932156,170.5545222982662,53.304782523027896,69.65067936482095
292.635654720927,167.97870454508106,53.33884468026023,69.61665355527322
293.5531221922783,102.63347184315838,55.746845395058855,73.22304303138421
297.2007173096236,108.86879639655106,55.695888768614054,73.23689194858565
282.56442696027773,131.91306697753487,60.89579566969835,70.28416926806335
300.99965732707216,144.5180169168467,60.689012151685674,70.1125479691516
296.40979506660955,141.65078384642362,60.68795053979845,70.11126105061054
295.14756468707265,140.34773346112485,60.668726101042004,70.11729539779195
295.5955042244137,138.3275102491554,60.64974543429605,70.12346342893909
297.8828161463344,135.74818688642114,60.641701886017394,70.12419313170257
297.4403169139653,133.2931809413301,60.6072661013544,70.25400024893543
241.47082994107728,82.7888480794837,61.47778149000159,71.1509945248743
229.54323063805035,79.85683280031407,61.342020928574996,70.05569070973945
217.22774964480715,84.2060855437771,61.29430440248813,69.4119432947128
216.0605930920404,88.31648944841439,61.315131885615656,68.61945160177125
218.87626169044927,85.491676372924,61.5165812488565,68.27405164114921
246.57419471489598,116.65452803885546,62.10730272437714,69.44521644283122
250.7037278516558,124.34447740755294,62.08113993138727,69.38527162389327
254.47555774493947,125.92834511494475,62.41350629838437,68.70859193611469
271.70512500820104,121.22724801829801,59.30268987183682,71.00020091670063
267.43734159620067,117.4055013073938,59.300216534704795,71.00075810880324
257.6934838170253,84.53036358046614,59.6389796089246,69.43489434146714
258.73945420308854,95.32541079769194,60.88581089528513,70.06363573770405
266.20808449654453,112.23685101246332,60.906876648094816,70.62233947564175
258.0885990158611,114.76633467763489,60.914797118128575,70.6195693117415
253.69477654499633,116.44641581450826,60.91703308616431,70.61667179515112
251.37214551529598,142.36653757962304,61.09286946731184,68.61163715774381
251.78466694594493,155.24896839355782,60.78464053986329,68.71927499581666
238.5259530891315,164.55040947303422,60.98778869721575,68.42015336542832
242.68114549017054,167.0850109569167,60.99522921252048,68.37868181627296
252.16310511784692,174.89432790018128,60.998673314711674,68.37643243596939
265.5773649058447,170.6082353656855,61.50735962555686,68.14842753303712
261.92253637541603,171.35851184253676,61.50815638444287,68.14555035581625
267.6601215820847,169.8118884984748,65.41557435764119,64.43835816301973
276.31004028221287,160.6280537268567,67.41755008299513,62.00218134700296
279.23901219595075,155.9850731207234,68.16807907961608,61.44393288824908
275.7153359770683,149.4199150420208,69.74682981373715,59.79428364495851
278.8366648610598,158.58422090916355,69.3407013006675,59.52938498440345
268.1981673056293,142.32939010966487,69.14689410439962,59.751818952785584
255.7519518931486,151.60978297292144,68.86214177811588,59.95375524165334
250.58641215282256,150.02207791437073,68.84997289145838,59.961687512609096
246.41368175649328,153.46260598734114,68.83787161899242,59.96805345147662
218.42116673276468,134.8272473767238,68.3507451417914,62.10275001231094
222.58372417456854,134.89165375610867,68.04208209381599,62.124802510327555
229.05743996062915,81.49598952071828,67.31808878463426,63.124024352690334
253.47700214226276,83.6225787073456,62.23667392454088,68.43515128491666
257.56547832169855,86.61458295678129,61.16222009701086,68.62319040109654
254.83561905214708,90.14576273488933,61.15629809122242,68.62424303436411
257.0427146949078,128.2818691856477,59.58884776677583,68.92357096536688
209.11828196967053,91.77212960084331,61.08167989205506,65.65211080392098
224.7252348463542,123.68937508859077,61.50845826649534,67.94112446709796
245.77531295660032,139.47454233866515,59.382934309186695,65.74714799917577
255.66042398287215,139.00985799766536,59.18424164507075,65.61170867012032
277.27304067059094,130.74416956705633,58.346043639506206,64.33464246188038
313.5091241831635,106.31313863298323,59.972639126568126,61.344973983346904
341.3493968002884,102.76670313838622,60.25915398142969,64.73117158882816
346.045293345581,99.95152781212961,60.25914365146462,64.73111586164165
344.55678505198614,102.08024963447227,60.25913139191356,64.73108512741776
291.1167861973956,78.74030139800325,65.12308448439542,67.15381378419367
252.2858027389124,67.80430753627658,63.97033124755325,67.53590473335504
257.45122223086696,97.55339047146927,62.9631378553799,67.31411749456146
188.59377731197588,80.55521947442746,66.74107700956837,67.00499760510016
150.56674149536323,101.18822956127954,66.15881899191474,66.1553935996089
144.20775964588245,101.84353627556439,66.14692810713609,66.15634950411565
134.37141499478295,109.32989166920149,63.77236093960853,69.426020766402
160.11490298717953,112.53410835599725,63.528117956524326,69.18381139564863
168.01500109563733,116.86069621731527,63.52798773387141,69.18333323618398
206.87540355414774,143.0555986501979,62.98220875679205,69.09053688482297
209.6652962830113,141.92189089866395,62.98135510753659,69.0893590765811
211.3814399937923,140.08310534870458,62.98116321362351,69.08889658618308
210.41335242695857,140.06474239086236,62.980907535408974,69.08857083906479
169.70279375214238,89.67889623002202,64.36638035379136,69.03230600742516
154.15444273905396,94.7972022825885,64.80925471273186,68.98280671051977
139.6602964981626,98.88808033745508,66.45381245330364,70.75950091816941
138.61944894401628,98.93071189162089,65.0212374943813,74.1141367775807
142.27421474123625,104.03600557310897,65.01013968061153,74.0704920110401
151.4105723622866,85.84057297019535,64.68644100955578,72.87718210700405
167.0869065543144,84.3015967561589,63.6963596005978,73.2143815996674
