146.5,54.5,68,101
159.00787938652348,67.9691148687445,67.70339749221185,100.04513246038697
146.79308768376106,55.280880284766795,67.45682771475326,96.97167525199961
161.6555632373299,79.01912012104633,66.70872330256192,95.60502071371789
151.90687390557676,62.59497504426304,66.68966825024785,95.01258363339775
153.89067909654983,58.22174739670194,66.6858647359012,94.67173958159611
155.79418058744284,53.872726854182744,66.6992107321578,94.10212910871215
169.76980230816366,76.20156853967771,65.83089499457358,92.47222817790777
160.08839578747458,54.991424708334485,65.93168411017047,90.42700451857273
174.47999992689432,77.00521679361874,64.12585849124308,86.58289584238898
163.365555332232,63.94410697806933,63.987974075221054,85.14735332749171
165.31632119825363,61.041640455606945,63.97193323749542,84.49053348087595
179.32769886412703,80.53958630074295,61.84607045335606,80.73344946882659
167.65947746992845,68.87820379218212,61.775544171318664,79.32018199998636
170.43566668847873,65.55799741944037,61.74864981930107,78.92743358213978
184.78749945187002,87.36141582396297,59.34228653861227,75.13944442934456
176.55652152010003,75.9112650892665,59.38784912212293,74.38060817290743
177.26513873357936,73.41915110566399,59.42862024268779,73.72261707349257
189.23279426360978,85.8262844003487,58.267421884042946,70.7387147114181
184.28592834264848,81.12952128315604,58.20367520271115,70.48029773901631
186.9385722592327,82.77038624921683,58.1962642044121,70.46533459347003
188.8692472334158,82.40620256079768,58.19160132498514,70.45878528329659
191.59283682765647,82.59036955079415,58.190399824339465,70.45644855815213
192.7987968743563,73.10124988025025,58.11430636630053,69.6669266687712
195.16248358122886,71.71813527562179,58.05746613279225,69.16249380870745
206.33933760195316,89.12679611364678,55.310581058872884,66.04569741647093
196.87708999416614,81.11592943997097,55.345347728304375,64.13066890774346
195.05637643335626,79.84876710802007,55.1541084528294,63.675103234654905
194.1722053315209,79.33480920346766,55.10116493186022,63.34860768015803
194.34782143841898,83.21583742056814,54.77061632701329,61.93014865806646
187.55756949490953,81.33428224940573,54.67853186564349,61.29106545409611
185.24320556972026,80.60522038843862,54.56013313673734,61.030679382748744
179.47591319869497,79.05437732980158,54.36104001471321,60.51014069228358
177.8801639941236,78.5299215920496,54.28902724297829,60.33806592072486
175.659704206311,76.32722508039518,54.21719142462157,60.21297140664968
169.6274388645234,74.97844726805349,53.7843838132138,59.119042436987975
168.4402542196995,75.4049495064166,53.60723132475495,58.8962091996378
161.46523894551152,74.99211732485585,53.4838966616441,58.470913212722685
155.63916180017503,73.79009010938475,53.33783222520525,57.91069180672031
167.66867469598392,88.35482392003793,51.36983083239121,56.656186038441284
154.33569711927504,84.25751505548851,51.095131231170285,55.21157876143661
156.14782775590163,86.50074086071693,51.08518475245753,55.164097239938506
151.4748842842747,84.46332938610365,51.05039542618011,55.04472873332402
153.0209062085582,83.26340013271076,51.05669232735376,54.8886070345739
154.64326197343033,86.302406757126,51.0290029781667,54.78477400730107
148.74795177282118,84.04786573578083,50.98131790605738,54.46228399417472
159.28588224611062,96.58404381634806,50.07722324060644,54.11451050515942
147.84561166853567,88.11457809660969,49.6752460089155,52.88145631841545
147.62693221518364,86.72784580652993,49.658691048145975,52.78888043035902
147.32042447857302,85.5059343836328,49.64909833655275,52.615027018066115
147.60559972431497,88.55447153786425,49.64106897152987,52.59832504312984
147.38172390719072,85.67538159113258,49.61526003410784,52.53906728781999
149.1256430946104,89.30982435429391,49.614263099469255,52.53710995745069
150.99530214605474,91.37913330588574,49.61338956330727,52.53619308881291
151.1888511864327,93.08509511055179,49.612414662940814,52.53472113010034
151.86748803836525,95.45646666041226,49.611660062125885,52.53368440168677
152.23456082410814,98.24469285360603,49.61118162587878,52.533092992472085
151.92289257106847,100.16281777629204,49.60987421010598,52.53192710858687
152.0649587233063,102.68990756402431,49.60884781545476,52.53073940018777
153.20668846990282,104.75096724672828,49.60836351910009,52.53017822417191
155.16029244402463,105.70422869067214,49.60820856463082,52.53005553998904
157.71973952138157,105.14727802882749,49.60799584073362,52.53000577668037
159.2121891990383,85.42137975422365,49.377569933219846,51.58793483321224
160.74564121521365,84.44885048020764,49.37535243765809,51.47268873952063
163.98658367580154,87.5323141809263,49.370634645998905,51.45881557544903
166.4534272104242,81.24400345585559,49.37170767044259,51.17263642744593
169.8092977154271,84.41308923067258,49.36665315717134,51.158020347324886
171.74119195925152,82.60684189749499,49.31051475878647,50.96417694185694
175.13249208466775,86.25960292153393,49.29034136113392,50.907341207408216
178.33556435731373,88.55664569494374,49.28909641300991,50.90452467685445
180.40684414089023,90.49219690737966,49.28521301239137,50.89727236871236
182.949419974785,92.67620233544132,49.283277058102804,50.894304199051454
184.28958237646958,95.22542207846044,49.27785660119968,50.88845599871877
185.23082765983514,82.09042889075171,49.09570618625535,50.27742850389698
188.13569832146618,86.1404776369082,49.09536017625621,50.276034395983395
189.388066176502,87.58108471917194,49.08557261491199,50.25734974767603
188.64193474976855,87.38662034937276,49.07941582593046,50.24872021538945
183.2330317278194,82.94362336112516,48.9979022210861,50.13086611601797
186.53986346136693,85.2130643421696,48.99468711443416,50.12558305377039
184.57721177913027,81.90149821886632,48.96089357033813,49.9525231311875
183.99655082635152,80.76118448100303,48.9007311724212,49.7719949539142
183.92864530441224,83.28569056399573,48.85303542947649,49.62889375670931
177.87963740066598,82.4742068655201,48.62402773080447,48.95046645265655
178.56208971544925,85.8127234827151,48.634192481044494,48.35279465701777
177.08025931570947,83.40219073566506,48.61262927196383,48.24671419317108
177.44175498769332,85.40036716674915,48.59921274660727,48.2058364229371
172.03403629743764,82.69297506931453,48.4874145237861,47.94539249890986
174.57010867267093,85.8494964348704,48.483078401401826,47.93751505863063
174.78346824212588,85.76938984547742,48.48033863427807,47.93289837231859
173.74434908229256,85.19356263321015,48.477408779201035,47.93041327811535
167.1317836621714,81.2834585883317,48.397774871823735,47.87266307014276
167.38367709673432,82.03705382153824,48.39138587252323,47.865175891807986
157.54006329733843,79.30809123669167,48.155985068605055,47.69545223108729
160.8926602856663,81.6592824487721,48.1325323295897,47.67340866648454
161.797227667283,83.33586588881083,48.123716641940696,47.663323022292694
161.881541615566,85.33205952161529,48.1077903765631,47.62751019668621
162.01743762731522,84.38780508778677,48.01125842005077,47.479328590786736
163.70188327350527,90.36649390729609,47.43566131903112,46.29336856956596
154.65157437750244,91.53349799407067,46.82789173615886,45.361814533818915
164.6148377272416,101.74831787608895,43.23398375005948,44.417059031867325
155.29885674893234,94.86474647176139,42.886226544690636,42.47425139343992
165.47920795458438,106.5564478892689,42.516380304040865,42.42160379218957
156.87728683947034,94.7469548057669,41.86358648690566,41.31045880990154
160.11628143961713,95.90283039376068,41.763670978933895,41.12961636155986
163.17582002958653,96.70193970210421,41.6121340631247,40.93111591027046
163.89825369019664,93.84649809773795,41.58025015941545,40.242055290420204
165.8995868489302,92.12073970427925,41.51232462373244,39.96839192825926
176.99786521738704,103.2294834235247,40.48285544175036,39.70803873659452
177.72521192966718,104.28756337203986,40.48047484430038,39.7066466294049
178.73971703280023,104.75930294687612,40.47829674176354,39.704540172317365
181.49092900088215,105.87536283206225,40.4770343809171,39.70381445445058
183.71246871997107,107.25133748663274,40.476909006154756,39.703722187622255
185.16643528915517,107.24498812199947,40.47680038408292,39.70360725564128
186.94043311778657,106.09818169696908,40.476668925504846,39.703516072804135
188.52308871993182,105.81316668937087,40.4766275728989,39.70348285462498
189.84599223692396,105.49310665263616,40.47659609547893,39.70343461888269
191.85719316537418,106.09993389537063,40.47651689330261,39.703262394117786
193.7852684897957,107.0795033952977,40.47650518908545,39.703244025481595
195.93466885232039,108.26552713190702,40.476495395737714,39.70323181723181
197.81725214456344,109.95096835034224,40.47648817976664,39.703226646291554
200.03497643514663,111.30073712902005,40.47648061575117,39.70321992885598
202.30245538111998,112.30151749721712,40.476460582385975,39.70320295276153
204.38366284210247,113.40376352553633,40.476450674459095,39.70319154416388
205.46771473068551,113.62031797095969,40.47642508142079,39.70316484645338
206.0541474229745,114.02743827777365,40.47639957683248,39.703134409293355
207.36360066055522,114.6470215248606,40.47639077813894,39.703125114979045
209.78444031694858,115.94884563591894,40.47637530278507,39.70309336892134
212.302348095777,117.16982680238493,40.476371169383555,39.70308970183714
188.24916414726877,95.66723816534015,40.45937938622426,37.97360968832905
190.92270702486812,97.2584120554635,40.459031015821736,37.97309112217843
191.82563928321915,96.99673266879144,40.45839306352703,37.97255844654794
192.5381731373115,97.10677257300685,40.458344261935615,37.97254083437183
192.50545136367177,95.82484071289235,40.45819803108983,37.972475473637715
193.5434795904019,94.0341965099658,40.45817803087661,37.97246910448165
175.83964334091738,90.56068156261242,39.947752080138635,37.181002695630056
177.19108823142187,92.47809524140636,39.947674017116704,37.180822755110654
178.20470206820164,93.74509593553061,39.947159476415464,37.18026529462704
178.97414131135378,94.05319955818732,39.94635226486854,37.17919044076645
178.98147008650326,92.7396696628886,39.946250004910965,37.17908062229403
179.7683971370737,90.83543335702726,39.94621589869656,37.17905532828553
159.58773949439689,90.78068044556517,39.06059438595444,36.323222623053425
172.8062708492989,103.7128926971387,37.03702197156057,36.743118951205176
173.8829042677574,102.55677050948924,37.03692476660163,36.74307241959798
174.40358410012792,102.12330117267831,37.03642217850548,36.742818348011106
175.84424038919832,102.83035441024563,37.03614254409024,36.74249387341814
175.839044494966,102.47998240147794,37.03468493383016,36.74157266830873
176.8507833081086,102.51544418061246,37.03416820880534,36.73905629541535
178.88022523272136,102.94685679675716,37.03228308928563,36.73530255627478
180.3079383526936,102.119366840969,37.0320807434604,36.73505635643907
182.6853872070055,103.48390171917528,37.032039144455716,36.73502030859888
184.87302450830484,104.22021989720974,37.032018219225215,36.734954133422896
186.9207832032132,104.75787264206818,37.03200845117363,36.73493610498686
188.9961968469641,105.85837866844999,37.03200237262572,36.734924027427695
190.90064867263354,106.76063408888065,37.03199907757955,36.73491829635336
192.87551836842871,107.52140171968293,37.03199246644572,36.73490806011654
195.07161738210357,108.23451685885152,37.03198918702082,36.73490272875507
196.4612231159463,108.35382947729092,37.031979703740895,36.73489284081139
198.41861292825348,108.28589946874514,37.03196400658623,36.734872104504994
199.57729807399056,108.63423351817542,37.031946010033955,36.73485689489615
200.44575891985886,108.64652379644255,37.03192345579433,36.73483989862422
201.31886012862773,108.79697651503898,37.031904314433014,36.734816860513554
202.30533198901858,109.30472182447363,37.031865871857185,36.73477993789517
204.03882557450328,110.07268635036172,37.03184628359044,36.73475147892292
205.29375717124185,109.93150847850819,37.031776610087036,36.73467025573392
206.85675712889912,110.42978207686775,37.03176827764297,36.73466402266456
208.35916761107066,111.19476570553728,37.031762891760614,36.734660258672676
181.529476217724,98.19133546761277,37.323851366930434,35.354609342309764
184.65907581634391,99.06823939013812,37.32375403736641,35.35443976477618
187.52699745199823,100.27206520010877,37.32374393408762,35.354419780500756
190.0692261197255,101.60293580543315,37.32372587628197,35.354390977917795
191.9771094843262,103.16172873178645,37.32371952114974,35.35438148591371
194.53264956348482,104.71262544895976,37.32371381046439,35.35437299610142
197.40267332527156,106.20619446867474,37.32367607158939,35.3543334121005
200.5775924266521,107.87811609841852,37.32364942278337,35.35431406237249
204.1874676282618,109.63714814740788,37.3236241515525,35.354303972877645
169.7213049918782,98.20564439761532,40.25723116260093,37.32931479887879
170.72446765443266,98.45509836362304,40.25698789544494,37.32913335402308
171.62543405482342,97.99292627862224,40.25684938520598,37.32909304927033
171.78091929571755,96.81799390340959,40.256692479400805,37.3289996183144
172.12649753219046,95.33656221377879,40.256559833054084,37.32890823797824
153.95471201625577,92.6210530701682,39.83665735418128,37.174259868705256
165.36441943588565,104.65733535679789,39.63797577602994,37.148921247594345
165.42220840698144,102.63211792278426,39.63711697138776,37.148490465444574
166.95382225653637,103.66275414610256,39.63193132168584,37.14308330658876
168.2217293075663,104.36539559199596,39.62992020577098,37.140561754943235
176.6487094288974,114.92692952157853,39.18944453647303,37.1282803337664
175.80500680987126,112.9615078182731,39.189115647480676,37.12814472693424
176.93115545170613,112.97007842889394,39.187815430308724,37.12754008981653
178.117024047157,112.35294419351999,39.18750196072047,37.127285741045384
181.79682796607858,112.1737796319887,39.176237018385095,37.12083279895486
189.99182863515796,116.00655592091472,38.77679430449394,37.154335892794705
189.60319582234905,114.7171401914714,38.77601081874546,37.153709353405574
191.56135097143934,112.53610320953143,38.77565320306001,37.15304089327431
199.64165646481754,94.20080643815542,39.28155375194812,35.67861109007904
200.60430819657884,96.23933767155935,39.279118301807515,35.67147917670746
211.32718684271003,107.73347577404019,37.809885362572444,35.85419105463153
211.88240733569415,106.43508514309704,37.80926664985861,35.85366987968923
213.33624199569348,105.9664120806747,37.808271714930754,35.85246416136755
215.65354601727273,106.61669479487651,37.80284028844097,35.840524926964164
218.9650946506785,108.05742319519652,37.80253145088964,35.83998805964326
222.30054868368842,109.18720838482662,37.80226623765307,35.83960967028172
225.2491448661905,109.33287919621702,37.80138849362057,35.837657836605395
227.38580050464466,109.27071903609041,37.80108508643269,35.83710566609495
230.41629969380267,109.53328773663607,37.801051769304436,35.83707135719723
233.08149181258855,109.44342851627172,37.80091207290087,35.83700310089587
235.4003999710315,109.3201390132103,37.80081252618709,35.83691074330735
218.40872715216292,97.13990185547179,37.382779532332435,35.17816279926287
230.0788738956929,114.58029492208804,35.61912712803616,35.62771037574718
230.1592594182505,112.69291286241459,35.619029239301575,35.62758383385446
217.76609010528335,98.36521809182364,36.01421071496739,34.230349626257066
224.46010969769867,98.69159139026334,35.844944418320296,34.15883796132345
208.88955012909318,98.73033358434921,35.41473443871001,34.23302523607838
211.3828728266423,98.74626182131703,35.41439046573092,34.2327444083942
214.6798550287932,99.42715788077928,35.41325671938805,34.23104731357858
225.5857574600554,113.32452765504179,33.530931455862714,34.533613062905125
226.79667617627643,113.13543068233605,33.53092706175073,34.53360456996212
227.46453116555875,111.91566622215707,33.53092033693212,34.533597395654546
203.6818027552568,97.61757074566896,32.363890432682496,34.84051222558388
215.33079486019273,117.75762877432817,31.020221408357525,35.09415623906625
219.01487255525112,98.39633133995952,30.924988534109875,34.726640328994954
198.47273113350013,99.45988191436217,30.53437590031695,35.25729836979537
213.02340226248572,103.62834184802028,31.458367046886764,34.49103098737295
215.9753587182389,102.02105804757502,31.45288209863723,34.47857832459157
217.77851892824484,100.05985351999884,31.44806338188771,34.47572182913055
218.35230381610745,98.42923285563465,31.4467338405375,34.47315156957156
218.80504977518902,97.8213180320153,31.44662264823495,34.45970861282162
222.94111818057843,115.38202473045982,30.7932092299427,34.63311790880368
223.48211366822702,114.1115618449326,30.79304911382978,34.63286950650303
224.88245890222603,112.20937577506479,30.792122802173314,34.63221511501918
207.18535937793175,103.29255131738086,30.885998364433785,35.19641098168098
218.00701131567746,119.78561155663765,30.791024795949166,34.88094098534513
227.71018351471005,98.55996112804715,31.411085732356653,33.35093767382496
228.7274222010217,97.8477631851419,31.410986649909734,33.35039392721968
234.26769207381767,116.37073470955998,31.0619456225795,33.2978476374167
234.37613377709113,114.41940318614205,31.061923911083785,33.29780239224513
226.01731765545583,93.38270713700538,32.9275063267787,31.7708374348544
237.75090690459615,109.48580278926526,32.309630120368205,32.05940855098894
238.0418978675502,109.3803913123452,32.31078391852777,32.05374040165677
247.82042624206917,118.78698565473681,32.35899946258065,31.9302756853794
249.92324001465863,118.34077639646331,32.35893212476868,31.930177588919793
252.5887274452955,117.71899783012354,32.35888892700815,31.930133161006687
233.11223397563296,110.61342578697001,32.254876659790206,31.565282755736607
236.6833937016773,110.21098861996434,32.254902636168374,31.56503477386432
247.12492362827626,129.5491067454628,31.846141260143263,31.499001312174038
251.38696752146942,127.6135966363522,31.8460965569479,31.498864599471776
254.60854776915457,113.96421268154492,32.52036722536541,30.5765784319379
243.8217925069843,114.05121899796045,32.28905101325572,30.236066735734234
255.51278908478162,131.32916501013844,30.62015256896483,30.290121915968108
254.93835561310595,130.53771348179305,30.619923977037857,30.289752396326787
254.64467592760116,128.8910614991615,30.619871348344972,30.28956428280875
255.6641586929262,127.42327393081496,30.61985554570695,30.289489070838492
256.6270197853146,125.51343122726183,30.619814117499104,30.289409863839513
258.1235190010384,122.6141965150192,30.6196175907298,30.289283859857992
259.4525470440331,121.6105096754311,30.619570557017042,30.289247966432853
259.16069008554217,120.9929445384227,30.61938241301333,30.289133847100985
226.392065503679,110.83522712363704,32.08133708211081,31.726080136022887
235.3848832129288,129.96106869925606,32.05850264322545,31.945935528486018
235.97275102648197,127.25620228803031,32.05848711175356,31.945909783127462
237.77246412307832,125.56023912927384,32.05847693609318,31.945890500130755
239.76963581454913,92.4509615603368,32.43740025008154,31.947267293278273
247.50270199764267,105.59565489834914,30.88627166044471,32.256227327458674
248.0640218541982,105.45809355723432,30.886280544097296,32.2540202369775
250.12782183957654,106.43853716025926,30.886299839850633,32.25346935848042
253.2684617477988,106.52219313556421,30.886145568907786,32.25321943711304
260.8950003606779,123.69877137642986,28.894513388620812,32.13160745001064
261.8943392816912,123.95467352652742,28.893776563745025,32.130800683613764
263.61625867889734,125.59949546718204,28.89368862763964,32.130248150952596
267.5503508034604,127.65860267087466,28.89379003448896,32.129812044806364
270.74086562674336,123.66383282650352,28.893991219069267,32.12986265502688
272.86362632509275,119.56569031354177,28.89443625684924,32.12932360715891
288.1001760695973,100.68701744705334,29.34049570338696,31.81585330009669
283.81585070556775,108.27482741801575,29.35940277910229,31.835324605730484
277.66946210562867,85.94216144451916,33.4035608993907,30.80649990599515
284.9849855850074,102.5879669449019,32.936087205708844,31.47307982319842
278.7363560642889,86.84302860086453,34.01808593220444,32.04933842350461
276.6133417795059,105.20319805603077,33.607850673492855,32.29388522484202
268.8841868388983,93.2847327645942,35.004597062886745,32.799879375830415
266.723691962853,93.9810629794751,35.768949527837385,32.09601802930148
264.94233280625264,92.87364714455538,36.375116050800756,32.3230834332718
263.18594115587734,90.93886847196514,36.22737259907942,32.69368910494458
268.98610611637434,90.95064594222384,36.48878755876175,32.82372423264826
266.3462946531317,87.62943568753725,37.47004536912765,34.47149676228511
269.9244966385644,87.76413419035715,37.46726354868337,34.47284473602688
264.97295840409623,86.00472302997493,37.45090356284677,34.534733081571595
268.94596432165173,87.88211697807067,37.48798117475721,34.53081159849656
266.89942401136835,86.2092269440368,38.68109221753467,35.118945582732515
265.3298080627227,84.07732426637247,39.14509051230215,35.184047649029196
268.867764595153,83.10316498197389,39.726398287895705,35.205961622451284
274.53628927465434,83.09017282499266,39.841193144286116,35.13636216226434
266.82066654066705,82.99777903973566,42.37556704548821,34.24721422405031
265.1015477704544,83.67726752502304,45.46330805538072,34.513429776478176
264.76296159446866,85.07634468152688,47.06724799501386,36.995321449646056
265.823374663671,83.1193030558003,48.38816618415437,40.02657378326396
265.42050807047815,84.94359307477762,49.790304638255535,43.101154965859834
264.987322562439,84.03475184658878,50.99900667635803,46.4491536558725
263.58087340255827,84.74429782813843,52.3693216735944,47.898661346017214
259.4917262061615,88.98510436085301,52.32041841929317,49.62536985193813
253.66529933088054,90.39220547790953,52.27592834356119,51.162954708126605
247.50932526646852,92.06817408415473,53.3120538329199,51.37288711691307
239.8328863889991,92.96778902697412,53.650252632780635,52.36422296041554
235.59982237914,90.60732433664066,51.31752200992072,51.50529832954679
224.5870951978543,88.51700983563268,51.850909035455956,48.59640210878443
225.37118578797245,92.73512015272627,52.16604461051445,47.02686066618661
216.50781538997177,89.23377673979556,51.08153853456756,45.24144534208466
218.86939849043557,92.21835502530367,49.543850782507775,44.87373683015047
217.5686144066581,89.49650795985835,49.65762645814989,43.837331283001554
223.75219448108354,101.71039179294195,47.19264984201386,43.69937951954434
206.15123038597335,92.16558101160675,46.93036370728302,43.64978179815712
210.97603352945305,97.89812556230963,46.95842694547015,43.448507622898795
209.76000605570658,101.11257674940556,46.950982991595886,43.447635262745024
199.23015646466936,91.58760174369469,46.830706664026785,42.35464856762379
193.16649764973542,90.12744908677811,46.452120096201796,42.2863378917719
188.34627754829484,88.51664634857433,46.386737354441806,42.294357276184236
186.94162194279443,91.47699048999166,46.61635024123917,44.64516862713863
179.83093229746288,85.26968581635953,46.08541305698773,47.517538785254956
167.72132523709095,80.48426062633106,46.01508974792199,46.91513324490171
159.2257874820161,79.07098602489356,46.003393880508234,46.17562762676232
155.07191498022752,80.25761282859824,45.74198700572847,46.52835573169425
142.2590900884952,76.90793087351273,45.31047164331906,45.775954581440494
150.40531643600607,78.7021067010168,44.14534305260638,46.68213884943649
145.33052705590552,76.74165950356536,44.1020678851952,46.371844470230485
150.4556947747385,84.3886076940023,43.65759296693838,46.43699025702016
140.7603909699328,77.05331201268498,43.98670384193063,45.934250358973664
146.3570624271253,84.0414448567855,42.9742862968084,46.441449865474766
146.3703516549457,83.23432311764802,42.91785967163216,45.97233791696139
141.3968625774769,84.73518572925235,42.908800305207485,45.94258420559356
137.62456221551696,86.18967291403003,43.6514272093947,46.4034213709198
145.25242497488088,91.01508525537827,43.39421777343049,46.390994858694526
147.29416601513464,88.7117119967244,43.195414295141624,46.084123288233684
148.43844576904155,90.38028023095109,43.21984736011223,46.00628919748111
143.89184924182695,88.54397351848017,43.10458532878703,45.30715417500473
148.72475626150563,91.9079092191559,42.8660135684824,44.62262727133394
154.36748900796368,93.11454062170256,41.932390002141034,44.799087576439604
155.1688868807011,91.60411887169103,41.922976853635745,43.744130657608906
161.1390417445923,93.29200440248836,40.73383919158822,43.64892700362228
168.47211940430273,96.48992989179806,40.16464870828798,43.184378572457724
172.56069893438425,98.68190675551864,39.34100479628779,44.01618602970893
169.09695078388125,94.24904148499252,39.43935757312383,42.8897061825776
173.8993613481574,92.62880632627312,40.16524208727173,42.02071280830496
172.43403802082463,91.66694830135475,39.95822394701544,42.22580963073233
172.24616971690025,83.87461010292802,39.58321060922362,41.861765095578946
172.58246068596753,81.34449566957616,39.48002111379232,41.47259258365108
173.9005238575881,77.12209234567413,40.12111192028568,42.390883747598934
175.2165991738701,76.86108579123697,40.91792971728712,43.19838784615831
174.76550848970442,80.19554245128691,41.10407256051391,42.85980156005502
183.8637171566963,93.36454260956334,39.864825712980334,42.96789766379024
187.5620908516361,104.00109141127311,39.73312110493059,42.92113367853478
192.35821117966748,111.76153117345295,38.80203138117989,42.63486089703398
201.97495473696506,120.47883120773301,37.76168238914328,42.80637235496312
201.93086301921235,119.57574860521049,37.76253862000402,42.80286901905356
210.69794160609968,130.9031293364378,37.718179038392485,42.10810664107161
211.8026784648865,130.69565247988876,37.71799701736729,42.10457545774826
213.3096177781667,130.58618405276042,37.71919622016782,42.10017236692702
220.6267265780271,133.31148918430716,37.68926099959742,42.02310918101251
220.0682123155569,129.99248145073338,37.6901710934465,42.02031654269131
214.49480210403343,127.47378225263296,38.781279770277635,40.75202512718561
214.18759825281228,127.13583926875992,38.96612439741592,40.45812457015904
210.0626539795279,125.4867704140804,39.03152178645291,40.37328431702421
215.21517603793075,126.5668873460667,39.00325207608032,40.60022148309615
215.9484445761177,124.16345265210006,38.99737366917818,40.5992023631864
216.75462652229072,121.94616846284266,38.996562015296504,40.599204720735635
197.94407215022846,106.12387597819904,40.54676698134485,39.59814454842132
190.39276799124258,102.13458920080889,41.706561426025566,38.90582348039889
183.65699649965444,96.1529072481272,41.542082795127136,38.284007103169465
182.8631491094759,94.46798780904263,42.01198008154961,37.320913985946774
182.63176118055418,100.41218597563488,42.44914597302557,38.50341094042095
176.04656793080545,97.37529079642208,42.18050850096543,38.046033791674944
177.2102567914496,99.32767639958244,42.226814947539005,39.10338740987814
176.21410752655552,99.19912511772272,41.76308430061518,40.82628334479816
176.27883258440758,104.23771314320445,42.23065332086304,40.02927678083421
172.35186017496918,104.004738503283,40.93004854104601,40.23610875539835
173.56115232972078,105.8250694719427,40.47545432382033,41.157449000085776
172.02011032539812,103.87704828649944,39.9695327897105,40.52887799054015
180.6122173993602,117.07446851017654,39.33101299298264,40.750597525485745
168.16516783645153,99.39241215505089,39.16216007717398,39.64688339247534
177.62698844046898,107.53600781616299,38.70600811169281,39.73621222711147
177.89118865780964,106.73216173913977,38.70502801898002,39.734515076043195
178.1801978152528,106.17839278404986,38.704579188804395,39.73394530018021
179.77840187683015,106.51634566924433,38.70453403790924,39.733757420053884
182.93152427666058,107.59735748377535,38.70446590069345,39.733414727805176
186.108584891478,106.75627791784277,38.70443059329982,39.73327329204341
191.08077753939452,105.6375422025924,38.70415235313084,39.732676380335285
193.76101376004485,105.4356421415975,38.702460295893886,39.72498653879358
205.30447049690878,117.99368169426288,38.60150492153126,39.588899346304636
207.45331282580912,118.19392552784264,38.60143483816295,39.58866339552045
210.9057503735151,119.29690526201935,38.60142071610915,39.588536646969885
214.67244157767493,119.13840921534386,38.601394497517255,39.58849762502737
218.24822981498016,119.25246748667332,38.60137356108429,39.58847382731491
221.6207296534322,120.1762376648853,38.60136232564755,39.58845525281233
224.47553010503003,121.04833421724624,38.60135757952581,39.58844866866696
226.44270843387642,122.25806392455509,38.60135522710041,39.58844525914568
228.21323188661745,124.3828837001335,38.60135351052214,39.588442834911454
207.17394398451674,89.39929644436452,37.72680812942084,38.24726773707442
210.3545209112989,90.96582542996642,37.7267773608785,38.24715816446072
211.71534031039732,93.12284477511409,37.726742194654875,38.24704903196569
212.4485551820032,94.17850554215427,37.72666622551388,38.24686202699909
213.45094151669852,95.82424928332664,37.726605422502026,38.24644643643901
214.19058003812532,98.03176857104485,37.72659752656765,38.24637349058023
214.22099063460772,99.12549330800874,37.72666884103678,38.24564701050316
213.90662112812603,99.44009720578522,37.726739843765316,38.24523841500817
212.40414798393937,98.40815473766659,37.726754920667105,38.244982316165476
210.95255489371488,98.43065212857496,37.72674095157995,38.24484151965833
209.83359991578757,99.43860659110074,37.726723232187325,38.24468681747666
211.09912631776263,99.66000634339487,37.72664886947566,38.24446708893706
212.5430885227725,100.34590825543833,37.726573313520824,38.24415922699307
213.92437788990244,100.54058332807313,37.726457910483454,38.24377921836596
214.68918476284603,100.46977156665874,37.726421300636055,38.24337363457775
213.24322096293247,100.96320053209466,37.726220432903375,38.24242474844848
210.7981236630002,99.60746174288036,37.726453313254936,38.240162931735476
206.39734717103192,98.28738454282725,37.7265908537711,38.239744068673374
203.75160704094077,99.2896307528575,37.726503788361356,38.239135010429266
204.4385889589055,98.44642747221448,37.72675400558587,38.23851566705985
202.61375887124638,98.85881930799542,37.7269402753408,38.237876716529165
199.45910469196508,98.14887767824848,37.727318236869685,38.236632179849956
197.50387010286897,97.50113156568631,37.7265179887161,38.233255748815864
197.39688140770335,97.42568734516014,37.72621642776003,38.23256220212957
197.54879921241175,97.69059628693248,37.72540964028844,38.2326765790982
196.86176550671294,93.2975385807608,37.4819376458633,38.25512107011587
204.3914228907696,94.9978899368239,37.504162985477,38.3232766000246
210.7418545499261,97.53445607687325,37.44536376170749,38.55566628495275
216.24923558473162,95.26155216151432,37.44513950337574,38.55431110602704
220.1870440816895,96.60802069546807,37.445372710113055,38.55262126292728
222.86374354107272,99.69200652024188,37.445311556086615,38.552267411231256
223.28597789150683,102.28208034350669,37.44528981232973,38.55222402037787
227.35571707552637,114.94431169276389,38.03411439991812,38.779210143884974
226.94046685042883,113.32711301182957,38.033996051380434,38.779102806046595
227.53980001204195,112.01264834406311,38.03390760901354,38.77890750016105
228.7253683849213,111.38572367152102,38.033883209904054,38.77887181449875
229.86038839746067,111.97563829647731,38.03387535225999,38.778859883502506
231.35822208798834,113.49537111743658,38.03385158692731,38.77884679437938
198.6623183397212,106.69009224506226,38.88046255025846,38.72247529413288
197.04539653872394,102.98874084954699,38.880370080857126,38.722447620228145
197.24765525309036,99.71715444052059,38.88028125338925,38.722457615557545
196.1180506164106,98.08856115818509,38.87823001725777,38.720226169516884
197.2745205317868,99.68305788943682,38.877982351880135,38.718486897458355
200.62851171415474,99.4687406454951,38.881668478507805,38.712721959358376
205.48714222411732,102.22535927120741,38.887940135279386,38.4194353838981
208.30648577509024,101.34723598429119,38.88883423679423,38.417834410199426
211.28672785005463,107.99560442101912,38.92725574558738,38.38266465252724
214.39769645201625,105.67126111811416,38.92721757425693,38.382644822179955
215.81532671407456,104.35148750223313,38.92720051365655,38.38254361644201
216.90759225602233,103.12875915051512,38.92719801900969,38.38247157422678
217.06002431385105,102.75482853973679,38.927186120788065,38.38244506518499
219.01608395731685,103.0359322158444,38.927172870996344,38.38243676911831
222.1296225860731,101.9741364174384,38.92716880608026,38.38243503554698
186.94425618195928,96.34951833977848,40.26314209282356,39.55324864448011
188.18163689017263,98.22700285266677,40.17879086125708,39.48703417726676
186.34564098974565,98.89214122298131,40.178781538682685,39.48697944725019
186.32793172817765,97.80736684264645,40.1787804039923,39.486977312229
184.00268053144828,96.55166749685716,40.178777731533074,39.48692309052325
184.4294226449209,94.45770499330716,40.178761386267375,39.4869027317175
186.53459854759595,93.27781202131592,40.17863563987719,39.48680107575491
186.73576392966334,92.93825201590231,40.178619777094326,39.4867718761291
186.20179840805466,91.84872510873926,40.17859997554702,39.48674067420458
187.32830584440106,91.14283941846102,40.178571772394626,39.48671631940188
188.53332153577827,89.43270094772778,40.17852974663479,39.48668705511883
187.84182190799407,87.31111104309079,40.17814501286911,39.48653018684156
182.83646948373902,82.4520299896237,40.10376399254377,39.42629187263316
191.37423192516255,94.78888057467827,37.29472146290713,39.002903507699784
184.02528925491097,88.94346536862182,37.273480102055295,38.93097661848214
185.01643661280008,90.23831732463711,37.27232576141446,38.923948640289446
184.51138295466683,90.65357858881339,37.27193586527095,38.917988303900074
184.7784365882214,90.81124363630684,37.271890089651215,38.917773005074814
161.94505977934918,88.99359639034714,37.597720398069505,39.22318296788045
162.2591161260622,89.36637263377956,37.59723746157097,39.22109328199523
150.0327466664822,83.55668333192628,37.52630046215182,39.05063595583117
144.43009485623207,75.87894831207156,37.50258396393873,38.87173461950303
144.68912162345248,77.41796645293351,37.50157807315941,38.87023785422811
144.9792869008743,77.5176183064813,37.499802565827814,38.868747494114544
145.65698741731077,78.07034000048768,37.499695879764275,38.8687211192701
146.37820130598072,78.60331227067671,37.499623019950576,38.86863649271802
147.04463128874423,79.55374959579416,37.499534236483846,38.868541805022794
147.53770440731154,81.30330666956752,37.499407253080015,38.868392920842766
148.59690169548907,81.84536478695678,37.49922108508064,38.867983780256765
150.93279016594946,82.31313229866699,37.49929530230196,38.861169231079515
153.83485585641807,83.92750451255478,37.49924965287104,38.859842272328606
158.3811813979911,86.39385053713848,37.49922228035736,38.85974976768633
167.31015843647282,100.30779968854506,37.003740737573565,39.33593052065929
161.83559185580893,73.10671409197582,38.1049286855835,38.538882963797775
162.9697257243434,75.20244472884106,38.54211744379962,38.93152765854265
165.63698513756086,77.0159279021621,38.48341982631856,39.364435369670325
167.10415294241625,76.08177119087887,38.48630931998608,39.358035848206036
174.5234180982594,86.30404095407582,37.73336269512832,39.43470222391177
168.86350751392374,83.979489952103,37.72011120144615,39.35896740153293
174.80515418641085,91.62645614100741,37.27053844515606,39.55381123069433
176.8997963516951,89.17454280055199,37.2498289246156,39.5509754474633
177.3548158796877,92.22589140667463,37.21642005566501,39.52271108510207
179.0125380373728,90.93193249976808,37.33089379106082,39.31841712790381
180.42711304984797,90.32484141756309,37.32024643067648,39.29999085477564
181.82932492181544,88.39866686659659,37.31265143353722,39.282243273206475
182.5619024163953,84.70046443574012,37.29346352258644,39.26871123001218
182.7524018577883,79.31052208504052,37.21317561592426,38.73446991670189
183.31118132791622,78.00463496602407,37.21069619780125,38.73390084342499
184.2728400460988,75.4900445096152,37.20799753394285,38.72823115886112
184.11097597745822,76.1840796927429,37.20817178123411,38.72728282763227
183.939983086028,76.5778693511917,37.208937930276896,38.724437104198586
184.72058820638466,78.16138658498109,37.209968051730904,38.72117283544181
165.18354638396167,83.66185325969002,37.30328158549292,39.375288810059594
176.493895671949,87.7303397690193,36.54891410998215,40.117334574970386
177.92268189269453,85.32452435767846,36.440168887500455,40.045671292122286
178.65405358480524,83.18317259514387,36.4037366385711,39.94786019545682
181.2037708841087,80.1957286736484,36.39985829911942,39.947192618525904
189.40617813598735,83.97705334485336,36.265486758008635,39.94143090276392
192.36264687002756,81.92220716426391,36.2652170412405,39.93957007180416
194.04756313741643,79.90981454921254,36.266368345497796,39.93570787911636
205.86928728649855,100.02816030151149,35.258240710785664,39.615035814215716
207.28696559529766,99.63055599689781,35.258198128603134,39.61479761033655
207.07831184860245,98.98204526788943,35.25815747555493,39.61472460405125
205.00980762636456,97.53705176287247,35.258131980669155,39.61468933625314
184.7652032597126,80.02750680198426,35.38281205796721,38.48940822531473
197.14626058505917,92.36759725040017,33.69767990544298,37.87500224608546
197.88190814403572,91.1679163145161,33.69752672188475,37.87391436504595
198.51679174165872,89.59454190996462,33.69739556160423,37.87354198312414
201.27082942568714,87.94736866843276,33.6973668205921,37.873445097276125
203.4683920056885,87.22551471230813,33.697267390722445,37.87310865794761
206.81167070070654,87.11300241299085,33.697267293624606,37.87303761198892
209.8198102546313,87.76006825303455,33.69726168431021,37.87291990895234
210.94985308388917,86.69979725522862,33.69726208536479,37.87162977222469
211.2028990554088,87.09616569694377,33.69724033895406,37.87114453531311
185.45978715040508,93.53083583671983,33.79107294412756,37.77183904580005
187.33691171790298,94.8100218690876,33.79165703056731,37.7684830218665
188.48643700959641,95.48118323782295,33.79163746639123,37.76841885697426
159.51356624003552,90.85990726306854,37.5634326248978,37.40481350362663
160.62755966078862,90.61994339561363,37.56331314827501,37.40469735044441
161.51850971419137,90.74862279099436,37.56326492917246,37.404619326646895
163.8575959720688,91.52996560444234,37.56325260399989,37.40461418261531
167.41463639461278,91.90872123335046,37.56324074389729,37.40460649392521
169.55385254217748,92.97718405182937,37.56323604962844,37.40460393168967
140.31904612881374,77.18845486565071,36.375961821912604,37.60087677243079
154.06838778639673,93.38819994045198,35.89540022610694,37.579850367945426
156.2038595038895,95.19447984988365,35.89530744953818,37.57960978011541
157.07698549988928,96.74682214605788,35.89512465042497,37.578819898307735
158.13129434033806,98.5597185515936,35.8950858898918,37.57829697706783
159.83761079227617,100.40838886953068,35.89502727724479,37.57807223932599
161.93317732041692,102.31805575465614,35.89491089500508,37.57759065527809
163.6171935543866,102.46051614085124,35.89483125070459,37.57738228690057
165.45072619094572,102.34615196104583,35.89478057643282,37.57732255377895
167.3408710392132,102.82094277710061,35.89476074111915,37.57728171556512
168.88690415813684,103.45722241724383,35.89475030084879,37.5772664616535
171.14687138165797,104.12398595258934,35.89474383232216,37.57725396215235
173.2621559341352,104.8168876962163,35.894711188244166,37.57720029179297
174.91534936676567,105.84738380082945,35.894665971085026,37.5771185458998
176.43953237829956,106.53481434149795,35.89464074544157,37.57705790821208
178.38537599354328,107.594637582627,35.894635662933844,37.57704915369142
179.89400020943685,108.37000908231727,35.894594853674775,37.57696843343991
182.1168516736897,110.02759106792652,35.894558238340494,37.57692635133576
142.37082913663681,102.39545167768858,35.94937034125486,37.92575885037856
145.68628428645803,102.7015234084626,35.94936280879382,37.925737864931435
148.1584136486603,103.61497018026344,35.949343223946194,37.9257057028605
151.06574836936989,104.03657651187292,35.949327655970585,37.92566803363339
153.59224966684206,104.51374645025942,35.94932408064905,37.92566032973105
155.7901190735546,104.41906025097707,35.949318146862666,37.925647358875686
157.36481173271312,104.76400930693069,35.949316373467475,37.92564535368844
158.60521517089484,104.33110487280119,35.94930607265028,37.92563864205622
160.1944710019781,104.65715870814603,35.94930412270306,37.92563773329892
162.2368877457717,105.76600668725911,35.94929710453722,37.92563438867443
164.3938764727897,106.15037873659043,35.94928687843698,37.92562605642263
167.1352059553668,107.03898398168384,35.949282961653125,37.925622702389965
171.8983827570769,107.4769820985103,35.94928128694391,37.92562007816546
176.95907116703734,108.55299788999518,35.949280504620674,37.9256184863456
181.0230090497962,110.50723299046749,35.949278159818284,37.925614862930885
184.99043748783967,112.2177460055055,35.94927674485196,37.9256124401089
189.10497650646658,113.96325887463784,35.94927509309618,37.92561048075961
193.5116253072134,115.93505472667243,35.949274763331076,37.92561013296789
198.19836351156235,119.27449733061368,35.94927438307551,37.92560990814813
176.28976508891705,76.66974249432717,35.96117719150088,34.9855147833579
179.5469016242512,79.59534470148208,35.96117585697759,34.98551047280784
182.6759858291638,82.78052362246319,35.96117566767244,34.98551014427335
186.0237719556056,86.07299375875317,35.96117531420286,34.98550935152129
