193.9074,24.4821,75.7552,79.6848
193.0882,27.0826,78.6960,73.0723
193.4253,28.4433,80.7476,68.4643
193.2250,29.8893,80.9193,65.6366
192.4095,31.2401,81.3969,64.3241
191.5084,31.4922,80.8804,63.0287
192.0493,31.5929,80.6789,62.8611
192.0923,31.4728,79.5825,62.6466
191.8865,32.9275,78.9553,63.3102
191.6233,33.3055,78.6208,63.0716
191.0795,35.1180,78.1653,63.4936
189.6955,36.8995,78.0234,62.9479
187.7927,38.4162,78.8541,62.6922
185.7496,40.1146,79.3174,62.6587
185.7646,42.0412,79.5903,61.9738
184.8750,42.5502,79.5056,61.9445
183.2786,43.0201,79.1593,61.8990
183.7602,45.3400,77.8671,61.8284
183.9419,46.7760,76.7484,62.1633
183.7316,47.6673,76.1268,62.1943
182.8305,49.3510,75.0451,62.3047
183.4678,52.0795,73.7748,62.4340
181.2596,55.3132,74.7464,61.4898
181.9960,56.9663,73.3356,61.7289
182.0797,58.3920,72.8818,61.6285
183.5011,59.0880,70.4964,61.6879
183.4631,59.4266,70.0619,60.9925
186.4195,59.3289,68.1392,61.9382
187.4108,60.5172,67.4397,61.7659
189.0425,60.8719,66.5723,61.6703
189.8773,60.6445,65.7630,61.3487
192.3272,61.2195,64.2071,61.2072
194.2996,60.3236,62.9702,61.4188
196.1394,59.2107,62.1163,61.1232
195.6763,54.7994,62.5852,59.5206
202.6257,70.3243,61.5049,58.5152
202.2273,56.4088,60.7388,59.8183
204.6208,58.1400,60.0678,59.8298
206.0580,59.0166,58.9273,60.0248
207.3566,55.7978,59.3188,58.8235
210.7852,56.9625,59.0667,58.2411
214.2138,53.0066,59.6390,56.5480
214.0149,54.8615,59.6051,56.4922
214.9003,50.4519,59.7660,55.7259
218.1823,51.6345,59.6037,55.5726
222.6233,52.7223,58.1852,55.6429
226.1815,53.4682,55.9351,55.8879
221.4935,49.5953,55.8180,54.4458
225.3510,50.2544,54.1180,54.4170
227.4049,50.5760,51.8120,55.6115
221.3708,46.8575,52.1569,54.0820
233.6733,72.8043,51.7677,54.9995
213.9286,42.0839,52.7375,53.8569
218.4755,68.4049,50.7601,55.1834
213.4264,43.5303,50.0361,55.5254
217.0041,69.3292,50.0216,56.0670
205.2691,44.1699,50.1866,55.7484
212.4768,66.1510,46.5845,58.7874
213.3895,46.1409,42.6864,62.9899
204.0129,42.7405,46.8406,58.4724
207.4239,68.0194,46.9705,57.7989
212.6294,48.8132,43.8702,60.7568
204.0915,45.7962,46.5193,57.5673
194.0278,73.4627,50.0654,56.5747
203.1632,53.2188,49.7927,56.4814
209.3831,78.6116,49.7826,56.5442
225.6852,100.7364,49.9376,57.2326
221.7184,100.3497,49.9769,57.2016
184.0663,60.0640,49.7486,58.5768
186.3732,47.9991,49.8128,58.0867
187.9486,41.0161,49.8645,57.0735
178.7773,71.6745,50.0491,56.8930
226.3981,99.0999,51.5782,56.1993
221.8436,100.1345,51.8784,54.7579
161.0848,64.1058,54.4873,57.9721
155.3238,63.6981,56.3996,57.6157
153.5304,63.8847,58.0480,57.1108
151.1668,69.7159,59.3396,57.4806
147.7826,68.2621,59.5473,57.7640
145.6074,67.3907,60.5626,57.3699
142.3784,67.6067,61.0909,57.1250
140.1885,68.7115,61.4340,57.2742
136.9204,69.5351,62.0438,57.0997
132.7849,71.2844,62.9914,56.3791
129.8953,79.0330,64.4533,57.2975
126.3196,84.8398,65.3964,58.2476
119.2806,84.4818,66.5788,59.1764
121.7861,85.4811,67.8633,58.1730
108.8519,94.0931,73.8655,54.8982
106.7121,95.0819,74.5958,54.3619
106.0482,104.0462,76.2459,52.8117
101.4931,96.2252,76.5518,52.5027
114.9057,114.0422,77.2924,51.6622
91.8220,105.3456,76.4920,52.4394
93.1727,104.6393,75.7225,53.7962
90.8028,109.5145,74.1203,57.4490
92.2565,109.8650,73.6348,59.2642
87.1657,116.3594,72.4007,60.8194
91.3045,115.0346,71.0871,63.0681
90.7459,113.9559,72.1278,65.0207
89.4866,114.5316,73.6773,66.1314
87.5458,116.7619,75.4290,66.6757
86.3247,119.4432,76.2715,67.3613
88.7237,120.9861,77.4593,67.4954
83.4376,128.5618,77.1649,67.3929
88.5801,127.6545,76.6421,67.2056
91.6760,129.8969,76.6134,66.8079
99.3527,128.9769,76.0976,66.0423
105.2688,129.0674,75.5084,64.9727
112.9360,129.3128,78.1201,61.1737
116.5152,126.7378,76.5968,61.0797
125.4052,119.5338,78.0416,58.4441
121.2852,120.3786,73.7269,62.1720
125.0934,119.3359,71.9235,63.0314
124.9796,116.0029,70.3303,64.4002
129.1108,113.8588,67.7124,65.8516
133.5817,112.6485,66.6210,66.1411
138.4679,112.7174,66.6918,65.8026
145.5526,109.7886,66.6360,65.7905
144.6780,107.5227,66.6359,65.7907
146.7325,104.2159,66.6358,65.7908
149.3077,101.7884,66.6306,65.7940
160.2402,95.3632,66.5367,65.8088
161.0504,94.2216,66.5360,65.8081
174.7019,74.3941,66.0504,65.9001
184.1587,92.1417,65.5248,65.5211
175.0426,44.5053,64.5492,63.7065
192.7929,73.8106,59.8991,66.7778
187.9853,20.0830,51.8513,72.4939
186.7791,56.7522,57.9137,66.7633
205.1869,81.0117,57.6868,65.0437
220.6646,104.1034,59.2823,63.2535
228.3145,108.7673,59.5674,62.5853
226.8712,111.7500,59.6464,62.3995
181.4798,52.4103,62.1151,60.5983
203.4367,86.1958,62.5399,61.5322
204.3790,79.4739,62.5511,61.4853
206.8357,92.3108,63.0831,59.8382
207.8080,94.3344,63.2984,59.2954
208.9976,95.6936,63.2739,59.1405
222.2381,79.8659,62.4335,59.7832
222.2649,89.5508,60.5162,60.5414
224.6763,74.1877,56.3088,64.4664
226.9170,82.8262,52.1194,68.0144
227.8573,75.6097,48.5051,70.9846
229.0368,76.2056,44.7135,73.6405
229.0825,77.3246,41.7816,75.5760
220.7633,98.4279,47.8933,67.6500
218.5238,92.2229,49.9462,64.4642
216.2839,111.1628,52.1987,61.0467
214.7513,103.6908,52.0705,60.9869
217.5673,121.9571,52.9341,59.8448
210.0778,108.4247,52.6692,59.8851
217.1642,96.3999,49.2795,61.9261
216.1377,85.5249,47.2026,63.2033
213.5042,88.7020,48.7088,60.2927
211.8712,90.3044,49.5963,58.6638
211.8868,84.7662,47.4733,60.5132
206.5883,84.9240,48.1850,59.5011
212.4710,87.8240,46.8321,60.8926
217.3862,91.2993,46.2080,61.5467
215.7620,87.5195,45.0868,62.5876
214.0394,88.9809,45.8329,61.6504
214.2862,91.2986,44.9270,62.6173
212.2132,86.4361,46.0728,61.1896
217.6396,95.5352,44.3560,63.0775
216.3980,90.1887,43.5390,63.7994
214.6806,90.6769,44.2075,62.8959
213.4058,91.1095,45.3693,61.5545
214.0769,95.2412,45.9486,60.8134
213.1119,94.2345,46.7013,60.0544
210.8151,88.4798,48.0678,58.4424
216.4860,100.1782,46.3684,60.6542
216.0347,93.5477,45.3719,61.6566
214.6911,97.0675,44.4703,62.8669
214.5999,101.0391,44.9886,62.4401
219.2922,94.3660,44.6006,62.8420
211.4477,97.9424,45.1650,62.3987
209.6992,141.7668,46.4280,61.7763
209.2248,97.8299,43.4717,64.6313
209.1170,89.6166,43.7850,64.2961
199.7197,100.8013,42.8736,65.1940
199.6129,108.8888,41.8256,66.3207
198.3972,103.0948,41.5494,66.6236
197.6561,106.2517,41.4435,66.7349
197.5052,123.3916,41.0542,66.8803
184.3024,104.8571,39.7070,68.5584
184.8293,102.3075,38.2619,70.8614
184.6792,100.2034,37.4693,72.4268
184.8044,100.3840,37.3554,72.5781
183.8792,96.9629,37.2197,72.7313
182.3343,91.3735,37.1564,72.7553
178.6880,86.0859,37.7350,72.0223
176.3166,86.8548,37.8943,71.8214
167.7386,79.5611,37.8142,71.8684
162.5979,71.8832,38.2365,71.3893
161.7191,71.6972,38.2463,71.3753
158.6910,71.4307,38.2580,71.3591
185.5277,59.5590,38.1658,71.4588
184.1167,54.5669,40.2059,68.9782
180.8182,56.1791,41.9512,66.6607
178.6819,56.4426,43.6116,64.8868
175.1420,51.8964,45.5540,62.6535
204.1865,81.4375,48.4168,58.5797
206.6315,88.2229,50.3974,55.8744
202.5650,88.5548,53.0050,52.8043
204.0162,87.9160,53.2639,52.3132
200.7712,87.7060,53.5196,51.7507
203.5338,87.2408,53.6876,51.2190
205.9871,92.4472,53.8505,50.9484
202.9964,91.4713,54.0091,50.6906
200.0871,91.0655,54.3526,50.2362
171.3069,80.5647,54.3621,50.5648
175.5041,68.3121,54.2696,50.6974
167.8105,70.2090,54.0229,50.5368
172.7793,65.5502,54.3458,50.2726
202.3645,84.7755,54.4350,50.2623
202.8566,84.8524,54.4066,50.1662
199.7828,91.0258,54.4264,50.0878
201.7591,91.4466,54.4692,49.9786
202.6400,91.6602,54.5045,49.8288
202.7784,91.8210,54.6032,49.6261
202.9188,92.0060,54.6771,49.4535
202.7457,92.0371,54.8064,49.2007
202.6014,92.2220,54.9700,48.9789
197.9882,92.4129,54.9484,48.8246
200.1964,92.4179,54.9823,48.7061
201.5926,92.1981,54.9927,48.5073
197.0918,92.2538,54.9667,48.0982
199.6388,92.1469,54.9695,48.0316
201.5065,91.7880,54.9928,47.7759
203.0616,90.6525,55.0566,47.4911
204.4319,89.7357,54.9719,47.3290
200.9820,94.8849,55.3634,47.2276
204.1754,93.6922,55.3532,47.2123
200.3463,86.4677,55.4212,47.2134
201.1119,92.3979,56.0506,46.7108
196.2616,92.7625,56.0680,46.7272
198.0280,93.5470,56.1344,46.7202
199.5344,94.4543,56.3217,46.6525
191.5444,96.8615,56.4320,46.6138
188.1131,98.6622,56.1957,46.6667
193.3655,98.3983,56.2666,46.6914
200.5143,97.1924,56.3274,46.6971
201.8129,95.7621,56.3391,46.7086
197.2083,94.4717,56.4143,46.7256
198.4575,92.6055,56.4638,46.7591
201.2332,91.4611,56.4902,46.8448
202.8281,89.1956,56.4613,46.9251
197.8232,94.6964,56.4641,46.9593
199.8573,93.4004,56.4939,47.0266
200.8369,91.7351,56.5893,47.1923
200.1783,89.6925,56.7315,47.2310
200.4883,94.0076,56.6822,47.3923
200.2673,86.6479,56.5280,47.6196
200.7247,86.1037,56.3744,47.7938
201.6509,85.0564,56.3515,47.8678
192.4783,121.5729,56.0799,48.5626
153.1349,103.2275,60.3431,46.8141
166.5087,123.4308,58.9515,47.7289
164.4306,108.9906,59.4128,47.5616
168.8365,103.7449,60.1869,46.7457
177.4161,123.1318,61.0371,46.0678
168.5020,110.1706,61.4834,45.6894
182.2588,129.4950,62.9585,44.2987
180.7206,112.8537,67.0394,41.1494
197.7195,130.8625,62.5534,44.5372
188.3017,118.4348,62.9287,44.2710
195.8555,113.6559,63.5367,43.6828
190.1994,133.9774,64.8871,42.5606
205.1463,122.6058,67.5978,40.4923
216.1324,124.9691,67.9669,40.0207
219.8670,126.1008,68.2054,39.7692
229.1631,127.3183,68.2261,39.5201
208.6584,146.3103,69.3257,39.2723
231.8694,132.6020,69.8125,38.9988
232.1699,132.3874,69.8500,38.9528
232.4941,132.7897,69.8615,38.9397
233.4003,133.3306,69.8673,38.9331
254.5098,149.7652,68.6261,39.6820
255.7601,145.0288,68.5050,39.7350
256.1936,145.9272,68.3552,39.7985
249.0584,146.7490,68.3298,39.7765
256.7831,147.2292,67.8644,39.9657
277.5607,165.3648,65.1783,41.8508
289.7068,185.7423,60.5864,45.1924
291.1343,187.5406,57.7313,47.4449
292.3503,189.6953,55.2993,49.1294
292.9416,192.3691,54.1168,49.8316
293.5058,194.8936,52.9883,50.4267
293.7192,177.5290,52.5616,50.5941
294.4048,180.4063,51.1903,51.2146
294.6198,161.5739,50.7604,51.2295
295.0066,143.1991,49.9868,51.1290
295.3149,146.4868,49.3703,51.3596
295.5816,149.7438,48.8368,51.5073
290.7187,128.4913,50.6945,49.9669
225.0216,58.8484,50.6741,53.8992
225.7850,53.4139,50.0882,53.9975
219.6121,54.3439,51.5697,54.0221
217.6773,50.3254,52.2364,53.3256
215.6120,46.8821,52.8769,51.8905
173.5373,67.1947,51.9426,52.6865
187.3723,87.0505,51.7719,52.3160
186.1107,86.4518,51.7755,52.3120
223.2857,94.3809,51.0489,53.0764
220.2872,90.5678,50.9417,53.0910
216.2939,92.8948,50.9292,53.0640
212.2429,89.0498,50.8370,53.0061
175.0966,44.6786,50.6421,53.1959
174.3349,75.9965,49.4281,54.4046
174.4153,77.2321,49.4416,54.3902
176.4842,78.0006,49.4629,54.3690
150.6376,55.4494,50.2980,55.6747
152.4083,42.7195,51.3102,54.0892
145.0025,69.2456,53.2800,53.0247
145.4328,44.0736,53.6604,52.5977
143.3448,44.2517,53.5971,52.3764
139.8360,50.0876,54.1394,53.7994
136.5382,43.3918,54.5425,53.3848
134.6346,43.9412,55.3916,52.6049
133.3429,44.5155,55.7592,52.1993
130.8633,41.0831,57.1629,50.4579
127.9416,43.1214,58.3645,50.2153
125.0518,44.6558,60.0961,50.9416
122.8025,45.9713,61.4584,53.0225
