74.5,86.5,56,48
68.79387710467623,103.96803929420297,49.996035616087006,46.92389531906477
55.66825272019487,118.73679920157205,48.94341323026456,46.884363251518984
92.97969978566478,80.51723482100547,44.13514770039896,47.12385364595293
87.70770685283799,95.40704138143249,46.68512216392243,42.31544146809205
73.11992100024344,93.77092473140638,45.90787595224139,41.24407687919772
73.49924097890616,101.39587616403446,45.841640026669495,41.200212488978195
73.31055745126935,102.29371682781589,45.84143600578841,41.200221221077214
73.15330793109109,101.41480267427889,45.84055658883712,41.20023106768674
75.08771295061953,128.49245209121096,44.16633497255549,41.71176420403741
74.84678023100331,131.7865518546166,44.1663309228334,41.711763339030384
74.54181327355322,135.79355484189077,44.16632246111996,41.71175730344685
74.92215804410188,138.44664375603725,44.16632104610982,41.711753753413156
75.44776958283641,140.72457897082987,44.16631981617494,41.71174813477153
74.14652602554366,142.3098791263913,44.166305299977346,41.71170722992919
74.43419934549293,144.488932703893,44.16630232853967,41.71141104904691
73.6576971129553,146.17445166876308,44.16630002538828,41.711235126447804
73.23001652611474,146.26316692571467,44.16629532668632,41.711195634988435
74.00847960768051,146.07470230795198,44.16629481796607,41.711180924629126
73.26429946583522,145.6862398039208,44.16629481589767,41.7111739911822
72.99394652722812,146.4557997552133,44.16629465463685,41.711167252545316
51.69545486150814,102.9644711207287,41.2803144240651,42.15618871829181
53.934930910703606,122.11269855817407,39.77470975113498,42.75649287660419
54.22801474510736,139.225211603741,39.76170970441686,42.17643672565589
53.781509034650114,141.42632571813812,39.7617093765406,42.17643637543221
53.860366493330076,143.64809847022778,39.76170910921559,42.17643525907028
52.78778728599881,145.43919771935938,39.7617089945965,42.17643490381243
53.27344074041534,146.83697536884623,39.76170882700108,42.17643376591052
67.85745013136193,92.14453390673917,39.784020550479,40.821356973327774
68.24154245637918,96.38328475772448,39.78241672052811,40.814624199884975
66.23566898236194,96.45109011970855,39.782389128615065,40.81386287524506
65.20184354661397,97.52065454835909,39.7820687705578,40.81113948593105
65.60462730441061,98.97481786725767,39.736364095140146,40.587625155491686
65.69528375325912,99.83249266242302,39.73552033785355,40.586120698942416
65.12481081892385,121.1378611001455,39.79905956170294,40.63563162623182
63.85407731785649,141.266629954939,39.68709705562841,39.98130818056084
64.12034371678685,143.1956069395002,39.68709534039786,39.98130466042829
64.91255329548073,144.95560599687,39.68709471824264,39.98130223508082
64.82813348460621,146.59047419539206,39.6870942296897,39.98130069750324
64.43238010813492,147.05387941315186,39.68709177156891,39.9812934336183
64.41588607284888,147.51148483109338,39.687088827720004,39.98128676510128
64.2729108839434,147.88068528402647,39.687087203720885,39.98128482840856
64.64609491199893,147.89292033701892,39.68708672134793,39.98128428057323
65.1565792034261,148.09380684528494,39.687086575688404,39.981284150555844
65.3645855970976,148.80341884457275,39.68708616489225,39.98128369896203
65.19019411501039,148.8024498804886,39.68708551681542,39.98128330224299
65.04369216852025,148.60412643996204,39.687085284439,39.98128311741823
64.89212674648752,149.24961468140762,39.68708246198913,39.981279940229285
65.0476654921268,150.20582156165733,39.687082148235135,39.981279538418214
65.29695147191859,151.4458379465454,39.687081971955756,39.98127921264235
65.18939546184626,151.5272830432055,39.68708184238499,39.981278887343144
65.06358573351437,152.33041901282508,39.687081632233976,39.981278572669126
82.45573649236078,102.97912146462282,37.57190471781264,38.69096137659316
83.53992405893365,106.43518839252131,37.56596606995741,38.68673596043241
84.98906704319006,108.16312842580498,37.5659421253704,38.68672509171053
85.4074565933281,109.87525728006855,37.565934751702585,38.68672275427714
86.34436565690642,111.72354415728033,37.56579077882757,38.686680295629934
87.53571125179037,134.9652054861325,37.142223796556294,37.603355349107225
87.5750468737515,137.9038709822909,37.1422171087797,37.60334989161098
87.50455820140422,139.96342596251907,37.142213211413605,37.60334527020498
87.5053970660943,142.17010709226366,37.14221258712031,37.60334456009322
87.84734170637205,143.83064942184828,37.14221174192856,37.60334320819023
88.24700111039196,145.32622844395445,37.14220749239477,37.60333578157736
88.55761452268607,146.42179738857448,37.14219756100265,37.60330707278773
89.1388777293883,148.06503516716378,37.14219382120507,37.603289531051004
89.61914344901913,149.91899472798815,37.142192484196364,37.60328452340069
90.22505138423526,151.94732931445384,37.1421914941352,37.60328124783873
90.55434798644883,154.399737787637,37.14219021580592,37.60327949846336
112.3311749118188,111.1156201136971,33.398385150466375,38.62626490737831
111.96401888541368,129.37352090019647,33.392165579913126,36.76374931460417
110.8228964395426,128.1324925357007,33.39207304451599,36.76372629925676
111.1530826728796,127.53540834112485,33.39199218999029,36.76370895461328
111.80362335776529,128.46431017438175,33.39198341772258,36.76370529496591
112.65193979060518,130.78135526301324,33.39198150678522,36.76370315710113
114.09307099838132,132.2434362724347,33.39197130757205,36.763691366758586
115.10874679661433,135.1292587549587,33.391970323746406,36.763686225624156
115.94400383436698,137.99803017839375,33.39197023578231,36.76368553115886
116.8181064558028,140.46705669109775,33.39197017784718,36.763684683180045
116.92462954601807,143.4604404316512,33.39197011603372,36.76368449409584
116.81316017769035,146.9967157845609,33.391969882957824,36.76368408505987
146.60074801342387,112.80865703593373,30.268851096256405,36.98503931424781
146.14837868360286,129.67609154498234,31.230964810704883,34.481949394661356
146.5592876559571,130.31563171739558,31.230941137465575,34.481927029418635
146.7429504932148,132.0709698103018,31.230931947401412,34.48191077669642
147.13213286655915,133.5100379212589,31.230931203417335,34.48190928226018
147.648243264727,135.1063929851231,31.230931009117178,34.48190883890371
148.8686493523499,136.66319417920892,31.230930467935067,34.481905274279455
149.66176653135258,138.1802749684319,31.23092936817712,34.48190168724287
171.5311657891019,106.54854881046478,29.77641735170191,34.68252593921221
170.442197924554,123.03350475695026,29.824326025057353,33.66254423728127
170.37351006908804,124.83352592245599,29.824320823089273,33.662534712666314
170.25513579002217,125.91921563781867,29.824314889295795,33.662515774647254
170.4115383437632,127.3332050706731,29.82431206676972,33.662507413699124
170.8008423073903,129.16916543837002,29.824306858822446,33.6624786060244
171.4299474777502,130.26145425056964,29.824300143781688,33.66244626017436
172.17755455849783,131.5226633136426,29.82429734512519,33.662437096278225
199.39390575265756,102.31210244808003,29.16327388136627,34.09794023609474
199.01742739937674,103.93475904695552,29.163272886244844,34.09793901382291
197.9796272232863,120.86315445894529,29.68092798696093,32.34506054335899
197.81203012345517,121.10161142837488,29.68092077418379,32.34505609293935
197.8933596196564,121.29773030139947,29.680890134423386,32.34501753536102
198.72018384986526,121.41814227098034,29.68062576347559,32.34484223838163
200.03785817969805,122.191908900324,29.680609449772533,32.344826279346435
201.00523793309753,123.74809480046623,29.680591916850528,32.34480351241766
201.71776236011183,124.63963975825017,29.680575916902104,32.34478046563182
202.5165973979811,125.26146511123784,29.680547428421015,32.344755162107035
203.32367345178585,126.4104771612113,29.680443205752596,32.34463173888741
203.9193599679105,127.83550988301705,29.680403467418024,32.34454569591068
204.3930058191552,129.6139439722733,29.680402125856233,32.34454320953689
205.12388830518518,131.61055948082023,29.680400774172856,32.344537766936405
205.9238180708709,133.5059053697578,29.680400599681604,32.344534503770696
206.1815982933526,135.0979990528316,29.680400126050777,32.34452978151353
235.0655231810905,106.5376462876062,28.937879940418718,32.47878130195458
233.92166628990643,122.32027022874914,29.49337986799714,31.552899569571018
233.10729854931168,122.71401840074901,29.493377899540608,31.552897229344012
232.53857177406934,124.17732016687464,29.493377297918048,31.552896299097775
232.16102730309098,124.00398420319318,29.493375585978463,31.552895244483214
232.64850789311984,124.23540583238662,29.4933691898372,31.55289099347398
233.61418957441018,124.17304828626398,29.493329117127743,31.552864419700285
234.58321091834213,124.02386377570477,29.493299506046057,31.552845794143586
235.20185289431535,125.0455464996504,29.49329496923024,31.552838910629152
235.6521352905224,126.88981299278008,29.493294251332404,31.552837323143
235.86109415494226,128.84495104097206,29.493292969416945,31.552834540281353
262.3052164324952,108.16684702452046,29.1903450451705,31.557888245791993
260.27256084623747,123.78160149679074,29.286368106952835,30.320133833111772
261.03045655966264,125.14008401340323,29.2863660697128,30.32013328314794
261.35321062489265,125.93476129645623,29.286364976892415,30.32013287448972
