40.5,199.5,61,103
39.469657303722414,199.02109187755485,58.801202531989986,101.46139800720411
40.246138871558564,199.10782019653254,57.05771513114759,100.182653459741
40.67184837429975,200.00903609442702,55.884756127610714,98.62923462593571
40.95539549617065,199.35448708458313,54.99127659443829,96.7054143831418
41.43754342961962,200.19653314794107,54.647162764893864,96.01916301856433
41.22257523258957,199.0332631564739,54.246341839026755,95.78408371972984
40.308774739446335,199.02487165734865,54.60227315139355,94.67203473536773
39.53056919687047,198.17964368133983,54.79959474279374,94.46119955541215
39.47234475730059,196.7587027620474,55.29916624490027,93.91952979640179
39.20586632989513,194.09805728883407,55.52245345607068,93.78190312503057
38.61919297980829,193.15175686940165,55.64156636680039,93.1676079449135
38.51671068502038,189.68841773298857,56.02517665659251,93.31003262048014
38.562184353578736,185.57232952475863,56.08807832517495,93.96609438239898
37.97391316133705,184.072522507432,56.18530755066936,94.78609911834616
38.837572191689844,180.9895718928654,55.27548066370798,94.85530110965587
39.66028351849396,170.79711793378266,54.3125233845695,94.67131178050693
40.326847157173034,170.53979286879473,54.36648178340459,94.41658026814115
37.51709151910667,204.65029095461955,60.01678767818859,84.0349967857005
32.399226479635914,231.39601771942336,63.40216642351194,80.88311616258707
44.13394703440473,147.95877349245677,60.37703645594209,85.8214016135905
44.996865094476455,171.67855983665817,60.70893339472808,80.80887283998268
41.1480577645264,202.2177082780721,64.85336807530385,77.91473428235007
31.655623407172612,234.2166584613339,64.03006074936201,77.44014171611947
56.68733673154278,129.29441467151457,61.59893543118808,86.13324684946906
55.40088568008318,160.3675383972273,62.91162833134086,81.77321231918621
50.860564817422315,203.24239388350514,66.58098799413207,80.63991064838831
37.9738702615109,237.18159462787898,62.04922993493439,77.63608191354689
33.8140541490351,241.40683381377804,62.04919720474683,77.63559190692212
33.62344360948923,242.42921262561308,62.049262018102944,77.633819484134
33.673977662256924,244.32661083924768,62.049340342344706,77.63259429061416
32.39143803369103,245.50887552379655,62.049224992695486,77.63207620920566
30.004257407647664,246.85213144946852,62.04918887158276,77.63131102763103
28.52926884421096,248.39047541501319,62.04906748389928,77.63014790351798
27.27189125784475,249.4416155982471,62.04904356575035,77.62831757596007
26.777429040889082,249.96744517627673,62.0491184789784,77.62608020716279
26.384799085711492,250.3467004745841,62.04918893954644,77.6230723709583
25.913400104975786,251.64584904417364,62.049241036626526,77.62067219108408
25.758740111302632,253.9679692355304,62.04914505770048,77.61912866582296
24.79317622273958,257.0423200451676,62.04914552502739,77.61857653690492
23.329543678287276,259.00328110978217,62.0491587981361,77.61831888407052
22.271536382483973,259.15924328860416,62.04913959724698,77.61795399493431
21.50405198422206,259.90310068514646,62.04910997687017,77.61753924018741
21.407128242696476,260.42455095253484,62.04909023844669,77.61719439522231
21.47365370244814,261.70589109858395,62.04906822850738,77.61683123607392
20.695907481184406,264.5823129820527,62.04905503768066,77.61667921489442
20.654368305365384,268.55511108230706,62.04902284076285,77.61639646806012
19.096635088263913,272.12950988489223,62.0489730892053,77.61617941403725
18.25119542836773,277.1336688628344,62.048971037499555,77.61606973299418
17.58965554650924,281.8254360556668,62.0489756259312,77.6158552020657
16.532088335351826,287.14544474049063,62.049007757138845,77.61577618691021
15.168154141015755,292.5505675576283,62.04906123301497,77.61570835567444
14.255182679113215,299.45519694285565,62.049074515096414,77.61570899989266
15.649209939110008,305.01012487523394,62.04915886152739,77.61569162085378
16.7565855529949,308.359176371502,62.049466914153115,77.61568299629866
17.840230786279278,310.3156068028836,62.04981522627088,77.61554329060942
18.904553956780912,312.85128673136177,62.0512936926254,77.61487025082224
19.70306213986123,315.8361441753651,62.052182485461344,77.61461203548406
20.17106365374403,320.130820677304,62.053131035359165,77.61432649071281
21.165613360335083,325.45695938192483,62.05332126355737,77.61428888097059
20.522908576115384,331.04420513552225,62.05341770257172,77.61426922893934
18.532527620226546,340.01331644802104,62.05346147851566,77.6142580449817
16.253307850654647,350.02553751487665,62.05349943303421,77.6142395105137
16.904586673518846,357.6648975540572,62.05363920742605,77.61421072396169
17.79446904001215,363.05802526641395,62.05379433718664,77.61414151750994
18.333588886566734,367.08967970252195,62.053824006527115,77.61412991702245
17.199461884158545,369.2462079503765,62.05393984110118,77.61406360991191
16.540226910856376,368.15457510929866,62.05412777953444,77.61395035720739
16.704027495405956,369.1094082687731,62.05434223252657,77.61382826776592
16.90303897172421,369.7688897081108,62.054823596696856,77.61350717089752
16.988603493488327,368.49956132751595,62.055393689664214,77.6131751034281
16.478410786712217,367.5575458833024,62.055597566541934,77.61306085120738
16.402930191441207,368.24006426273746,62.055873953359665,77.61292289318719
15.905992823504786,367.8590856033561,62.05617627531115,77.61274285852963
16.458684282949243,369.3547834509209,62.05647370291119,77.61257479020054
16.146506553913486,368.13071334985,62.0571109588686,77.61223224049607
16.065091333848102,368.72880508397816,62.05740585078922,77.61206711044315
16.30490759002708,368.2483962393683,62.058263814324285,77.6115708367265
16.602927375077645,368.3344435457262,62.058786450968306,77.61125698906736
16.383635503538223,367.97674830301855,62.05930129751509,77.61093498678498
16.24783900522278,368.4962399318853,62.05943289673654,77.6108537733477
15.921110810824366,368.1923198151388,62.05984774395698,77.61061475221355
16.729840189424653,369.6895300256433,62.06028196733197,77.61035093024927
16.581152779274124,368.4743331193587,62.06087337016972,77.60998340553824
16.293579076137004,368.4754100402593,62.0612186161809,77.60976687790648
16.00565189878173,368.8171868467376,62.06166707518146,77.60950148154079
15.669008532651084,368.87104016301475,62.06209467515286,77.60922284836377
16.40159083524366,370.0113875043732,62.06307808880469,77.60859179479726
16.335437524750567,368.4737329310818,62.063767968372034,77.60816727972836
16.031111064797845,368.46010070281744,62.064312606188246,77.60782320007328
15.715026928647603,368.75796886290675,62.06495184530468,77.60743070809595
16.074649070941216,370.0506291511493,62.06550922506987,77.60705294929896
15.746640793990018,369.5030391995398,62.06596737166559,77.60678078228176
16.213502034523607,369.06973901175235,62.066438263324855,77.60645657394466
16.033822966891016,368.74348011977344,62.0667192728023,77.60628144389342
15.883227373978315,368.50258731088496,62.06713776189423,77.60600889421279
16.641834921081287,369.30702102838245,62.067548357194816,77.60574505590507
16.492900970872984,368.52492413920027,62.068002342215685,77.60546305950446
16.38990225312192,368.4060609110836,62.06831761924766,77.60525301900317
16.39623462533631,368.99135229834155,62.068722176662526,77.60500947120998
16.469617386309853,369.02993726087817,62.06900325052728,77.60484590106475
16.482874070620124,368.9518244320722,62.0694202438929,77.60458097942922
16.283443235659607,369.0041578911221,62.0698804448217,77.6043117605663
16.347339865870307,368.77960936166426,62.0701963116834,77.60410113935198
16.33965037278916,368.7051586917236,62.07048267908225,77.6039256896157
16.478861526703724,368.41154852453775,62.07079025706969,77.60373974633096
16.67521908735351,367.90513449882843,62.07118770581749,77.60347337254818
16.348929740476024,368.9734022268373,62.07153965349016,77.60327233578084
16.394571248059084,368.66899250096594,62.07186414936759,77.60306458062593
15.899367970663857,368.51565056783613,62.07220161283801,77.60287828439844
16.106415785775805,368.40108674631836,62.072508407903264,77.60269973622805
16.018785472118296,368.51331351844794,62.0728894246798,77.6024798341893
16.05795669018177,368.06694223911785,62.07333255702858,77.60219919996696
15.931472112506107,368.4007313215204,62.07355334220931,77.60206234366026
16.65730537143206,368.75234844906123,62.0739645707487,77.60179006987515
16.865325505768162,368.2161679287186,62.074364818786776,77.60153632155128
17.10591369993042,367.8342057517787,62.07486825743713,77.6012314970025
16.66507715026151,368.79135743319637,62.07502835724034,77.60114429494136
16.54940623049092,367.9022510313699,62.07550787731207,77.60087907220425
16.23858803680271,368.628875586638,62.07586502503395,77.60068009823419
16.289307642832508,368.351098757849,62.07636461199798,77.6003667394967
16.33238196725237,367.8426237199224,62.07669336948121,77.60015794942122
16.605437928679944,368.2809786048662,62.0770225248121,77.59997739630005
16.929012131802114,367.0632323766116,62.07735848069316,77.59977325094152
17.224065998202345,369.61140202424696,62.077777984354334,77.59954906797559
16.354434265568035,368.0494025188458,62.07792585380539,77.59945740723859
16.379374964578503,368.39413234568264,62.0782538886248,77.59928833669856
16.56062616398544,368.2437979024077,62.078612080030425,77.59908144028182
16.60420581529475,368.25099730819255,62.07901160570608,77.5988477889583
16.58100487779515,367.67354370963835,62.07957719967391,77.59852732493394
16.673007018551203,368.33283508808677,62.07993215571349,77.59835401093868
16.712470320989517,367.7277784485018,62.080278871571366,77.59815623492526
16.373223750036757,368.7481398451667,62.08052855520586,77.59803469510497
16.30774328663806,368.63534716765696,62.08088761396984,77.59782840209415
16.323796417752344,368.44901392351727,62.08138054385396,77.59754999892068
16.493577314078067,368.71333512216404,62.08181523810475,77.59725878933324
16.63815009574521,368.9540468558306,62.082548609392276,77.59681512222436
16.75749198043911,368.9602178487856,62.08289749595884,77.5965879331019
16.925376314651384,368.70474905822886,62.08340693827686,77.5962717996539
17.016832876530554,368.7442420900351,62.08412226932294,77.59581428183837
16.635988983609213,368.3590501685143,62.084304391770694,77.59570056437883
16.600969350698687,368.0401555455696,62.084846593835756,77.59536933783704
16.39477425291253,369.06233136343235,62.08512142414127,77.59522765923428
16.343830792734394,369.1692315069495,62.08550632086025,77.5949837810822
16.54314384682952,368.88734971173267,62.08585522735658,77.59475701697778
16.657365516988687,368.8627360612598,62.086288343656555,77.5944815540264
17.01962754359165,368.2865130780299,62.08659509670597,77.5943017213072
16.713862689051634,367.6935405594927,62.086738923885214,77.59421577445664
16.578795851330263,368.8035648291734,62.086983989680206,77.59407499571535
16.680969682249334,368.86722097220553,62.0872920496257,77.59388183358683
16.807374893970177,369.0223302621366,62.0875681037021,77.59371773475415
16.88472285554122,369.28451021489633,62.08789957008638,77.59352149262203
16.76258382858231,368.62937757441244,62.088185280459236,77.5933583926236
16.641337449723775,368.6402030681254,62.08863759773613,77.59309299294952
16.774958291904166,368.7893750599566,62.08896959782931,77.5928825613615
17.163900922151182,368.4329261103378,62.089261896711044,77.59270446515399
16.780016787941083,367.71711377685114,62.089458835060746,77.5925917091841
16.421187045525638,368.8382445912686,62.08964886607999,77.59249540742132
16.499305626113863,368.001618451972,62.089914741521774,77.59233107148212
16.0754061025725,369.05243470445043,62.09011088476157,77.5922202969482
16.185576672613422,368.79502239196825,62.090396665141384,77.59204070428785
15.997284091737821,368.2254297794085,62.090781329742164,77.59180589690615
16.273157369897454,368.06593746447743,62.09105144889516,77.59163155545863
16.19719164454902,368.7771747398126,62.09129256551038,77.5914853577165
16.170690644815018,368.5753824131654,62.091653244004746,77.59126383124901
16.053479750556072,368.82718758527295,62.09195788221594,77.59107699901587
15.943404366879797,369.2062338249506,62.09227643783562,77.59088326758156
16.57805277529504,369.0425023603015,62.09252064616688,77.59072148846569
16.326480757610774,369.53794073700834,62.092884959321665,77.5905093959826
15.897355843363218,368.6709491772079,62.09317253710724,77.59032827760748
16.251449184124517,369.8684838555088,62.09387992954781,77.58989984355195
16.071802240695142,369.7080201449382,62.09432938715203,77.58963973870559
15.966274938249523,369.031841998056,62.094925623980295,77.58927589105915
16.30840453724798,368.95242089715816,62.09527953461833,77.58907171114285
16.299602177989993,368.97344718946437,62.09572093920904,77.58880679186781
16.51778892384404,368.73788511863347,62.09613073144984,77.58856333594969
16.490372406224903,368.21728333954604,62.09664175119401,77.58824999406193
16.23544703392694,368.0651895214115,62.096994972482136,77.58803989831159
16.07700851100928,368.9524933654098,62.09714703247952,77.58795344196626
16.04072213347286,369.08299968824673,62.09740051837206,77.58780630580247
15.722065864977516,369.2532449940448,62.09769294427876,77.58763926159679
16.175471528500513,368.77047679318923,62.09826535718104,77.58725938732981
16.348838835516396,368.47620357551114,62.09855384281015,77.58708651430975
16.39953390913232,368.208503681266,62.09881663817617,77.58692426437838
16.40507837254679,368.24363999342864,62.099156083350366,77.5867132566526
16.370566410399025,367.75475734702457,62.09951754302721,77.58649084279958
16.33415305369571,368.77724660489025,62.0996976906985,77.58638461100372
16.477339734061765,368.8675690756335,62.10004821192631,77.58615595550886
16.265186015150924,368.9137839909603,62.100343882837436,77.58595359871025
16.239853246621955,369.09284872815294,62.100771276242696,77.58568501733608
16.139869257850293,369.5226119541725,62.101181457665376,77.58543635012138
15.996041198361588,369.2864037508862,62.10171866489962,77.58509479136762
15.977755892137907,369.1251367979248,62.102215022685186,77.58474926365857
15.787653746334154,369.9728839078796,62.10258555641534,77.58451878714965
16.587356477041237,369.9641857948851,62.102951952262835,77.58426116788789
16.3848092259566,369.5902900820015,62.10324767852077,77.58406967443898
16.284985175559466,369.3492341755118,62.10381836682897,77.5837203925621
16.312918409747127,368.77043973173875,62.104227396575624,77.58344923944357
16.259200164571656,369.3270614382711,62.104646898827944,77.5831803508769
16.07039285405824,369.00872306778655,62.10502673310589,77.58293663972806
15.823450051173825,369.2346652857277,62.10528410520353,77.58277008719409
16.444911908990115,369.0458667472178,62.10574701581454,77.58245088775905
16.42866100467315,369.4598316581463,62.10605352085937,77.58226715917517
16.548203942868835,368.70527897270415,62.10632750011985,77.58208159645052
16.457556451975996,369.12886656427014,62.10667073758752,77.5818601033706
16.55893574869378,369.2280154464957,62.10707615539196,77.581600648732
16.330663184369286,368.88424738988886,62.10741812137081,77.58138838939094
16.391210660506086,369.1378998292261,62.107882513329294,77.58110231526659
16.23927184942113,369.28330452608486,62.10822163423654,77.58088618803617
16.228815656244905,368.50574706243395,62.108631095669864,77.58061302234333
16.32186844699096,368.9078973402338,62.10886186759897,77.58046871054478
16.21111979459188,368.67297218557445,62.10920454221295,77.58026120455007
16.238776594182244,368.87958682198274,62.109459306549745,77.58010380253738
16.475611114531034,369.2360780371133,62.109881289058876,77.57984152799219
16.19185916151032,368.5232706115692,62.11027590831518,77.57959537806566
16.10182107561941,368.818963391323,62.11060056470851,77.57939646120482
16.17615286024745,369.2631880075462,62.111051380699664,77.57912527927648
16.143902536267298,368.99608195182776,62.111734348777915,77.57874440460645
16.0955803866467,369.2471083199568,62.11203814820079,77.57856426747333
15.889094463457656,368.73627331794296,62.11265919096521,77.57822418353402
16.890065576579754,369.31717748822075,62.11311092567377,77.57791617771822
16.776552187332655,369.01721354049903,62.113483487520824,77.57767399726826
16.708340599106943,369.4216564281243,62.11386204250466,77.57743525857009
16.401586381268643,369.41343541662656,62.11453846838893,77.5770251243752
16.233364944149766,368.3071168537016,62.11513566358196,77.57666242951588
16.250766788746233,368.2301887365454,62.11550274557061,77.57644387573464
16.119771712542963,368.5934644370053,62.115817033519065,77.5762545839991
16.225711023741816,369.1516981575504,62.11641307020663,77.57590545479096
16.479022730522914,368.80408709739595,62.116917001252745,77.57559388226308
16.597890828957865,368.62398550565814,62.117233187448065,77.57539829636005
16.82263976763246,368.41613709768575,62.11755550076698,77.57520373318685
17.05889653773259,368.6185855920854,62.11795105346986,77.57496014457021
16.56583485982542,368.24656809111383,62.11821573046645,77.5748072550301
16.39653548002309,367.72772709289603,62.118522397986226,77.57462301668639
16.34126015753784,368.56061169788387,62.11875000872983,77.5744915382628
16.477028189752797,368.5892781978455,62.11929934273551,77.57415721216609
16.485726765635825,368.3855048639111,62.11977898366855,77.5738599624266
16.36589973657998,368.6101555101167,62.120117457478294,77.57365350195876
16.081744275230026,369.0431143969605,62.12065974681257,77.57334412241725
16.208711610743496,369.41608025116545,62.12104417735767,77.5730898255635
16.18225268132506,369.7015470197682,62.12204909143064,77.57238170597198
15.750082099928417,368.91838193151875,62.12258293362914,77.57203145110496
16.441449447432596,369.8180043605169,62.12344191709521,77.57154724565075
16.502400834013457,369.1161379647013,62.124160277857015,77.5710987952929
16.60167409993759,369.7117627893732,62.124741554221984,77.57075948530456
16.373748683917658,369.13590558795954,62.12534468604746,77.57037809345414
16.300340994335546,369.9515734568669,62.12579980198327,77.57012500963872
16.478372635465558,369.2054981397204,62.126324227719614,77.56981885014659
16.403514044319586,369.79002461971464,62.1267269766753,77.569592589415
16.139353217635218,369.48232097559395,62.12727948169427,77.56925033971167
16.16555111445485,369.36521301545145,62.12792045231912,77.56882497624606
15.932827169958436,368.68444111342086,62.12815310536338,77.56868231218289
16.695287020825255,370.1372191331499,62.12877637810179,77.56829266028272
16.755115780474544,369.82529246273396,62.12908998512119,77.56808459545593
16.7353525890223,369.70657941908456,62.12943875655546,77.56783693819541
16.822625075341104,369.67122603502344,62.12990486740154,77.5675245336492
17.08319234931006,369.3003594760848,62.13049019241514,77.56712504740433
16.628907597091434,368.70769518562315,62.13086569136304,77.56686681821567
16.940887081331216,369.04291460800107,62.13125011811663,77.56662337417465
16.641785846221318,369.59049725347273,62.13147000290628,77.56648922546621
16.81258128638166,369.0314752475741,62.131783583969415,77.56627571468037
17.086322814801452,369.6763664316362,62.132267305408185,77.56597856269693
16.51021149383934,369.2831131074829,62.132559257520704,77.56579014788944
16.87475703583238,369.1783559496554,62.13309792855476,77.5654062301307
17.007396726238163,370.13300412264346,62.13342980887258,77.56519396580435
16.374658346617107,369.69088878092526,62.13384137493842,77.56491389370186
16.32212792867579,368.9588753321273,62.13421774618759,77.56466340463233
16.44791558757521,369.36387525131295,62.13458759616867,77.56441042771894
16.801031444879104,370.02483081742173,62.135050782550415,77.56408781173668
17.038080488684244,369.16308130769653,62.135792471694515,77.56364788923162
16.43288999220468,369.32522684266206,62.136090337631856,77.56346527090534
16.65303492779971,368.9171206752198,62.13685567488639,77.56300903574825
16.802243784778238,369.4391469087994,62.13734819132751,77.56269767557606
17.16709835123235,368.882369430175,62.137827726193485,77.5623566205186
16.654342560272895,369.92880338910965,62.13804726919486,77.56222184740945
16.770993097333545,370.39235696495837,62.13844772219224,77.56193092076393
16.293311398192685,369.9423953489806,62.13872143217287,77.56175743822278
16.519681936711148,369.9988336224187,62.139260476223974,77.56138495638329
17.02813580589067,370.11186917254685,62.139767665347534,77.56102828634005
16.608307097944586,369.45721924973964,62.140012332426075,77.5608685648845
16.890794683804632,368.9285001621935,62.14042935688442,77.56057570760522
17.13328685750542,369.58501350240334,62.14078745247219,77.56032702324873
16.83697838003666,369.06684798979734,62.14097012033849,77.56019228441502
17.14354291995752,369.47716927939786,62.14143408239358,77.55986995381785
16.819064739884844,369.26405101744643,62.14162738196917,77.55973234031906
17.096122075281166,369.27515964878245,62.141971746573105,77.55949484175099
16.53662969088145,368.4402346799685,62.14233385473563,77.5592309774226
16.929157029737908,369.2471822138624,62.14301311523988,77.55877105882767
16.52195004084749,369.153068608802,62.143322416774076,77.55857327936737
16.755781457743968,369.42131619054214,62.143672243722925,77.55834313148917
16.97583245554213,369.60247059468776,62.14421534681282,77.55794612668193
16.51473095270766,369.06354326357314,62.144376638290325,77.55782992652253
16.24311800785378,369.4957718726818,62.144778974912754,77.55758027408972
16.60575023793023,370.088969146651,62.14561525757678,77.55705327414027
16.814198728887536,370.3047760878939,62.14670699321817,77.55640830211011
16.498661761835415,369.85621743935627,62.14712528099825,77.5561195575632
16.91040642296432,369.63537788826864,62.14794000298711,77.55562824839016
17.230441690125893,369.4706661099766,62.14870463464145,77.55510430355326
16.661003867480062,369.29986808262476,62.14901760064234,77.55488223420105
61.468186222348244,258.58999679740765,60.29244250272238,79.06556718744775
60.261898314197566,250.49767525045,59.25018457306731,79.52611779784257
64.47681417818669,251.9334305928566,56.418525032894266,80.75065451445755
64.06882996908539,269.08546305618256,56.86319004175887,76.69140350687306
62.5608368760131,272.0244004405833,55.75896367297178,76.76014586453645
64.68740541000172,262.7001439371755,55.5613862401569,76.77848614185986
66.06434917981437,266.6116050299984,53.607873148831004,76.34718888373477
67.18948455892213,261.58743572245476,52.540084513990415,76.5883613992737
68.06231554284501,267.3898530635919,50.54399401855105,76.26461936073724
69.35505206872111,260.7045183256884,49.46435888412673,77.04578936297243
70.0380985217097,264.56849574819586,49.23731860762038,76.25719084501443
69.16831633772492,282.58942170855994,47.55150441457006,73.83588335787995
67.36350391103183,297.0817338086489,47.61101177528045,72.77538292174019
66.27353208652443,283.57320211439435,47.60683977602559,72.77676790448751
68.06070822908399,299.4510671038875,47.29682765318368,71.71711527230298
66.9228149068812,285.0950139723292,47.29121361704726,71.71842327186977
66.75207846439118,301.25467557213796,46.68328178553563,69.56461215721318
65.63870705803997,289.7299695249628,46.67528934776501,69.56339558945406
67.8077756587123,303.47705465888384,46.271431111416675,69.02231026729078
67.4019228028579,292.43498364909664,46.26679899925771,69.02175647082515
72.29515260427954,292.08484581819994,46.131864893850945,69.02610564517275
71.45631343367886,282.8339178187586,46.07401989196607,69.0299281204958
73.16373659764818,296.34728693010175,44.99549014956819,67.87546811131051
71.88881531871267,289.54725689013276,44.96891812232568,67.86498970858244
73.37343169564993,305.06470119299144,44.71595819941431,66.47015580562393
70.92688195786286,296.19345014521036,44.71304298458927,66.47029111041452
70.45961738653344,305.0687266960871,44.57008489694719,66.39460182396871
69.4954516596399,296.97601072274216,44.56717424238926,66.39469861135686
73.3758338120799,292.46629224182504,44.560692888864224,66.3960758426613
70.69828260054106,319.13822936807463,44.452569470419675,65.84034474812105
71.14673602594031,313.45607181032625,44.4524458523101,65.84031431308077
72.21836321246134,305.7894885270579,44.45212747055527,65.84031761820383
73.00144401402781,294.75978069103957,44.44687907256912,65.84281991438607
76.69442009455447,290.83523494410144,44.44617366520841,65.8428904503155
80.41084462134295,289.57046941816304,44.440452449766234,65.8443417540386
83.55826870450251,288.8452986976984,44.43640056335434,65.84567294201528
85.5393791963964,289.0589976897966,44.4350083606945,65.84616960970864
88.5296149177254,290.7389918860813,44.432209494940786,65.84747453302685
91.7104561480806,292.09914489869846,44.43084283394353,65.84841498873428
93.78514013805335,292.87464822559417,44.42975165987572,65.8492327854357
95.31451650581484,293.52495617038693,44.4291663819333,65.84981740492152
96.84070376499105,293.7311456619764,44.42884722246758,65.85014697243409
97.29347372971574,292.6943453814628,44.42862519558321,65.85035776486085
97.80868325189154,293.8583804965709,44.42832866977104,65.85070650475284
98.73615996008041,294.5540640201554,44.4281251713773,65.85096641166241
99.34125985372926,294.54941165598945,44.42793770078342,65.85123464091872
99.95632973009333,294.37936516451714,44.42782741182329,65.8513954801752
100.31325000028743,294.5853338927431,44.42775392313186,65.85150430720667
100.33707295608222,294.8985488646023,44.427672491996,65.85162652804294
100.4724036040183,294.8031107859531,44.42759884904552,65.85173040524431
100.41548850252596,294.9484827382622,44.427500070904856,65.85185278618854
100.25010326688391,294.7762051192365,44.427395979925436,65.85197209398788
100.25010652661932,294.9427764663093,44.427351547309435,65.85203650047225
100.251685984175,293.8380529194388,44.427298213703295,65.85209986809322
100.24069831743267,293.99398014713825,44.42725260186244,65.85216843973282
99.44534066139336,294.0694354386306,44.42721257050388,65.85223134066825
98.21921247443315,293.95960097354606,44.42715170657029,65.85234021391248
97.4341121389926,293.20388402453335,44.42706276563498,65.85243623561804
96.0598775125189,291.92384203115233,44.42699328605372,65.85251384229886
94.9103752535963,291.0397572350807,44.42693126031981,65.85255134387367
94.0913220230471,290.4122483815041,44.426834577344735,65.85258729481642
92.75236801073287,290.55749893920057,44.426759317976604,65.85262282149812
89.46419060881111,290.2049015762499,44.42670668926396,65.8526333857364
84.91530850277283,288.8989181587783,44.42665157303242,65.85261453723848
79.84044537946184,286.8622988578227,44.426431606885856,65.85246122478202
75.70473035681226,288.8519701887856,44.37076566677239,65.84754006401589
73.46774046784986,282.74909311394265,44.34135227147941,65.8323498090997
72.33298689898203,279.08039466737534,44.324461236836555,65.82006818584641
69.4066144801582,283.2014980145935,44.221440350302096,65.79497307893453
67.16234273174136,276.3741619640114,44.202564737791285,65.79508795201028
71.21456904450335,290.8328261360572,43.712898737175735,65.6571919046716
68.63647971268038,289.0820177050154,43.71224852051163,65.65641981259262
67.44295799293974,289.3390385174245,43.71198073982383,65.6560998922574
66.41284184120096,288.0908209875913,43.711757959454346,65.65599154448365
65.7473800850276,286.2545834594608,43.71170093247919,65.65597242769479
65.20773647846714,287.6348696722966,43.71169298721386,65.65596671344896
64.37546486102825,290.57666432893484,43.71168663293454,65.65595903850866
62.084125385083446,293.14915911631147,43.71168392894036,65.65591031687423
61.15521413910295,296.6988939297604,43.71174050789171,65.65560136121053
60.914776318305805,300.30336950891365,43.71171961695045,65.65539329830196
59.22170489805331,302.98468597608144,43.711852049053945,65.65419100895538
58.484201979104284,304.8706163043004,43.7118480879484,65.65321939632547
57.57946151446927,308.4784738668572,43.71224782043344,65.65228507870702
57.24433045466944,311.03656783729735,43.71337580001846,65.64955434073804
55.950748899399244,314.10330089364646,43.714747799566425,65.64599583607203
54.68198145228018,318.62545996167984,43.716551139773166,65.64288882824016
51.930545478530235,322.4293239095741,43.71964910808605,65.63924160948403
49.102980189786564,326.4223250839591,43.72126720769864,65.63764859298956
46.71517580492322,328.26710675215304,43.72257826319193,65.63649553873668
43.6961068295961,332.090317363259,43.72342707123754,65.6356960931056
41.043069702763674,335.2483314159235,43.72385585905155,65.63520257945143
38.427194862151225,336.6658647312003,43.72435191631405,65.63471374774115
35.925270104897756,338.5455203989649,43.72469286301093,65.63429590204952
33.19960746950516,339.7533019167569,43.724969759620095,65.63395479601567
31.554643614730306,340.8637450206075,43.72511089194507,65.63375621610696
31.32134182111275,341.7916172762014,43.725594236107675,65.63311758184173
30.85513578299885,342.5954016047483,43.725895764316064,65.63265060359612
30.61941552507299,343.6323645344467,43.72620349508592,65.63229165780409
29.25732991171565,344.4935373529138,43.72633325985602,65.63215106370893
27.380292523443845,345.2315702224542,43.72652085988596,65.63194210563402
24.249213973996564,346.66806398539495,43.72686098032593,65.63158708326205
20.37086423798559,348.3711788400166,43.72716701973069,65.6312235201063
17.205686952916608,351.68819148653967,43.7281057916814,65.63027012647431
13.755960715846136,355.90970656115167,43.72832397093099,65.63008722914239
15.67303801004855,381.6430533997248,45.77811723179984,64.17671066015043
13.435340332765293,386.2161711840257,45.77830954910439,64.1765121932942
10.029954916756598,391.3735545620017,45.77829508754268,64.17654093142193
8.092911067665256,396.5569638998569,45.77815311615444,64.17663700485693
7.847017808081372,402.0556318759349,45.778109673783895,64.17661836684887
7.401242704522684,406.73270567025105,45.77808305432885,64.17659103273317
7.044918223852484,410.1222571280233,45.77806627899399,64.1765446662609
7.120718192209868,413.486180258486,45.77805725581339,64.1764706412059
6.811151049566693,416.83416611295456,45.77805383672733,64.17642798271437
6.6490178829961515,420.1221689192947,45.77805248445505,64.17640398700797
4.348795533129557,448.9429161720476,47.20197230664002,62.114167655904765
4.270204770622588,448.9429164125021,47.20197215145148,62.11416717499577
4.193924334852969,448.9429167062264,47.201971969357025,62.11416658754717
4.136139539136792,448.9429169960426,47.201971760650906,62.114166007914804
4.044211040906497,448.94291723097666,47.20197159928507,62.11416553804667
3.9609923023128353,448.94291747468304,47.201971420785064,62.114165050633964
3.877386180545752,448.9429177152743,47.20197125255795,62.11416456945147
3.752458106393462,448.94291794495734,47.20197107785876,62.114164110085326
3.6354912562092636,448.9429182133799,47.201970867499654,62.11416357324014
3.5122207764175677,448.94291842056657,47.20197069952052,62.114163158866816
3.4111575004174384,448.9429186780236,47.20197051011148,62.114162643952774
3.2746737532386057,448.942918906895,47.20197033808159,62.114162186209995
3.180936968188579,448.9429191275391,47.201970178928825,62.11416174492182
3.0721434179846483,448.9429193352574,47.20197001694464,62.11416132948528
2.9497132125435677,448.94291959811284,47.2019698234214,62.11416080377437
2.8410236795245076,448.9429198589644,47.20196964727774,62.11416028207122
2.734868057513612,448.942920126351,47.201969429731655,62.11415974729805
2.5948586687008586,448.94292038120983,47.20196922208571,62.11415923758037
2.4559737197109293,448.94292061845437,47.20196901804149,62.11415876309132
2.381581849500048,448.94292086035495,47.201968821366656,62.11415827929012
2.2893970296401847,448.9429210994338,47.201968628809084,62.11415780113235
2.1669930546406526,448.94292138190076,47.201968411588986,62.11415723619848
2.1271428781673904,448.94292159664445,47.20196823496016,62.11415680671114
2.0414000861261563,448.9429218303191,47.201968037373014,62.11415633936179
1.9171050914680343,448.94292206841595,47.20196785535213,62.1141558631681
1.8314114384487148,448.9429222897307,47.20196766778039,62.11415542053857
1.690984376962831,448.94292251055185,47.201967476186496,62.11415497889635
1.5088873100435372,448.9429227415732,47.20196727647177,62.11415451685355
1.3807202434520889,448.94292297742084,47.201967075042774,62.1141540451583
1.3022400887019536,448.9429232398045,47.201966867375,62.11415352039108
1.158724697994959,448.94292349226635,47.20196665389687,62.114153015467366
1.05096881965407,448.9429237497235,47.20196644780723,62.114152500552976
0.9655798222952434,448.9429240037924,47.20196625739572,62.11415199241519
0.8561237416372016,448.94292421215624,47.201966085461756,62.114151575687465
0.7541915495895104,448.94292442364366,47.201965895124765,62.11415115271269
0.6528424454976154,448.9429246126852,47.201965738454696,62.11415077462957
0.5049553703807526,448.94292479241074,47.201965577861166,62.11415041517856
0.3928229080034811,448.94292502396553,47.20196538914277,62.114149952068935
0.23412707014085754,448.9429252044602,47.20196525206666,62.1141495910796
0.06256277974696545,448.9429254209483,47.20196506226461,62.11414915810339
-0.005931689517495897,448.9429256116021,47.201964899025995,62.11414877679574
-0.154091460118849,448.9429258208881,47.20196471709943,62.11414835822384
-0.2964602813793107,448.94292602734,47.201964534226676,62.11414794532006
-0.4689049547172779,448.94292621583395,47.20196432950147,62.11414756833213
-0.5932572598336385,448.9429264314656,47.201964133764,62.11414713706877
-0.690242862898554,448.94292664791465,47.20196394440128,62.114146704170764
-0.8359596577327437,448.9429268616479,47.20196378248656,62.114146276704226
-0.9654075893130916,448.94292709261566,47.20196359280988,62.11414581476865
-1.0944353956089898,448.9429273228006,47.201963399241706,62.114145354398865
-1.2239619384397713,448.9429275716034,47.20196319501298,62.114144856793224
-1.4003737157957659,448.9429277755285,47.20196301544152,62.11414444894301
-1.538049018159363,448.9429279931501,47.201962811071425,62.11414401369983
-1.706235860842174,448.9429282067729,47.201962601030324,62.114143586454205
-1.8597541250723744,448.94292846195793,47.20196237202155,62.114143076084154
-2.006295595298745,448.94292867168485,47.201962181160965,62.114142656630264
-2.1550122602082915,448.94292887969954,47.20196198565619,62.114142240600934
-2.3248927154034256,448.94292907299325,47.20196178788644,62.114141854013475
-2.480027606353893,448.9429292947515,47.201961558362356,62.114141410497055
-2.666049946099953,448.94292953762977,47.20196131693315,62.11414092474051
-2.8253222762977366,448.9429297659821,47.201961082871854,62.114140468035814
-2.9777635748856603,448.94292999411306,47.20196085562677,62.114140011773905
-3.170173071860166,448.9429301934051,47.20196064000013,62.114139613189785
-3.2994399782856867,448.94293040840654,47.201960408823844,62.11413918318689
-3.4289157276855278,448.9429306120274,47.201960184047934,62.11413877594517
-3.542625478898259,448.942930839577,47.201959937571075,62.11413832084594
-3.638227812258439,448.94293107193863,47.20195969878149,62.11413785612273
-3.7651507992666957,448.9429313162461,47.20195941487297,62.1141373675079
-3.8990981049369715,448.9429315657343,47.20195916213118,62.114136868531425
-4.034473697726899,448.9429317927073,47.20195890122552,62.11413641458533
-4.187873187966723,448.94293201773866,47.20195864874542,62.11413596452265
-4.35261621016015,448.94293223922296,47.20195838265025,62.11413552155407
-4.500907753613205,448.94293249201667,47.20195808528092,62.11413501596662
-4.539492559344708,448.9429327316845,47.20195780157181,62.114134536631056
-4.671394860181728,448.942932974254,47.20195749067871,62.11413405149194
-4.8132091773463195,448.9429332179309,47.20195721422794,62.11413356413828
-4.954296231731284,448.94293347066366,47.20195691456205,62.11413305867263
-5.074638772870543,448.94293374949143,47.20195660839471,62.11413250101713
-5.207294541500861,448.9429339818374,47.20195633826132,62.11413203632511
-5.28775818963182,448.94293420375647,47.20195607061752,62.114131592487084
-5.383804394762784,448.94293440752676,47.201955838691376,62.11413118494652
-5.4527402325421725,448.9429346199408,47.201955593187684,62.11413076011845
-5.516009629134402,448.9429348195122,47.20195536464172,62.11413036097568
-5.642405182484207,448.9429350507301,47.20195506661721,62.11412989853974
-5.726850689585046,448.9429352185782,47.20195485953402,62.11412956284359
-5.8145098369184325,448.94293539933096,47.20195464486051,62.11412920133813
-5.864311264306146,448.9429356179855,47.201954390574215,62.11412876402901
-5.89140266092701,448.94293582471755,47.20195414027642,62.11412835056492
-5.959854509504499,448.9429360155341,47.2019539256024,62.11412796893179
-6.038889872627401,448.9429362472456,47.20195365544451,62.114127505508776
-6.065254854060182,448.94293645356703,47.20195343426166,62.114127092865985
-6.126841268080856,448.94293663882166,47.20195321917118,62.11412672235664
-6.145674196291974,448.9429368020434,47.20195301928825,62.11412639591323
-6.154108660445591,448.94293696955384,47.20195280866921,62.11412606089234
-6.205534121531159,448.9429371432556,47.201952600772046,62.114125713488725
-6.247252341601847,448.9429372983116,47.201952402796586,62.11412540337674
-6.281051954229941,448.9429374451169,47.20195222717482,62.11412510976622
-6.315012889856842,448.94293759313615,47.20195202780618,62.114124813727734
-6.348593823411498,448.9429377498528,47.20195182821742,62.11412450029448
-6.398373973668587,448.94293790422864,47.20195162208973,62.11412419154266
-6.369433937563247,448.94293806361077,47.201951415048576,62.11412387277846
-6.40922674673045,448.9429382303021,47.20195119804534,62.114123539395806
-6.4112044524192875,448.94293839266214,47.201950985822386,62.11412321467569
-6.4645569629451884,448.942938538451,47.201950803221806,62.11412292309801
-6.519218981052884,448.9429387240293,47.20195057044048,62.114122551941364
-6.5756229471977115,448.9429388994483,47.20195033479572,62.11412220110339
-6.6186932789734065,448.94293904353214,47.201950127299135,62.11412191293574
-6.66025343196004,448.94293919517855,47.20194992329029,62.114121609642936
-6.65999290077286,448.94293935367193,47.20194972565036,62.11412129265617
-6.6639525097894,448.94293952108666,47.201949506431454,62.114120957826735
-6.691310096195799,448.94293966242736,47.20194931779811,62.114120675145266
-6.732598351011244,448.9429398049537,47.2019491204235,62.11412039009259
-6.770730281822317,448.94293996533537,47.2019488912096,62.11412006932923
-6.8269917617342735,448.94294010921266,47.20194869760925,62.114119781574665
-6.848840954940922,448.94294026153017,47.2019485012243,62.114119476939706
-6.883746148036607,448.9429404339809,47.20194828087642,62.11411913203825
-6.915575297212666,448.9429406062483,47.20194807355036,62.114118787503386
-6.943538104555461,448.9429407457266,47.201947890564874,62.11411850854672
-6.970895686433412,448.9429409188505,47.20194769287463,62.11411816229896
-7.023247366504595,448.9429411175388,47.20194742549024,62.11411776492245
-7.044651816207821,448.9429413332464,47.201947143981336,62.114117333507224
-7.055873231750589,448.9429415060442,47.20194693199882,62.114116987911686
-7.085862152276643,448.94294168447203,47.2019467126266,62.114116631055936
-7.1133605984845865,448.9429418310636,47.20194651851752,62.11411633787286
-7.198611114755291,448.94294201125484,47.20194625930707,62.11411597749029
-7.1942426108501145,448.94294220528735,47.20194601930283,62.114115589425325
-7.228375503056597,448.94294238595506,47.201945769589514,62.11411522808991
-7.244929217936235,448.94294255776606,47.20194553491269,62.114114884467924
-7.234962236633397,448.94294273411424,47.20194529335763,62.11411453177156
-7.264967531647063,448.94294288734824,47.20194506648304,62.11411422530354
-7.282594915659484,448.9429430544927,47.20194483451265,62.114113891014675
-7.33026865577207,448.9429432232127,47.20194460478404,62.114113553574654
-7.331350378933848,448.9429434211358,47.20194433358438,62.114113157728426
-7.375646684804391,448.94294358712096,47.20194409565362,62.114112825758085
-7.420141158045421,448.9429437679461,47.20194381412551,62.11411246410785
-7.463397363373488,448.94294394332985,47.20194355486072,62.114112113340354
-7.549096658623121,448.9429441299297,47.20194328216361,62.11411174014061
-7.570404482380237,448.9429443136976,47.20194303172433,62.11411137260486
-7.584185985067705,448.9429444843076,47.20194279858282,62.1141110313848
-7.620304039057039,448.9429446794454,47.20194251763975,62.114110641109136
-7.650219238510122,448.9429448522423,47.20194227703457,62.11411029551536
-7.647744193732262,448.94294501902954,47.20194203937174,62.11410996194095
-7.657308787624213,448.9429452410192,47.20194173667581,62.11410951796164
-7.659399481808794,448.9429454374293,47.201941466661516,62.11410912514149
-7.706846338872904,448.94294563885586,47.20194118139198,62.11410872228831
-7.724331211190481,448.942945810406,47.2019409256409,62.11410837918801
-7.760297784092277,448.94294596917365,47.20194069763563,62.11410806165265
-7.80302821013866,448.942946147936,47.20194043985176,62.114107704127896
-7.809092553017493,448.94294633371584,47.20194018668863,62.114107332568274
-7.818335313597185,448.9429465255452,47.20193992890531,62.11410694890954
-7.802951654171103,448.9429467197225,47.20193965410563,62.11410656055501
-7.800303811028844,448.9429468890883,47.20193942420821,62.11410622182333
-7.847731854395292,448.9429470514655,47.20193918912943,62.11410589706892
-7.881871292596124,448.94294724028606,47.201938940734706,62.11410551942785
-7.936012420456414,448.9429474208806,47.201938689989376,62.11410515823881
-7.970189523284159,448.94294759774226,47.20193843057748,62.11410480451549
-7.97094777283608,448.942947773411,47.2019381982254,62.114104453177994
-7.982650723726056,448.9429479456918,47.2019379520485,62.11410410861645
-8.055612582158645,448.9429481220565,47.20193769678386,62.11410375588695
-8.10148539161301,448.9429483099855,47.201937439916776,62.114103380028965
-8.144642490779312,448.9429485125253,47.201937168673496,62.114102974949475
-8.156949829911035,448.9429487127257,47.20193690002024,62.11410257454864
-8.16547762858055,448.9429489127337,47.20193663943267,62.11410217453263
-8.173097201931636,448.9429490860572,47.2019364021095,62.11410182788563
-8.201567709993572,448.94294929828345,47.201936110152225,62.11410140343308
-8.218308134549513,448.9429494976475,47.201935849376746,62.11410100470504
-8.22070512329896,448.9429497013687,47.201935580358516,62.11410059726252
-8.257395609193786,448.9429499334044,47.201935254857844,62.11410013319114
-8.317696198282448,448.94295012151605,47.20193500249985,62.11409975696788
-8.279919469081392,448.94295032684886,47.20193474523671,62.114099346302325
-8.284162426415147,448.94295051161464,47.201934498895746,62.114098976770734
-8.297166716108013,448.9429507060571,47.20193424880703,62.114098587885834
-8.285734595181168,448.9429509057712,47.2019339947866,62.114098188457504
-8.312074965090389,448.9429511247199,47.201933709487406,62.11409775056017
-8.3486557412525,448.94295131080946,47.20193345117511,62.114097378381125
-8.389564758570703,448.94295152466594,47.201933165954394,62.11409695066808
-8.375463615541605,448.94295171774365,47.201932908841286,62.114096564512714
-8.40953015992379,448.9429519103644,47.201932658319805,62.11409617927123
-8.414020446348502,448.94295209354704,47.201932413076406,62.11409581290595
-8.403603029621493,448.94295229361796,47.20193215968621,62.11409541276408
-8.414100442756293,448.9429524929532,47.20193188685832,62.114095014093536
-8.423329270816872,448.94295268678786,47.20193161058175,62.114094626424276
-8.420641264763919,448.9429528891527,47.20193131344846,62.114094221694636
-8.405834960884729,448.9429531435689,47.20193099729436,62.11409371286225
-8.41939366449606,448.94295336392275,47.20193069395646,62.11409327215444
-8.398418903112663,448.94295356746915,47.2019304172684,62.114092865061735
-8.426800959102714,448.94295378935817,47.201930127753045,62.11409242128371
-8.476364854222968,448.94295398693157,47.201929872851856,62.114092026136824
-8.51552372779922,448.9429542057346,47.201929582911674,62.11409158853073
-8.50175671435252,448.9429544095734,47.20192930327408,62.114091180853165
-8.491688193586736,448.9429545829352,47.20192907816962,62.11409083412959
-8.50839011176057,448.942954779983,47.20192879520452,62.11409044003406
-8.52691506417121,448.94295498608085,47.20192852733923,62.11409002783835
-8.516100445233029,448.942955178511,47.20192826905638,62.11408964297803
-8.531536261390752,448.9429553494437,47.20192803510093,62.11408930111263
-8.545380813994722,448.94295552948154,47.2019277876773,62.11408894103691
-8.554570327092023,448.94295575304244,47.20192750558857,62.1140884939151
-8.568581937169565,448.942955936945,47.20192723506141,62.114088126110055
-8.58053465627399,448.94295613691986,47.2019269601591,62.114087726160236
-8.597363527642027,448.9429563374962,47.20192670132328,62.11408732500768
-8.622779294887323,448.9429565067537,47.20192645597626,62.11408698649252
-8.642744815838476,448.94295669819513,47.20192619685103,62.11408660360978
-8.643055899714152,448.9429568893386,47.20192594798876,62.1140862213229
-8.674649962248168,448.9429570986427,47.20192568411312,62.11408580271461
-8.657061659296339,448.9429572902902,47.201925444777075,62.114085419419574
-8.682536372655072,448.9429574937186,47.201925160141954,62.11408501256279
-8.697528281856304,448.94295770353847,47.20192487689132,62.11408459292303
-8.70800522944949,448.94295789396494,47.20192462509645,62.11408421207006
-8.7328526259084,448.9429580856702,47.201924365807756,62.11408382865959
-8.752689561724988,448.9429582856118,47.2019240932027,62.11408342877639
-8.745367846762019,448.94295848335753,47.20192383321628,62.11408303328492
-8.815387939146795,448.9429586892328,47.20192356073714,62.114082621534365
-8.824325228540154,448.9429588810777,47.20192331750333,62.11408223784466
-8.852964458112872,448.942959066586,47.201923069025284,62.11408186682795
-8.87750555450484,448.9429592681261,47.20192280006467,62.114081463747794
-8.908196276559362,448.942959481905,47.20192250181551,62.11408103618997
-8.996265606628263,448.9429596947522,47.20192217977653,62.11408061049567
-9.050339541924874,448.94295988939444,47.201921900223745,62.11408022121108
-9.095355664644178,448.9429600947443,47.201921590499445,62.11407981051137
-9.125845749274863,448.94296028813767,47.20192131684943,62.114079423724604
-9.191286984819346,448.9429604765398,47.201921062818805,62.11407904692049
-9.269048799416083,448.94296065533365,47.201920810696095,62.11407868933266
-9.33749808351671,448.94296087297926,47.20192050366084,62.11407825404144
-9.41211502355971,448.94296107938646,47.20192019316361,62.11407784122702
-9.491854629122646,448.9429612864066,47.20191990542626,62.114077427186785
-9.572914412746428,448.94296148189846,47.201919622157504,62.11407703620304
-9.63206757253328,448.94296171036274,47.201919297470326,62.114076579274546
-9.736094522226828,448.9429619462012,47.201918997042625,62.11407610759761
-9.80643236897864,448.94296213544845,47.20191872857497,62.114075729103135
-9.89763263415108,448.9429623295851,47.20191845118154,62.11407534082984
-10.022671868546222,448.942962551679,47.201918152433755,62.11407489664199
-10.165605572492016,448.94296277115393,47.20191783948298,62.11407445769213
-10.263762944223984,448.94296301686654,47.20191748811831,62.11407396626689
-10.382066123102934,448.94296324616687,47.20191714366769,62.114073507666305
-10.459528979818185,448.94296345600384,47.20191684017143,62.11407308799233
-10.52375319006767,448.942963680086,47.20191652102253,62.11407263982805
-10.604490272591132,448.9429639005475,47.201916204844444,62.114072198905035
-10.699651846493964,448.9429641268196,47.20191586572594,62.11407174636077
-10.77442271345106,448.94296437262113,47.20191549146199,62.1140712547577
-10.88601196173368,448.94296465713205,47.201915094699515,62.114070685735925
-10.97286594028094,448.9429648633416,47.20191480663584,62.114070273316806
-11.049414002035647,448.94296507777176,47.20191449269103,62.114069844456516
-11.182043430493096,448.9429652842289,47.20191420291556,62.11406943154223
-11.228424767895415,448.94296549238464,47.20191389338478,62.114069015230704
-11.287086543752917,448.94296568894237,47.201913577123115,62.11406862211528
-11.353149341658451,448.9429658956003,47.20191325883735,62.1140682087994
-11.419435696339754,448.94296613162646,47.20191290005802,62.11406773674709
-11.494947727818122,448.9429663722931,47.20191253202454,62.11406725541381
-11.56859743815048,448.94296657999547,47.201912201049886,62.11406684000901
-11.657962337975057,448.94296680556533,47.20191185560226,62.114066388869354
-11.714950126453367,448.9429670238135,47.201911520226346,62.11406595237308
-11.7761367812396,448.9429672249412,47.20191121161329,62.114065550117594
-11.831240942337082,448.942967435438,47.20191088089469,62.11406512912397
-11.894571646557992,448.9429676526358,47.20191055654365,62.11406469472846
-11.932090070500866,448.9429678694443,47.20191019324967,62.11406426111141
-11.990405412839696,448.94296808151614,47.20190986924269,62.11406383696774
-12.058225701163309,448.94296831045324,47.20190952668139,62.1140633790935
-12.094819516918836,448.9429685309327,47.20190918111687,62.11406293813458
-12.149170224181937,448.94296873116866,47.20190884500697,62.11406253766267
-12.103434753019407,448.9429689428563,47.20190854655989,62.11406211428747
-12.072588146905822,448.9429691285173,47.20190826509072,62.11406174296547
-12.133512721922546,448.9429693360021,47.20190793783306,62.11406132799585
-12.06918748109062,448.94296953694084,47.201907644615254,62.11406092611836
-12.155204418918178,448.9429697641695,47.201907286461854,62.11406047166101
-12.096887095228947,448.9429700196979,47.20190691112233,62.114059960604166
-12.142662394518286,448.9429702280829,47.201906615619414,62.11405954383414
-12.112323548765204,448.94297042282835,47.20190632956002,62.114059154343316
-12.065492293880673,448.94297064310706,47.20190601469862,62.11405871378588
-12.138092911664618,448.94297085006536,47.20190570133253,62.11405829986929
-12.099982859242822,448.9429710696512,47.201905393623335,62.11405786069754
-12.189787552904175,448.94297126680766,47.201905079908634,62.11405746638464
-12.183245481103995,448.94297147058984,47.201904782616566,62.114057058820286
-12.14055166990305,448.9429716691007,47.20190449444224,62.11405666179861
-12.110511722418362,448.9429718916603,47.20190415543137,62.11405621667934
-12.044280739207519,448.9429720963091,47.20190385607054,62.11405580738175
-12.097471795091423,448.9429722946384,47.20190354568916,62.114055410723175
-12.17789356924478,448.9429724940854,47.20190324481375,62.114055011829244
-12.123720268110322,448.9429727129544,47.201902940881816,62.114054574091256
-12.075943924697313,448.9429729324843,47.20190261655742,62.11405413503149
-12.151066949247753,448.9429731391617,47.201902283898654,62.11405372167661
-12.107987389953838,448.94297336795506,47.201901955005134,62.11405326408992
-12.099053903693765,448.9429735981423,47.20190160514157,62.11405280371532
-12.166505650095289,448.9429738114189,47.20190127957571,62.11405237716224
-12.119579400615958,448.9429740274847,47.20190096532993,62.114051945030646
-12.085587120754862,448.94297424496204,47.20190064387469,62.11405151007588
-12.141218684454142,448.94297446045465,47.201900309862246,62.114051079090665
-12.090859332829588,448.94297465257796,47.20190002288673,62.11405069484408
-12.17013780172281,448.94297485953297,47.20189969467624,62.114050280934045
-12.117334611585989,448.94297508143495,47.2018993413501,62.11404983713015
-12.054711193542179,448.94297529621343,47.20189904497443,62.11404940757315
-12.138572604865765,448.9429755221709,47.20189870365924,62.11404895565819
-12.086725169209053,448.94297573417896,47.20189838303885,62.11404853164209
-12.142414888783257,448.9429759332089,47.201898079564884,62.114048133582195
-12.088885298989016,448.94297614164105,47.20189776778856,62.114047716717934
-12.166695355259193,448.94297635119034,47.20189743948819,62.11404729761934
-12.129662270824564,448.94297653926446,47.20189716450741,62.11404692147108
-12.077613369575932,448.94297675276397,47.20189684010186,62.11404649447203
-12.14821811808648,448.94297699027845,47.20189648144726,62.11404601944309
-12.113529715170944,448.9429772007452,47.201896151725215,62.114045598509584
-12.064192446203776,448.94297739999337,47.20189587387074,62.114045200013294
-12.11309127704579,448.94297759765294,47.20189556806123,62.11404480469414
-12.048928194386505,448.94297782096214,47.20189525251416,62.11404435807577
-12.143204409597978,448.94297804872906,47.20189488609644,62.11404390254192
-12.11561893669479,448.94297824792113,47.201894588090035,62.1140435041577
-12.068455177275375,448.9429784771833,47.201894243378305,62.114043045633345
-12.16189769003503,448.942978699786,47.201893882192216,62.114042600427936
-12.124212673724589,448.9429789201773,47.201893542910206,62.114042159645344
-12.07007294320509,448.9429791559322,47.20189319832295,62.11404168813558
-12.15157653234533,448.94297937119916,47.20189286391479,62.11404125760174
-12.111043983168756,448.942979574106,47.20189255604893,62.11404085178796
-12.068595885374197,448.9429797668731,47.20189228419353,62.11404046625378
-12.167011994865373,448.94297996977366,47.201891950623654,62.114040060452716
-12.112465245993715,448.9429801914711,47.20189162721868,62.11403961705777
-12.1216047805189,448.94298040945216,47.20189131703533,62.11403918109563
-12.08298368508586,448.94298063463043,47.201890971598196,62.114038730739125
-12.169655779393576,448.94298085365205,47.20189062259785,62.11403829269587
-12.149223185834526,448.94298105534097,47.201890331508984,62.1140378893181
-12.075423320331211,448.9429812580182,47.20189004429565,62.114037483963536
-12.136691834384472,448.9429814672071,47.201889712806874,62.114037065585784
-12.130173507011069,448.9429816825404,47.201889400397796,62.11403663491921
-12.086599299420321,448.9429819002969,47.20188907790343,62.11403619940623
-12.145062825834085,448.94298212405835,47.201888708147855,62.114035751883314
-12.104760423476833,448.9429823135778,47.201888426853685,62.11403537284445
-12.030039228642533,448.9429825167948,47.20188814367045,62.114034966410344
-12.106327624854949,448.9429827244524,47.201887819009826,62.114034551095145
-12.098430160529755,448.94298293020427,47.20188751772789,62.11403413959148
-12.166906414723002,448.94298314002225,47.20188719377319,62.114033719955465
-12.10777346331442,448.94298335078724,47.20188689741898,62.114033298425454
-12.058580332291157,448.94298354636084,47.2018866026867,62.11403290727837
-12.130076950178424,448.9429837351101,47.20188629888947,62.11403252977982
-12.075656349426701,448.94298391968323,47.201886017417095,62.114032160633585
-12.145221016292357,448.94298412350383,47.20188569757537,62.114031752992375
-12.105916116615614,448.94298431783926,47.2018854094781,62.1140313643215
-12.103114278344734,448.9429845166406,47.20188511576592,62.114030966718865
-12.079761227779752,448.94298472872606,47.20188478959886,62.11403054254793
-12.165828931634238,448.9429849312647,47.20188447169042,62.114030137470635
-12.151980013340513,448.94298515638417,47.20188415170823,62.1140296872317
-12.125021881325118,448.94298535425133,47.201883861430176,62.114029291497374
-12.103568034625372,448.94298556703114,47.20188356249947,62.114028865937755
-12.086836347324788,448.94298579459985,47.20188323757829,62.11402841080036
-12.116966854161141,448.9429860002791,47.20188291602709,62.114027999441745
-12.051261653001994,448.94298623481257,47.20188256112071,62.114027530374834
-12.143244732863135,448.94298646012044,47.20188220339457,62.114027079759126
-12.08423463528316,448.9429866545185,47.20188191690123,62.11402669096302
-12.124840574180627,448.94298686322253,47.201881609372926,62.11402627355498
-12.026968766547178,448.942987079057,47.20188128667614,62.11402584188603
-12.032367246826112,448.94298728587034,47.20188096734711,62.11402542825931
-12.056250660674632,448.94298749927435,47.20188064017173,62.11402500145132
-12.0967902447312,448.9429877173629,47.201880295450316,62.11402456527425
-12.171823136621946,448.9429879451697,47.201879941917966,62.11402410966059
-12.066426665385432,448.94298815963685,47.20187964525697,62.114023680726305
-12.089875188766825,448.94298839658325,47.201879280673325,62.11402320683347
-12.109543337828423,448.94298865423235,47.20187888997997,62.11402269153535
-12.034605922649092,448.9429888740299,47.20187855310104,62.11402225194019
-12.087093426887485,448.94298910046035,47.20187819647553,62.11402179907925
-12.100824105105655,448.94298929502946,47.20187790492451,62.11402140994112
-12.150150417024452,448.94298949499387,47.20187759969449,62.114021010012294
-12.037307064515122,448.9429897162969,47.20187728090344,62.11402056740625
-12.103699024184454,448.9429899435978,47.201876937942565,62.1140201128044
-12.033869532460372,448.94299016342444,47.20187662909214,62.114019673151155
-12.03158690624959,448.9429903786195,47.20187630642412,62.11401924276092
-12.05643179747429,448.94299058630156,47.20187600247897,62.114018827396826
-12.105717968869513,448.9429908056642,47.201875673855994,62.11401838867158
-12.055980226140399,448.9429910216541,47.201875363540054,62.11401795669174
-12.087049268486716,448.9429912353391,47.20187504353551,62.11401752932183
-12.103910846938955,448.9429914497763,47.20187471944052,62.11401710044741
-11.982969546959264,448.9429916519892,47.201874428798725,62.114016696021636
-12.020586227486284,448.94299186055093,47.20187408451095,62.1140162788981
-12.06258193914189,448.94299207001933,47.20187375674737,62.11401585996131
-12.079016849226264,448.94299226489585,47.20187346679177,62.11401547020829
-12.072701637431361,448.94299245285026,47.201873172434965,62.114015094299425
-12.059566845591501,448.94299268428296,47.201872816021556,62.11401463143405
-12.094529264172518,448.94299288861004,47.201872501418244,62.11401422277992
-12.12152066298766,448.94299309808207,47.20187218438874,62.11401380383587
-12.06836864108448,448.94299331215353,47.201871862248716,62.11401337569297
-12.10347681889347,448.9429935347876,47.20187151743201,62.114012930424785
-12.045061301431002,448.9429937444734,47.20187122635635,62.114012511053126
-12.069151922010043,448.9429939457455,47.20187092625038,62.114012108508994
-12.116028683277122,448.9429941660598,47.20187059683437,62.11401166788043
-12.080813739397744,448.9429943507238,47.20187034710376,62.114011298552484
-12.134992450616402,448.9429945314433,47.201870071815776,62.114010937113406
-12.088427407185506,448.9429947305333,47.201869783723936,62.114010538933314
-12.119941164722515,448.9429949121842,47.20186949966847,62.11401017563158
-12.110925004729928,448.9429951041202,47.201869221992936,62.11400979175959
-12.086468862130193,448.94299526757646,47.20186899258389,62.11400946484703
-12.133501248449576,448.9429954567766,47.201868717422116,62.11400908644676
-12.084896177505154,448.942995643377,47.20186846124971,62.114008713246044
-12.130474057537104,448.9429958596719,47.20186814839901,62.11400828065622
-12.129636911441715,448.9429960686023,47.20186782716179,62.11400786279533
-12.101329140707719,448.94299625567464,47.20186755636803,62.114007488650714
-12.1069856107911,448.9429964568414,47.20186726952949,62.114007086317216
-12.111638842731988,448.9429966692226,47.20186697849436,62.114006661554754
-12.097774381683308,448.9429968839578,47.201866681038894,62.114006232084435
-12.158302540097978,448.9429970688005,47.20186639646309,62.11400586239907
-12.144354557716767,448.9429972619483,47.20186612629922,62.11400547610344
-12.105256052513312,448.9429974608984,47.20186583518114,62.114005078203164
-12.067670168745394,448.94299767127023,47.20186552338623,62.11400465745952
-12.159552512000385,448.9429978793027,47.20186521575177,62.114004241394554
-12.133970271095631,448.9429980701978,47.20186495496082,62.11400385960441
-12.127748411637274,448.94299828473277,47.201864637894865,62.11400343053448
-12.127576270742033,448.94299849624286,47.20186432272233,62.11400300751423
-12.11007477858092,448.94299869333906,47.20186403565929,62.11400261332191
-12.08948249538848,448.94299889553923,47.201863738166224,62.11400220892157
-12.122848738513039,448.9429991082706,47.20186342291836,62.11400178345881
-12.106909025887575,448.94299930510044,47.201863150770066,62.11400138979914
-12.08805378864135,448.9429994958927,47.201862880998114,62.1140010082146
-12.156499719577305,448.942999694496,47.20186258805721,62.11400061100803
-12.157778822756931,448.94299988046197,47.20186233791547,62.11400023907606
-12.142271516219179,448.9430000855785,47.201862048074524,62.11399982884301
-12.104761813965116,448.9430002915155,47.20186176473644,62.113999416969015
-12.096622779349477,448.9430004744478,47.20186150606384,62.113999051104415
-12.183704332337427,448.9430006815807,47.20186121091288,62.11399863683859
-12.17021497747281,448.94300087355157,47.20186094921698,62.11399825289688
-12.17444072140129,448.94300106012565,47.201860685640625,62.113997879748666
-12.15235874781752,448.94300127198557,47.20186041258922,62.11399745602891
-12.125009179683637,448.94300145690664,47.20186015708332,62.113997086186735
-12.087843448788078,448.9430016565681,47.201859874553406,62.113996686863906
-12.173473776532791,448.943001866734,47.20185957709331,62.11399626653198
-12.166315064466072,448.9430020406185,47.20185935254769,62.1139959187629
-12.158931942075192,448.9430022227535,47.20185910145791,62.113995554493066
-12.133627334435968,448.94300241426174,47.20185883405258,62.11399517147651
-12.080360711095999,448.94300259717477,47.20185858575569,62.11399480565042
-12.205996820067497,448.9430027766166,47.201858304137374,62.11399444676682
-12.160869075764953,448.9430029867617,47.20185800894459,62.11399402647658
-12.147564798847032,448.9430031846715,47.20185772663306,62.113993630656964
-12.139101449973236,448.9430033648064,47.20185746091388,62.11399327038729
-12.076718863179753,448.94300357274875,47.201857154453855,62.11399285450255
-12.206858463119115,448.94300378204156,47.20185684788765,62.113992435916835
-12.183037007281744,448.9430039573345,47.20185658443297,62.113992085330956
-12.196321355139109,448.94300413808526,47.20185631974926,62.11399172382944
-12.161710006082327,448.9430043122338,47.201856079342626,62.113991375532386
-12.161370819502864,448.9430044985223,47.20185581169633,62.11399100295537
-12.157795060974411,448.94300469075785,47.20185552348082,62.113990618484294
-12.179142146827086,448.94300487914893,47.2018552569373,62.11399024170212
-12.174535301424612,448.9430050768986,47.20185495596115,62.11398984620283
-12.156686576912296,448.9430052687141,47.20185468026373,62.11398946257176
-12.124380610379013,448.9430054595873,47.201854405651105,62.11398908082542
-12.120272535123188,448.9430056462113,47.201854141680165,62.11398870757734
-12.087398201604525,448.94300583049943,47.20185386072787,62.11398833900114
-12.159484426078034,448.943006034685,47.20185355181089,62.11398793062989
-12.146348024368073,448.94300624388336,47.20185324087423,62.11398751223333
-12.110555696578249,448.94300644479654,47.20185293665538,62.113987110406974
-12.058008903390164,448.94300666422527,47.20185259101712,62.11398667154946
-12.11213101994295,448.9430069261315,47.20185218895796,62.11398614773698
-12.11003676296911,448.9430071267865,47.201851877331805,62.113985746426984
-12.088035845925742,448.94300732946874,47.20185155174922,62.11398534106247
-12.198885424751918,448.9430075509758,47.201851173554864,62.11398489804845
-12.193166401623937,448.9430077622577,47.20185083394821,62.11398447548457
-12.130015627492174,448.9430079588873,47.20185051468477,62.11398408222545
-12.092362603164784,448.9430081466406,47.20185019613444,62.113983706718884
-12.170505877719293,448.94300835430954,47.20184983506718,62.11398329138089
-12.11206411696375,448.9430085972423,47.201849405184646,62.11398280551538
-12.022750528743234,448.94300884785247,47.201848944880545,62.11398230429504
-12.029139103356822,448.94300904776793,47.201848557000254,62.11398190446416
-12.077443286573796,448.9430092388454,47.20184819526381,62.11398152230926
-12.036308798547225,448.943009428916,47.20184781490616,62.11398114216794
-12.012011476916431,448.9430096275166,47.201847448996666,62.1139807449668
-12.048591336046695,448.94300981371856,47.201847129858855,62.11398037256287
-12.079063308245992,448.94301002232584,47.20184676293667,62.11397995534837
-12.107522292621741,448.9430102099106,47.20184646452751,62.113979580178764
-12.043980075971799,448.9430103863989,47.201846182138006,62.113979227202265
-12.099842544974898,448.94301056454196,47.20184588664897,62.11397887091605
-12.14819509181821,448.94301073203485,47.201845618134854,62.1139785359303
-12.089241569197842,448.9430108939795,47.20184536684611,62.113978212041076
-12.118375374919822,448.9430110776159,47.20184505708073,62.113977844768186
-12.010107702499642,448.94301124774574,47.20184478873936,62.11397750450847
-12.065052917474752,448.94301143817415,47.20184448205008,62.11397712365171
-12.122108594862109,448.94301164561097,47.20184414511146,62.11397670877807
-12.02967727506515,448.94301185216557,47.2018438211723,62.11397629566888
-12.058637431362019,448.9430120780196,47.201843454316,62.113975843960795
-12.139535731477064,448.943012273295,47.20184314199516,62.11397545341
-12.06407018254577,448.94301243550404,47.201842895830495,62.11397512899189
-12.113160582151576,448.94301266769236,47.201842559089634,62.11397466461524
-12.048864895730677,448.9430128672134,47.201842231985104,62.113974265573255
-12.090923637431729,448.94301306823905,47.201841893038136,62.11397386352188
-12.139582422694211,448.94301329117616,47.201841522076265,62.11397341764764
-12.126068480312156,448.9430134940744,47.2018412126113,62.11397301185113
-12.106271414121842,448.94301371286764,47.2018408960342,62.113972574264714
-12.04669710476508,448.9430139017097,47.20184062112217,62.113972196580576
-12.115396881758567,448.94301409017686,47.2018403228333,62.11397181964628
-12.078624236732427,448.9430143253859,47.201839967172994,62.11397134922822
-12.157189278212154,448.9430145351964,47.20183962992447,62.11397092960719
-12.153285048987119,448.94301480858894,47.201839209507945,62.113970382822174
-12.104115682945977,448.9430150523513,47.20183884298047,62.11396989529741
-12.081934576202446,448.9430152837493,47.20183847042697,62.1139694325015
-12.180262108628984,448.94301550536073,47.20183809792977,62.113968989278526
-12.12173359344898,448.94301571895573,47.201837757726224,62.11396856208855
-12.101795672233138,448.94301592046315,47.2018374524516,62.1139681590737
-12.074731872996558,448.94301616020346,47.20183706659226,62.11396767959305
-12.12212780620288,448.9430163841798,47.20183670108752,62.11396723164036
-12.075946055946815,448.9430165928243,47.201836379305405,62.11396681435148
-12.176836957986094,448.9430168174746,47.201836001524946,62.11396636505078
-12.138828512701885,448.9430170095428,47.201835693505146,62.11396598091442
-12.080137869016877,448.94301720566773,47.20183539771323,62.113965588664485
-12.13801741451977,448.94301741237865,47.20183505640319,62.11396517524271
-12.127751498212753,448.94301761306554,47.20183474217397,62.113964773868915
-12.100130807199207,448.94301785976216,47.201834363779426,62.11396428047566
-12.152332450201701,448.94301806886375,47.20183401988539,62.11396386227254
-12.078826668054386,448.94301828341924,47.20183369094709,62.11396343316153
-12.145986756122728,448.94301850034657,47.201833354669795,62.11396299930691
-12.103402731215617,448.9430187144823,47.20183302576946,62.11396257103532
-12.037260301229566,448.9430189074956,47.20183273255742,62.11396218500871
-12.124353255741486,448.9430191061611,47.20183241187545,62.113961787677745
-12.088227636106875,448.9430192845657,47.201832134863615,62.113961430868535
-12.167555951906408,448.9430194800941,47.20183181169736,62.11396103981181
-12.130753032108903,448.9430196786043,47.20183150206632,62.113960642791426
-12.050823273587262,448.9430198733537,47.2018311952758,62.11396025329261
-12.068567687010098,448.94302006275103,47.2018308801804,62.11395987449797
-12.150732923028212,448.94302025898634,47.201830586611656,62.113959482027354
-12.109095649310024,448.9430204443338,47.20183029933859,62.11395911133241
-12.029305958304565,448.94302063246687,47.20183001555231,62.11395873506628
-12.082891644265711,448.94302087124476,47.20182965826756,62.11395825751053
-12.144882388618385,448.94302110843904,47.20182929116322,62.113957783121904
-12.068799341528578,448.9430213018237,47.20182899731663,62.11395739635253
-12.165105660085441,448.9430215044757,47.20182865859456,62.113956991048596
-12.100216260913815,448.94302170441296,47.20182836462295,62.11395659117413
-12.204442810422695,448.9430219277451,47.201828017014044,62.113956144509764
-12.164583503711754,448.9430221372094,47.201827702802234,62.1139557255812
-12.102235349225214,448.9430223394669,47.20182738778906,62.11395532106619
-12.069526471758678,448.94302251574214,47.20182712375555,62.113954968515735
-12.165357783942653,448.9430227267361,47.20182678091845,62.11395454652783
-12.123469095451597,448.9430229113499,47.20182650378413,62.11395417730025
-12.078483062241798,448.9430231020854,47.20182621069093,62.1139537958292
-12.167413754856288,448.94302331056804,47.20182586069519,62.11395337886388
-12.065292421619425,448.9430235403936,47.20182548328778,62.11395291921278
-12.13157211277072,448.94302374934443,47.20182514888886,62.11395250131116
-12.08180249404207,448.943023948744,47.201824856093175,62.11395210251209
-12.14501513098429,448.94302417489547,47.20182449118272,62.113951650209074
-12.109506178529823,448.9430244050267,47.201824164517994,62.11395118994661
-12.048849203026155,448.94302461435007,47.201823859946394,62.113950771299834
-12.111470545950976,448.9430248434589,47.2018234929558,62.11395031308219
-12.07127136864771,448.9430250448581,47.201823176378944,62.11394991028387
-12.101603309812507,448.9430252468743,47.20182286314117,62.11394950625135
-12.028899303764334,448.9430254801161,47.2018225277416,62.113949039767796
-12.074172482537922,448.9430256832438,47.201822202811776,62.11394863351249
-12.113982331453421,448.94302588821154,47.20182188204136,62.11394822357689
-12.023001452340715,448.9430260904457,47.20182158571761,62.113947819108596
-12.091441559472035,448.94302631247507,47.201821223369684,62.11394737504989
-12.106468621380262,448.94302652145325,47.20182088038724,62.113946957093525
-12.003277741081742,448.94302676003826,47.201820530150535,62.11394647992345
-12.026732799503264,448.94302696395584,47.2018201971311,62.1139460720883
-12.056068848015911,448.9430271879777,47.20181983249768,62.11394562404465
-12.102414036087474,448.9430274197589,47.20181948003601,62.11394516048219
-11.99557630543352,448.9430276303514,47.201819160062634,62.11394473929716
-12.004124515078058,448.94302784770446,47.20181881587498,62.11394430459108
-12.015827388012955,448.94302806609375,47.201818475255216,62.11394386781246
-12.06752453054537,448.9430282942159,47.20181813274894,62.11394341156823
-12.109611898289607,448.9430285244705,47.201817765824714,62.11394295105904
-11.998706357538563,448.9430287404352,47.201817442436486,62.11394251912968
-12.027162037140045,448.9430289380832,47.20181712079204,62.11394212383354
-12.047786722096035,448.94302917595627,47.201816742384636,62.113941648087476
-12.09267825180532,448.94302938272057,47.201816408956624,62.11394123455888
-12.131660097789393,448.94302960865843,47.20181604836682,62.11394078268315
-12.030587911155216,448.94302983235644,47.20181573165708,62.11394033528707
-12.022630654536975,448.94303004160196,47.201815390354724,62.11393991679609
-12.032490025008073,448.94303026326367,47.20181503725891,62.1139394734727
-12.037104725159804,448.94303047806227,47.20181467601403,62.113939043875504
-12.043119050229041,448.9430306866499,47.20181433490777,62.113938626700225
-12.066113823060356,448.9430309279069,47.20181395366596,62.11393814418621
-12.114536721850044,448.94303114486485,47.20181359542306,62.1139377102703
-12.040472427124651,448.9430313697149,47.20181326217402,62.11393726057024
-12.023907011581151,448.9430315684357,47.20181293527794,62.113936863128686
-12.055742560682795,448.94303178880784,47.20181260104572,62.11393642238435
-12.052251142324533,448.94303199563643,47.20181227942958,62.113936008727165
-12.07565704956313,448.94303220890976,47.20181192465295,62.11393558218052
-12.130344223771807,448.9430324446705,47.20181155619237,62.113935110658964
-12.032171192723236,448.9430326544619,47.20181125551357,62.113934691076196
-12.037096270921257,448.9430328876321,47.20181087357387,62.113934224735765
-12.037959292652442,448.9430331007285,47.20181053415856,62.113933798542995
-12.040348043936476,448.9430333229136,47.20181018195248,62.11393335417274
-12.08623950867716,448.94303355409863,47.20180981884228,62.1139328918027
-12.085817568525986,448.943033783113,47.20180947476508,62.11393243377401
-12.096373062129437,448.94303400537643,47.2018091263666,62.11393198924709
-12.087713949361333,448.9430342199105,47.20180878077543,62.113931560179005
-12.11994749870178,448.94303444471285,47.201808419539255,62.113931110574285
-12.006377063376284,448.94303465943136,47.201808094733295,62.11393068113727
-12.002553137831853,448.94303487614343,47.20180775938468,62.11393024771316
-12.027669865700101,448.9430350994239,47.201807403981114,62.113929801152096
-12.084694378201732,448.9430353276716,47.201807053927155,62.113929344656725
-12.08217833931748,448.94303554501175,47.20180671039796,62.11392890997652
-12.101018516439286,448.94303575932275,47.20180638284669,62.11392848135446
-12.006969794340602,448.9430359901448,47.20180604307952,62.11392801971047
-12.008147290589786,448.94303621630985,47.20180568609492,62.11392756738027
-11.9900266511181,448.94303642799497,47.20180533875188,62.113927144010084
-12.007827547824572,448.94303664705626,47.20180499471842,62.11392670588749
-12.023033153761823,448.9430368440715,47.201804681894785,62.11392631185702
-12.051881119221086,448.9430370306895,47.20180437837847,62.113925938621065
-12.054883265270472,448.94303726477887,47.201804003567666,62.11392547044231
-12.053417141552707,448.94303749325894,47.20180365831722,62.1139250134821
-12.147603922559963,448.943037711809,47.201803311931194,62.113924576382026
-12.049928016734082,448.94303792776026,47.20180299661828,62.11392414447951
-12.096023424064192,448.9430381350184,47.20180268135563,62.113923729963204
-12.124543789555446,448.9430383419153,47.201802352158666,62.113923316169405
-12.01729087821051,448.9430385609097,47.201802038010854,62.11392287818056
-12.064931674202345,448.94303876465915,47.20180172356857,62.113922470681736
-12.11278701339646,448.9430390003569,47.201801349539046,62.11392199928614
-12.021889675829112,448.94303925125104,47.20180097507974,62.113921497497934
-12.015570355190594,448.9430394691176,47.20180063259733,62.11392106176482
-12.047047970645849,448.94303971713407,47.20180023070202,62.113920565731874
-12.07222857511982,448.94303992394964,47.201799880854985,62.11392015210076
-12.086396544368263,448.9430401332022,47.20179956074675,62.11391973359561
-12.082819138897438,448.94304032985684,47.201799245726086,62.11391934028628
-12.105677156457201,448.9430405377243,47.20179890200779,62.11391892455142
-12.014139395725586,448.9430407826707,47.20179854033269,62.11391843465855
-12.040119305525543,448.9430410020443,47.20179817848772,62.11391799591138
-12.076583618096723,448.943041245597,47.20179778638431,62.11391750880602
-12.0982860505294,448.94304148759846,47.20179739780952,62.113917024803094
-12.098472595486331,448.94304171247745,47.20179703875056,62.11391657504511
-12.107928205794646,448.94304194387456,47.201796672292794,62.113916112250905
-12.03379350707144,448.94304216047783,47.20179634702141,62.113915679044396
-12.05718221206952,448.9430423923166,47.20179600199552,62.11391521536677
-12.103984350419001,448.9430426236133,47.201795632071345,62.11391475277349
-12.020541272603932,448.94304285301035,47.201795284551444,62.11391429397924
-12.033110613469567,448.9430430641188,47.2017949567027,62.11391387176236
-12.035333939893313,448.9430432759225,47.20179461922787,62.113913448154996
-12.06390097553119,448.9430434917106,47.20179428199985,62.11391301657879
-12.093924125928034,448.94304370801086,47.201793924873655,62.11391258397826
-12.12083357086355,448.94304391855275,47.20179358305571,62.113912162894536
-12.059368277717905,448.94304416284143,47.201793210573435,62.11391167431715
-12.096910385404001,448.9430443541344,47.201792896128524,62.11391129173127
-12.110283130434222,448.94304456540976,47.20179256390832,62.11391086918053
-12.021049147630094,448.94304477808697,47.20179224454125,62.11391044382609
-12.069445011208131,448.9430449945846,47.20179190709018,62.11391001083078
-12.08441883434223,448.94304521041386,47.20179157025737,62.11390957917227
-12.110529805565413,448.943045403858,47.201791264536936,62.113909192284076
-12.01267949041615,448.9430456152912,47.20179095185964,62.113908769417556
-12.034519529580518,448.9430458246654,47.20179061190563,62.11390835066922
-12.061517420001056,448.943046034086,47.2017902693732,62.11390793182792
-12.07412031433087,448.9430462635616,47.20178989636989,62.11390747287681
-12.094471485556998,448.9430464619748,47.20178958663599,62.11390707605043
-12.132807965062586,448.943046685261,47.20178923167183,62.11390662947806
-12.00965973504244,448.94304692487367,47.20178886449939,62.11390615025272
-12.04017837584778,448.9430471302478,47.201788546069636,62.11390573950435
-12.058202845471733,448.9430473429518,47.201788201276614,62.113905314096456
-12.078359927023627,448.9430475324965,47.201787902344506,62.113904935007014
-12.1166816840014,448.9430477357451,47.20178758427214,62.113904528509785
-12.003223477881097,448.9430479688268,47.20178723188318,62.11390406234631
-12.019838512583735,448.94304816734325,47.20178690343818,62.11390366531353
-12.111401285912478,448.94304837534685,47.20178655185367,62.11390324930635
-12.042223014027805,448.9430485775253,47.20178626158908,62.113902844949344
-12.06431446455089,448.94304881142057,47.201785904668014,62.11390237715883
-12.064758197365862,448.9430490033961,47.20178561033677,62.11390199320779
-12.10053295700169,448.9430492234869,47.20178527443579,62.113901553026196
-12.128109034579634,448.94304944417695,47.201784931406046,62.11390111164608
-12.060910205090615,448.94304964756935,47.20178463013026,62.113900704861344
-12.088352796033007,448.9430498544046,47.20178429793452,62.11390029119079
-12.120698543195747,448.9430500703156,47.20178396555884,62.11389985936872
-12.083663049345574,448.9430503003431,47.20178361031623,62.11389939931387
-12.121440186717127,448.94305050714854,47.201783283211206,62.1138989857029
-12.057144594831883,448.94305071263364,47.20178298126521,62.113898574732715
-12.065744381224768,448.9430509595101,47.2017826130715,62.11389808097973
-12.080830388081111,448.94305119891476,47.201782252684694,62.113897602170525
-12.13273221800437,448.9430514299712,47.20178187555631,62.11389714005764
-12.060704745852593,448.943051640922,47.201781552710806,62.11389671815596
-12.119963376137942,448.943051845645,47.20178122818276,62.113896308709954
-12.04684423253256,448.94305206021147,47.201780910370495,62.11389587957704
-12.097220353493213,448.9430522646265,47.20178059000733,62.11389547074704
-12.148568554859676,448.9430525076207,47.2017802088996,62.11389498475867
-12.004818448536415,448.94305271587183,47.20177990088565,62.113894568256384
-12.037220697865731,448.9430529322925,47.20177956243662,62.11389413541496
-12.065971990258358,448.9430531464801,47.20177921810062,62.11389370703983
-12.066621268929001,448.94305335797566,47.201778894306024,62.11389328404866
-12.072483266277004,448.94305357108607,47.20177856224245,62.11389285782788
-12.128551204542905,448.9430537730636,47.201778246154454,62.113892453872815
-12.050890085138729,448.9430539772048,47.20177794812579,62.113892045590454
-12.093318945968257,448.9430541918693,47.201777617352306,62.11389161626145
-12.124763823258462,448.9430543975617,47.201777281884404,62.11389120487664
-12.021279037389963,448.9430546058406,47.20177697131684,62.113890788318834
-12.062910218903806,448.9430548189705,47.20177663003172,62.11389036205898
-12.092762206880597,448.9430550199218,47.20177630224385,62.11388996015636
-12.113458955471003,448.9430552375102,47.20177594942595,62.11388952497965
-12.008984033388593,448.9430554624147,47.20177561154394,62.11388907517062
-12.02598806339994,448.9430556880718,47.20177526546397,62.113888623856425
-12.017779386743651,448.9430559029655,47.20177491631943,62.11388819406894
-12.080366287467857,448.94305611141516,47.20177458279813,62.11388777716964
-12.137659400259942,448.943056306176,47.20177427626636,62.11388738764799
-12.077703503672705,448.94305652571893,47.201773937709866,62.11388694856209
-12.133701811414802,448.94305674775575,47.201773589573875,62.11388650448855
-12.033889287979598,448.9430569424131,47.201773289741354,62.11388611517386
-12.101661077084735,448.9430571433304,47.201772985104796,62.113885713339236
-11.97319618512751,448.94305734608804,47.20177268818032,62.113885307823956
-12.028543419336351,448.94305755738475,47.201772353300484,62.11388488523048
-12.049070636973191,448.9430577825836,47.201771992146675,62.11388443483283
-12.090230100527098,448.9430579851021,47.201771674512095,62.11388402979588
-12.13414208789392,448.9430582114265,47.20177131951189,62.11388357714701
-12.018130401001457,448.94305843371717,47.20177099114761,62.11388313256572
-12.049303381191383,448.94305864100335,47.20177066818105,62.1138827179933
-12.085495809220287,448.9430588463914,47.2017703472226,62.11388230721714
-12.126166338847423,448.94305906011044,47.20177001318492,62.11388187977907
-12.056061018502291,448.94305925917274,47.201769717882115,62.11388148165453
-12.114183715312763,448.94305948083297,47.20176936489051,62.113881038334064
-12.02432900749923,448.9430596894214,47.201769055947175,62.113880621157215
-12.06095958516055,448.94305988350834,47.20176874166723,62.11388023298336
-12.114226624364807,448.9430601168174,47.201768376280064,62.11387976636521
-12.00635954476476,448.94306036101625,47.20176801343808,62.1138792779675
-12.000981221359662,448.94306058402395,47.201767672978114,62.113878831952064
-12.042066148830159,448.943060788317,47.201767339492136,62.11387842336598
-12.086844628969555,448.9430609840458,47.20176703204546,62.11387803190834
-12.119223109436497,448.94306120555456,47.20176667567473,62.11387758889088
-12.015588495642469,448.94306140497156,47.20176638650888,62.11387719005686
-12.053528593064776,448.94306160709976,47.20176606130774,62.113876785800464
-12.086188796763697,448.9430618253573,47.201765708693905,62.11387634928541
-12.104487603779639,448.94306205331236,47.20176535185267,62.113875893375265
-12.004390905274096,448.94306227165976,47.20176503216741,62.113875456680496
-12.033596705081308,448.9430625118245,47.201764668497816,62.11387497635098
-12.080787843252494,448.94306271381885,47.201764338393446,62.113874572362285
-12.111834684397557,448.94306293971397,47.201763984193846,62.11387412057204
-12.012939438543437,448.94306313296426,47.201763712865436,62.11387373407148
-12.014869566088258,448.94306335771563,47.201763360211814,62.11387328456873
-12.108046483487236,448.94306355923146,47.20176301979977,62.11387288153706
-11.990547569746,448.94306377240304,47.20176270322733,62.11387245519392
-12.003260230982335,448.9430639589375,47.20176239414707,62.11387208212504
-12.070700273108248,448.94306422232677,47.20176198034725,62.113871555346506
-12.078444240504105,448.94306443896215,47.20176162304837,62.11387112207569
-12.081534027983057,448.9430646616132,47.20176127807424,62.11387067677355
-12.108992964075568,448.94306489442727,47.20176090577817,62.11387021114547
-12.000606689459076,448.943065138298,47.20176055522225,62.113869723404065
-12.046228675855765,448.9430653554426,47.20176021042444,62.11386928911469
-12.04276999825958,448.94306557775,47.201759845270075,62.1138688445
-12.11720157657366,448.943065788183,47.201759492600864,62.11386842363405
-12.032628406534819,448.9430659935925,47.201759183664464,62.11386801281508
-12.024561418773288,448.943066202818,47.20175884624024,62.11386759436398
-12.021084743894349,448.9430664046906,47.20175852078776,62.113867190618805
-12.053884983941284,448.94306663257225,47.20175815864416,62.113866734855534
-12.065796694821685,448.94306682947206,47.2017578497574,62.11386634105584
-12.082409265535887,448.9430670302195,47.20175752561988,62.113865939561
-12.091805920799978,448.94306723402065,47.201757195489805,62.113865531958666
-12.053596064642711,448.9430674364888,47.2017568664627,62.11386512702247
-12.050134929902825,448.9430676613129,47.20175649974752,62.11386467737414
-12.064882693795184,448.94306788444874,47.201756138211266,62.11386423110252
-12.102186425675725,448.94306811880085,47.201755775203,62.11386376239828
-12.0141154338048,448.9430683569203,47.20175542604462,62.113863286159415
-12.04933655949442,448.94306856019455,47.20175511263838,62.11386287961095
-12.068616478604426,448.9430687831347,47.2017547429252,62.11386243373053
-12.09689111000429,448.94306900053397,47.20175438584163,62.11386199893202
-12.099277404812842,448.94306922752173,47.20175403993043,62.113861544956585
-12.108351363339295,448.9430694554178,47.201753665127285,62.11386108916437
-11.996830101938269,448.9430696836567,47.20175333240015,62.11386063268663
-12.007479775308695,448.94306990243194,47.201753004034,62.11386019513617
-12.0207673221468,448.94307013111086,47.20175264226814,62.11385973777831
-12.0034296383397,448.94307034228154,47.20175230655435,62.113859315436876
-12.011574069710093,448.9430705864482,47.20175193140847,62.11385882710364
-12.018227184528833,448.9430707883998,47.20175159825716,62.113858423200426
-12.026052252558266,448.9430709842029,47.20175129058329,62.11385803159417
-12.074163071107446,448.9430711978419,47.20175095169946,62.11385760431621
-12.072427518647608,448.9430714035121,47.201750625477885,62.11385719297586
-12.067632304446914,448.94307161474717,47.201750291054246,62.113856770505684
-12.098774958384265,448.94307183057896,47.20174994468214,62.113856338842126
-12.130181312341165,448.94307205606333,47.20174958664984,62.1138558878733
-12.012560416293493,448.9430722614415,47.201749282176756,62.11385547711703
-12.060199521967256,448.9430724574166,47.20174896966192,62.11385508516682
-12.088954088055967,448.9430726562286,47.201748657185355,62.1138546875428
-12.105205472724819,448.94307288762127,47.20174829474601,62.11385422475742
-12.002201476907267,448.9430730942951,47.20174797744734,62.113853811409875
-12.021382298959704,448.9430733348876,47.201747606513486,62.11385333022488
-12.028764289143432,448.9430735485524,47.20174726398166,62.113852902895225
-12.05138395604325,448.94307376629934,47.20174691081535,62.113852467401294
-12.05740891282748,448.94307398239494,47.20174655707486,62.11385203521007
-12.085917776655307,448.94307420047454,47.20174622449335,62.11385159905097
-12.105169851834958,448.9430744304794,47.201745863734715,62.11385113904126
-12.031241613742054,448.9430746605633,47.20174553364609,62.113850678873355
-12.073596724332894,448.9430748740007,47.20174517918757,62.113850251998635
-12.109715402239349,448.94307510617557,47.20174481242481,62.11384978764888
-11.980660926826562,448.9430753088526,47.20174450727681,62.11384938229482
-11.97583047914883,448.9430755389325,47.20174413623747,62.11384892213503
-11.969756034553455,448.94307575419344,47.20174379030772,62.113848491613155
-11.960612914024406,448.9430759795344,47.201743425389616,62.11384804093115
-11.973342739435573,448.94307621040167,47.201743058366915,62.11384757919666
-11.962668996431358,448.9430763995773,47.20174274305415,62.11384720084539
-11.982161864544754,448.94307659970514,47.20174241851257,62.11384680058969
-12.017518918718903,448.94307681200024,47.20174208293883,62.113846375999536
-12.026525716671152,448.9430770426853,47.20174170232899,62.113845914629486
-12.035647981115705,448.9430773002672,47.2017413053317,62.11384539946567
-12.054375114309995,448.94307750853113,47.20174097779361,62.113844982937756
-12.061734991922375,448.9430777234079,47.20174063769684,62.11384455318415
-12.121378481142674,448.9430779341342,47.20174030410664,62.11384413173166
-11.988133388348377,448.94307813658247,47.20174001171606,62.11384372683504
-11.998157355276728,448.94307837227785,47.201739656944305,62.113843255444344
-12.037124395862325,448.94307860799137,47.201739294164845,62.11384278401725
-12.068190894112323,448.9430788223292,47.20173897471421,62.11384235534165
-12.099639836339499,448.94307904217567,47.20173863308624,62.11384191564872
-12.132977301499473,448.9430792762395,47.20173826549025,62.11384144752106
-12.043226658319785,448.94307949199515,47.20173794639505,62.11384101600969
-12.048942863864024,448.94307970896625,47.20173759150048,62.11384058206744
-12.06295602854959,448.9430799151133,47.20173726555526,62.113840169773376
-12.100520168326057,448.94308014722816,47.201736885502214,62.11383970554368
-12.147084746502674,448.9430803792371,47.2017365113064,62.11383924152586
-12.069734907736617,448.9430805795982,47.201736218940454,62.1138388408036
-12.087030483488515,448.94308080955904,47.20173588562937,62.1138383808819
-12.108520809151877,448.9430810053098,47.20173556800391,62.11383798938036
-12.001788099762823,448.9430812104461,47.20173525869331,62.11383757910774
-11.995160840982614,448.9430814392475,47.20173488629321,62.113837121505014
-12.000454466837411,448.94308165819666,47.2017345463249,62.113836683606685
-12.021220808102782,448.9430818802939,47.20173419083551,62.11383623941221
-12.057008629658796,448.94308209207065,47.20173384958875,62.11383581585872
-12.081086884512633,448.94308229447154,47.201733524157625,62.113835411056975
-12.102423238026596,448.9430825000699,47.20173319100415,62.11383499986017
-12.048049483045546,448.94308270045445,47.201732895120955,62.11383459909109
-12.03945016195214,448.94308292065193,47.201732538022085,62.11383415869618
-12.04529984707608,448.94308315088017,47.2017321619071,62.1138336982397
-12.065388918200508,448.9430833493339,47.2017318375677,62.11383330133219
-12.0843478211717,448.9430835443352,47.20173152288745,62.113832911329574
-12.06794130022427,448.94308376735813,47.20173116576699,62.11383246528371
-12.054125172126621,448.943083987381,47.20173081822686,62.11383202523802
-12.09737542322084,448.94308418249216,47.20173051181868,62.11383163501571
-12.137086053980322,448.94308443686634,47.20173010409288,62.11383112626732
-12.059889351637128,448.9430846583509,47.20172977630316,62.113830683298104
-12.081201965294557,448.943084851903,47.201729468338506,62.11383029619406
-12.080586755496743,448.9430850594993,47.20172913540848,62.11382988100138
-12.100998487229532,448.9430852810877,47.201728789071524,62.11382943782461
-11.981021469925711,448.94308549581274,47.20172848099396,62.11382900837448
-12.032240217884688,448.9430857339495,47.20172809329642,62.11382853210098
-12.049807653397622,448.94308598845646,47.201727691431955,62.11382802308713
-12.070072772385878,448.9430862434722,47.201727314853585,62.11382751305564
-12.08186571425621,448.94308645846405,47.201726985005536,62.11382708307186
-12.094539841288935,448.9430866899583,47.201726611131164,62.1138266200834
-12.13203190035798,448.9430869375875,47.201726223496664,62.113826124825
-12.01744451149397,448.94308713590567,47.20172591070967,62.113825728188694
-12.042344177184269,448.9430873561055,47.2017255725563,62.113825287789034
-12.052512278122155,448.9430875725668,47.20172521725238,62.11382485486635
-12.073435039364433,448.94308780891765,47.20172486301341,62.11382438216474
-12.110346471816484,448.94308802832865,47.20172451434024,62.11382394334266
-12.010085263338699,448.9430882225721,47.201724222151974,62.113823554855806
-12.01914694164304,448.94308845451343,47.201723866369996,62.11382309097313
-12.053448330753753,448.9430886793431,47.20172351639661,62.113822641313874
-12.084136446764827,448.9430888948658,47.20172317676349,62.11382221026839
-12.11405555457133,448.9430891097028,47.20172284034855,62.11382178059449
-12.013298878552504,448.9430892928584,47.20172257009992,62.113821414283144
-12.043743771843243,448.9430894844028,47.201722259510326,62.113821031194426
-12.090698170685677,448.9430897094641,47.20172189789248,62.11382058107175
-12.112998422920164,448.94308993889666,47.201721531901185,62.11382012220669
-12.044439336091191,448.9430901891405,47.20172114643885,62.113819621719
-12.063327777626153,448.9430904213334,47.201720780738775,62.113819157333126
-12.08708908308078,448.94309062767746,47.20172045190642,62.11381874464505
-12.068786672226345,448.9430908387177,47.20172012032869,62.11381832256457
-12.079864655606528,448.94309104180235,47.2017197889285,62.11381791639532
-12.106784675185413,448.9430913057362,47.201719384594334,62.1138173885276
-11.99673436917545,448.943091525881,47.20171907109831,62.11381694823798
-12.013677774869969,448.94309175408046,47.201718719682745,62.113816491839074
-12.003121131636604,448.94309197953254,47.20171836883358,62.1138160409349
-12.01947489728704,448.9430921861787,47.201718048754344,62.11381562764256
-12.019744171798905,448.9430924005175,47.20171771835467,62.11381519896498
-12.033579596128636,448.9430926287244,47.20171735654632,62.1138147425512
-12.085403566043812,448.94309285209584,47.20171700633856,62.113814295808346
-12.10312334533075,448.9430930721953,47.20171664895737,62.113813855609365
-11.998489663712249,448.94309330158984,47.20171629104473,62.11381339682031
-12.004406513327687,448.94309353067695,47.20171593695294,62.11381293864605
-12.037330400132547,448.9430937465383,47.20171559845633,62.113812506923445
-12.074797873998556,448.9430940028745,47.20171519189596,62.11381199425104
-12.120358400581068,448.9430942138757,47.20171485459906,62.11381157224854
-12.016631312252787,448.9430944425469,47.201714495071634,62.11381111490623
-12.023109958054043,448.94309468751806,47.201714113154296,62.113810624963946
-12.058317110167625,448.94309491673357,47.201713755020315,62.11381016653288
-12.056117191194136,448.94309514018613,47.20171340016547,62.113809719627724
-12.10719669663645,448.9430953917625,47.20171300033499,62.11380921647502
-12.013489693510635,448.94309558852416,47.20171271636005,62.11380882295172
-12.029067063067469,448.94309579527004,47.20171236841994,62.11380840945992
-12.049874346052558,448.94309601199274,47.201712021939805,62.11380797601452
-12.058251368112533,448.9430962219441,47.20171166979997,62.11380755611191
-12.093019553903037,448.94309644558786,47.20171131818447,62.11380710882433
-12.087106452682129,448.94309665324823,47.201710978083284,62.113806693503534
-12.086458478909247,448.94309686619783,47.201710634000015,62.11380626760428
-12.101962959633802,448.94309709161973,47.201710284592664,62.11380581676058
-11.992246806922186,448.9430973157347,47.20170996061379,62.113805368530656
-11.998943314554182,448.9430975400657,47.201709613825045,62.11380491986854
-12.006109908565733,448.9430977579527,47.201709266862366,62.11380448409449
-12.019441675239364,448.94309798198435,47.20170892127703,62.11380403603126
-12.040306293430316,448.94309819551137,47.201708588223816,62.113803608977236
-12.055221135765429,448.9430983986139,47.201708273462074,62.11380320277218
-12.06952255704352,448.94309861537914,47.20170792546209,62.11380276924171
-12.09264013508697,448.9430988424658,47.20170756860691,62.1138023150684
-12.123500217504375,448.94309905650306,47.201707220634354,62.11380188699389
-12.035661090667613,448.94309929268616,47.20170687740795,62.11380141462773
-12.087453908158878,448.9430995329001,47.20170648685442,62.11380093419983
-12.09757779088606,448.94309974658495,47.201706150284586,62.11380050683013
-12.095963442260764,448.9430999550699,47.20170581475235,62.11380008986017
-12.05951357820306,448.943100164085,47.20170547292368,62.11379967182992
-12.07301896456769,448.94310038168004,47.20170512682369,62.11379923663987
-12.102393450900394,448.94310060319634,47.20170479626739,62.11379879360735
-11.988712704881976,448.9431008165225,47.20170449156939,62.113798366955066
-12.00324180185467,448.9431010301902,47.20170415458807,62.1137979396196
-12.034843059245624,448.9431012307131,47.20170383375053,62.11379753857379
-12.069515425270989,448.94310144858645,47.201703486438866,62.11379710282708
-12.086068193233952,448.943101653123,47.201703164694486,62.113796693754
-12.100481822112013,448.94310186352044,47.20170283903331,62.113796272959135
-12.091443557190676,448.94310208143645,47.20170251295412,62.11379583712705
-12.0851103391172,448.94310227925416,47.201702195138424,62.11379544149163
-12.130586495755196,448.9431024898457,47.20170185125127,62.113795020308594
-12.046594075739755,448.94310270485914,47.201701541550094,62.113794590281685
-12.049592112414615,448.9431029569653,47.201701150613815,62.11379408606942
-12.078378561983577,448.94310319129175,47.20170078714965,62.11379361741647
-12.069863606242073,448.943103415727,47.20170044049432,62.11379316854591
-12.115867182891723,448.9431036347044,47.20170011323189,62.113792730591186
-12.004242021698225,448.9431038965131,47.20169974781034,62.11379220697386
-12.01013677470473,448.9431041029204,47.20169942900974,62.11379179415918
-12.027559252851646,448.9431043487643,47.201699048031884,62.11379130247148
-12.017629110036019,448.94310459313647,47.20169867241192,62.113790813727086
-12.054798507924652,448.9431047983429,47.201698346609064,62.11379040331417
-12.041887347644362,448.9431050194809,47.20169800427479,62.113789961038194
-12.073034056004534,448.9431052454154,47.201697645615475,62.11378950916926
-12.077124621995281,448.94310545839505,47.20169731460126,62.11378908320984
-12.081940797386427,448.94310566983506,47.201696995994304,62.113788660329924
-12.067186137869989,448.9431059073438,47.20169663273812,62.11378818531236
-12.098407371062915,448.94310614198673,47.201696274879474,62.113787716026486
-12.128366581901055,448.9431063696813,47.201695920401235,62.113787260637416
-12.009256106024534,448.943106600681,47.201695585823295,62.11378679863804
-12.024998886490739,448.9431068451153,47.20169520921994,62.113786309769324
-12.030407158574693,448.94310706893924,47.20169485984753,62.11378586212152
-12.014202119362256,448.9431072827064,47.20169451272134,62.11378543458721
-12.03570304747705,448.94310751539695,47.201694139767014,62.113784969206066
-12.032759504462014,448.9431077443921,47.20169377609302,62.113784511215854
-12.075747628620295,448.9431079760871,47.20169340886145,62.11378404782581
-12.12261765847926,448.94310818748664,47.20169306492719,62.113783625026755
-12.006239279773247,448.94310840161364,47.20169275828745,62.11378319677269
-12.04200984772466,448.94310864705284,47.20169236876675,62.113782705894366
-12.056914838083038,448.9431088612287,47.201692015859024,62.11378227754254
-12.088277761251831,448.9431090686674,47.20169167747085,62.11378186266521
-12.116694866135752,448.94310928834335,47.201691342252204,62.11378142331325
-12.059643136111777,448.94310949386636,47.20169102810164,62.113781012267246
-12.060802611628443,448.9431097139158,47.20169066974017,62.113780572168324
-12.07810063225649,448.94310992992445,47.20169034605109,62.11378014015114
-12.109465174191563,448.9431101620988,47.20168997439059,62.11377967580245
-12.007290904931807,448.94311040033443,47.20168962749,62.11377919933112
-12.070119302018657,448.9431106086233,47.20168931025737,62.1137787827535
