139.5,90.5,45,59
139.06520314275386,93.94055777288371,45.452872430102786,59.426117310983074
139.06565806090634,95.44407240761832,46.59305394053856,57.605882203310415
138.593091368423,98.15181695635431,46.81006562760259,56.843811169955856
137.31641480388552,90.6494855529109,46.90905326481042,55.6534876334589
136.7063267014708,94.8930175003385,46.71038870368679,54.24531978428852
134.36726136801497,87.55878083141204,46.63664110903233,54.59244493183384
133.3442873664834,88.90815594720374,46.832273183636275,53.86656981850603
133.15548628482463,89.6318177061498,47.032718526060535,53.393581613457215
131.71121966502977,91.53458667819288,46.855930797022296,52.638372639326505
130.3453768703601,105.19256114581594,46.98020380968624,52.1462647990511
129.0153626536576,92.56087044216946,47.09320727780497,52.14452856108038
126.18589266077959,107.37838634116545,47.59236008552149,51.65889556679936
120.12827166605527,89.88125915515747,47.77566294990909,52.260098791354366
118.98009616988719,92.90516675696158,47.176104632858014,53.20190904169513
118.93863286210885,94.11970231644605,47.11585363479874,52.83688716665317
120.70020411305299,93.46108807291844,46.97247950449246,54.96166799135487
121.79735628825583,92.9863015045512,47.238508739825924,55.41792432868715
124.0929469548305,95.11317680499923,47.35429666784603,57.03616488532282
126.6744625643212,93.12599769543748,47.98392473154893,57.698733591812044
130.10023202286044,93.11458966240944,48.34773262767237,58.22415855316992
133.83466476683174,87.73766559504747,48.72822712889606,58.11134466244219
136.11212397343337,96.7494648637425,49.934494361749884,56.95875595171229
139.95048540664618,86.27951137135238,49.94697094295609,57.061815631194705
140.38462181924274,85.59040659708339,50.34388895753047,56.979506461966864
140.52879356652173,98.22863806518633,50.0619832796296,57.14805466467701
139.16069804442841,88.74421426002587,50.045090379495555,57.232058448703974
140.26739972560233,98.75206616154334,50.629868074124005,57.94733075040537
141.60913694600856,93.57586345713082,50.86728825611432,58.06297506609074
143.57594767193092,106.70453302048706,51.5646558789766,58.3413109882064
145.8830636902906,99.7926839816882,51.57134163934585,58.33560804956877
147.37419801591403,113.71044641657862,51.84728078610317,58.256118030862154
149.73864597487855,109.6567128451979,51.84774687912994,58.25563305570367
150.23653110799225,104.67926641896312,51.84854493508423,58.25495377987732
152.07969465087066,100.9456300938805,51.86021231992373,58.2468741427501
148.55490219100182,116.96446859823084,51.43034844434285,59.70651540187169
150.30216595786504,115.08606811640713,51.448066565676164,59.70760814789824
148.08889007792712,133.9209310194652,51.358846459707294,60.08444453660635
150.01817714940083,135.1367416152756,51.35898022157555,60.08500756434587
148.49654664086722,134.70631719411955,51.33758283524615,60.10786814924983
142.82110273081534,142.51701156088845,50.923665815262055,60.320427551087995
144.14336482858337,149.4394427662291,50.749732449575234,60.333041374842765
138.916557310639,156.57362643299916,50.5678999833277,60.52438320878311
138.2898579254863,156.91505481834082,50.567326461686726,60.526769269806756
138.87455549107116,160.77574288989294,50.5673537185938,60.52676430056119
139.77440315767998,164.87392215133627,50.567354115585495,60.52676159737665
139.0688745900576,169.62013858321404,50.56735413622912,60.52676037424613
138.41311889151885,174.86483464527782,50.56735413594489,60.526757669674225
137.43983507189242,180.4739095101003,50.567353643750884,60.52675617153561
140.45805884580062,117.0552862725975,53.20110644383488,60.18462032232246
138.07492780879826,120.47110210528612,55.15980235191553,59.75176328081608
136.5217282239584,122.27821520161113,56.625496651371236,60.20796593643265
135.5480328555239,122.76583746436935,57.632449654113195,60.3498609887818
136.57494587163416,121.28210059607203,57.551867216062305,61.18962748241078
137.5600692623407,121.32933650285547,57.370077113039734,61.21856108068337
139.0745409412908,122.17219278797361,56.993126076153935,61.20571020573669
141.39704007823192,108.6663527156395,56.7277755340527,61.19888906866663
143.11025403561067,106.8990478902671,55.868815308809346,62.37769022293621
145.1495805216565,93.10439520144709,54.979415190111226,62.83296239745124
147.63687641417738,92.69527987260166,54.50523920707143,62.64776745699758
153.31936895935354,87.08283984220031,54.4229680067948,62.62549232828611
157.66553079637947,100.05064854576264,55.08670436081912,61.774002347308915
158.53801888443493,103.02488126512368,55.08660623837337,61.77400511689981
159.9043834659706,107.01794709363676,55.08655525027457,61.774003697453
159.7527782761281,109.26272828128148,55.08649976034206,61.77402195341967
159.5309425477764,112.9750867746276,55.08643636258574,61.77403669814222
158.85309873732433,114.28050145878704,55.086418722259424,61.774037398411586
159.20372843808713,113.71903412159311,55.08640087356357,61.77403403588082
160.333195263888,111.6318133731487,55.08639695142345,61.7740213205809
161.19461922713424,108.58896507119347,55.086403758398085,61.77399595488688
162.2353553303173,108.66529538609917,55.086378199676005,61.77398469789156
160.76664134513265,110.173188609835,55.086326197205956,61.773988951332406
159.53804473814495,111.27626980441357,55.08628049859898,61.773991875895945
159.68950486372137,114.21544601842959,55.086267475915975,61.773991613086075
160.20588902662195,119.16526359362067,55.08625655158118,61.7739946386683
161.1255875685108,124.82805267359564,55.086254514037584,61.77399421461922
162.28287211770453,130.83117615912528,55.08625393524241,61.77399381033239
163.2292402837519,136.50423442446913,55.0862535612471,61.77399334562372
163.83339787466363,142.0238927072786,55.08625303663488,61.77399295737294
162.83964153624555,147.19942659254474,55.08625121762148,61.77399177619612
161.09525839823888,149.5489159922226,55.08624939289625,61.773990447238354
161.4186207545277,154.4604195729474,55.08624336117727,61.77398705470965
162.2334246379095,161.4200872553135,55.08624053005967,61.773988962621516
162.64754595660006,166.36178500095886,55.086240433038085,61.77398866633807
161.95114471621108,171.67688060087858,55.08623960246806,61.77398831580288
160.93174116040038,177.82485915556836,55.086238845131966,61.773987818056604
159.8967517147682,183.63041895899337,55.086238545569906,61.77398748153128
130.6111696153927,105.71178884761972,59.934200992611935,62.3138386466614
126.33226776217694,107.92849318227074,60.46288234644332,62.43515943902926
120.71435896039074,100.3290315857837,60.672886847293576,63.28836710923726
116.44922578337116,97.95667623494506,60.72323662876191,64.34161410203696
112.59461873423857,119.64584054750253,60.23032517771071,64.84406092858217
108.45284039735412,118.3854217413729,60.2303134692164,64.84405884967933
97.62087248253727,88.7386332614675,60.524387696066924,64.86454163224401
95.39880349816809,104.88476094502205,60.915576713084086,64.30239643359195
89.78007807315741,98.39517330357438,60.888231306086396,64.19152769488085
84.13739707652971,116.99438289941972,59.96298100228369,63.92079710182297
76.72015634867782,112.12727221316702,59.96322440561932,63.9195105092405
67.71544653571074,116.63877866961633,60.05728262713452,63.67237936361481
60.87480011831734,112.67700449458401,60.24362039905511,63.52589940862574
57.72941740071664,120.7332873793914,60.34687152914177,63.64405415903051
55.43919139186045,128.43758823498445,60.486692157236234,63.564002786589555
54.59203305266503,123.88928109716093,60.51378526289604,63.571119496013395
55.01600382652524,132.2906779109665,60.55131064842605,63.570451799188376
57.496524085944266,129.5332630984161,60.55818614139831,63.56956820941494
62.07699768762953,130.6388099500415,60.562050072366155,63.56929684999047
66.97188956527687,135.36182557240807,60.56373589104609,63.56871257333592
70.9995153358166,139.59925379353132,60.564889417410484,63.567379271042995
72.47524424145224,142.37030931856492,60.56722632392788,63.56640257842818
73.62228050401741,149.52607392485515,60.56753517887873,63.56594666907042
70.23857577379826,155.3297834990338,60.56136933337831,63.567648843344934
71.55380041702918,177.69148275828812,60.50203697120236,63.827965382209335
72.432228534728,183.65661449566917,60.50191832564085,63.82802455454198
73.01192797288465,191.83053885932412,60.50191717061813,63.82802281209538
73.75063989193394,198.54717368119591,60.501916642799394,63.8280226690842
72.69105359974712,202.5097076175942,60.501916415664844,63.82802222106181
71.31681554284731,206.789207234712,60.5019162626035,63.828022048410695
70.28304537508409,208.08598900897624,60.501916190949174,63.82802198204753
122.45536009941378,122.90311402007397,65.21480474766086,66.54827940614112
119.82385371894017,117.07331831818902,65.69225880804657,66.59383901822402
121.53834502768973,107.85916324413435,65.74935302236509,66.60661610053744
123.21538254977844,99.04379330206913,65.82097268224344,66.62572268388665
124.57596140921797,99.80436153373316,65.9923794985054,66.62858626919596
119.45197465887478,94.07675291209046,65.86825598381093,66.72205958547944
119.56263967463698,85.84828273698727,65.87553076073624,66.71735290199439
116.23325966625032,91.63486624265752,65.82006977683817,66.7862290043624
112.38591342811745,89.19603995270344,65.82000431471891,66.78554420100029
107.51332964419582,84.03027878736538,65.81994788353873,66.78526130248939
103.61965398201224,77.58043029798432,65.81978785918153,66.78423387024078
100.79995886396175,80.3980289048604,65.83591282886405,66.73905206786557
99.65358444703966,83.744593473876,65.87493589557259,66.61089294631387
97.87640713360558,78.13358336184106,65.87633537183652,66.60697628073531
96.9836871573732,97.34238715942203,65.94824442620713,66.6491465176046
96.0000826254279,93.17207741205175,65.94883244879979,66.64782990089498
96.28972538067927,86.96387822062135,65.95376651322535,66.64626620947598
94.90022514456669,105.9055952294614,66.09392201856207,66.71219208559472
93.03049791917684,100.7055214508488,66.09474855872776,66.71838631945566
90.50124591766027,120.02805689076447,66.05224033184147,67.05752259294462
89.21617575767732,118.63811635180298,66.04818955836252,67.0967699447476
88.62263248237618,141.85870587760115,66.07503784297361,68.03475272786805
91.26195726673446,146.1279522093903,66.07503855807053,68.03476466481469
94.74299235780424,150.82172454558142,66.0750383641817,68.03476367071613
96.22463764587283,157.57830661409014,66.07503776416449,68.03476310028803
127.89983242456509,88.49472713411741,67.81586524779563,69.91870367644444
126.52263430848153,105.97744149882374,68.98702335511533,70.09011576734429
128.66713168646456,99.55429710999692,69.04750732076793,70.04404576509069
128.19333507863823,104.85443688465485,69.5060940767076,70.31969890925629
128.1790882143613,97.36561818013702,69.69179949640258,70.07411263207368
128.44122485988686,115.73098050405181,69.64121525483382,70.50325050255462
129.70194415151508,108.70240882392017,69.63938612287129,70.4970727492315
130.10949494208035,112.52646319443315,69.59941713823355,70.49477651964963
130.8174580236785,116.06835863781565,69.60797630085052,70.47244469736827
132.63179845464833,121.81986386692958,69.62317604460853,70.45314357446757
136.97236463806507,118.08688136440952,69.62571562906896,70.45170993601403
136.0484333264215,141.8442811287611,69.54418531851061,70.8929345772327
138.32305909732827,141.42026049552157,69.54454391463652,70.89193724279015
139.82813331468432,140.36211275367313,69.54461171603892,70.8916105169381
140.3399186112374,139.90272886246726,69.54464372779879,70.89145748435887
138.18947852221999,138.80978065580229,69.5446539641222,70.89140457212724
136.59642232337518,137.86886184330712,69.54463369236296,70.89131172665101
133.5757716216981,132.8464142274891,69.54399583714165,70.89086069821624
129.69110975636988,130.2053619975978,69.54415119087548,70.88957463599564
128.77783738358744,129.49236407681428,69.54387723183527,70.88974881561352
127.93234535356859,132.06663922576337,69.54184595488259,70.89304158869922
126.46571091540139,133.14255389878747,69.53941560674498,70.8966535268307
126.35401923184388,135.14386405149847,69.5366619318144,70.89804819028082
124.74688046205037,136.13316329347222,69.53647504536077,70.8981057598764
122.4436941996658,136.4803154744825,69.53613952035573,70.89709759193238
120.02467581819556,135.19823128651086,69.53507544558867,70.89664642670745
117.89020875728772,132.31676978913134,69.53385366072713,70.89633194511761
116.61527017667387,128.96741994967834,69.53202784572802,70.89326942462174
114.59231348523086,123.86516787494537,69.53234987424392,70.89248087236649
113.10478484764606,122.70701228363725,69.53167148504585,70.89044388565593
112.65480929255178,122.80297579250326,69.53102573816349,70.88984928267021
109.66733520623305,126.683303284428,69.53010568570329,70.89020637615226
107.26946975864598,128.95755031787525,69.52951661932958,70.89055330886107
105.74373884479388,135.46859518001295,69.52908259017649,70.89097220580145
107.96953506596626,139.62575604068573,69.52854901242522,70.89101396407018
108.01089994097816,144.26450998986746,69.52498185260707,70.88977216372918
106.05607395854011,147.5917819295696,69.52233108501552,70.89020417543817
104.56896020767776,154.88903819719135,69.519070068979,70.89455905657648
102.40388241313738,158.72823781766425,69.5185023723847,70.89499043925744
101.336706576676,164.32950636774297,69.51845868436084,70.8949737095834
101.57051126388527,165.5083576386239,69.51845704652982,70.89497199255906
102.6032062309603,169.111324699472,69.51845603030272,70.8949714417247
103.48660089437908,174.13911692585447,69.51845554375903,70.8949709428172
102.82096714669342,181.23048002660585,69.51845484779277,70.89497064768649
101.3174914638416,188.38650736233564,69.51845440456698,70.89497061032117
99.9071886837769,195.1927116862368,69.51845420984411,70.89497060051929
98.53365963883485,200.1419137617322,69.51845414657572,70.8949705709274
96.9605457455302,204.5525147215762,69.51845409657614,70.89497055684761
95.69768714194706,204.5525147324331,69.51845404528906,70.89497053513375
94.42459894955306,204.55251474321324,69.51845399651381,70.89497051357351
93.14290480149432,204.55251475339213,69.51845394500555,70.89497049321577
91.84496147125571,204.5525147631497,69.51845389817684,70.89497047370058
90.52727481864687,204.55251477357425,69.51845384943643,70.8949704528515
89.25072824484232,204.5525147829136,69.51845380208398,70.89497043417282
87.99944688935507,204.55251479314398,69.51845375175171,70.89497041371202
86.79098205441986,204.55251480154183,69.51845369978984,70.89497039691635
85.55893893331196,204.55251481109,69.51845364783145,70.89497037782002
84.38429461119262,204.55251482177584,69.51845359005904,70.89497035644831
83.18960000229856,204.55251483262623,69.51845353134264,70.89497033474757
82.04782823622651,204.5525148437627,69.51845347675578,70.89497031247456
80.92071242486466,204.55251485744083,69.51845340811899,70.89497028511833
79.72902701988602,204.55251486971636,69.51845334176404,70.89497026056728
78.59039737739725,204.55251488226367,69.51845327691856,70.89497023547268
77.42303245809578,204.55251489597308,69.51845320562465,70.89497020805383
76.27167210312363,204.55251490989332,69.51845313042796,70.89497018021336
75.25142790012727,204.55251492375407,69.51845305489908,70.89497015249187
74.3681147022135,204.55251493780884,69.5184529734851,70.8949701243823
73.33790018714652,204.55251495298563,69.51845290739713,70.89497009402875
72.24542206009943,204.55251496625584,69.51845284931176,70.8949700674883
71.0346449201933,204.55251497829386,69.51845280211292,70.8949700434123
69.79192302946007,204.55251498839857,69.51845275308926,70.89497002320286
68.57378519383278,204.55251499797308,69.51845270374754,70.89497000405383
67.39201954402569,204.55251500759536,69.51845265227225,70.89496998480926
66.16232878050573,204.55251501793458,69.51845259895934,70.89496996413084
64.92068132613264,204.55251502927308,69.51845254386886,70.89496994145381
63.83340656182566,204.55251503846313,69.51845249286247,70.89496992307377
62.77682282362704,204.55251504591973,69.51845244492193,70.89496990816056
61.75302628724005,204.55251505224794,69.51845240093567,70.89496989550412
60.66146332410373,204.55251505925386,69.5184523544605,70.89496988149226
59.47804650520844,204.55251506825545,69.51845230542247,70.89496986348912
58.23330759236549,204.55251507720746,69.51845225825986,70.89496984558508
57.03595067803338,204.55251508691583,69.51845220829249,70.89496982616834
55.79639188569022,204.55251509662554,69.51845216106658,70.89496980674893
54.52903420303423,204.55251510571375,69.51845211233132,70.8949697885725
53.26123580200156,204.55251511397182,69.51845206686248,70.89496977205638
52.027019611456765,204.5525151218382,69.51845202149943,70.89496975632358
50.80030227921125,204.5525151300574,69.5184519802562,70.8949697398852
49.60989585595468,204.55251513711207,69.51845194339226,70.89496972577588
48.47208647725786,204.5525151433495,69.51845190920571,70.89496971330102
47.3025928186879,204.55251515049005,69.51845187588177,70.89496969901988
46.176787575211506,204.55251515699314,69.51845184533272,70.89496968601374
45.04547426833754,204.5525151651125,69.51845181113143,70.89496966977498
43.97345125038557,204.55251517133954,69.51845177884384,70.89496965732094
42.87109662186746,204.55251517807153,69.51845174442194,70.89496964385694
41.797106053972186,204.5525151845442,69.51845171337288,70.89496963091159
40.72733728500347,204.55251519204538,69.5184516784496,70.89496961590926
39.77029085117837,204.55251519856333,69.51845164773096,70.89496960287335
38.90157349654376,204.5525152051078,69.51845161216528,70.89496958978438
38.08952728403585,204.55251521041288,69.51845157750245,70.89496957917427
37.19196193806234,204.55251521490578,69.51845153977418,70.89496957018844
36.19793607368909,204.55251522042585,69.51845149640306,70.89496955914831
35.21897528121552,204.55251522499765,69.51845145716655,70.89496955000473
34.225062188249524,204.5525152291943,69.51845141495676,70.89496954161137
33.26435382894313,204.55251523477145,69.51845137407858,70.8949695304571
32.217084622325494,204.5525152403466,69.51845133707276,70.8949695193068
31.1106696096641,204.55251524786982,69.51845129571464,70.89496950426036
29.951013343850803,204.552515254893,69.51845125486199,70.89496949021401
28.815591133041075,204.55251526224217,69.51845121694775,70.89496947551567
27.712846453779953,204.5525152698017,69.51845117842105,70.8949694603966
26.587649659574545,204.55251527795662,69.51845113775776,70.89496944408677
25.543479297478093,204.55251528470694,69.51845110267332,70.89496943058612
24.527764788759036,204.55251529139716,69.51845106775853,70.8949694172057
23.540752716418552,204.55251529860448,69.5184510358419,70.89496940279106
22.53948005444233,204.55251530623178,69.51845100304386,70.8949693875364
21.482254367078944,204.5525153138922,69.5184509693844,70.89496937221561
20.436082837410822,204.55251532160267,69.51845093675593,70.89496935679466
19.46056570044515,204.55251532874723,69.51845090320741,70.8949693425055
18.423343808374057,204.55251533589117,69.51845087021093,70.89496932821766
108.4790369042725,95.2309464343189,72.5425322077109,71.33089277589347
108.3889533342727,115.30394315579098,71.92009789106837,71.54244709295907
106.743010247136,107.84461891761083,71.91933622674924,71.54195856828174
106.51185884983272,97.47627971023951,71.91274844380109,71.53371625243356
103.08704786689111,101.69740787092533,71.35574847670092,71.33696812503166
100.77459544126246,122.6669953811486,71.12575296785079,71.64367704623552
95.59930758271527,121.31111039704656,71.12571413721568,71.64363404141713
91.63153473807876,122.36384876665136,71.1253195608332,71.64380343563037
87.6167615176877,119.44235628541523,71.12474133730863,71.64416850216757
82.220759824478,116.6774642735881,71.1238055376319,71.64419931766143
