213.5,121.5,21,95
207.60565455090023,122.50474492194755,21.923806521673665,92.36330603594575
200.13974277655424,149.75946951133483,24.360522419608795,87.97120457445637
201.38420150256724,152.18762280581018,24.360522556770412,87.97120406155544
202.35709607762684,155.5340469825409,24.360522743809465,87.97120343682326
202.31789714592614,160.85641042724905,24.36052278930113,87.97120330064183
202.90369558466148,165.17850551848608,24.36052291576723,87.97120295276251
203.2615403600859,169.49577132048574,24.36052308364169,87.97120236988131
203.7067605203165,172.91143864138036,24.36052322720025,87.97120184216682
206.64694565766462,114.59280888793054,24.064325201344356,86.49539372211329
207.83162826966355,114.67435581436703,24.06899032898528,86.19446444112162
212.73610294428207,124.69190125290626,24.358352404003586,85.76531533650412
213.51400742632092,118.62472468720813,24.35988132006046,85.75795055713378
215.14298986304658,117.59736103526524,24.363232984466205,85.75048518256803
216.22228150931986,116.39869925478317,24.374233966211662,85.73076768022345
215.7351208481704,116.23403994321745,24.384161970811157,85.71245481908477
215.71447553849922,115.99131075164071,24.39385660009176,85.69220266003626
215.77368509007522,116.23767217438052,24.403071172872643,85.67196070769171
215.07497236296436,116.53568753815605,24.40620784878929,85.66398672328565
213.6670596029033,117.37818230926956,24.42659317192047,85.61969406426023
213.03756863728526,118.28363240237545,24.42854783474679,85.61485180804112
212.77249065103604,115.70946373859351,24.432621172319397,85.59827023606884
212.8280615486389,111.879047243238,24.43271289464123,85.58050053131478
213.17898590009705,111.51848651794455,24.432206536008998,85.56580204610304
214.60086540972412,112.42005163164421,24.432268327072833,85.53580008980661
216.69014799984132,111.83141239409342,24.43224576082161,85.53472310950966
218.55416599213257,110.45492471723801,24.432690592126583,85.52892823578823
219.54419726530293,109.24479314557135,24.43417385171695,85.52155618625044
219.54385175729755,108.044677078669,24.434525382750376,85.52022705983178
219.6992716947184,107.2415696173579,24.434937803879627,85.51848163909307
220.01389008098928,106.86521768395482,24.434996022831072,85.51815431168916
219.70615425050312,103.91101924657792,24.43531711293394,85.51658900916637
220.40677089772532,102.90214779906651,24.437934493118718,85.50028000904757
224.2092611918207,119.33641425551252,26.005535577596465,82.44454845723955
221.09785495355914,116.95269614949227,26.005532063671556,82.44432452828883
221.02140175449568,113.17413386572545,26.005772131460976,82.44118164739717
220.88654871757657,111.36937124931427,26.00625222048739,82.43898965609844
221.82762171823086,119.62806192510246,26.082547595864934,82.27999339058162
225.01125048313187,117.1033569625449,26.085412021934467,82.26676264873508
227.3763987472013,117.04517166106683,26.087311347982617,82.2586304065827
229.0112377716393,117.69051412294952,26.087629226917333,82.2573037410647
227.22608393940422,120.65544503009147,26.08786018736219,82.25652336675275
224.46509517941385,122.50814271442334,26.08934276944621,82.25189599201599
228.7856394452495,139.47597807874916,27.055228839520506,80.59334776092292
229.08763394593322,158.5757387222717,27.386820330172704,80.00215624682711
226.7891454048755,162.052861293226,27.38682065523855,80.00215047335726
224.97573892608526,164.39857357178983,27.386820677943582,80.00214694818149
224.11322031299713,169.56071318491303,27.386820686979686,80.00214655341696
224.92342058186944,174.4110598198087,27.38682081642559,80.0021454604445
225.48227450319442,180.1503170529233,27.386821299161667,80.002142804518
226.00399737400093,186.25678069829462,27.386821621543998,80.00214142472511
207.439097874862,122.26003895681546,28.779434187937103,79.9810985404959
202.1202842926808,129.98242127352046,29.052319073246768,79.36787592216157
201.9159329436585,124.58506387934798,29.0561318896805,79.35850307165158
199.34043656812383,122.90029686981056,29.055670192049913,79.35578748745493
198.29128094985873,117.29908522283284,29.04398081822856,79.35493033249678
196.1515274113941,113.27076181031151,29.03721155467315,79.3594626708451
193.64043321989342,111.6561594183,29.03662476448729,79.35921484485225
186.98489784855636,139.73070320838858,31.282047428242937,74.33508911770247
191.26664508894638,140.26547476723084,31.282049537123548,74.33501628638727
193.4681973262146,140.58994830510548,31.28203506273968,74.33481117116351
195.04428191764538,143.3640659408427,31.28206228719626,74.33467064913977
196.10285131316172,144.0546101316963,31.282084770119862,74.33456550088437
196.56261024612772,143.5191584649454,31.28209163343975,74.3344501385549
198.2240017976818,142.77475232541516,31.282114888668964,74.3341650608191
199.35471570247688,142.17303512711032,31.28339192832198,74.32536019198689
199.87753042355084,141.63192585730422,31.283219730093446,74.32446136576199
201.3032543580607,139.24722784926854,31.28311549281804,74.32406005669905
202.31810518408605,137.42191139167716,31.283101245399944,74.32400694626233
204.4112070796186,134.20202251149297,31.28270754344616,74.32381230596543
207.3615796724028,131.4782327133205,31.28197914254577,74.3226909974642
210.71543943502948,155.19488600805053,31.9815157436962,73.2784797144006
211.21750387351278,157.05569332970163,31.98151568047322,73.27847704772195
211.87123854184512,161.29719537331766,31.98151571178948,73.27847657682284
211.9255519741627,165.7639560566436,31.98151587591766,73.27847552724866
212.11241334273734,169.79322448979855,31.981515930440068,73.27847519047977
212.33030602683345,173.23423562259214,31.981515975036253,73.27847482888426
212.44901975042637,177.67169470812541,31.981515986017477,73.27847464182652
212.63704759297542,183.72331806484124,31.981515988585354,73.27847461723763
213.1117133535673,190.56884190418413,31.98151598938951,73.27847460700889
213.75951177209802,198.25037047794154,31.981515990325498,73.27847459602967
214.32962376189505,205.4695291312764,31.98151599068135,73.27847458824914
215.17313790618047,212.38246439092427,31.98151599095177,73.2784745828694
215.84204059993934,219.8091344904058,31.981515993792005,73.27847453283216
216.678492307866,227.39110901677907,31.98151599647965,73.27847449284195
217.6488552685772,235.86144880284667,31.98151599764181,73.27847447087764
218.3943266862146,243.89475874856737,31.981515998174768,73.27847445248315
219.2436251030642,250.70300394190483,31.98151599961201,73.27847442988293
220.01291119756084,251.36076280499313,31.98151600281079,73.27847439001373
220.80723422361612,251.36076282609554,31.981516004968103,73.27847434780891
221.47585397368644,251.36076285226366,31.981516008687922,73.27847429547266
222.1601440233086,251.36076288186007,31.98151601236417,73.27847423627989
222.74423669839024,251.3607629017858,31.981516015480004,73.27847419642845
223.3160499816884,251.36076292973598,31.981516019585264,73.27847414052803
223.9439888470315,251.3607629490194,31.981516022129664,73.27847410196118
224.64438866227195,251.36076296305808,31.9815160237212,73.27847407388383
225.33132945029854,251.3607629810045,31.981516026113475,73.27847403799099
226.0500471438691,251.36076299183594,31.98151602753739,73.27847401632813
226.79577509891772,251.36076300946192,31.981516030030225,73.27847398107615
227.62605033537724,251.36076302604457,31.981516032231692,73.27847394791087
228.28922913530195,251.36076304572137,31.981516035455385,73.27847390855727
229.00163934502643,251.3607630674294,31.98151603913264,73.27847386514122
229.69729724962312,251.36076311636165,31.981516047772246,73.2784737672767
230.34686049801445,251.36076316523324,31.981516056841343,73.27847366953354
231.0284424664132,251.36076322101704,31.981516068102906,73.27847355796592
231.55092128037373,251.36076326606985,31.981516077968717,73.27847346786031
232.1530621210185,251.3607633049316,31.981516084415684,73.27847339013681
232.6979379784931,251.3607633383687,31.98151608989499,73.27847332326256
233.1527008203846,251.36076338579863,31.981516098574847,73.27847322840272
233.6735418788953,251.36076343186795,31.981516105691377,73.27847313626413
234.21218541432992,251.36076347746587,31.981516112725842,73.27847304506825
234.74948581704928,251.36076354729954,31.98151612306017,73.27847290540089
235.41097189994437,251.36076362634367,31.981516135729137,73.27847274731263
236.06545366212043,251.3607637049861,31.981516148593172,73.27847259002777
236.73205126043646,251.3607637791974,31.981516161464278,73.27847244160519
237.3070918915388,251.36076385751005,31.981516176153246,73.27847228497988
237.830298476662,251.36076392307322,31.981516189119144,73.27847215385357
238.37916516066207,251.3607639750033,31.9815161995293,73.27847204999343
238.84825433641544,251.36076401543687,31.98151620848478,73.27847196912626
239.32546929314722,251.36076406145443,31.981516219509253,73.27847187709112
239.74499377580253,251.3607641255876,31.98151623586524,73.27847174882478
240.13856594486185,251.36076421235236,31.98151626067304,73.27847157529526
240.3157978734637,251.36076433966727,31.981516308565386,73.27847132066546
239.6277479317202,251.36076449364924,31.981516367147062,73.27847101270152
238.14624619127943,250.8528439517235,31.981516451040637,73.27847061248319
237.2865385226359,248.73652118805856,31.981516600491986,73.27846967451154
238.39671167062153,246.73906484013452,31.981516755326446,73.27846879232621
240.57173898508807,246.0420050224685,31.981516867299092,73.27846833049792
243.06208864040707,245.25989748617704,31.981517095845668,73.27846738535771
246.48873715143347,246.37033757804582,31.98151730737441,73.27846675636869
250.12818225685442,247.27811683695876,31.98151770627372,73.27846559919193
253.84660745384863,248.2750361507491,31.98151786007585,73.2784650434344
257.61413297590445,249.17140486992457,31.98151816178941,73.2784640161781
261.13587496097983,250.47014186921197,31.981518402606675,73.27846316213454
264.8012412317236,251.36076899026034,31.98151868353731,73.2784620194793
268.3600687358079,251.36076954028482,31.981518952620966,73.27846091943036
272.67998816755147,251.36077007417725,31.981519261497024,73.27845985164552
276.4051498943552,251.36077033885485,31.98151938958516,73.27845932229032
280.4373849510548,251.36077064839168,31.981519567323577,73.27845870321663
284.1705227152184,251.36077095295974,31.98151973098254,73.27845809408055
288.0783990947026,251.36077133408205,31.981519955107427,73.2784573318359
291.74833493162544,251.36077170461886,31.981520164654032,73.27845659076232
295.61124579061936,251.36077215592064,31.981520418559533,73.27845568815869
299.28572209878536,251.3607724805406,31.981520572460674,73.2784550389188
302.99725511234954,251.3607727094135,31.981520684553516,73.278454581173
306.50075504886667,251.36077292731702,31.981520781001635,73.27845414536596
309.7421423885855,251.36077306603107,31.981520836061076,73.27845386793783
312.28209297846763,251.36077319941185,31.98152087471107,73.27845360117631
314.73960603852277,251.36077354191414,31.98152094249756,73.2784529161717
317.077905530974,250.8547769022852,31.981520983321335,73.27845219118001
319.2966147638679,250.1407223485183,31.98152097837952,73.2784516528703
321.0594970074842,249.79230499770804,31.981520956479045,73.27845113463076
322.09230308572535,249.32172734081084,31.98152087770967,73.27845041872395
322.79256799895353,248.75078189384277,31.98152079349426,73.27844947554004
323.05642670579977,248.75940388009417,31.981520791319852,73.27844916402363
323.2779823170443,249.4731690107807,31.981520809694608,73.27844883371897
323.56885282838226,251.36077572445302,31.981520822003276,73.27844855109394
323.86601455324654,251.36077580641484,31.981520828562115,73.2784483871703
324.2519096830705,251.36077588470783,31.98152083495118,73.2784482305843
324.57076705235085,251.36077594641026,31.98152084000466,73.27844810717949
324.7283115428733,251.36077600052312,31.98152084631017,73.27844799895377
324.84583939662065,251.36077607006555,31.981520853661202,73.2784478598689
324.98320351240847,251.36077616555377,31.981520860668144,73.27844766889244
325.1618181710073,251.36077625114893,31.981520865665534,73.2784474977021
325.35779351637854,251.36077636109127,31.981520871629854,73.27844727781749
325.4138718375163,251.36077645717532,31.981520881268484,73.27844708564936
325.5000878157214,251.36077654737522,31.981520885560304,73.27844690524955
325.5766247677538,251.36077666072694,31.981520888393938,73.27844667854613
325.68484329975496,251.36077675476176,31.981520895953416,73.27844649047648
325.7471988725625,251.3607768921937,31.98152090622976,73.27844621561256
325.78169548918333,251.36077699433926,31.98152091358292,73.27844601132149
325.91755285377747,251.36077718658092,31.981520931346726,73.27844562683816
326.0566445603332,251.36077735265872,31.981520948668496,73.27844529468256
326.0658740312795,251.3607775315958,31.981520969216366,73.27844493680841
325.82544401851806,251.3607777273017,31.981520999851014,73.27844454539664
325.6151524210825,251.3607779359117,31.981521035990724,73.27844412817657
325.45094157913013,251.36077812436855,31.98152106757829,73.2784437512629
325.4234399120716,251.36077830533944,31.981521097660863,73.27844338932114
325.44540913573934,251.36077843787479,31.981521119467228,73.27844312425044
325.49159528569413,251.3607786390723,31.981521140150047,73.27844272185543
325.62353314262594,251.36077876587115,31.98152114917149,73.27844246825772
325.6318015378115,251.36077887533716,31.981521158991253,73.27844224932566
325.80423348113476,251.36077895488577,31.981521163946237,73.27844209022847
325.92815406772036,251.36077903711623,31.981521170145953,73.27844192576752
326.01955135011457,251.36077912771475,31.98152117628031,73.2784417445705
326.1128080163592,251.36077926331302,31.98152117830371,73.27844147337395
326.16328494206834,251.36077935999222,31.981521174055402,73.27844128001556
326.14063830324164,251.3607794868133,31.981521168991318,73.27844102637341
325.6440351738431,251.36077956956086,31.981521165199858,73.27844086087825
324.93608869644794,251.36077965504228,31.981521161349185,73.27844068991543
323.12916351115376,251.36077976898022,31.98152117678923,73.27844046203957
320.5649845613619,250.23003821494697,31.981521189104907,73.27844037766219
317.9501481027558,249.63030024219805,31.981521197534132,73.2784403195132
317.43842655326074,250.24548541117954,31.981521193687612,73.27844014546774
318.4672563681039,250.68076853060893,31.981521190008362,73.27843997668877
319.8378475915974,250.82780698115954,31.981521070291954,73.27843847522482
320.10252801925685,251.03134854654635,31.981520688128935,73.27843530932735
320.2757048515195,249.82049929060568,31.981520554487467,73.27843238993427
320.40100863872686,248.6920845617601,31.98151957654263,73.27841685021937
320.6437076699503,247.16912707095395,31.98151864434665,73.27838976373177
320.60099208809265,245.21360830211069,31.981515915156216,73.27836601449204
320.64213932773663,243.7127536140357,31.98151318796824,73.27834637910634
321.2489712521363,243.1589293914451,31.981509460133044,73.27832487475598
322.04058941427303,244.67352520689667,31.98150863810257,73.27832163839938
322.6646027476061,246.20665809507466,31.98150822322926,73.2783202529888
323.3972332251236,246.30782321744374,31.981506939405563,73.27831597818509
324.29675482350063,247.75347760510115,31.98150656358203,73.27831455684365
325.0519135595054,249.68138917392517,31.981506417164457,73.27831398236702
325.61845330856596,251.36084321840588,31.981506328642748,73.27831356318822
326.2509084000705,251.36084347265643,31.98150624752418,73.27831305468715
326.8296453425549,251.3608437504441,31.98150616512192,73.2783124991118
327.1168284753959,251.3608440986388,31.981506111331125,73.27831180272238
327.66837290636425,251.3608442186333,31.981506105137754,73.27831156273338
328.2686108124963,251.36084427113664,31.981506104832004,73.27831145772673
328.6656081751781,251.36084431824753,31.981506104218944,73.27831136350494
329.056398817496,251.36084436172112,31.981506102198725,73.27831127655774
329.45878754124254,251.36084444375697,31.981506098114696,73.27831111248605
329.80680702665467,251.36084456537196,31.98150608870098,73.2783108692561
330.122608619959,251.36084466880314,31.981506083454384,73.27831066239372
330.3894245931546,251.36084484203099,31.981506057877752,73.278310315938
330.6866238818378,251.36084504161767,31.981506038651048,73.27830991676468
331.14277340115126,251.36084511883794,31.981506037003907,73.2783097623241
331.4683082508744,251.36084522969776,31.981506038275594,73.27830954060451
331.8389100197621,251.3608454176618,31.98150604702415,73.27830916467637
332.02959837074485,251.36084561148925,31.981506058573046,73.2783087770215
331.80779814387347,251.36084586632106,31.98150606633004,73.27830826735789
331.72719917482635,251.36084611851894,31.981506073849772,73.27830776296213
331.53944288598876,251.3608463182357,31.98150608138226,73.27830736352857
331.18783872326793,251.36084654501076,31.981506079530547,73.27830690997851
330.569951837197,251.36084694353832,31.981506049868816,73.27830611292339
329.53475624828707,251.36084736166998,31.981506049557552,73.27830527666002
328.7313948862675,251.36084760979116,31.981506061079916,73.27830478041764
327.5112758647057,251.3608481475556,31.981506105241092,73.27830370488881
326.5498253097379,251.36084873311557,31.981506180821487,73.27830253376882
325.42604286275156,251.36084953442668,31.98150628216116,73.27830093114666
324.2718012024445,251.36085165600727,31.981506478995875,73.27829668798545
323.18119248081297,251.36085351115221,31.981506490236985,73.27829297769556
322.3557906404539,251.36085666084387,31.981506604976094,73.27828667831228
321.82651941913406,251.36085876156073,31.981506438401023,73.27828247687854
321.1851335638945,251.3608598240436,31.98150632308965,73.27828035191281
321.101497144654,251.36086035128264,31.981506310699633,73.27827929743474
321.9209928085465,251.36086204011113,31.981506338810604,73.27827591977773
322.569835532378,251.3608624826291,31.98150639510715,73.27827503474181
323.2252779025501,251.36086368884997,31.981506488098923,73.27827262230008
324.00284414321766,251.36086418614013,31.981506515041737,73.27827162771973
324.2615590554523,251.36086432560134,31.981506519216172,73.27827134879732
324.3702168678069,251.36086446788613,31.981506523631634,73.27827106422771
324.1971248516145,251.3608647591529,31.981506540742487,73.2782704816942
324.0953402883073,251.36086508698787,31.981506568049838,73.27826982602427
323.9934813145488,251.36086545037534,31.981506613264024,73.27826909924933
323.75525595664243,251.36086610737942,31.981506677192634,73.27826778524116
323.4289809943453,251.36086659647572,31.98150673892529,73.27826680704855
323.31972712002624,251.360867534456,31.981506825147886,73.27826493108803
323.2298661448061,251.36086812498252,31.981506883708086,73.27826375003498
323.13478588361073,251.36086859560515,31.981506937878134,73.27826280878968
323.00173523269405,251.36086893070197,31.98150696879752,73.27826213859606
322.8658788559226,251.3608693043102,31.98150700194627,73.27826139137959
322.83014682562134,251.36086987519172,31.98150703806458,73.27826024961655
322.69012136341075,251.36087050992955,31.981507088729387,73.2782589801409
322.5143770624861,251.36087171563264,31.981507159942808,73.27825656873473
322.28413181823595,251.3608726970205,31.981507213081265,73.27825460595898
321.95944654333204,251.3608735532327,31.981507271384412,73.2782528935346
321.6867471662028,251.36087434838726,31.981507313484727,73.27825130322552
321.38595791898666,251.36087490587943,31.981507333872134,73.27825018824117
321.01536248955387,251.36087569937993,31.981507401607676,73.27824860124014
320.8302500168797,251.36087638090893,31.98150745386298,73.27824723818212
320.8960451827472,251.36087748035598,31.981507518293842,73.27824503928804
320.88706372002287,251.36087862795432,31.981507557721876,73.27824274409133
320.80882719832584,251.36087986517788,31.98150756053514,73.27824026964421
320.7928701564872,251.36088086133915,31.98150760376615,73.27823827732169
320.8965349526602,251.36088190835468,31.98150765717309,73.27823618329064
321.012606993805,251.36088276403356,31.981507677337756,73.27823447193289
321.10899392858585,251.3608835983025,31.981507731053895,73.27823280339497
321.2041702003222,251.36088421944754,31.981507806275463,73.27823156110495
321.26208370919306,251.36088491495227,31.981507909374308,73.27823017009547
321.2450113558108,251.3608854104271,31.981507946367596,73.27822917914581
321.1970674221806,251.36088597163464,31.98150799618556,73.27822805673073
321.16871014264996,251.3608864860751,31.981508020487333,73.27822702784984
321.0392062326238,251.36088688351583,31.981508058795665,73.27822623296835
320.88132334295,251.36088749836077,31.981508099656036,73.27822500327848
320.7186629561877,251.36088822935136,31.981508152508038,73.2782235412973
320.45482571207634,251.3608887807977,31.98150820416149,73.27822243840463
320.20811042281946,251.36088939521758,31.981508287413096,73.27822120956485
320.01221141867,251.3608899736518,31.981508365709786,73.27822005269641
319.89395908629604,251.36089078799927,31.981508460808016,73.27821842400145
319.8814464158044,251.3608916642197,31.98150853649999,73.27821667156059
319.84385810055437,251.36089228176954,31.981508615062065,73.27821543646093
319.63803438492465,251.36089292511411,31.9815087265278,73.27821414977177
319.51864273154536,251.3608933621714,31.9815087780669,73.27821327565724
319.4236702476812,251.36089376793234,31.981508822871188,73.27821246413532
319.443593246251,251.36089406543397,31.981508862314783,73.27821186913204
319.59209082038427,251.36089437675295,31.98150890681435,73.27821124649411
319.8320978722864,251.3608946098817,31.981508918582108,73.27821078023656
319.89226607093894,251.36089483710342,31.981508934660454,73.27821032579315
320.13116245108006,251.36089493844602,31.981508944048812,73.27821012310797
320.35656341741645,251.36089503252842,31.981508950148164,73.27820993494316
320.6185365580676,251.36089511909324,31.981508954093705,73.27820976181351
320.8886959197481,251.3608952018244,31.981508958225966,73.27820959635118
321.17203756471633,251.36089526745934,31.98150896067838,73.27820946508133
321.46853592101473,251.3608953389126,31.981508964580943,73.27820932217477
321.7515489348926,251.3608954085419,31.981508968796195,73.27820918291621
321.9766096498321,251.360895469557,31.981508971460073,73.278209060886
322.1864326159673,251.36089552231653,31.981508974486534,73.27820895536696
322.39193305371424,251.36089557567664,31.981508976611472,73.27820884864673
322.5312004080332,251.36089562462882,31.981508978380855,73.27820875074237
322.65795977276167,251.3608956909117,31.981508979325913,73.27820861817663
322.8630726768465,251.36089579466105,31.981508979776674,73.27820841067789
322.9395125782041,251.36089596911467,31.981508981434345,73.27820806177064
322.9764373934835,251.36089627161863,31.98150898421158,73.27820745676277
322.91401916288356,251.36089660903167,31.981509008007226,73.27820678193669
322.92670618080257,251.36089694366325,31.981509014039503,73.27820611267352
323.0089024767834,251.36089745471065,31.98150901260055,73.2782050905787
323.0554318866861,251.36089803791086,31.98150900988375,73.27820392417829
323.2219039949498,251.36089893999196,31.981508977898095,73.2782021200161
323.3035042913626,251.36089971830197,31.981508927403272,73.27820056339606
323.2483143438524,251.3609003141946,31.981508888112682,73.27819937161081
323.2175047912186,251.36090067826632,31.981508871799118,73.27819864346739
322.9701052154706,251.36090107024376,31.98150885637718,73.27819785951246
322.5823834415295,251.36090144382996,31.98150885033484,73.27819711234011
322.55417887711263,251.3609016223801,31.981508836257117,73.27819675523976
322.51214329913756,250.85005342897,31.981508825393945,73.27819633610605
322.008714544591,251.13907795745175,31.981508820105628,73.27819604480187
321.4812456253095,251.03437557970767,31.98150881916059,73.27819561649788
320.6416089341524,250.75477574327778,31.981508834546776,73.27819452565528
319.31245201457506,250.63342494603248,31.981508922480636,73.27819263763723
318.5615756301501,251.30883655307983,31.981508957146264,73.27819091859867
317.985566032046,251.36090592964575,31.981509010249965,73.27818814070847
317.99058532298784,251.36090825731532,31.981509053815184,73.27818348536934
318.402106926884,251.36091256104604,31.981509132823216,73.27817487790793
319.3703916550604,251.3609173952865,31.98150900954695,73.27816520942703
320.4090684494816,251.36092303149127,31.981508659764028,73.27815393701744
321.3549273109489,251.36092478675153,31.9815086091775,73.27815042649696
321.83397399248156,251.36092530715962,31.981508412463462,73.27814938568073
322.56394051148374,251.36092625079414,31.981508178566695,73.27814749841174
322.7114916733592,251.36092683784133,31.98150818287788,73.27814632431733
321.1761900804591,251.21903100000898,31.98150847484874,73.27814386512676
319.299077778087,251.3609290874508,31.981508779208387,73.27814182509839
317.8620292621529,251.36093429688933,31.981511086421477,73.27813140622133
317.62868515080373,251.3609418759311,31.98151195765459,73.2781162481378
318.5880708079775,251.36094253128311,31.981512029453548,73.2781149374338
319.59131579357586,251.36094274376708,31.981512050398557,73.27811451246585
320.3466017720227,251.36094292808417,31.981512050139376,73.27811414383166
320.94644646556554,251.36094316183835,31.981512051328824,73.2781136763233
321.368654410911,251.36094349714122,31.98151206372935,73.27811300571757
321.8425505550349,251.36094372338275,31.981512067122804,73.27811255323452
322.3712258713047,251.36094392570942,31.98151207011174,73.27811214858114
322.8355631864729,251.36094429265512,31.98151207804681,73.27811141468976
323.1294299672718,251.36094476851392,31.981512083209946,73.27811046297215
323.4918875424714,251.360945222665,31.98151207963849,73.27810955467
323.86383959720683,251.3609461933121,31.98151208393716,73.27810761337581
324.0913562853871,251.36094703424402,31.981512099290583,73.27810593151193
323.8976547804243,251.36094811253577,31.981512187301195,73.27810377492844
323.8537668306098,251.3609485013323,31.98151217851962,73.2781029973354
323.7967555068965,251.3609489864479,31.981512176121626,73.27810202710421
323.53923300648484,251.36094957260735,31.981512189743295,73.27810085478527
323.5775048566177,251.36094981598183,31.981512178251755,73.27810036803635
323.44956284743137,251.3609500773053,31.981512175103717,73.2780998453894
323.14431119316475,251.36095022236793,31.981512167711305,73.2780995552641
322.8164835098943,251.36095036272985,31.981512150188607,73.27809927454027
322.3597914634906,251.3609506639948,31.98151216306281,73.2780986720104
321.7325196864822,251.36095142243005,31.98151217421769,73.27809715513987
321.2200828030278,251.3609521425176,31.981512207605913,73.27809571496482
321.1785029916926,251.36095246031084,31.981512204746114,73.2780950793783
320.97499855048636,251.3609528454973,31.98151220082132,73.2780943090054
320.97087676734185,251.36095314972314,31.981512196074743,73.27809370055373
321.00361621630344,251.36095333267355,31.98151218183519,73.27809333465294
321.0579760488751,251.36095345463497,31.981512171073188,73.27809309073004
321.2922861557567,251.36095366155936,31.98151216819597,73.27809267688127
321.2165686905886,251.3609537747722,31.981512170353394,73.27809245045555
321.27460929223525,251.3609539312047,31.981512167600204,73.27809213759059
320.93363963540116,251.3609541462942,31.981512177393427,73.27809170741158
320.598050502294,251.36095454152633,31.981512162300568,73.27809091694736
320.0743171356134,251.3609550734257,31.981512140748375,73.27808985314856
319.34447038722845,251.3609560378447,31.981512205664014,73.27808792431065
318.6476723651465,251.36095780582093,31.98151231591371,73.27808438835814
317.5374198809702,251.36095956899752,31.981512761942703,73.27808086200496
316.48832992522597,251.36096129345304,31.981513333068595,73.27807741309392
316.34123325079025,251.36096400752606,31.98151445719906,73.27807198494786
316.2418303826669,251.36096549378377,31.981514995372446,73.27806901243245
316.57442672976765,251.3609669956687,31.981515441677665,73.27806600866262
316.97044196400157,251.3609678134008,31.98151560570569,73.27806437319842
317.30629454573915,251.3609682475897,31.981515688202226,73.27806350482057
317.8709867653839,251.36096869987077,31.98151576658233,73.27806260025848
318.13111725081603,251.36096901902502,31.981515785384115,73.27806196194994
318.53694097871085,251.36096942044668,31.981515804360267,73.27806115910667
318.687124129222,251.36097002255332,31.9815158156033,73.27805995489338
318.88737170904983,251.36097073215817,31.98151579769233,73.27805853568368
318.6815505520416,251.36097328084247,31.981516007321435,73.27805343831504
318.92111718042025,251.36097660710567,31.981515790277104,73.27804678578863
319.3210135363208,251.36098515137283,31.981515070186717,73.27802969725435
320.19857535957067,251.36099752563982,31.981514681323866,73.27800494872038
320.31301915052586,251.36102476897986,31.9815154620596,73.27795046204027
319.79755042662873,251.36105355511754,31.98151643028545,73.27789288976494
319.1272021802381,251.36106006662192,31.981517303483518,73.27787986675618
318.8534292806723,251.36106404808007,31.981517669570742,73.27787190383985
318.43605552211267,251.36106726269676,31.981517633818246,73.27786547460647
317.3372233212254,251.3610686489232,31.981518013147106,73.27786270215357
316.21676239482684,251.36106962062414,31.98151836859928,73.27786075875171
315.75316929554657,251.3610705233204,31.981518614496377,73.27785895335919
315.82487708221214,251.3610716050894,31.981518879645275,73.27785678982121
316.06963986369243,251.36107285281494,31.981519081865308,73.27785429437013
316.601032118806,251.3610744171704,31.981519124212248,73.27785116565917
317.0263399200253,251.3610786482327,31.98151955961934,73.2778427035346
317.450086037616,251.36108094580135,31.98151984047865,73.27783810839728
318.0257040109425,251.3610813302754,31.981519831897955,73.27783733944922
318.65061740992235,251.36108146768035,31.98151982284045,73.27783706463929
319.3537027130291,251.36108155819184,31.981519823240088,73.27783688361633
320.026810992289,251.3610816358448,31.981519824130437,73.27783672831036
320.66125767055985,251.361081741517,31.981519828680387,73.27783651696598
321.290964828141,251.3610818027489,31.981519828741742,73.27783639450217
321.8764221522632,251.36108185787313,31.9815198304607,73.27783628425375
322.4663523866795,251.36108193476196,31.98151983430723,73.27783613047606
323.1512175629924,251.3610820252945,31.981519835036877,73.27783594941098
323.5657010146534,251.3610822746939,31.981519847322264,73.27783545061219
323.9504880078919,251.36108254118267,31.981519847375612,73.27783491763468
324.2231708719733,251.3610829176064,31.981519870002458,73.2778341647872
324.5119905169168,251.36108325053044,31.981519861865223,73.2778334989391
325.0075601387649,251.3610833819689,31.981519851281295,73.2778332360622
325.3753531415407,251.36108357957747,31.98151983329767,73.27783284084505
325.6803173369317,251.36108375738692,31.98151981203768,73.27783248522614
325.8591775130302,251.361084072615,31.98151974549474,73.27783185477001
326.00151677314375,251.3610842767731,31.981519714237468,73.2778314464538
326.02121032115065,251.3610844602146,31.981519687866207,73.27783107957077
325.91912932712194,251.361084738436,31.981519659412648,73.277830523128
326.01354266638083,251.36108506797834,31.981519631276054,73.27782986404333
326.00143235541105,251.36108549001634,31.98151958543606,73.27782901996733
325.7882447740697,251.3610860897379,31.9815195378336,73.27782782052417
325.7152363659279,251.36108674241396,31.981519458346185,73.27782651517207
325.6102109510095,251.36108741924014,31.981519377471777,73.27782516151974
325.4670850541719,251.36108784094648,31.981519328171327,73.27782431810705
324.9871384220741,251.36108839795693,31.981519306138743,73.27782320408615
324.2486507006579,251.36108884140415,31.981519307992077,73.27782231719169
323.7235792137653,251.3610893280787,31.981519278313616,73.27782134384262
323.2632369748582,251.36108978518294,31.981519239697846,73.27782042963413
322.5352420750562,251.36109020550245,31.98151920165536,73.27781958899511
321.67191446958105,251.36109057887793,31.981519167778412,73.27781884224414
320.4256965172619,251.3610910626992,31.98151914025733,73.27781787460162
319.07250396150215,251.3610918570012,31.98151911612613,73.27781628599759
317.489562251862,251.36109332109487,31.98151923271779,73.27781335781029
316.1174045108425,251.36109527156685,31.981519567356965,73.27780945686631
315.42434986974393,251.36109981695154,31.98152021269796,73.27780036609695
315.2817740554085,251.36110507757934,31.981520627961316,73.27778984484134
315.4021680594671,251.36110675497673,31.981520856104524,73.27778649004652
315.7670364318291,251.36110864529496,31.98152115476129,73.27778270941005
315.9954650336605,251.3611119639978,31.98152210921011,73.27777607200439
316.5592085297088,251.3611142657081,31.981522538149225,73.2777714685838
316.84708408250583,251.36112058876105,31.981523929274502,73.2777588224779
316.96299726367346,251.36112803327765,31.981526047898193,73.2777439334447
316.6760067593763,251.3611447679931,31.9815295860946,73.27771046401378
316.04540161172133,251.36115919463873,31.981533254512403,73.27768161072251
316.0752423779637,251.36116798816516,31.981534474964697,73.2776640236697
316.34292015399757,251.36117570410937,31.98153478885243,73.27764859178127
317.2274242740861,251.3611775946785,31.981534946731372,73.27764481064298
318.1286355012326,251.36117904260007,31.981535135146192,73.27764191479986
318.83642346048373,251.3611799453889,31.981535316993394,73.27764010922219
319.4566125918152,251.36118077704526,31.981535434152146,73.2776384459095
319.54854011428824,251.36118162314432,31.98153552047456,73.27763675371138
319.5028656934013,251.36118317951167,31.981535766331266,73.27763364097669
319.7544602207143,251.3611848108523,31.98153591782863,73.27763037829538
319.7515348613439,251.3611886647545,31.98153648259431,73.27762267049097
319.93983513042195,251.36119683505444,31.981537610650253,73.27760632989113
320.0048172098952,251.36120389757315,31.98153860802053,73.2775922048537
320.16700063093606,251.36120674050352,31.981538991108934,73.27758651899298
320.0019291255818,251.36120901372124,31.981539086568556,73.27758197255753
319.40860146754187,251.36121124863985,31.98153911967417,73.27757750272029
319.0709977422234,251.36121244530628,31.981539253435564,73.27757510938744
318.33046376255555,251.3612130973998,31.98153931688209,73.27757380520039
317.89196980289313,251.36121363015917,31.981539361699,73.27757273968166
317.71824867502085,251.3612139236588,31.981539377920683,73.27757215268244
317.95422025871187,251.36121435643028,31.981539380370823,73.27757128713942
318.23242327552936,251.3612148827234,31.981539427458625,73.27757023455321
318.6730021063924,251.36121528628126,31.981539461979615,73.27756942743748
318.8972540036099,251.36121581406437,31.981539489632958,73.27756837187127
319.2326417293333,251.36121612341256,31.981539511303886,73.27756775317486
319.5287563904831,251.36121649735696,31.981539555306778,73.27756700528606
319.7463357890422,251.3612167916882,31.98153960695115,73.27756641662359
320.1784423938327,251.36121714877083,31.98153968520046,73.27756570245832
320.5444604447307,251.36121743210697,31.981539756748173,73.27756513578609
320.5773919177116,251.3612176911904,31.98153983150439,73.27756461761919
320.49650122677997,251.36121792436688,31.981539902332493,73.27756415126622
320.568939828547,251.3612181059567,31.981539953761374,73.27756378808655
320.45665612619297,251.36121833659095,31.98154001964519,73.27756332681808
320.439177720374,251.361218637726,31.98154008920505,73.27756272454798
320.25737426179643,251.3612189804009,31.981540165988125,73.27756203919816
320.27818842423915,251.36121945464652,31.981540294983237,73.27756109070694
320.38966438630416,251.3612201619335,31.981540483408676,73.277559676133
320.5898342982709,251.36122099242363,31.98154068013182,73.27755801515276
321.2373004717015,251.3612216679879,31.981540817897393,73.2775566640242
321.5649614918082,251.36122256949938,31.981541031388062,73.27755486100126
321.1763813587976,251.36122366879886,31.981541248924504,73.27755266240227
320.4379640760865,251.3612254115115,31.98154151716651,73.27754917697698
319.19650747676457,251.36122762790603,31.981541936956,73.27754474418794
318.03230713173974,251.36123033775485,31.981542730383975,73.2775393244903
317.08392097597687,251.36123099489453,31.981542895684683,73.27753801021096
316.11336728511355,251.3612317255597,31.981543123518783,73.27753654888063
314.7950103454041,251.36123208030145,31.981543259727903,73.2775358393971
313.9392329638,251.36123240841408,31.9815433764441,73.27753518317186
313.46882128265673,251.36123321900098,31.98154372017971,73.27753356199806
313.15260617416493,251.36123382413115,31.981543979773534,73.27753235173769
312.112646460225,251.3612352501687,31.98154478468285,73.27752949966259
311.80806960805717,251.36123604229766,31.981545099087736,73.2775279154047
311.71660982772136,251.36123808787724,31.981545962163786,73.27752382424552
311.3439372447518,251.36124097428888,31.981547442952717,73.27751805142225
311.69993591181145,251.3612526590274,31.981553816719114,73.27749468194517
311.7942500703685,251.3612587762562,31.981556348728073,73.2774824474876
311.8799659091807,251.36126856857518,31.981560042144856,73.27746286284965
311.1003287917586,251.3613029002553,31.981568782642555,73.2773941994894
311.1229765304464,251.36132648178284,31.981570838540655,73.2773470364343
311.1592269494949,251.36135987426732,31.981576718781138,73.27728025146537
311.8092885994247,251.36139052066187,31.981582236479824,73.27721895867627
311.9530278735623,251.36141627751488,31.98158341666502,73.27716744497022
312.88914540764796,251.36143132618764,31.98158460032474,73.27713734762473
313.3228070857375,251.36145100599393,31.98158893427011,73.27709798801214
313.3390321865386,251.3614650618618,31.98159191575267,73.27706987627641
314.047926138435,251.36147628271175,31.981593590397686,73.27704743457647
314.7591142268516,251.36148540109602,31.981595119138518,73.27702919780795
315.3432026355898,251.3614960597011,31.98159733684885,73.27700788059778
316.0720704853543,251.3615116551308,31.98160003682547,73.27697668973836
316.5645466844713,251.36151945151153,31.98160139969227,73.27696109697698
316.62492526121906,251.36152615745522,31.981602630662927,73.27694768508954
316.68369929403195,251.3615350436106,31.98160420795762,73.27692991277883
316.85956208043,251.36154077136263,31.981605167143975,73.27691845727472
316.6349943840324,251.3615472035555,31.98160659754641,73.27690559288902
316.5446460009151,251.36155540494576,31.981608426074917,73.27688919010845
316.5441274621735,251.36157043904853,31.981611579387447,73.27685912190296
317.0369806054073,251.3615812755246,31.98161305277694,73.27683744895081
317.58844387936693,251.36159719909577,31.981615024106627,73.27680560180845
317.8892544433655,251.36161387404468,31.981616477591466,73.27677225191064
318.227373200412,251.36163225608635,31.981617440728588,73.27673548782727
318.5867526534217,251.36165075857215,31.98161783303376,73.2766984828557
319.20236299717374,251.36170477344135,31.981614529868008,73.27659045311731
319.4853538439051,251.3617473639592,31.98161416489268,73.27650527208158
319.2813976503155,251.36177085409756,31.98161617528469,73.27645829180487
319.60323425538644,251.36177245994912,31.98161644469985,73.27645508010173
320.49821856149873,251.3617725837134,31.981616442285098,73.27645483257321
321.2435813186813,251.3617726510004,31.981616445192966,73.27645469799921
321.8039040787532,251.36177269819788,31.98161644812043,73.27645460360424
322.41967334487913,251.3617727394774,31.981616450033002,73.27645452104518
322.91879795988064,251.36177280756834,31.981616452799052,73.27645438486331
323.41788848115453,251.36177287484765,31.98161645530658,73.2764542503047
323.9459496907328,251.3617729468548,31.981616458368432,73.27645410629039
324.48153509199756,251.36177301749865,31.9816164627236,73.2764539650027
324.99254049001223,251.361773106079,31.98161646991701,73.27645378784197
325.4260770470492,251.36177318368632,31.981616474529687,73.27645363262737
325.9364414591269,251.36177324304828,31.98161647689715,73.27645351390345
326.40669614490173,251.36177333687903,31.981616484257568,73.27645332624198
326.94026643286475,251.36177340814663,31.98161648755518,73.27645318370672
327.3575392989531,251.3617735884072,31.98161648692293,73.2764528231856
327.7173295920588,251.36177379061414,31.981616491436498,73.27645241877171
328.06027877207976,251.36177398838643,31.981616494984742,73.27645202322715
328.2541334061039,251.36177431422044,31.981616486923407,73.27645137155909
328.2979944131528,251.36177481743815,31.981616483736083,73.27645036512371
328.51984007284744,251.36177504050937,31.981616477613517,73.27644991898127
328.7755834299587,251.3617752272201,31.981616472508943,73.27644954555977
328.95950960241544,251.36177543677817,31.981616487605663,73.27644912644365
329.2384432745376,251.3617755435601,31.981616491555382,73.27644891287977
329.1700789803117,251.3617756329522,31.98161649524076,73.2764487340956
329.3578905187179,251.3617758985897,31.981616465780252,73.2764482028206
328.9721925585269,251.36177594323723,31.98161646445509,73.27644811352553
329.134022779988,251.36177616200962,31.981616454825247,73.27644767598075
329.1112261554667,251.3617763601623,31.981616460775577,73.27644727967538
328.4946058962079,251.36177671328184,31.981616494101935,73.2764465734363
328.08735767019454,251.3617775725229,31.981616369342532,73.27644485495422
328.1480032150441,251.36177782909806,31.981616365721084,73.27644434180387
328.6606160399358,251.3617781051248,31.98161635528093,73.27644378975036
328.92556932777694,251.3617782451691,31.981616350510098,73.27644350966182
329.4530492147442,251.3617783404957,31.98161635059281,73.27644331900858
330.0306269248416,251.36177845055175,31.98161635070137,73.27644309889651
330.526663694157,251.36177855959056,31.98161634798985,73.2764428808189
331.07424065855884,251.36177862316293,31.981616346989245,73.27644275367412
331.68523708386005,251.36177869578796,31.981616346690394,73.27644260842405
332.35807267108396,251.3617787517311,31.981616349153004,73.27644249653784
333.1419043259958,251.36177878381596,31.981616351287606,73.27644243236804
333.92794409388296,251.36177881824216,31.981616354812385,73.27644236351566
334.6393726160167,251.36177884815902,31.981616356672145,73.27644230368197
335.34200975080546,251.3617788814714,31.98161635905973,73.2764422370572
336.0091918192257,251.3617789052134,31.981616361548642,73.27644218957319
336.0091918185885,251.36177892454646,31.98161636282308,73.27644215090706
336.00919181795507,251.3617789453612,31.981616364089877,73.27644210927755
336.00919181749686,251.36177896663594,31.9816163650063,73.2764420667281
336.00919181698094,251.361778989483,31.98161636603814,73.27644202103397
336.00919181650625,251.36177901111688,31.981616366987552,73.27644197776623
336.0091918162112,251.36177903199348,31.98161636757759,73.27644193601307
336.00919181587153,251.3617790526278,31.981616368256994,73.27644189474438
336.0091918154862,251.3617790729469,31.981616369027638,73.27644185410625
336.00919181491264,251.36177909108562,31.98161637017467,73.27644181782875
336.0091918142873,251.36177910870515,31.981616371425442,73.27644178258971
336.00919181341277,251.36177912834123,31.981616373174464,73.27644174331753
336.0091918126923,251.36177914884993,31.981616374615417,73.27644170230015
336.0091918120481,251.3617791686715,31.981616375903887,73.276441662657
336.0091918113081,251.36177918852428,31.98161637738379,73.27644162295141
336.0091918103974,251.36177921206624,31.981616379205157,73.27644157586752
336.0091918096676,251.36177923625112,31.98161638066484,73.27644152749777
336.00919180872427,251.36177925918594,31.981616382551486,73.27644148162811
336.0091918079583,251.3617792833364,31.98161638408343,73.2764414333272
336.0091918074525,251.36177931041786,31.981616385094934,73.27644137916427
336.00919180718546,251.36177933305765,31.981616385629053,73.27644133388472
