32.3519,567.9533,46.2232,45.8083
51.2034,580.3888,50.9996,41.6770
73.3076,593.1103,54.8928,38.0985
96.4699,602.0562,58.1554,34.7913
120.9879,613.9617,59.9437,32.7621
146.6425,623.4614,60.6242,31.0924
170.6197,630.4591,61.1373,29.9267
198.7173,638.0645,61.4566,28.8447
227.4490,644.4170,59.9409,28.7278
246.1227,659.1149,55.5830,30.9469
264.3060,675.1269,51.5876,32.6427
286.3987,673.9874,48.2614,34.9218
308.0446,673.1109,45.4482,36.6747
329.0637,672.7838,43.4443,37.3290
349.7799,672.5084,41.4162,37.8798
370.0259,672.5284,39.6259,37.8397
389.5739,672.2764,38.3454,37.1238
408.5712,672.6189,37.1928,36.4389
427.1158,672.8083,36.0493,36.0601
445.1543,672.9003,35.1752,35.8762
462.8792,672.9821,34.4117,35.7126
480.4016,673.0483,33.5991,35.5801
497.6713,673.0022,32.8289,35.6722
514.6838,673.1361,32.2382,35.4044
531.5591,673.2050,31.5010,35.2666
548.1036,673.6472,30.9942,34.3823
564.3562,674.0162,30.3943,33.6442
580.3364,674.3533,29.6866,32.9701
595.8820,674.7746,29.1734,32.1275
611.0612,675.2133,28.7326,31.2502
625.9867,675.4341,28.1582,30.8085
640.5753,675.7806,27.7606,30.1155
654.9135,676.1962,27.3329,29.2843
668.8884,676.4343,27.0188,28.8082
682.7775,676.6315,26.4911,28.4136
696.3173,677.0264,26.2114,27.6239
709.7299,677.1703,25.6658,27.3361
722.8116,677.0817,25.3742,27.5132
735.7689,677.4399,25.2732,26.7968
748.6225,677.6171,24.9832,26.4425
761.3865,677.7081,24.5582,26.2604
773.9060,677.9569,24.3248,25.7629
786.3763,678.0978,23.8340,25.4812
798.6230,678.2968,23.4122,25.0831
810.7161,678.4408,22.8974,24.7951
822.5353,678.5867,22.5375,24.5032
834.2069,678.6655,22.1540,24.3457
845.7678,678.7216,21.7264,24.2336
857.1638,678.8016,21.3634,24.0735
868.3890,678.9163,21.0848,23.8441
879.4667,679.2980,20.8530,23.7879
890.4856,679.2990,20.5965,23.7859
901.3107,679.4695,20.5994,23.4450
909.7379,671.3363,20.3831,23.0732
917.7073,663.1804,20.1766,22.9685
925.9965,654.7979,19.8965,22.7563
934.1193,646.9308,19.7627,22.3786
941.8578,639.1110,19.5421,22.0984
949.6011,631.2049,19.1308,22.1801
957.1198,623.4769,19.0463,22.0332
964.6595,615.7563,18.8362,21.9583
972.4029,608.1194,18.7564,21.8252
979.8073,600.5897,18.6361,21.5575
987.5772,593.0652,18.2774,21.4252
995.0815,585.4354,18.2627,21.0664
1002.3381,577.7974,17.9857,20.8682
1009.6979,570.3851,17.9408,20.4065
1016.9899,563.2665,17.8428,20.1577
1023.9715,555.9040,17.6372,19.9289
1030.9481,548.4656,17.2843,20.0227
1038.0219,541.4041,17.2275,20.0550
1044.8540,534.4145,17.0575,19.9533
1051.6285,527.4655,16.9037,19.8736
1058.6689,520.3420,16.7117,19.6532
1065.5853,513.5800,16.6118,19.4443
1072.1649,507.1825,16.5023,19.1896
1078.6039,500.4124,16.5429,18.6877
1085.3646,493.8548,16.3307,18.4937
1091.7886,487.6258,16.0904,18.3442
1095.9174,479.5658,15.9625,18.2046
1099.9772,471.6130,15.9095,17.9769
1106.2279,465.5568,15.6763,17.8212
1112.6364,459.3641,15.5134,17.5526
1118.6993,453.2378,15.3583,17.3138
1124.6825,447.1768,15.2206,17.0929
1130.6058,441.1634,15.0731,16.9119
1136.4788,435.1921,14.9078,16.7705
1142.2844,429.2875,14.7655,16.6121
1149.9435,429.6031,14.7589,16.4748
1157.5768,429.9075,14.7346,16.3577
1163.2783,424.1071,14.5894,16.2110
1170.8071,424.4062,14.5629,16.0977
1178.3048,424.7083,14.5310,15.9763
1183.9032,419.0170,14.3810,15.8318
1191.2991,419.3130,14.3347,15.7154
1196.8237,413.7126,14.1667,15.5616
1202.2825,408.1745,14.0141,15.4051
1207.6908,402.6929,13.8503,15.2523
1200.6321,403.0079,13.7641,15.0804
1207.6964,403.3011,13.7135,14.9483
1207.6853,396.4533,13.7357,14.6546
1214.6781,396.7063,13.6080,14.5958
1207.8463,397.0077,13.5049,14.4371
1204.3495,390.3001,13.4591,14.2131
1204.4084,397.3658,13.3412,14.0255
1199.1239,392.4398,13.1368,13.9659
1199.1700,399.3713,13.0446,13.7594
1193.9921,394.5514,12.8488,13.6917
1194.0350,401.3345,12.7627,13.4984
1194.0447,395.0388,12.7436,13.2705
1187.7679,395.2875,12.5977,13.1829
1187.7850,389.1006,12.5635,12.9716
1187.8623,395.6172,12.4091,12.8063
1187.8909,389.5591,12.3519,12.6128
1187.9662,395.9226,12.2013,12.4663
1184.9114,389.9776,12.0955,12.3140
1187.8844,396.1649,11.9156,12.2404
1187.9146,390.3565,11.8552,12.0647
1190.8243,396.4181,11.6858,11.9954
1196.6851,396.6331,11.5251,11.9384
1193.8005,402.6133,11.3823,11.8017
1198.2836,407.2046,11.1784,11.7463
1201.0532,401.8406,11.0541,11.6445
1205.4403,406.3365,10.8580,11.5885
1205.4564,400.9376,10.8259,11.4295
1209.5627,396.7666,10.6735,11.3609
1213.6254,392.6458,10.5282,11.2756
1209.5728,396.7943,10.3939,11.2180
1213.5529,392.7595,10.2602,11.1209
1213.5641,387.6163,10.2375,10.9713
1217.4688,383.6517,10.1091,10.8859
1213.5651,387.8118,9.9828,10.8300
1213.5741,382.8012,9.9646,10.6927
1211.0133,388.0672,9.8820,10.5692
1211.0270,383.1422,9.8547,10.4364
1207.2510,387.0039,9.7383,10.3814
1202.3773,387.2111,9.6647,10.2838
1202.3894,382.4037,9.6406,10.1612
1202.4299,387.4482,9.5595,10.0501
1198.6229,383.9173,9.4538,10.0097
1194.9979,387.6173,9.3482,9.9652
1192.5857,382.9587,9.3070,9.8551
1189.0161,386.6038,9.2046,9.8065
1189.0275,382.0184,9.1819,9.6974
1184.4558,382.2040,9.1093,9.6236
1184.4683,377.6820,9.0844,9.5232
1179.9628,377.8633,9.0120,9.4536
