1
243.9244,167.9508,114.7853,113.7841
241.7508,180.3613,114.7852,113.7813
237.5095,187.7512,114.7853,113.7811
215.9607,210.5554,112.2699,114.0050
216.9223,203.2597,111.6043,114.4096
219.6173,195.8841,111.8229,111.4086
215.1106,201.7264,112.5856,108.3387
222.7321,212.7686,112.5856,108.3386
229.9019,216.1019,112.5856,108.3386
261.9807,274.9577,107.7474,111.4614
272.4774,267.3164,107.7474,111.4614
228.3050,218.1913,110.0413,103.0160
223.9067,208.7015,108.3169,104.1757
206.6956,215.4881,115.5602,94.7771
185.8508,221.9937,115.1307,94.9562
197.3165,225.4306,111.2076,99.5409
207.3986,220.9710,111.2073,99.5410
217.4981,218.6496,111.2073,99.5410
233.5257,216.7477,111.2073,99.5410
197.0488,151.5386,113.0807,98.0530
204.0269,159.5450,113.0808,98.0529
244.4814,206.8815,111.9438,99.0517
255.7311,214.3080,111.9438,99.0517
272.9149,245.4634,110.9453,103.1279
257.6690,254.1367,111.2825,99.3344
241.7401,257.7197,110.7937,99.1915
243.7213,260.7770,109.1843,100.6288
243.1355,257.1320,109.1857,100.6259
242.6678,254.6253,109.1881,100.6230
228.7470,217.0520,108.1083,104.2633
236.1745,217.7878,108.1124,104.1942
243.8633,213.4373,108.1127,104.1937
249.6025,209.1319,108.1127,104.1937
256.2242,206.3322,108.1127,104.1937
221.9144,138.3204,105.9365,103.2227
232.0306,128.5419,109.0700,98.9882
263.3857,151.7482,107.9973,98.2261
259.1842,139.5851,108.3502,98.8381
262.8098,149.4444,108.3495,98.8387
266.4676,166.2932,108.3495,98.8387
291.1516,226.5458,99.7023,101.8690
280.1177,243.7912,102.2409,100.4323
282.2270,241.1241,103.6804,104.8232
277.5599,237.1228,103.9970,105.1693
270.9429,228.4029,104.0828,104.8113
269.1068,217.6075,104.0057,106.6482
274.7953,216.4303,104.0057,106.6482
269.9881,170.1589,102.0330,107.0074
277.1240,164.6105,102.0310,106.7644
289.4137,189.9912,97.4949,106.9326
274.1518,191.4265,101.1868,103.8556
272.7362,184.4691,103.8889,103.7867
272.9397,188.7332,104.7683,103.7944
282.3174,195.9271,105.7272,102.1254
302.2408,211.8876,105.4643,102.0908
282.0561,217.0670,105.2994,102.1137
253.8824,223.8141,101.7507,98.9253
224.1000,218.2332,99.3448,97.8760
209.3010,223.0674,101.3109,95.3116
214.0905,218.3596,101.0180,95.1461
247.8740,238.5169,100.2517,92.0319
284.4236,282.3730,98.4050,92.9284
320.9966,232.3481,105.3235,84.0000
349.8141,238.6436,102.5745,85.5634
336.2747,233.2035,100.0833,91.6411
338.2691,233.7899,100.0834,91.6409
345.2483,234.3001,100.0835,91.6409
348.6878,244.7674,100.0834,91.6409
246.2778,168.0550,107.0201,93.9531
248.8937,181.1639,107.0195,93.9536
254.5508,196.3385,107.0189,93.9542
291.6762,237.1885,104.2942,94.7051
292.5640,236.5296,104.2949,94.7042
304.7006,239.7176,104.3007,94.6964
334.6691,259.2005,100.8839,94.8666
322.3924,258.7406,100.8854,94.8645
301.1803,262.4446,102.7336,94.5250
301.8665,265.6793,102.7445,94.5109
301.5492,264.8689,102.7446,94.5108
233.5040,246.6729,111.2659,83.4291
214.1828,240.1261,107.9886,90.2742
224.4156,254.8770,104.2847,91.6967
225.9823,250.4706,104.2967,91.6818
236.7774,249.5977,104.2967,91.6818
249.3750,250.5780,104.2967,91.6818
264.3737,252.8703,104.2967,91.6818
293.3145,162.0406,118.0968,81.3518
327.2572,167.1354,113.2485,83.5702
332.2789,175.8120,113.2443,83.5748
330.2910,189.6753,113.2311,83.5898
327.8546,198.3141,113.2298,83.5910
332.9874,209.8964,113.2296,83.5910
332.7688,224.9978,113.2295,83.5911
245.0075,240.4151,108.4506,89.8691
240.9217,244.8895,108.9149,89.3124
242.9635,243.9059,108.9152,89.3120
212.7641,224.1015,112.6000,84.6080
211.0817,216.9670,108.9038,91.3657
219.0779,214.7627,108.9082,91.3597
232.1660,210.6277,108.9083,91.3597
249.7057,179.8790,110.8616,92.2199
287.7433,213.0515,109.5971,92.9491
293.7852,211.7346,109.5971,92.9490
301.5475,218.8009,109.5971,92.9490
319.2089,244.9005,105.8452,93.0307
324.8973,241.5842,105.8452,93.0307
334.6361,244.3483,105.8452,93.0307
330.7752,247.4392,105.8452,93.0307
322.9434,245.9086,105.8452,93.0307
315.2511,242.7590,105.8452,93.0306
169.4715,240.6085,106.5233,99.6705
180.0579,240.0408,106.5233,99.6705
194.2583,238.6921,106.5233,99.6705
228.3784,182.9192,112.7556,92.0092
255.1109,191.1782,111.2526,93.1045
254.7814,204.6579,111.2514,93.1052
227.9924,217.7937,110.4544,96.1655
221.2848,212.6183,110.2855,96.3618
242.4977,211.8313,110.6483,95.3446
246.3497,204.0161,108.2497,96.8279
245.1180,217.9323,108.2490,96.8284
243.0381,223.5123,108.2528,96.8238
211.3800,232.5895,106.5772,98.4544
215.3056,231.1623,106.5786,98.4518
216.4975,224.5378,106.5788,98.4516
198.6500,199.7965,107.2231,98.0277
202.9662,213.9411,107.2230,98.0277
205.1909,230.0964,107.2229,98.0277
219.6327,271.2017,105.5977,96.9818
223.8493,272.7897,105.5992,96.9800
226.1163,274.9416,105.5992,96.9800
236.9023,274.2105,105.5992,96.9799
251.3707,274.7107,105.5992,96.9799
173.5529,185.6793,108.7124,96.0601
162.1446,197.1782,108.4802,96.1786
172.5382,208.3748,108.4788,96.1785
195.6619,227.7706,113.4222,86.5077
210.0278,218.3793,113.6912,85.8814
225.1246,223.7537,113.6951,85.8761
264.1679,261.1348,108.6941,89.1533
278.6701,261.2007,108.6946,89.1526
300.8828,253.6729,108.3364,92.8560
304.1341,256.5868,108.3369,92.8554
315.5748,254.2853,108.3369,92.8554
204.4883,236.7023,116.3572,83.5257
170.1007,233.3364,118.6472,79.4467
197.4658,289.6097,115.0206,82.1259
105.4064,244.6065,120.4034,78.8737
115.5248,243.9681,120.4034,78.8737
167.9782,237.4647,111.0801,85.6842
221.0184,218.8467,108.2105,87.6376
228.5145,203.2167,112.2638,83.9195
232.1737,208.9523,109.4750,87.3668
241.7590,215.2019,109.4818,87.3585
257.4934,233.7957,109.1380,87.6283
234.9718,237.1253,110.3691,85.5147
210.4832,237.3573,111.8766,83.8266
168.5912,242.5918,116.1023,80.0393
186.5013,256.9328,117.6982,76.9411
226.3441,300.2538,111.2192,81.6597
258.7662,236.4965,119.5238,72.8172
280.1674,233.3578,114.0222,83.2635
273.0028,236.2686,112.9533,84.4372
269.5282,232.6463,112.9536,84.4365
255.9391,213.1379,110.6075,86.4037
249.6559,206.9649,108.9230,89.4160
252.2910,200.5635,107.7539,90.7040
289.6876,232.7193,105.2789,92.4304
279.2609,210.2412,104.9970,94.1335
268.5847,221.3263,104.1744,93.7804
267.4160,222.4789,104.1748,93.7798
266.2874,242.6731,104.1746,93.7800
186.1949,259.2137,104.7697,93.0533
179.1454,262.1812,105.8594,94.8014
189.2477,261.7460,106.3078,94.2519
225.5292,306.4857,103.9251,94.9311
216.8835,248.2923,109.7802,91.5974
198.2877,250.1110,110.1656,90.8683
178.6927,243.3692,109.4722,90.6224
176.1905,234.0511,109.0569,90.8929
212.5918,278.6034,105.7787,92.0065
237.5442,278.0025,105.7788,92.0064
257.6632,277.9279,105.7788,92.0064
281.8015,214.4534,113.1996,84.5578
280.2517,214.3279,113.2001,84.5565
211.4043,200.8641,114.8322,82.0423
197.1028,203.8940,115.8272,79.3884
180.8249,206.4085,116.3587,78.7215
165.6698,208.5286,117.3898,79.6870
173.9272,213.1185,119.1854,76.2388
214.3963,255.3900,109.6779,81.9725
269.3867,214.2743,104.9007,84.1527
304.0084,216.5795,103.9839,84.4361
292.6842,210.7986,109.9972,78.3092
276.8572,216.5153,111.5804,76.5964
249.7039,219.7589,109.0938,77.9221
247.5242,225.5574,109.0941,77.9218
208.1480,231.5487,110.5328,75.3258
216.1999,232.6398,110.5328,75.3258
146.3903,209.6051,113.3248,74.4598
142.7865,203.0186,108.0634,82.9343
177.8379,233.1001,102.7226,85.4171
192.6779,232.4816,102.7352,85.4001
203.0318,209.2757,102.8755,85.5485
195.2336,201.3108,102.6393,86.2029
203.5163,200.5149,102.6557,86.1873
210.9823,179.6648,105.3752,83.6982
227.8003,198.2415,104.8206,83.9257
213.2407,196.3233,104.1261,84.6686
214.7072,206.2883,104.1215,84.6748
210.3746,212.2104,104.1218,84.6745
218.4068,216.8796,104.1218,84.6744
237.1753,257.2733,98.9747,93.0153
217.4049,263.3795,99.1878,92.5325
218.0974,264.4886,99.1879,92.5324
225.6868,267.0388,99.1879,92.5324
240.4158,269.8512,99.1879,92.5324
188.4753,174.2014,111.2616,84.5194
224.7150,206.5842,109.0374,86.0107
230.0401,204.2250,109.0375,86.0105
250.9204,206.3033,108.8449,86.0751
248.2490,198.9352,106.9519,91.1068
236.0592,205.5480,111.1626,85.3329
232.4779,209.5465,111.1638,85.3307
238.5263,218.9942,111.1634,85.3309
192.2569,222.0216,106.6123,91.6008
194.5081,222.3689,104.5920,98.7521
197.0462,218.8135,104.5840,98.7510
198.9296,214.4294,104.5840,98.7510
214.1514,209.7873,104.5845,98.7504
244.1617,175.2770,108.0307,93.4098
281.8885,216.7104,105.1680,94.3557
294.0604,214.3594,105.1680,94.3557
330.0098,255.6745,102.3298,95.5578
298.6977,226.8407,103.5070,96.9226
300.1672,227.7578,101.8827,99.5208
304.5147,224.4129,103.2360,100.5650
304.1991,228.2077,103.2414,100.5583
261.7740,235.0928,102.0122,98.4177
244.2263,240.5323,104.7996,94.1505
235.6909,244.1445,104.7665,94.2193
222.3501,250.6803,103.6176,94.5155
222.0006,247.9029,103.6188,94.5126
220.2630,241.3234,103.6190,94.5121
218.5019,211.7451,104.2085,94.5228
223.6978,214.5009,105.2487,93.6631
240.6613,217.9098,108.3648,88.5472
253.1166,216.6616,108.3653,88.5461
262.9659,211.4022,108.3657,88.5455
265.5015,174.2704,106.6577,91.2980
273.9776,183.5062,106.6577,91.2980
307.6524,230.9513,103.4374,92.8702
309.3520,232.2468,103.4375,92.8701
267.6241,271.7900,106.7458,92.6882
274.1010,271.3650,106.7458,92.6882
288.4675,272.1848,106.7458,92.6882
243.6419,176.0774,102.8528,94.2268
242.4716,164.0325,103.0330,95.9786
242.7873,169.1096,103.0336,95.9780
211.9590,184.7503,105.7537,93.7459
222.9351,184.1273,105.7644,93.7232
240.3392,183.4133,105.7644,93.7232
262.4144,179.1939,105.7645,93.7230
287.9823,150.9576,105.2789,92.3418
285.9601,156.6838,105.2789,92.3417
288.6155,164.6497,105.2788,92.3417
251.4726,204.5525,109.6761,87.0294
240.4875,196.9377,105.9116,92.6602
245.3474,192.1422,105.2350,94.3095
260.6422,205.6563,104.9565,93.9040
264.9089,209.0262,104.9559,93.9043
210.7944,226.3933,108.6563,88.4570
204.4130,222.8109,106.4845,92.2470
215.1071,219.7548,106.4848,92.2466
229.2980,215.8598,106.4850,92.2463
245.5197,187.7453,104.3418,93.1358
240.8121,203.9441,104.1984,93.0081
244.4438,204.6497,102.4758,98.9409
244.1840,205.7830,101.6965,102.2429
236.8688,209.6043,102.4906,101.3870
236.2795,213.6942,102.4909,101.3867
213.0313,243.5209,102.6000,99.0428
221.6261,245.9962,106.4759,96.5434
229.2148,234.7942,104.2808,97.9108
221.4438,236.3094,104.0958,96.4112
220.3152,225.9662,102.3649,100.1419
229.5554,224.3644,102.3654,100.1411
242.5399,224.0572,102.3654,100.1411
281.4644,165.3643,103.8933,99.0448
284.6527,167.4287,102.4665,98.6218
285.9077,178.8291,102.4638,98.6220
284.5598,192.1030,102.4638,98.6220
283.2107,201.3788,102.4638,98.6220
267.2715,244.6914,113.3405,88.3969
265.8479,243.4823,113.3444,88.3930
215.5880,235.3482,115.1812,83.1760
217.3557,248.7735,115.1707,83.1860
229.4508,264.6773,111.6267,85.2832
233.8195,253.1765,110.9463,86.0078
240.5943,249.1805,110.9461,86.0078
243.3956,242.4322,110.9461,86.0077
256.6054,240.3254,110.9476,86.0047
295.0974,284.8688,107.9813,88.2209
300.7761,220.7333,112.5561,86.9444
292.8025,215.7542,111.6090,87.1436
281.8969,219.6176,114.4522,81.7724
277.9781,225.5256,114.4519,81.7727
272.8257,236.5862,114.4518,81.7727
254.6578,253.1601,110.1810,86.3960
255.1315,252.4651,106.0982,89.0894
264.4795,242.0710,106.0227,89.1325
270.1327,234.5368,103.5360,91.3114
264.0105,229.2240,103.5165,91.2498
263.6920,220.3381,101.0295,93.5306
260.8780,216.4775,101.9817,93.5968
264.2059,216.8523,102.4099,91.4297
273.2120,212.2387,102.4250,91.4067
274.4313,195.2591,100.2974,94.6650
277.0807,205.3151,100.2853,94.6705
284.0302,217.6099,100.2850,94.6707
290.3277,230.5905,100.2841,94.6714
295.4236,233.9757,99.9297,96.3492
278.7465,240.2133,102.5347,92.5934
306.6058,291.5567,101.0489,93.7263
232.4702,246.9590,100.9455,90.4771
237.2868,244.8610,100.9455,90.4770
239.8289,249.2274,100.9455,90.4770
202.7820,177.2305,100.5486,91.2185
218.2854,180.7975,104.4174,83.1515
229.6261,185.4258,104.4194,83.1479
260.9119,211.9759,98.6084,83.4914
252.8778,196.3293,98.0122,83.9030
263.7169,202.0028,98.0143,83.9014
271.2410,207.0455,98.0143,83.9014
275.9930,210.8515,98.0143,83.9014
297.8745,256.2220,99.2561,90.2081
302.3170,257.2084,99.2562,90.2079
304.8280,261.6205,99.2562,90.2079
312.4654,262.9486,99.2562,90.2079
322.2230,264.2812,99.2562,90.2079
318.1348,263.1448,99.2562,90.2079
319.3075,276.2560,99.2562,90.2079
233.1711,244.8517,99.4247,86.1319
243.6632,246.5107,99.4248,86.1317
279.6952,287.4729,96.0652,87.2847
282.9984,237.9199,96.0261,89.0875
282.6595,250.3167,96.0260,89.0875
281.0430,264.4619,96.0258,89.0879
277.1714,267.8033,94.7522,92.4347
278.1249,260.0705,94.6711,96.4397
279.2130,253.4406,94.1273,97.9456
284.1339,247.7378,94.1273,97.9451
284.0290,233.9815,95.3986,96.3645
282.8639,237.8134,95.4000,96.3611
278.6261,240.7673,95.4053,96.3556
258.1720,245.5724,95.0885,97.8387
261.4415,244.4658,95.0884,97.8387
262.1713,237.8714,95.0901,97.8358
250.8707,228.8257,101.0592,88.3765
244.2002,229.5782,100.6158,89.4372
277.6763,262.9725,99.5940,89.7550
280.8733,262.8759,99.5958,89.7529
286.9380,262.1546,99.5958,89.7529
302.3621,258.5858,99.5958,89.7529
294.7402,199.3070,99.0906,91.3233
289.3821,202.5643,99.2389,90.8454
282.6754,209.7218,99.1356,90.8102
283.8111,215.2724,99.1291,90.8053
323.8762,257.1793,97.0044,91.7914
243.7977,214.0573,97.6297,88.3856
222.9268,204.0874,98.7281,86.3240
226.0473,211.8664,98.7169,86.3261
230.8966,219.3574,98.7169,86.3261
238.3113,223.5495,98.7169,86.3261
275.4061,272.7619,95.6323,93.6492
292.0981,274.9420,95.6323,93.6492
304.5532,275.7241,95.6323,93.6492
315.8101,271.8798,95.6323,93.6492
299.2709,232.0625,102.0305,84.9643
308.1142,234.7187,102.0304,84.9643
250.5312,255.3661,110.2446,74.9384
220.2482,255.0765,110.4123,73.3025
256.2373,293.7662,105.2814,77.0770
284.2199,255.6350,109.9474,68.0127
318.3427,271.2345,107.3768,69.4159
330.4433,267.2583,107.3774,69.4146
340.4778,264.1649,107.3777,69.4113
345.9865,254.7857,106.9062,69.7858
350.7324,253.3912,101.2240,75.8371
354.4335,239.8465,97.1878,81.0202
355.2752,243.7779,97.1927,81.0151
361.6599,254.5145,97.1926,81.0151
295.2878,278.6231,102.5104,75.4178
297.3085,276.1342,102.5104,75.4176
308.0766,271.0786,102.5106,75.4173
315.6104,251.4480,102.8844,74.4714
323.9641,260.6714,102.8843,74.4714
354.1119,290.0016,97.5782,74.7336
362.6785,288.7970,97.5782,74.7336
377.0073,288.9868,97.5782,74.7336
377.6877,245.6755,95.3669,75.7396
285.8411,180.4639,101.4168,74.0261
286.8214,189.7565,101.4166,74.0261
285.6160,194.5623,101.4166,74.0261
289.8049,202.0916,101.4166,74.0261
291.9653,247.6928,97.8703,76.7498
225.5815,255.2761,103.1440,70.1531
219.6289,258.3662,97.4506,75.6294
225.9535,262.6151,94.7835,77.2604
237.5950,266.4396,97.1733,73.5031
248.0964,266.8945,97.1733,73.5031
263.0524,265.4352,97.1733,73.5031
273.9922,265.9000,97.1733,73.5031
234.9708,195.4952,98.9302,71.7898
235.3748,196.6496,98.9303,71.7893
241.9474,203.5118,98.9300,71.7895
245.7960,203.4702,98.9301,71.7895
188.6852,230.0432,101.9691,67.9899
188.9207,233.0020,101.9645,67.9934
186.1428,243.7076,101.9644,67.9934
202.6727,266.7980,98.1946,69.4023
235.0925,304.4999,95.9149,71.0837
239.1645,247.5973,99.3762,66.3570
272.2244,286.3525,96.6649,68.4240
303.9825,239.2071,98.2996,66.1103
313.8122,244.8445,98.2998,66.1098
319.3293,248.7924,98.2998,66.1098
342.9276,288.6363,94.8060,69.6572
338.0297,289.2608,94.8060,69.6571
324.9510,289.6291,94.8060,69.6571
310.4485,290.5914,94.8060,69.6571
304.2528,292.9291,94.8060,69.6571
206.7291,252.5768,100.0383,65.0652
220.4663,254.4204,100.0383,65.0652
239.2001,251.7139,100.0383,65.0652
264.2597,214.1534,100.0129,62.5361
298.3807,238.4526,91.7361,66.8749
330.2011,273.9631,88.5563,69.3051
339.0143,228.0338,92.1332,67.6965
333.8599,229.9971,92.3768,67.3358
339.8789,230.9228,92.3769,67.3358
338.4049,235.3636,92.3769,67.3357
332.3499,238.1272,92.3769,67.3357
322.8241,239.1594,92.3769,67.3357
337.1842,239.1486,92.3769,67.3357
351.7756,239.1675,92.3769,67.3357
303.7297,143.1098,96.9367,68.5298
306.3845,148.3456,96.9367,68.5298
309.9673,159.7370,96.9367,68.5298
314.0342,167.4570,96.9367,68.5298
321.5492,230.3217,87.9177,78.4156
312.6291,240.9691,85.9706,81.5401
315.9655,237.2797,85.9707,81.5399
314.6330,233.3351,85.9707,81.5399
317.2746,233.1314,85.9707,81.5398
325.8242,234.4614,85.9707,81.5398
340.2343,235.9564,85.9707,81.5398
350.8619,228.4274,85.9707,81.5398
358.2278,220.6573,85.9707,81.5398
368.0033,212.3029,85.9707,81.5398
375.9011,213.3654,85.9707,81.5398
379.6047,218.6856,85.9707,81.5399
380.8517,223.4753,85.9706,81.5399
380.4794,227.5852,85.9706,81.5399
378.8147,228.1939,85.9705,81.5399
277.3034,238.5449,92.1475,82.5724
274.6395,240.6730,89.6487,85.9969
278.7445,254.4699,94.2874,76.7330
284.3057,249.8172,94.2732,76.7442
292.6668,247.5981,94.2732,76.7441
299.1530,243.6117,94.2732,76.7440
308.9775,241.0906,94.2732,76.7440
317.1143,200.0637,97.3728,81.0569
325.3876,212.3480,99.8415,73.4792
337.4250,214.7747,99.8414,73.4793
339.8954,226.8513,99.8414,73.4793
342.4754,235.1496,99.8414,73.4793
344.0389,241.4713,99.8414,73.4793
274.5233,276.7302,93.8015,76.9433
267.5685,273.4861,91.5073,79.9435
268.4255,270.3577,91.4460,79.9763
276.5323,272.1054,91.4460,79.9763
289.4459,273.3108,91.4460,79.9763
300.8931,275.3977,91.4460,79.9763
282.1185,197.9894,97.1296,73.1808
295.0431,198.9207,97.1298,73.1796
305.9639,204.9433,97.1298,73.1796
313.7528,209.5126,97.1298,73.1796
346.5658,250.5628,92.7474,76.7478
349.9709,265.5432,92.7472,76.7479
345.5436,282.1939,91.6957,76.4332
381.0956,319.4671,88.2630,78.2510
301.6696,284.6760,96.1556,70.0045
303.6318,332.3544,93.7640,70.9062
221.2017,281.5406,91.6497,75.8377
223.4489,279.5437,91.6497,75.8377
233.4746,276.0560,91.6497,75.8377
242.1810,276.9152,91.6497,75.8377
240.0866,207.3991,95.4045,71.3035
272.6430,243.9512,90.7456,74.1564
302.5781,204.3917,94.4743,68.2818
320.4858,204.9022,92.1771,71.8201
323.9915,207.4882,91.3108,72.7904
329.5343,215.8290,91.3107,72.7905
332.6346,227.7854,91.3106,72.7906
355.5663,260.3032,85.8791,76.8052
356.4804,307.1577,84.1722,77.0181
347.6051,307.8519,84.1722,77.0181
308.2341,312.9565,82.7282,78.2554
188.2264,231.0808,87.2225,86.7230
218.5432,266.4654,86.0414,84.9506
250.7895,306.4265,85.2844,84.9720
255.6394,238.7824,92.0380,84.6831
260.0137,230.0488,90.0514,86.8463
293.6231,253.1471,89.6242,80.8560
336.5447,250.4614,87.2756,79.5980
375.6775,220.2200,89.3975,82.6284
410.2778,259.1526,85.9869,83.5779
407.4969,260.3218,85.9869,83.5779
397.1924,259.3741,85.9870,83.5779
398.5214,259.4605,85.9899,83.5748
389.5841,260.9337,85.9899,83.5748
377.1934,264.8312,85.9899,83.5748
365.3965,263.9834,85.9899,83.5748
358.7997,264.3427,85.9901,83.5745
347.9833,264.2776,85.9901,83.5745
340.8685,265.3209,85.9901,83.5744
342.0594,272.1588,85.9901,83.5744
239.8345,254.4388,85.6520,85.1247
268.7307,290.1490,84.4530,85.4243
256.1746,271.0737,86.3804,82.7941
259.8601,272.8181,86.3802,82.7937
220.2284,265.4737,92.7217,76.5022
227.4814,269.3014,92.7217,76.5022
263.7244,303.5819,88.9259,77.8483
294.9780,336.7914,86.9336,78.7609
304.9380,338.0946,86.9336,78.7609
319.8347,338.9483,86.9336,78.7609
336.6197,339.2395,86.9336,78.7609
340.3524,297.4891,84.5330,77.9349
342.6113,258.4987,83.7737,76.0827
335.2371,258.9930,83.7737,76.0827
329.7699,259.7567,83.7737,76.0827
331.1341,269.1328,83.7737,76.0827
334.3855,270.4470,83.7737,76.0827
240.1631,265.5681,86.8045,82.4972
248.1603,265.5164,86.8045,82.4971
254.1887,264.2921,86.8045,82.4971
253.0316,232.1655,87.2254,85.1045
286.6217,269.0484,84.3713,84.2120
298.1098,266.8605,84.3713,84.2119
306.5594,265.5066,84.3714,84.2118
317.9999,268.4889,84.3714,84.2118
360.9289,275.2906,83.6854,84.8001
298.7365,193.8830,92.6652,76.9492
300.7599,204.7399,92.6652,76.9492
304.5987,206.3138,92.6652,76.9492
293.9178,258.4448,84.4028,81.6456
293.9722,284.3304,88.9259,74.1255
300.2593,282.5637,88.9260,74.1254
304.1381,283.3541,88.9260,74.1254
273.9647,248.2702,88.7027,77.4227
278.5823,250.7504,88.9228,78.4959
282.6605,245.6667,88.4032,79.0495
279.7771,244.2188,88.4051,79.0451
265.8302,227.7574,88.7479,78.8424
259.5772,231.2354,88.3931,80.2968
256.6000,243.5406,89.1840,79.2020
243.2175,247.6893,93.5499,72.1220
243.5409,238.0536,93.6164,72.0163
276.2454,272.2647,88.1289,74.8263
292.1821,270.9290,88.1290,74.8262
300.2412,270.6333,88.1290,74.8262
261.3222,253.8937,89.7565,73.8948
257.8628,257.8167,89.9867,73.9340
266.9125,255.0773,89.9867,73.9340
276.3380,226.4445,89.7723,74.0554
275.6047,226.0770,88.2900,77.4355
302.2941,253.1000,86.6758,77.9984
288.4141,236.0189,88.5161,74.8501
286.2692,243.1030,92.5854,69.4175
278.6665,235.0948,89.1189,74.5639
277.3589,231.4473,88.7479,75.9645
282.9789,235.2897,88.7210,75.9806
284.9444,242.9106,88.7204,75.9810
283.4288,253.0598,88.7204,75.9810
270.5630,259.2989,87.9820,79.6340
279.9868,257.1681,87.9820,79.6340
287.5201,250.3607,87.9820,79.6340
287.2400,233.5785,92.8496,72.0921
287.6944,241.5164,92.8496,72.0921
267.5939,254.6154,97.2500,69.3595
269.4145,255.1192,97.2494,69.3599
275.6887,252.7469,97.2494,69.3599
273.4095,222.9328,98.1979,68.3503
275.9332,229.2224,98.1979,68.3502
277.0486,243.3637,98.1978,68.3503
270.3207,257.6003,98.4112,66.3543
264.1771,256.2493,98.4641,66.1435
266.6808,248.7352,97.6992,67.2285
273.0468,246.0927,92.5053,72.1772
265.1649,247.6893,92.7369,71.8806
262.2692,254.7269,92.7368,71.8807
250.3274,267.5880,95.0123,70.8455
248.2912,260.5740,93.0682,73.8272
254.0416,257.5172,93.0626,73.8304
254.3315,244.9231,90.1556,79.6672
254.1687,254.6385,90.1548,79.6677
257.7808,271.2497,89.6701,79.7544
259.0533,267.5734,87.7929,82.6319
258.1482,269.8576,87.7600,85.5371
256.6772,268.6935,88.3394,85.4821
260.0114,265.5907,88.2620,85.3797
245.8556,257.3708,91.0458,84.0995
245.8407,250.8729,90.2938,84.5644
248.6735,248.8325,90.2939,84.5642
244.9890,229.1712,90.5490,82.2689
245.7126,229.8139,89.2465,83.4220
248.9687,232.8677,89.1253,83.3654
252.8266,229.1126,88.7016,83.3335
254.8472,217.2639,88.6818,83.3262
260.2093,217.8283,88.5165,82.9301
258.4987,224.1545,88.5166,82.9298
259.4678,241.4249,88.5165,82.9298
260.8510,248.1681,88.0394,87.6838
262.8703,247.3059,87.9505,87.4910
259.0257,235.7730,88.2550,86.8394
273.3893,226.1880,88.8864,86.3210
269.7473,235.0525,88.2829,85.2785
266.8927,247.8806,88.9169,83.1351
260.4675,248.2894,90.8832,82.6737
255.1116,244.6367,89.4681,85.1417
260.4464,237.2558,89.4672,85.1411
258.1844,228.3790,90.6395,85.1749
255.5845,232.1932,90.6396,85.1748
238.5471,258.3251,89.6292,86.4179
244.8043,260.3451,89.3551,84.9869
263.7248,263.0957,91.3486,82.1564
274.5177,260.4826,91.3487,82.1564
286.9298,235.7455,89.7747,81.8677
292.9978,237.9612,89.7756,81.8663
245.8646,252.8297,89.8411,85.3591
278.8222,281.8177,88.7441,83.6930
288.4988,278.1422,88.7442,83.6928
293.3088,277.4532,88.7443,83.6928
263.3084,239.8470,94.8839,74.9530
237.8713,246.1204,99.6971,68.6593
236.4945,245.9383,98.4385,69.8502
242.8310,241.4037,93.4903,76.2515
245.6491,235.9515,90.3827,81.1379
241.7419,235.6734,88.6437,82.6186
239.7811,235.9075,87.9467,84.3764
248.9783,242.8125,87.9490,84.3705
245.1773,255.4967,86.9825,84.2209
272.9732,270.7928,88.1888,81.4782
307.3051,310.1672,87.3488,81.8473
321.6230,258.3304,94.4368,73.9150
323.3515,257.0450,94.4432,73.9070
322.3293,260.3496,94.4433,73.9062
215.5616,280.5982,99.2653,75.5106
233.8312,292.1700,102.3906,69.6088
245.9747,290.3770,102.3910,69.6079
257.2008,271.7336,96.4221,72.9611
250.1707,282.0183,98.2872,69.2460
229.4996,275.9292,92.0369,72.9540
220.3057,275.4254,88.5922,77.4995
239.2279,286.4700,89.6182,74.7764
245.5217,279.2423,91.1102,72.5955
249.5741,273.7145,90.4917,73.2386
252.6827,265.7255,89.1591,74.4660
241.8580,260.9834,86.9745,78.2686
242.5131,255.3574,86.9379,78.4203
252.7377,253.4243,86.9407,78.4160
256.0923,240.5380,86.3270,78.9096
250.7863,236.6140,86.2552,80.0133
254.3614,234.0029,86.2608,80.0024
255.2155,224.2004,87.0154,78.4630
256.6883,233.3172,87.0156,78.4625
260.3784,243.1185,87.0156,78.4625
246.0255,291.3993,84.5934,80.1063
235.5987,297.5504,84.4187,80.1839
243.6210,296.2946,84.4187,80.1839
257.2681,295.9608,84.4187,80.1839
266.4063,298.0079,84.4187,80.1839
281.0906,297.7392,84.4187,80.1839
297.3008,297.6004,84.4187,80.1839
249.5485,196.3512,90.4547,73.6410
256.2445,193.3277,90.4547,73.6410
258.9181,168.4011,89.8995,74.7537
266.3314,174.4638,89.8995,74.7536
269.8593,187.7273,89.8995,74.7536
274.2513,199.8048,89.8995,74.7536
287.9525,245.9043,84.3313,79.5014
289.1787,246.3897,84.3315,79.5010
296.0357,245.0844,84.3315,79.5010
302.3108,246.0396,84.3315,79.5010
299.4038,209.1606,86.9000,76.3559
330.6017,242.3132,85.7235,77.0446
330.4922,237.7952,85.7237,77.0443
304.8539,230.6772,87.3008,74.4963
294.6813,232.2030,86.4831,79.1496
300.3322,240.1630,86.4815,79.1511
304.4686,249.0425,86.4815,79.1510
335.4265,286.4682,84.9111,79.7133
320.5824,285.8236,84.7215,82.3635
329.5271,283.6034,84.7215,82.3634
341.5507,285.7676,84.7215,82.3634
352.1437,289.5517,84.7215,82.3634
366.0405,290.2798,84.7215,82.3634
290.9966,206.4612,88.2407,84.0834
291.4722,211.7095,88.2412,84.0823
297.9435,222.0296,88.2412,84.0823
325.4693,248.7339,85.4809,83.0898
313.7656,236.7209,86.0324,83.9531
306.8904,242.9805,86.0355,83.9471
299.2147,256.2144,85.8873,83.3307
301.1862,256.1359,83.6666,84.1594
304.8941,253.8638,83.6665,84.1594
307.9431,250.7939,83.6665,84.1594
312.7256,249.7240,83.6665,84.1594
301.8806,207.9120,83.7448,83.7996
301.6563,202.5262,84.8447,84.2768
304.2034,201.8504,84.5922,83.9030
311.6333,206.0654,84.5925,83.9025
321.9071,210.7575,84.5926,83.9025
328.5896,216.0927,84.5926,83.9025
348.9400,262.0140,83.6146,84.1943
282.3464,263.9140,86.4794,79.6330
264.3577,263.4407,86.8875,78.7411
273.7311,262.5853,86.8875,78.7411
283.3951,264.7761,86.8875,78.7411
299.6114,265.3952,86.8875,78.7411
243.8527,195.7740,93.3385,68.6151
256.1075,197.3753,93.3399,68.6135
264.2065,201.6465,93.3400,68.6134
285.9201,224.9943,86.3309,73.0302
290.9016,223.5286,82.9643,72.8946
302.0742,227.6030,79.8435,73.7506
299.8206,224.0405,80.6488,75.4361
300.8438,225.9583,79.8502,75.2010
299.1589,228.4813,79.7965,74.9469
