1
173.5860,73.5763,85.6561,60.8288
138.6836,96.2980,80.4280,62.5498
136.8072,124.2765,78.9068,59.0998
78.2359,98.7662,74.5173,64.3831
76.9553,129.4841,73.2314,62.1893
70.6589,149.4656,72.7092,58.6554
65.5910,138.4195,72.2616,58.9210
68.1763,170.9469,70.9137,59.2567
115.3667,159.0382,70.0195,58.3696
115.1235,155.9593,70.0172,58.3687
2
0
0
0
0
1
303.9952,136.5708,83.5880,74.0896
306.5671,139.1166,79.5085,74.2129
337.1906,141.5598,76.0720,74.1062
369.8820,150.1645,75.0291,72.7056
374.2179,162.9462,80.3972,64.8939
381.8359,175.7222,77.0094,62.5409
384.2842,201.8817,72.7751,61.7567
388.8031,185.3110,69.4963,60.1153
378.0450,171.5355,69.0271,57.0868
357.3269,146.1365,65.2236,58.4232
359.9206,190.1066,65.9398,55.8827
2
0
0
0
0
1
223.8544,153.3721,55.6063,47.9959
206.7232,146.0678,54.0165,45.8448
192.1569,139.1274,51.3248,45.3559
189.7692,162.3548,50.2008,42.0853
173.9604,139.3609,49.1903,41.7775
173.4055,160.8946,45.8109,42.2318
2
0
0
0
0
1
265.6986,149.9634,47.3846,37.6867
261.5958,173.7569,40.8627,44.0591
263.7441,178.0068,40.8624,44.0586
308.2837,155.7185,41.4177,43.1044
318.4065,152.3361,42.0618,42.2295
318.8176,147.7139,42.8841,40.8569
327.9550,141.6503,42.8845,40.5923
326.9916,163.0925,43.1916,39.5442
329.5110,188.5353,42.6164,39.4798
2
0
0
0
0
1
335.6610,153.8026,36.7906,37.8600
334.6859,176.7510,38.1042,35.1252
332.3828,175.0725,38.1035,35.1252
332.6808,176.7378,38.1036,35.1249
333.1934,178.5004,38.1038,35.1248
334.0312,180.6608,38.1040,35.1245
333.5730,182.5090,38.1044,35.1238
333.2416,181.6139,38.1044,35.1238
328.4741,176.4756,37.9417,35.1638
327.8469,176.5762,37.9075,35.1686
327.8115,175.7934,37.8116,35.2016
327.4234,176.9945,37.8116,35.2016
328.0997,179.2729,37.8118,35.2013
328.9516,180.8663,37.8119,35.2012
328.1490,182.6634,37.8119,35.2011
327.9698,180.6377,37.8065,35.2026
326.7777,178.9479,37.8018,35.2043
325.1390,177.2780,37.7722,35.2097
324.2829,175.2499,37.7678,35.2106
323.8856,193.4131,37.2186,34.9993
2
0
0
0
0
1
242.3467,182.8651,34.0553,48.4668
2
0
0
0
0
1
348.6476,154.0221,46.9638,38.9879
345.9655,173.4605,45.4911,37.8043
348.5945,174.7789,45.4976,37.7874
350.3307,194.8313,45.5748,35.8210
388.2983,160.6260,46.3881,33.1252
387.7360,186.7483,45.5551,31.1019
390.7871,205.4147,41.5984,32.7160
391.5103,225.5076,41.0004,33.2627
2
0
0
0
0
1
204.2629,188.9087,26.6821,57.5216
203.8089,192.5381,26.6738,57.5270
193.4122,205.3303,26.3915,57.6040
183.5196,225.8761,28.0287,53.8510
191.2425,268.3386,25.5481,57.1516
2
0
0
0
0
1
319.3956,214.1848,58.0909,60.0930
313.7582,207.6135,56.0571,59.9997
295.9287,214.7723,54.5677,60.7334
306.2535,215.0479,53.0616,59.8354
307.4936,212.3909,53.0616,59.8339
309.3193,208.3725,53.0620,59.8331
310.9400,204.1484,53.0620,59.8327
308.4490,205.7965,53.0626,59.8310
308.5329,210.8234,53.0646,59.8242
337.4256,205.9931,52.5261,60.3225
333.7674,192.5589,52.4206,59.9526
332.5657,226.2937,53.5729,58.6129
332.6447,218.3515,53.5708,58.6156
333.0032,210.6335,53.5691,58.6178
2
0
0
0
0
1
294.1215,184.6369,73.8975,75.2208
294.4881,179.6675,69.3648,74.6260
282.7457,169.5877,67.2075,71.2235
278.2117,165.0578,64.2356,69.6448
273.5377,161.6843,60.7433,68.7308
273.2840,156.6437,57.8413,67.4564
274.8286,148.5753,57.6700,67.5704
275.2820,144.4243,57.6684,67.5725
261.7736,138.7046,56.9992,68.2222
261.5704,133.5398,56.9749,68.2461
258.3826,153.2693,57.3201,67.5999
255.5299,152.6994,57.3297,67.5827
261.5899,154.1352,57.4286,67.4076
261.3240,154.2238,57.2655,66.5673
261.0959,150.8141,57.1556,65.9154
256.4074,148.7482,57.1677,65.8839
253.5715,147.8115,57.1799,65.8671
2
0
0
0
0
1
381.5460,167.2630,61.1936,49.4734
380.3896,185.7760,59.1371,50.6407
374.0456,181.2787,57.8611,50.8691
375.6118,177.9948,58.8798,50.0017
371.1519,177.7766,58.5029,50.3585
366.3239,174.8427,58.8384,51.6463
371.0281,182.7486,61.2313,49.8751
379.2752,181.8808,61.0613,50.2692
384.4749,181.0907,60.3920,50.3351
381.7361,189.5989,59.5857,48.3435
385.1956,223.9638,58.3792,50.0278
388.8874,224.1399,58.3793,50.0276
390.8304,258.0977,57.4511,50.4376
