1
335.5338,118.4123,17.9784,26.4104
330.0385,116.0118,17.1391,27.0362
325.5919,117.0577,16.3541,27.7096
320.9961,127.7619,16.6000,26.9451
320.2545,138.7434,17.4024,26.0899
2
0
0
0
0
1
295.2393,112.3675,15.6564,28.0515
293.2353,113.0814,15.5763,27.9863
290.4046,112.7009,15.1264,28.0683
288.0304,113.3088,15.1669,27.5250
284.5714,111.6384,14.7672,27.5398
282.4272,113.3535,15.1041,26.7440
278.9885,113.0996,14.8026,26.5992
277.7636,123.7261,15.3164,25.9973
272.6959,114.2930,15.1294,25.5089
268.6013,124.0662,15.0669,25.0045
268.1061,133.9582,15.4313,24.6318
2
0
0
0
0
1
231.4251,115.7936,15.6647,19.9431
227.3354,114.5418,15.4480,20.2077
222.8244,115.5607,15.5058,19.8508
216.6806,116.5456,15.5671,19.5481
212.4288,116.9849,15.7890,19.2216
206.8755,117.1326,15.8819,18.9263
206.2142,125.4556,16.1093,18.7092
206.1274,134.0039,16.2829,18.5988
2
0
0
0
0
1
169.4192,123.0537,16.2433,18.6237
165.2593,122.7849,15.7829,19.1613
161.3622,123.7665,15.3321,19.3966
158.3263,123.8199,14.8522,19.8358
157.8682,132.2103,15.2237,19.4007
153.4196,124.5739,15.4125,19.4339
150.4982,126.3083,15.2290,19.2523
150.1568,126.1672,15.3696,18.9922
148.5054,127.3494,15.4301,18.7894
148.1234,135.7044,15.6559,18.7649
150.4765,129.4359,15.2817,18.8472
149.1979,137.0510,15.1554,18.6455
2
0
0
0
0
1
162.3953,127.4640,15.4876,23.9119
162.3031,127.8659,15.6720,23.7252
164.0118,129.5882,15.3404,23.9837
166.6635,129.8292,14.9612,24.1171
168.5234,132.6793,14.9084,23.9175
167.9307,142.3576,15.4864,23.3872
177.0088,134.6198,14.9918,23.6375
2
0
0
0
0
1
204.0445,142.3503,18.4661,18.5901
208.6351,142.6326,18.6218,18.6092
214.4261,142.6433,18.7662,18.5878
219.0883,144.2830,18.8538,18.8379
225.0052,144.0186,18.8914,18.7729
229.7077,144.3135,18.9765,18.7763
236.3704,144.3490,19.3254,18.7054
241.9628,145.9632,19.5194,18.4713
248.4823,144.4453,19.6413,18.5161
254.4138,145.9762,19.7950,18.4584
259.6926,145.5621,19.4770,18.6843
265.7244,145.8709,19.4320,18.6676
270.3765,145.5198,19.1272,18.7699
270.4053,154.7151,19.0696,18.8801
270.0439,166.0066,19.1949,18.4094
2
0
0
0
0
1
293.8442,147.7895,19.3115,21.1587
294.4580,147.2143,18.7211,22.3091
297.0103,146.8350,18.1353,23.0677
296.8967,146.5365,17.7147,23.6647
297.1170,145.7706,17.2741,24.5464
299.0083,143.9011,16.7720,25.0051
299.4276,144.4171,16.5882,25.2824
299.8626,142.8231,16.3739,25.8471
299.6119,143.1163,16.2147,25.9216
299.5898,142.5735,16.2588,26.3480
299.1859,142.4627,16.4005,26.5694
299.0226,142.3695,16.7271,26.7559
299.4851,141.9093,16.4821,26.9960
298.7374,141.7135,16.6182,27.3878
300.9366,140.9858,16.3466,27.4675
300.1454,152.5769,17.2446,26.8708
301.4458,141.3674,17.4061,26.5006
300.7450,153.6988,18.1200,25.9081
303.2320,142.6298,17.9805,25.9456
302.2630,155.4815,18.5407,25.7316
303.0874,141.9859,18.2817,25.6216
302.7661,155.2061,18.9243,25.3622
305.5211,141.5663,18.2833,25.5142
304.6120,154.3701,18.7269,25.3392
2
0
0
0
0
1
307.6906,136.3988,18.5187,23.8369
309.0402,135.8787,17.8168,24.8770
309.3724,135.2339,17.1523,25.4967
310.3395,134.7872,16.5549,26.3899
310.8494,134.6621,16.2070,26.6403
310.9810,134.4606,15.9439,27.0432
312.5222,133.9144,15.5465,27.4643
312.7506,133.5488,15.0898,28.1956
312.9539,132.3017,14.6832,28.6682
313.3936,132.4563,14.4775,29.0329
314.0599,132.3735,14.4961,29.1985
314.0851,132.4918,14.4456,28.9619
314.2244,132.0315,14.1670,29.2085
314.6257,132.0823,14.0372,29.1069
315.0414,130.4666,13.8747,28.9933
316.2753,130.2244,13.4006,29.4777
316.0876,129.1590,13.1127,29.6187
317.0364,131.4468,13.1958,29.6650
316.5324,129.0059,12.8789,29.9101
316.8199,129.6371,12.9643,29.9683
316.5591,128.4547,12.8233,29.6823
317.4484,128.8674,13.0130,28.8569
317.2523,128.4507,12.7577,29.0429
317.9788,128.8354,12.5960,28.9191
317.3853,126.8945,12.5010,28.9547
317.7543,126.7427,12.4028,28.6184
317.8490,125.9089,12.2134,29.0194
318.3352,126.2987,11.8768,29.5114
318.5991,125.2962,11.9857,28.9690
318.1715,125.5617,12.2100,28.4381
317.9193,125.9817,12.0871,28.2253
317.8273,126.1331,12.2711,27.9225
317.8487,125.8396,12.2284,27.8887
317.6078,125.8076,12.0906,27.9526
317.3919,124.7913,11.9042,28.1309
317.4426,124.9613,11.8029,27.7910
316.7132,125.2047,12.0402,27.3042
314.9467,124.4028,11.9264,27.6922
315.2947,123.9771,11.8417,27.9322
315.3358,124.5694,11.7595,28.5879
315.5511,122.5680,11.9504,28.8622
315.6077,123.1345,11.8371,28.9868
315.5448,122.7958,11.9630,28.4071
314.7139,123.3011,11.7574,28.6413
314.6597,122.5483,11.8660,28.2803
315.0305,123.4323,11.7430,28.3690
315.1435,123.1119,11.5172,29.0097
315.2954,123.8666,11.8365,28.7468
315.1979,123.4933,12.0315,28.8682
314.8512,124.8846,12.0947,29.2372
314.8921,122.4378,12.0128,29.6735
314.8361,123.6835,12.1249,29.7485
314.8198,123.3461,12.1574,29.7786
314.8322,123.0155,12.1326,29.7941
314.5851,122.5903,11.9815,29.9991
313.7040,122.2488,11.8064,30.6820
313.2609,120.5356,12.0402,30.1942
313.4749,121.0821,12.2618,29.7507
312.0900,120.6859,12.4432,29.2488
312.7316,121.0421,12.4461,29.1795
312.7959,120.5874,12.3176,29.4469
312.6486,119.4293,12.6121,29.1880
312.9192,119.4564,12.7162,29.1340
312.6207,118.8233,12.6669,29.1075
313.1453,118.9307,12.2626,30.1828
313.1124,118.1597,12.3285,30.4180
313.1264,117.9328,12.3005,30.8717
312.9560,117.7179,12.6412,30.6376
312.8232,117.6619,12.9068,30.7497
312.7779,116.0483,12.9974,30.6119
312.7292,117.3238,13.0948,30.7513
312.9200,116.5348,12.7133,31.6530
314.1668,116.6758,12.2674,32.7362
315.0221,114.4132,11.9371,33.1205
315.9085,115.1865,11.5437,34.3326
316.8692,113.3352,11.7217,34.5360
317.7265,114.2020,12.1250,34.9203
315.4682,112.2261,12.3288,34.5594
317.5649,113.4035,12.4396,35.0739
316.9352,113.0513,12.2455,35.7783
319.2767,113.8424,12.6951,35.6627
320.2868,113.0863,12.8943,35.6954
314.4947,114.1497,13.3209,35.0563
319.2133,111.9530,13.5346,34.9954
313.1877,124.0547,14.4056,33.8973
2
0
0
0
0
1
310.6573,110.9146,12.8555,30.6608
310.5972,109.8688,12.3049,31.4109
311.1775,109.1761,11.8160,32.7963
311.3855,108.2097,11.4000,34.0463
310.8864,106.9625,11.0119,35.1544
311.0800,106.3773,10.6248,36.3248
311.2333,105.9505,10.3182,37.1784
311.3638,105.3610,10.0571,37.6400
308.8863,104.7171,9.9788,38.2087
308.9839,104.7143,9.7837,38.2142
309.4831,105.9716,9.5071,39.3094
307.4171,104.5691,9.2468,39.9183
306.0328,104.1065,9.0729,40.1079
305.3056,104.7646,9.0574,39.5266
302.7769,105.0127,9.0291,39.0304
301.3460,106.2177,9.0148,38.7774
299.9762,104.4688,8.8936,39.4143
299.5426,106.2262,9.0389,39.5086
297.3268,105.4196,9.1150,40.3960
297.4848,106.6539,9.5389,40.1466
296.3574,105.5457,9.5605,40.1297
293.8902,105.7828,10.0273,39.6556
299.4161,109.7534,10.1778,39.9293
287.9802,96.7604,10.4443,39.5425
292.1923,108.4353,11.0575,38.7861
288.0612,121.7363,11.7800,37.8188
284.6716,133.0656,12.5297,37.0172
2
0
0
0
0
1
270.6894,113.2325,13.7387,20.1350
269.0465,112.0593,13.3070,20.8883
268.2017,111.6766,12.8559,21.6535
266.5350,110.2121,12.4162,22.4264
264.8461,111.3724,11.9930,22.8210
264.7853,109.5576,11.5730,23.7427
263.8521,110.5091,11.2479,24.0310
263.5138,108.6809,10.8318,24.9555
262.6053,108.5762,10.4389,25.7175
261.3532,109.1768,10.1602,26.1857
261.2094,108.9305,9.8897,26.6784
259.6967,108.3829,9.5519,27.2130
259.8640,108.3509,9.2175,27.8391
257.6745,108.3687,9.0778,28.3684
257.7882,106.7111,8.8503,28.8345
255.4485,107.4978,8.9520,28.9778
255.4638,106.5737,8.9213,29.0976
254.9704,106.3659,8.7536,29.5132
252.9731,104.9680,8.6879,29.9889
251.1155,105.3752,8.8899,29.7601
251.8127,106.1151,8.6676,30.0385
249.4511,106.2651,8.7040,30.3244
249.4785,105.5939,8.6492,30.4856
246.3957,103.8904,8.8965,30.3415
249.4145,106.1825,8.8030,30.5126
246.3053,105.3895,9.0707,30.3134
248.4143,103.7084,9.0333,30.0922
247.8482,103.4136,8.9787,30.0882
242.4933,106.9307,9.0261,30.1624
246.6856,106.0397,8.9615,30.1615
242.2745,106.4662,8.8877,30.4945
244.6251,105.3785,8.9577,30.2844
244.8519,107.0854,9.0989,29.8443
245.7079,106.9590,9.1603,29.5059
246.3783,107.2475,8.9943,29.5163
247.7702,107.2888,9.1332,29.4337
239.8914,105.5176,9.0704,29.4605
242.0886,106.3175,9.3573,29.0310
238.5570,106.9795,9.4083,28.8757
239.9035,105.4002,9.6307,28.5358
237.9407,112.1835,10.0624,27.7803
239.7800,108.8589,9.8601,28.0562
237.4326,108.6877,9.9175,27.8190
236.5191,108.7122,10.0127,27.7699
236.8462,109.5152,9.9368,27.8991
236.0012,107.9640,9.8903,28.1074
236.0277,108.1865,9.8374,28.2434
235.2463,107.7143,9.6544,28.6058
233.9171,107.9610,9.9778,28.1124
234.2889,107.7062,9.8167,28.6220
233.3532,108.4213,9.9273,28.3657
232.4844,106.9451,9.9090,28.3917
231.5763,108.3009,9.9692,28.0214
227.8939,117.9481,10.3603,27.3236
225.3568,126.6957,10.8087,26.5969
2
0
0
0
0
1
221.9671,114.7133,10.7729,13.8807
220.6867,114.7482,10.6214,13.8108
213.0811,114.7999,10.4752,13.7074
214.4469,113.7116,10.4033,13.6042
212.3820,114.0215,10.3837,13.3615
209.9841,115.2460,10.3277,13.1519
207.9813,115.3645,10.2735,12.9147
207.1039,121.0713,10.2052,12.8032
206.6208,126.6444,10.0861,12.8714
2
0
0
0
0
1
174.4188,118.2095,14.1495,14.0261
172.5476,118.1866,13.8984,14.0720
169.0413,118.0191,13.8634,13.9664
167.4208,116.8165,13.5983,14.1804
165.5457,122.9784,13.4115,14.1047
161.6005,117.7330,13.5027,14.1965
160.8631,124.4585,13.2328,14.2669
160.4157,131.4030,13.2617,14.2337
2
0
0
0
0
1
143.5297,113.3840,14.6685,15.2320
141.8465,113.2846,14.2681,15.4308
139.9183,112.9633,13.9160,15.6058
138.2078,119.5346,13.6191,15.4753
135.3237,112.8402,13.4340,15.5836
134.4740,119.5564,13.3069,15.3943
133.2961,127.1372,13.4041,15.1385
130.9490,116.8127,13.1563,15.1205
129.7213,123.0325,12.9414,15.1419
2
0
0
0
0
1
107.2224,112.0819,13.0897,16.4176
107.3174,119.7083,12.8997,16.4749
2
0
0
0
0
1
75.7718,112.3957,18.7184,25.6524
72.8805,111.8252,18.2314,26.0969
67.7776,112.2313,18.0072,25.9800
62.8838,110.7284,17.4470,26.2263
57.4452,111.7087,17.3755,25.6343
52.2524,111.2838,16.9742,25.8099
50.0075,121.9083,17.4430,25.3360
49.8016,132.1161,17.8547,25.0448
37.2663,111.9340,17.3435,25.6898
36.3668,122.3338,17.7935,25.1251
36.2256,132.8163,18.0760,25.0358
2
0
0
0
