665.7600,297.2700,682.3800,273.5100,726.1500,304.1300,709.5300,327.8900
672.0600,276.0600,722.6100,297.0400,712.1000,322.3700,661.5500,301.3900
658.5600,298.0600,682.4000,268.0800,727.8800,304.2400,704.0500,334.2200
656.5500,296.9900,680.2400,268.1200,726.3000,305.9100,702.6100,334.7800
655.0200,296.2800,679.3200,268.3000,724.1600,307.2400,699.8600,335.2200
653.5400,294.8900,674.7500,267.9900,721.0000,304.4500,699.7800,331.3500
651.8000,294.1400,675.0900,266.6200,721.2200,305.6500,697.9300,333.1700
653.6600,291.9300,675.4900,267.2900,717.8700,304.8300,696.0400,329.4700
660.6700,283.3000,680.4600,269.8700,708.6200,311.3900,688.8300,324.8100
669.2000,275.4300,684.5900,272.1100,695.5500,323.0700,680.1600,326.3800
672.2400,273.4200,687.9000,274.4600,684.8200,320.6500,669.1600,319.6100
673.4900,270.4800,691.5000,275.8100,678.3500,320.1800,660.3400,314.8400
672.9700,269.1600,689.7200,274.5500,675.7700,317.9600,659.0100,312.5700
672.6000,266.9700,690.8100,274.5000,673.0200,317.5300,654.8000,310.0000
670.6500,265.7000,690.9200,274.7900,671.9500,317.1100,651.6800,308.0300
672.1200,265.7500,688.6800,274.4300,667.1200,315.5900,650.5600,306.9100
669.4400,263.3000,686.9500,271.7500,665.7300,315.7500,648.2200,307.3100
666.1900,262.5000,686.9200,271.7900,666.8300,316.6100,646.1000,307.3200
666.0600,262.4000,684.7800,270.2800,665.8700,315.2500,647.1500,307.3700
656.0000,266.0000,679.0000,266.0000,679.0000,313.0000,656.0000,313.0000
664.6200,261.6500,683.9200,270.0600,664.3700,314.9000,645.0700,306.4900
655.0000,265.0000,678.0000,265.0000,678.0000,314.0000,655.0000,314.0000
663.2500,260.8800,682.0200,268.2400,664.1200,313.8500,645.3600,306.4900
662.2200,260.6300,680.6900,267.3300,663.3200,315.1900,644.8500,308.4900
661.5600,259.9500,681.8500,268.0400,663.7300,313.4900,643.4400,305.4000
661.1200,261.0600,679.1800,267.5000,662.9000,313.1200,644.8400,306.6800
662.6300,261.2900,679.7600,267.7500,662.6400,313.1300,645.5100,306.6700
661.2800,260.9100,680.0200,268.6000,662.0100,312.5100,643.2600,304.8200
660.1400,261.3300,680.4800,269.7500,661.8300,314.8300,641.4900,306.4100
659.7300,260.9700,679.4100,269.1700,660.5800,314.3300,640.9000,306.1300
658.3900,260.8400,678.1100,268.0700,660.7300,315.4700,641.0100,308.2400
657.1100,261.1200,676.1200,267.2700,660.3400,316.0500,641.3300,309.9000
650.0000,264.0000,671.0000,264.0000,671.0000,316.0000,650.0000,316.0000
654.8500,260.1300,672.9100,264.7800,659.5700,316.6900,641.5000,312.0400
650.3100,261.4900,666.4600,262.2600,664.3100,307.5400,648.1500,306.7700
646.7700,262.9200,663.5500,260.4400,670.5700,307.8800,653.7900,310.3600
632.6900,272.3000,651.4600,257.8000,680.2500,295.0500,661.4800,309.5500
624.8300,279.5900,641.9000,257.4300,682.7300,288.8900,665.6600,311.0500
621.2400,279.2500,640.6700,254.8300,684.4000,289.6200,664.9700,314.0400
620.3400,279.7900,639.3600,255.8200,682.9700,290.4400,663.9400,314.4100
619.9300,279.5800,638.7200,256.1800,683.2300,291.9100,664.4400,315.3200
620.2600,277.6100,642.7900,254.9200,684.1800,296.0100,661.6500,318.7000
619.6500,279.3500,641.2100,256.9000,682.8000,296.8600,661.2300,319.3100
618.6100,278.0300,641.7900,255.8200,683.6900,299.5400,660.5000,321.7500
617.7700,279.2700,640.9000,256.0600,683.4600,298.4700,660.3300,321.6800
617.1600,279.9100,637.4400,257.0000,681.2600,295.7800,660.9800,318.7000
617.2700,280.4400,638.0000,257.2200,681.5500,296.1200,660.8200,319.3300
619.3100,278.2700,639.9400,257.9200,680.8700,299.4000,660.2400,319.7500
617.2700,281.9800,638.3000,258.9100,680.8400,297.6900,659.8200,320.7500
615.9300,280.8200,640.0800,257.3400,683.0300,301.5200,658.8900,325.0000
618.0900,280.5300,640.5200,259.0100,681.3000,301.5300,658.8700,323.0400
618.7100,281.5900,641.2100,260.0200,682.2000,302.7700,659.7000,324.3400
620.7300,281.5000,640.6700,260.6000,682.8600,300.8500,662.9300,321.7500
620.4100,282.9600,641.8300,260.6100,683.4100,300.4800,661.9900,322.8200
621.3900,281.8200,644.9200,260.9800,685.6100,306.9400,662.0900,327.7700
624.3600,281.7000,648.0000,262.0400,686.3500,308.1500,662.7100,327.8100
632.4100,277.2100,654.2600,264.2000,682.7800,312.1100,660.9300,325.1200
649.4900,270.2900,666.0200,269.4200,668.6700,319.7500,652.1400,320.6200
659.4100,266.1600,681.4200,278.9900,657.4100,320.1600,635.4000,307.3200
672.4800,265.2500,689.9800,286.3600,651.0100,318.6500,633.5100,297.5300
678.8800,264.0300,695.9200,288.3900,650.2300,320.3500,633.1900,295.9900
683.2300,264.2400,699.4300,288.6600,650.9300,320.8500,634.7300,296.4300
686.6100,264.7500,702.5400,290.4400,652.3900,321.5200,636.4700,295.8300
685.5600,263.4700,704.4300,287.8000,655.0500,326.1000,636.1800,301.7700
685.5100,264.6700,705.4100,288.9300,657.7900,328.0000,637.8900,303.7300
687.3700,265.7200,708.4700,290.8100,661.6200,330.1900,640.5300,305.1000
688.3400,266.3900,709.3700,291.3200,664.5000,329.1700,643.4700,304.2400
691.8400,267.7500,710.7700,291.4600,664.9200,328.0700,645.9900,304.3600
694.3500,267.8400,713.5500,292.5600,666.1900,329.3500,646.9900,304.6400
695.7300,268.1200,716.3400,293.1100,668.8200,332.3100,648.2100,307.3200
700.8800,269.7000,717.4800,293.8600,669.5200,326.8200,652.9200,302.6600
699.5500,268.6000,719.2700,293.3300,672.8800,330.3300,653.1600,305.6000
705.7200,269.9000,722.6800,296.2800,672.7900,328.3500,655.8300,301.9600
704.6000,269.8000,723.1100,294.4700,675.2400,330.3800,656.7300,305.7000
703.5500,269.2400,725.4200,294.0100,677.8000,336.0600,655.9300,311.2900
704.6900,269.9800,726.4000,293.8400,680.5000,335.6100,658.7800,311.7500
707.7400,270.2600,728.6400,295.0400,682.1000,334.3100,661.2000,309.5300
710.7800,271.5600,730.3400,296.2500,683.2000,333.5900,663.6400,308.9000
710.1900,270.9900,732.1900,296.1100,685.5100,336.9900,663.5100,311.8700
715.3000,272.4300,735.0800,298.1100,687.5600,334.7000,667.7900,309.0200
713.2000,271.6000,736.0900,296.2200,689.0600,339.9400,666.1800,315.3200
721.2600,273.7700,739.4500,300.4600,689.7200,334.3600,671.5200,307.6700
715.1200,271.5400,738.7500,295.0800,692.5700,341.4500,668.9400,317.9100
717.4800,272.5700,742.3100,297.7000,694.6900,344.7400,669.8700,319.6200
717.8700,273.1100,741.7900,296.4300,695.1900,344.2200,671.2700,320.9000
720.4600,273.9200,743.3100,299.0100,696.8000,341.3600,673.9600,316.2800
719.3500,274.5100,744.8900,299.6600,698.3500,346.9200,672.8100,321.7700
721.7800,274.8800,747.0000,301.0800,699.5000,346.8100,674.2800,320.6100
722.9400,275.2600,746.1900,298.1300,699.2000,345.9100,675.9500,323.0400
723.8200,276.2000,746.4100,297.5200,702.6800,343.8500,680.0900,322.5200
726.0700,275.0900,751.9500,302.2100,702.4800,349.4200,676.6000,322.3000
731.9000,275.5100,754.4200,303.2700,701.4200,346.2800,678.9000,318.5300
736.7800,275.3200,758.1400,305.8400,700.5200,346.1700,679.1600,315.6400
739.3800,275.8000,758.2600,304.9400,699.7500,342.8600,680.8700,313.7300
740.0200,276.2700,758.6300,305.3300,700.3300,342.6600,681.7200,313.6000
739.7300,275.2000,761.6800,307.5700,702.7400,347.5400,680.7900,315.1800
739.4500,275.9600,760.4700,305.3500,701.7300,347.3700,680.7100,317.9800
738.7700,276.4300,761.5600,306.5600,703.0900,350.7800,680.3000,320.6400
738.5500,276.9500,761.1500,307.0900,704.0300,349.9000,681.4400,319.7600
742.6800,278.1000,760.5500,305.3300,701.9600,343.7800,684.0900,316.5500
734.4300,277.6300,758.1600,304.2200,707.5100,349.4200,683.7800,322.8300
734.8000,277.9200,757.0800,301.1300,705.4800,350.6500,683.2100,327.4500
734.2900,280.3300,754.8100,304.2600,707.7200,344.6300,687.2000,320.6900
723.7700,283.8800,744.7800,297.8500,713.0600,345.5400,692.0500,331.5700
711.0000,290.0000,728.0000,290.0000,728.0000,344.0000,711.0000,344.0000
701.9000,293.5000,722.1000,286.6000,737.9800,333.0900,717.7800,339.9900
694.2500,298.4500,716.1500,285.3300,742.7100,329.6600,720.8100,342.7900
691.6100,299.2600,713.9600,284.5100,744.6800,331.0800,722.3300,345.8300
689.9900,299.5100,712.7300,284.0000,744.0200,329.8700,721.2700,345.3800
688.9700,298.9400,710.6800,284.4000,741.4400,330.3200,719.7400,344.8700
688.5900,296.8100,711.1100,283.8400,739.1800,332.5500,716.6500,345.5300
687.6500,295.4100,710.3700,283.5800,736.5500,333.8600,713.8300,345.6900
687.0500,294.1500,710.1500,283.1400,734.4900,334.2000,711.3900,345.2100
684.5500,293.4100,708.4500,282.3500,732.5800,334.4800,708.6700,345.5400
682.5400,293.0400,705.7500,281.7700,730.4900,332.7100,707.2800,343.9800
681.3500,292.3200,706.0500,281.6100,728.7100,333.8800,704.0200,344.5800
679.0700,290.8300,703.8000,280.0800,727.1100,333.7100,702.3800,344.4500
677.7100,290.7900,702.2400,280.7000,724.6500,335.1500,700.1300,345.2500
676.2100,290.5300,699.8700,281.0200,721.8500,335.6800,698.1900,345.1900
676.8300,287.8200,700.1600,280.4700,718.1600,337.6100,694.8300,344.9600
672.8800,287.6400,696.9200,279.0900,717.8100,337.8300,693.7800,346.3800
672.3100,286.6600,695.6400,279.1200,715.2700,339.8800,691.9400,347.4200
671.0400,286.8200,693.7900,279.4400,713.5300,340.3100,690.7800,347.6900
669.6000,285.3600,692.2100,278.5600,710.7600,340.2000,688.1400,347.0100
667.4000,285.7300,690.6000,278.6000,709.6100,340.4100,686.4100,347.5400
665.6300,286.1800,689.4500,278.1000,709.3500,336.8000,685.5200,344.8800
667.2700,284.5200,688.8000,278.9900,704.4300,339.8200,682.9000,345.3500
672.7500,280.9300,690.1800,278.9600,697.5500,344.0300,680.1100,346.0100
675.5400,277.6900,694.0000,280.0000,686.8300,337.3500,668.3700,335.0500
684.2700,274.4700,707.7500,289.3400,676.5900,338.5400,653.1100,323.6700
689.7200,272.5800,712.0800,293.4200,672.9500,335.4200,650.5900,314.5900
691.6200,271.7900,712.7300,294.3100,669.4400,334.8700,648.3300,312.3500
693.4800,272.6000,713.6300,295.9600,666.3500,336.7500,646.2000,313.3900
692.3100,271.6500,712.0000,295.7300,664.7900,334.3400,645.1000,310.2600
687.5400,271.2300,709.9300,293.0200,665.5100,338.6600,643.1300,316.8800
686.7700,271.1000,709.7700,293.1100,666.4400,338.4000,643.4400,316.3900
689.8000,272.0400,710.9900,296.6500,663.3200,337.7000,642.1300,313.0900
685.2900,270.7600,709.4000,293.3700,665.5100,340.1700,641.4000,317.5500
683.8300,271.0500,708.7800,293.2600,665.1600,342.2700,640.2100,320.0600
686.0100,272.1400,707.3600,293.7300,663.6200,336.9700,642.2800,315.3800
683.6800,271.5400,706.3400,292.5800,665.1200,336.9700,642.4600,315.9300
681.6500,271.7400,705.6200,291.0300,665.5000,340.9000,641.5300,321.6100
682.8800,271.7900,706.6600,293.2000,664.8900,339.6000,641.1100,318.1900
682.9500,271.5400,706.8600,292.8200,664.9700,339.8900,641.0600,318.6100
680.3000,271.3300,706.3100,290.9900,666.1200,344.1500,640.1200,324.4900
680.7200,271.0400,706.8600,290.9300,666.4800,344.0000,640.3400,324.1100
680.7500,270.3000,706.8600,289.4300,667.8100,342.7200,641.7000,323.5800
681.5100,270.1700,708.5900,290.1300,669.5300,343.1300,642.4400,323.1600
680.7300,270.0200,708.5700,288.7200,670.8200,344.9500,642.9700,326.2500
681.2600,270.6100,709.7600,289.2400,672.4300,346.3800,643.9200,327.7500
682.5000,270.1500,711.0500,288.7200,673.1400,347.0100,644.5900,328.4500
681.1400,270.5100,708.8800,285.9000,674.8600,347.2100,647.1200,331.8200
681.1600,270.0700,710.9400,285.3500,677.0300,351.4200,647.2600,336.1400
685.4400,268.9200,715.3800,287.7400,676.9100,348.9500,646.9700,330.1300
687.4900,268.6600,717.8100,288.8200,677.8500,348.8900,647.5400,328.7400
693.9900,266.3900,721.8300,290.3200,676.3000,343.2700,648.4600,319.3300
706.2900,265.9500,727.6800,294.3300,672.7400,335.7300,651.3600,307.3500
711.6200,264.9400,733.2900,296.4300,672.8800,338.0200,651.2100,306.5200
720.2700,268.9000,735.0700,297.4800,670.8600,330.7400,656.0600,302.1500
722.0700,269.1600,737.4000,298.8100,672.9700,332.1200,657.6400,302.4700
720.0500,267.0700,737.9500,297.0500,676.4100,333.8000,658.5100,303.8200
718.5200,265.9900,739.6600,297.9200,679.8300,337.5200,658.6900,305.5900
717.3800,265.8400,739.4300,295.7300,681.1300,338.7500,659.0800,308.8600
720.7200,267.0500,740.4300,294.5500,683.1000,335.6500,663.3900,308.1500
725.8700,267.0600,744.7500,298.0300,682.8400,335.7500,663.9700,304.7800
720.8500,265.3300,744.2600,294.9000,685.5800,341.3600,662.1700,311.8000
725.9900,266.1400,747.4500,296.9200,686.6700,339.3100,665.2000,308.5300
722.8600,264.0800,748.2300,294.6700,689.2000,343.6100,663.8400,313.0100
722.8800,264.0000,748.8300,293.9400,690.4400,344.5500,664.4800,314.6000
719.6100,264.4500,745.9000,291.6500,692.7700,343.0100,666.4800,315.8100
714.9500,266.4300,737.9200,286.5300,692.4400,338.4800,669.4800,318.3700
706.7300,273.1300,731.1600,291.5600,695.1100,339.3600,670.6700,320.9300
697.5600,280.4000,721.7400,292.6300,697.6400,340.2600,673.4700,328.0200
686.4000,287.4400,715.6700,288.1100,714.4600,341.0600,685.1900,340.3900
740.5500,272.2300,753.2900,292.6200,691.3400,331.3300,678.6000,310.9400
721.7000,276.8900,758.4900,281.9600,755.8300,301.2500,719.0400,296.1800
703.6100,289.5000,745.7500,273.8200,753.1800,293.8100,711.0500,309.4800
694.0100,293.5900,747.0100,272.9200,756.3900,296.9700,703.3900,317.6300
738.2800,266.7300,757.5400,297.4300,694.6800,336.8600,675.4200,306.1600
736.6300,265.5700,757.1000,295.2600,697.3000,336.5000,676.8300,306.8100
739.0400,265.9800,758.8600,297.2600,697.4000,336.2200,677.5800,304.9400
736.3900,265.9600,754.6000,292.2000,695.9900,332.8800,677.7800,306.6300
742.0700,267.9800,758.6900,298.4100,695.8500,332.7200,679.2400,302.2900
737.1500,267.1900,756.2700,295.8400,696.3300,335.8500,677.2100,307.1900
737.2800,266.1100,758.0900,296.9400,696.5500,338.4700,675.7500,307.6400
735.1000,265.7900,756.2200,295.5500,697.9300,336.9100,676.8100,307.1500
727.4400,266.7200,750.2700,291.2800,699.4200,338.5500,676.5900,313.9900
718.6200,269.3500,741.5100,286.1800,704.2400,336.8700,681.3400,320.0400
710.2400,273.6100,729.1200,279.9200,709.7000,338.0100,690.8200,331.7000
702.7700,276.2900,721.2600,275.5500,723.6500,335.2900,705.1600,336.0300
690.7700,281.9100,714.8200,272.9800,734.9200,327.0900,710.8700,336.0200
689.7300,281.6400,713.6100,272.4700,733.5500,324.3700,709.6700,333.5400
688.3800,281.6200,710.6900,272.7000,732.6600,327.6700,710.3400,336.5800
685.9800,283.7300,709.2200,273.3700,733.4800,327.8300,710.2300,338.1800
685.7300,282.2200,709.6000,272.8000,731.3300,327.8400,707.4600,337.2600
684.7700,282.3800,708.5800,273.1200,730.4700,329.4000,706.6600,338.6600
685.6100,281.2300,708.1300,273.5800,728.3700,333.1300,705.8400,340.7800
685.2200,280.3600,707.8900,272.8700,728.0100,333.7100,705.3400,341.2100
684.4000,281.1300,707.0600,273.4600,726.7200,331.5400,704.0600,339.2000
683.0000,280.3200,706.5300,272.6600,726.5000,334.0700,702.9700,341.7200
682.6600,281.7400,705.7700,273.7300,725.4000,330.3500,702.2900,338.3700
680.8400,281.3000,703.8600,272.6600,724.8100,328.5100,701.7800,337.1500
681.9600,280.8500,705.5000,273.6800,723.7700,333.6200,700.2300,340.8000
680.2100,281.2800,702.0500,272.7800,723.8200,328.7200,701.9800,337.2200
679.2000,281.1900,702.3100,273.0300,723.2900,332.4000,700.1800,340.5700
677.6100,282.3600,699.9200,272.8800,723.2600,327.7800,700.9400,337.2700
676.5100,283.4200,698.2800,273.6100,721.9100,326.0200,700.1400,335.8400
675.2700,282.9600,697.8700,273.1100,721.3000,326.9000,698.7100,336.7400
674.4900,283.1900,696.9000,273.3600,720.6000,327.4100,698.2000,337.2400
673.6400,282.3000,696.5200,272.7100,719.7000,328.0000,696.8200,337.5900
672.7200,282.8300,696.2800,273.2700,718.2600,327.4600,694.7000,337.0100
670.6400,283.7000,695.4800,272.8700,719.2800,327.4700,694.4400,338.3000
670.4700,282.5500,695.1200,272.8100,717.6700,329.8900,693.0300,339.6300
669.7000,283.1100,694.4100,273.4100,716.5200,329.7400,691.8200,339.4400
669.1700,283.3900,692.3500,274.0800,714.1600,328.3900,690.9800,337.7000
667.0000,284.1200,689.2700,272.8300,714.7900,323.1200,692.5200,334.4100
667.8100,283.3900,691.2600,273.6600,713.7300,327.8000,690.2700,337.5400
666.5100,284.1700,690.5600,273.8100,713.5400,327.1600,689.4900,337.5100
665.0700,284.6700,688.6300,273.6000,713.6400,326.8000,690.0700,337.8800
665.3800,283.6200,688.7800,273.5500,712.1000,327.7500,688.7000,337.8200
665.0100,283.7200,689.2900,273.5700,712.9000,330.0800,688.6200,340.2200
664.4600,283.5000,688.5500,273.2000,712.9800,330.3300,688.8900,340.6300
664.7700,284.9100,688.6300,274.1300,712.3100,326.5500,688.4500,337.3300
663.9500,286.0500,688.0000,273.9400,714.0900,325.7300,690.0400,337.8400
661.5200,287.2100,685.4600,274.2700,714.0400,327.1800,690.1000,340.1100
654.6300,295.5500,675.8800,274.9800,716.9300,317.3900,695.6900,337.9600
647.6000,299.0200,670.8700,272.0600,719.9300,314.4000,696.6600,341.3600
641.2100,303.5300,660.2900,272.8000,719.9900,309.8600,700.9100,340.5900
637.6500,306.2400,657.5700,272.7400,720.3900,310.1000,700.4700,343.5900
634.9000,307.5800,652.0600,274.8300,719.7100,310.2700,702.5500,343.0300
632.0400,307.4700,650.3400,274.3700,718.4800,312.0500,700.1800,345.1500
629.2800,310.2400,646.4800,276.8200,716.4600,312.8300,699.2600,346.2500
629.0600,308.3900,650.2500,274.7200,716.9800,316.7200,695.7900,350.3900
625.8100,310.2800,646.0000,276.1200,713.1200,315.8000,692.9300,349.9600
621.2900,311.6000,641.9800,276.4100,711.1300,317.0800,690.4400,352.2600
618.5700,310.8500,640.3700,276.2400,708.0200,318.8400,686.2200,353.4500
613.9000,312.5200,636.9600,275.9200,706.7600,319.8900,683.7000,356.4900
609.7700,313.7000,633.4700,276.0500,702.8400,319.7200,679.1400,357.3700
607.4500,311.2600,630.2800,276.5100,698.2700,321.1900,675.4400,355.9400
601.3200,314.7700,622.3600,277.8300,694.0000,318.6500,672.9600,355.5900
596.6500,315.9500,621.9000,277.1700,691.3100,322.3700,666.0600,361.1500
592.5100,316.0200,618.4700,277.3900,688.1200,324.2000,662.1600,362.8200
592.5100,313.5500,618.4200,278.3600,682.8000,325.7600,656.8900,360.9500
587.4700,316.1900,614.6000,280.0000,677.9000,327.4500,650.7800,363.6400
581.8800,319.4400,607.7100,280.9500,673.4600,325.0700,647.6300,363.5600
578.8900,318.6100,607.7500,281.5300,669.3700,329.4800,640.5200,366.5600
573.2600,320.4300,603.0200,281.6300,665.9000,329.8400,636.1400,368.6500
569.3200,320.3100,599.9900,281.8300,662.0700,331.3000,631.3900,369.7800
564.5100,320.6800,591.5800,283.4900,655.8400,330.2600,628.7700,367.4500
559.5700,320.5400,590.5400,282.1800,652.8800,332.5000,621.9100,370.8600
555.8100,318.2500,590.4900,282.3300,648.3500,338.2000,613.6700,374.1200
550.2700,322.3300,579.7600,284.6500,642.2900,333.5900,612.8000,371.2700
546.2800,320.9500,576.7000,285.1100,636.8600,336.1800,606.4400,372.0200
541.2300,318.4800,561.1200,287.3400,628.9100,330.6500,609.0200,361.7900
536.3600,323.5900,568.0300,286.8900,628.4100,338.9900,596.7500,375.6900
531.9300,325.1400,562.8000,287.5000,623.6000,337.3600,592.7300,375.0000
528.5100,324.0400,560.3500,288.8000,619.4200,342.1700,587.5800,377.4100
525.0800,324.2000,555.7900,288.6100,614.7800,339.5300,584.0600,375.1100
521.9500,324.3000,555.9500,289.0300,612.9800,344.0200,578.9800,379.2800
517.3900,328.5600,536.0400,292.7500,599.8100,325.9500,581.1600,361.7700
517.1300,323.5800,550.2200,290.8500,606.0400,347.2900,572.9500,380.0200
514.1100,322.0700,549.8900,290.7600,602.7000,351.1000,566.9200,382.4200
513.1200,321.1400,548.2800,291.4500,600.8300,353.6700,565.6700,383.3600
517.4700,316.3500,549.6600,295.6800,592.3700,362.1700,560.1800,382.8500
516.6400,322.0300,543.1500,298.2900,588.1800,348.5800,561.6700,372.3200
522.2800,310.7300,564.4800,311.7900,563.0000,371.0000,520.8000,369.9500
522.0000,312.0000,560.0000,312.0000,560.0000,366.0000,522.0000,366.0000
520.0000,313.0000,558.0000,313.0000,558.0000,364.0000,520.0000,364.0000
519.0000,314.0000,556.0000,314.0000,556.0000,364.0000,519.0000,364.0000
517.0000,315.0000,554.0000,315.0000,554.0000,365.0000,517.0000,365.0000
510.6600,331.3200,530.3900,307.1900,565.9700,336.2800,546.2400,360.4100
515.2300,315.6900,552.4700,316.1700,551.8500,364.1500,514.6100,363.6700
514.0000,317.0000,551.0000,317.0000,551.0000,365.0000,514.0000,365.0000
507.5800,330.8700,529.1500,308.8200,565.8800,344.7600,544.3100,366.8100
512.0000,318.0000,549.0000,318.0000,549.0000,368.0000,512.0000,368.0000
513.0000,318.0000,549.0000,318.0000,549.0000,368.0000,513.0000,368.0000
513.0000,318.0000,548.0000,318.0000,548.0000,370.0000,513.0000,370.0000
512.4100,320.6400,549.4100,321.7000,547.9900,371.2900,510.9900,370.2300
512.0000,321.0000,548.0000,321.0000,548.0000,372.0000,512.0000,372.0000
511.0000,321.0000,548.0000,321.0000,548.0000,374.0000,511.0000,374.0000
510.0000,321.0000,548.0000,321.0000,548.0000,375.0000,510.0000,375.0000
509.2600,322.3000,547.5000,321.1100,549.2800,377.9900,511.0400,379.1900
507.0000,322.0000,549.0000,322.0000,549.0000,370.0000,507.0000,370.0000
514.8100,310.8100,566.0300,339.2500,548.2200,371.3300,497.0000,342.8900
509.6900,308.1500,570.3800,339.6800,552.3800,374.3200,491.6900,342.7900
504.8400,307.3500,570.0600,339.2100,553.4400,373.2200,488.2300,341.3600
492.8400,315.0900,561.4000,331.6800,554.4500,360.4300,485.8800,343.8400
501.8900,309.6000,570.1700,343.0500,553.3900,377.3000,485.1100,343.8400
502.3500,310.1700,571.2500,345.2600,553.1900,380.7300,484.2900,345.6400
484.5400,345.0900,503.3500,310.0300,570.2800,345.9300,551.4700,380.9900
483.4400,346.5400,500.7500,312.1700,567.8000,345.9600,550.4800,380.3300
482.5500,348.5000,500.4400,314.1800,566.7900,348.7600,548.9000,383.0800
482.0000,349.3700,500.9600,315.7700,565.9800,352.4600,547.0200,386.0700
481.3600,350.4900,501.1700,316.0700,565.5100,353.1000,545.7000,387.5200
480.4500,351.9000,501.3000,316.9000,563.7500,354.1100,542.8900,389.1100
479.9700,352.0300,500.0500,318.2200,561.3500,354.6400,541.2700,388.4500
478.4600,353.4000,500.4300,317.9500,561.6600,355.9000,539.6900,391.3500
477.4400,354.0600,500.5000,318.3600,560.5800,357.1600,537.5200,392.8600
493.1700,323.8900,553.6000,351.1400,538.8000,383.9700,478.3700,356.7200
500.0300,324.3900,553.5200,353.4700,535.9300,385.8000,482.4500,356.7200
487.6100,355.8600,506.5900,327.5200,550.6100,357.0000,531.6200,385.3500
498.0800,336.4400,542.1400,344.4900,534.7600,384.8700,490.7000,376.8200
500.6100,336.7400,541.4300,344.3900,533.6900,385.6300,492.8800,377.9800
501.7600,338.4000,543.5800,347.1800,535.4100,386.0200,493.6000,377.2300
501.1400,339.8900,540.8900,344.8600,535.8500,385.2300,496.0900,380.2600
501.7800,339.8600,542.3300,345.6400,536.6700,385.3000,496.1200,379.5200
500.6700,342.1400,540.2200,344.1600,538.1500,384.9000,498.5900,382.8900
501.9100,341.7700,543.5100,346.3900,538.8800,388.1000,497.2800,383.4800
502.6200,341.1500,544.0100,344.9100,539.9300,389.8100,498.5400,386.0500
503.2800,342.3300,544.3500,345.4900,540.9500,389.6900,499.8800,386.5300
497.6300,359.2800,517.7300,333.9300,557.7400,365.6600,537.6400,391.0100
503.0000,343.0000,544.0000,343.0000,544.0000,391.0000,503.0000,391.0000
498.5900,362.2100,518.8400,333.9100,560.7500,363.9000,540.5000,392.2000
498.1300,359.3300,520.8700,331.3600,565.6300,367.7500,542.8800,395.7300
508.8700,331.5700,562.0600,358.6600,546.7800,388.6700,493.5900,361.5800
492.4000,353.9900,510.3400,326.2200,566.9900,362.8100,549.0500,390.5800
493.3600,353.3100,509.3000,326.9900,565.6700,361.1300,549.7300,387.4500
489.8500,357.5300,506.5700,327.6100,564.9600,360.2600,548.2400,390.1700
490.1700,357.0000,507.1200,328.3300,564.3000,362.1400,547.3500,390.8100
491.6200,356.5000,509.3800,328.4400,565.0400,363.6700,547.2700,391.7300
491.2100,358.3400,508.8100,328.9300,565.0700,362.6000,547.4800,392.0100
491.3900,356.6400,510.4300,327.5700,565.1500,363.4100,546.1100,392.4800
492.2800,356.2800,513.0800,327.0000,567.1700,365.4200,546.3800,394.7000
491.8000,356.8700,512.7700,327.2700,567.4500,366.0100,546.4800,395.6100
493.1000,354.8200,511.8500,327.1700,567.1100,364.6300,548.3700,392.2900
493.2800,355.9300,513.0400,327.1800,567.9400,364.9000,548.1900,393.6500
494.2200,354.9800,513.7500,326.5100,568.2900,363.9200,548.7700,392.3900
494.7700,357.3300,510.3200,329.0300,566.0700,359.6500,550.5200,387.9600
496.8500,357.7000,513.2000,329.3400,569.4200,361.7500,553.0700,390.1100
498.4300,357.0900,515.1000,328.8000,569.8700,361.0600,553.2000,389.3600
501.2500,356.5800,519.9300,327.7800,573.5800,362.5900,554.9100,391.3800
502.4300,356.3900,521.1800,327.4100,575.7700,362.7300,557.0200,391.7100
504.0500,356.9100,520.8600,328.3000,576.0800,360.7300,559.2700,389.3500
506.7500,356.6600,524.0000,327.8100,579.2000,360.8200,561.9400,389.6700
510.0400,355.4900,527.9900,327.3700,581.0200,361.2300,563.0700,389.3400
513.5100,355.2000,529.8400,327.5400,583.4900,359.2200,567.1600,386.8800
519.9400,354.7200,536.0700,328.7100,583.7400,358.2700,567.6100,384.2800
527.5000,349.6200,545.5200,329.2900,584.8300,364.1400,566.8100,384.4700
536.4600,345.0000,553.7100,330.4100,584.0300,366.2600,566.7800,380.8500
543.9900,338.6800,563.5100,328.5400,585.7000,371.2800,566.1800,381.4100
550.6100,333.4900,568.8800,327.3700,584.0900,372.8100,565.8300,378.9200
555.3500,332.1600,572.5000,326.9200,586.3900,372.4400,569.2400,377.6800
558.1100,331.0300,575.3100,325.2800,590.7600,371.4600,573.5600,377.2200
561.1900,330.4600,578.3500,324.2800,595.2700,371.3200,578.1100,377.5000
564.7600,328.6800,581.2700,322.8500,597.9800,370.1700,581.4800,376.0000
567.6300,328.2800,585.4600,321.3000,602.9900,366.0900,585.1600,373.0700
571.1800,326.0300,588.3200,320.3500,603.6100,366.4800,586.4700,372.1600
573.7500,325.3500,591.4200,318.7900,608.6200,365.0600,590.9500,371.6200
577.7900,324.6100,593.2400,318.9100,610.3300,365.2100,594.8800,370.9100
580.9400,323.7300,599.1700,317.3900,615.8800,365.3700,597.6600,371.7200
584.9500,323.4900,604.0400,316.8600,620.5500,364.3300,601.4700,370.9700
588.3000,322.2600,605.9600,316.2200,622.3300,364.0200,604.6600,370.0700
592.3500,320.6600,609.7900,315.2000,625.1600,364.2200,607.7100,369.6900
594.9600,319.5700,612.6100,313.7200,629.1700,363.6400,611.5200,369.5000
597.7800,318.4900,615.6800,312.1900,633.6500,363.1900,615.7600,369.5000
601.6700,317.1200,620.9100,310.9500,637.9700,364.2000,618.7300,370.3600
606.0800,314.3900,626.1700,310.3700,637.4000,366.4100,617.3000,370.4400
610.3800,313.7300,627.4700,309.1900,642.0000,363.8700,624.9200,368.4100
611.0900,312.6400,630.0900,306.3100,648.0900,360.3300,629.0900,366.6600
615.4700,311.2400,634.7900,305.6900,650.8500,361.6100,631.5300,367.1500
618.5400,310.5600,637.8700,304.7100,655.0000,361.3700,635.6700,367.2200
621.0800,307.7100,637.9300,302.0200,656.1200,355.8800,639.2700,361.5700
623.6100,307.5200,642.5400,301.3100,660.3600,355.6000,641.4400,361.8200
628.2000,305.9800,645.5100,300.8400,661.0400,353.1600,643.7300,358.3000
627.4300,306.4500,644.7600,299.5300,665.5500,351.6100,648.2100,358.5300
627.7700,306.4300,647.4100,297.0000,670.4800,345.0300,650.8400,354.4600
625.3400,309.7900,645.1100,295.0300,675.2400,335.3900,655.4600,350.1500
620.8300,314.5300,638.6400,293.6100,679.5700,328.4300,661.7700,349.3600
617.1900,317.6900,631.7400,291.8800,682.1300,320.2700,667.5900,346.0800
615.4300,314.9900,629.2100,288.9100,685.3300,318.5600,671.5500,344.6400
613.5100,315.5700,627.2700,287.4700,686.5500,316.5100,672.7800,344.6100
612.4200,315.4700,624.9700,286.8000,687.9300,314.3700,675.3700,343.0400
613.7100,312.8500,627.8900,284.0400,690.5900,314.9200,676.4000,343.7200
615.6200,309.3300,632.5100,280.2400,692.8900,315.2900,676.0000,344.3800
616.1900,307.2900,633.5500,277.8900,694.0700,313.6400,676.7100,343.0300
617.9200,306.7400,635.8200,277.3100,695.6200,313.6900,677.7100,343.1200
618.4200,304.9300,636.0800,275.6400,696.0900,311.8200,678.4300,341.1100
620.3500,303.6600,635.8700,275.5700,695.6100,308.5800,680.0900,336.6700
619.2100,303.0200,636.0600,273.8600,697.1300,309.1600,680.2800,338.3200
620.5900,300.4400,641.8600,269.6500,700.6400,310.2600,679.3800,341.0500
620.9000,301.1300,639.9000,270.1100,698.8700,306.2300,679.8700,337.2500
638.4700,270.1600,697.4400,302.8900,682.1900,330.3700,623.2200,297.6400
638.0300,267.8400,698.0600,301.2900,681.8500,330.3800,621.8300,296.9400
639.7000,266.8300,697.8900,300.1100,682.1300,327.6800,623.9300,294.4000
622.8100,293.4700,644.3700,262.9600,702.4000,303.9700,680.8400,334.4800
638.6800,264.8100,698.2700,298.2500,682.2400,326.8200,622.6500,293.3800
624.1800,290.7300,640.5200,263.1300,698.1200,297.2500,681.7700,324.8500
622.3600,291.1900,641.3800,260.6800,699.3800,296.8300,680.3600,327.3500
624.1900,288.2700,645.3500,258.6300,700.1600,297.7700,679.0000,327.4000
622.8300,288.3100,642.0900,257.6700,699.4600,293.7500,680.1900,324.3800
623.7000,283.9700,646.2300,254.1900,701.2800,295.8200,678.7500,325.6000
623.9900,283.0600,647.4900,252.6700,702.3600,295.0900,678.8600,325.4800
641.6200,253.1400,699.1200,288.2000,682.1200,316.0900,624.6100,281.0400
623.8000,278.4900,650.0800,247.9500,705.1400,295.3200,678.8700,325.8600
625.1400,275.7700,651.3600,246.3400,705.1500,294.2700,678.9200,323.7000
625.7500,273.2200,650.6700,244.3600,703.3500,289.8500,678.4300,318.7100
630.8500,269.1500,658.0200,243.9100,703.6100,293.0000,676.4500,318.2300
640.1300,262.7300,660.9500,245.8400,695.8700,288.8800,675.0500,305.7700
652.9400,249.7600,668.3500,245.8100,681.3900,296.6800,665.9800,300.6300
660.0200,246.5800,674.3400,247.1300,672.3700,298.2800,658.0500,297.7300
662.7900,243.4100,681.3200,248.6200,667.6700,297.1600,649.1400,291.9500
664.6000,242.0600,683.3200,249.3000,664.7500,297.3300,646.0300,290.0900
664.2500,240.6100,681.1700,246.3600,664.1600,296.4900,647.2300,290.7400
663.6800,238.7200,683.4600,246.2000,664.0000,297.6500,644.2100,290.1600
666.0200,238.4700,681.9300,243.9400,664.2900,295.1900,648.3800,289.7100
666.7300,236.9700,682.6900,243.0400,662.4700,296.1800,646.5100,290.1100
662.8000,235.0100,682.1300,241.2900,664.2400,296.3500,644.9000,290.0700
662.9100,234.1400,680.4400,239.1500,664.3000,295.6700,646.7700,290.6600
661.9400,233.5900,679.8900,238.5200,663.9800,296.4700,646.0200,291.5300
662.0000,231.9900,679.4800,236.6100,663.7300,296.2300,646.2500,291.6100
661.0100,230.7600,679.4300,235.4200,664.0600,296.2700,645.6400,291.6200
661.1100,229.7800,678.9000,233.9800,664.2900,295.8800,646.5000,291.6800
659.0900,228.5300,679.0300,233.0400,664.5600,296.9400,644.6200,292.4200
658.7700,227.6100,678.4600,232.2100,663.5800,295.7800,643.9000,291.1700
657.2300,226.8500,676.8500,230.7700,663.6500,296.7300,644.0400,292.8100
657.2200,225.7700,675.5000,229.2900,662.5500,296.6400,644.2700,293.1200
655.5200,224.9500,674.6300,228.0700,663.5500,295.8400,644.4400,292.7200
654.8800,223.6400,673.3700,226.5600,662.4000,296.0400,643.9100,293.1200
653.6800,222.5800,672.6300,225.1900,662.8300,296.2200,643.8800,293.6000
652.4800,221.7700,671.2900,223.9700,662.8700,296.1500,644.0600,293.9600
651.4800,220.7700,670.4000,222.9800,661.8800,296.0400,642.9500,293.8300
649.9800,219.9200,669.3000,221.8200,661.9100,296.8800,642.5900,294.9800
650.7100,218.6900,669.5200,221.0800,660.8600,289.1300,642.0500,286.7300
649.1600,219.5700,668.3700,221.7100,660.8900,288.9900,641.6800,286.8500
650.4000,218.6600,667.8700,220.9900,659.3500,284.8500,641.8900,282.5200
649.9500,216.6700,668.5700,219.1300,659.8500,285.1700,641.2300,282.7100
649.2100,216.8700,667.5000,218.9800,659.8800,285.0200,641.5900,282.9100
649.1700,215.9100,666.8500,218.2800,658.1900,282.8300,640.5100,280.4600
647.7800,216.5100,666.1300,218.4500,659.2200,283.7000,640.8700,281.7600
648.0100,215.6100,666.8000,217.9300,658.6400,283.9900,639.8500,281.6700
647.6500,215.3400,666.3700,217.8600,657.8600,281.0600,639.1400,278.5400
648.1900,214.4000,665.9100,217.2900,656.7900,273.2700,639.0800,270.3800
648.0200,213.6000,665.6600,216.3500,656.1500,277.4900,638.5100,274.7500
647.9300,213.4900,665.4800,216.1200,656.3300,277.1000,638.7800,274.4700
647.1500,213.4200,665.4500,216.0900,656.5500,277.1000,638.2500,274.4300
645.9800,212.9700,663.2800,214.7500,656.9200,276.8100,639.6100,275.0400
644.8900,213.5600,661.3800,214.2800,658.5500,279.2800,642.0600,278.5700
638.3000,215.7800,657.0900,211.9400,669.9900,275.1500,651.2000,278.9800
621.2300,225.7600,648.1800,208.0000,683.7700,261.9900,656.8200,279.7600
616.0700,227.1300,637.6100,206.4200,684.5600,255.2300,663.0200,275.9400
612.0500,231.1900,628.0000,207.4600,683.3600,244.6500,667.4200,268.3800
608.9100,231.2200,628.4000,204.7500,685.8800,247.0800,666.3900,273.5400
606.5000,233.6800,627.7900,204.4300,686.1100,246.8800,664.8100,276.1300
610.8400,210.1900,680.1200,237.4900,669.2200,265.1400,599.9400,237.8400
599.0700,236.9600,619.9600,204.6900,684.1000,246.2000,663.2100,278.4700
599.4600,235.6300,622.7500,203.1200,684.0700,247.0600,660.7800,279.5700
609.5500,208.5000,676.7100,237.1600,664.4300,265.9200,597.2700,237.2600
609.7900,207.1700,676.5700,237.9100,663.0900,267.1800,596.3200,236.4400
597.3400,234.5500,618.6400,203.2000,680.4100,245.1700,659.1100,276.5200
595.5900,233.8400,618.6800,202.0600,680.1100,246.7000,657.0100,278.4800
596.7300,234.0900,614.1900,204.6000,676.0600,241.2500,658.5900,270.7400
595.2100,233.6700,619.2300,201.7500,680.6600,247.9800,656.6500,279.9000
594.2100,234.3700,619.9700,201.2600,680.7000,248.5100,654.9400,281.6200
593.7500,234.2900,616.2500,202.2600,678.6500,246.0900,656.1600,278.1200
594.4800,232.6300,619.8200,200.8800,679.2900,248.3300,653.9500,280.0800
593.8700,233.9100,621.1000,200.8600,681.1300,250.3000,653.9100,283.3500
595.2900,232.0700,622.6100,200.4900,681.0600,251.0700,653.7400,282.6400
594.2800,231.7700,622.1000,200.3800,679.7900,251.5100,651.9700,282.9000
608.4800,203.3900,672.6200,237.2600,656.0600,268.6200,591.9200,234.7400
593.2800,231.7700,622.1600,199.9900,681.1100,253.5600,652.2300,285.3400
593.8200,231.9200,617.4200,200.7800,677.4100,246.2500,653.8100,277.3800
598.2500,226.7200,621.8200,200.8500,676.6100,250.7700,653.0500,276.6300
595.5300,229.4000,614.6000,202.0300,674.6100,243.8500,655.5400,271.2200
600.3900,226.8500,625.5500,202.0700,678.7900,256.1300,653.6300,280.9100
611.6000,221.2900,634.5400,207.0900,669.0700,262.8700,646.1300,277.0700
622.7400,213.4600,640.4800,208.4500,658.1100,270.8600,640.3800,275.8700
627.9400,211.4100,643.8500,210.8200,646.3200,277.7700,630.4200,278.3500
630.5400,208.7600,646.6400,210.0500,642.1800,265.6400,626.0800,264.3500
631.0300,208.7800,648.4800,211.1600,640.8500,267.0700,623.4100,264.6900
629.7500,209.2100,647.1900,210.5500,642.7800,267.8300,625.3500,266.4900
630.0300,208.7800,647.1700,210.6900,640.6700,268.7500,623.5300,266.8300
629.3700,209.1800,647.1100,210.5500,642.5500,269.8100,624.8100,268.4500
628.3600,209.2700,646.7200,210.4200,643.0200,269.6900,624.6500,268.5400
629.1300,208.3300,646.0400,210.0400,639.9100,270.9300,623.0000,269.2300
629.4800,207.8800,647.3000,209.9800,640.1200,270.9600,622.3100,268.8600
628.5100,208.2800,645.8600,209.7300,640.6800,271.7800,623.3300,270.3300
628.4000,208.3800,644.5000,209.5000,640.1300,272.5900,624.0300,271.4700
627.7600,208.0800,645.6400,209.7500,639.7500,272.8200,621.8600,271.1500
627.9000,208.0800,645.6600,209.7000,639.9900,272.0900,622.2300,270.4800
627.7300,208.0100,645.5100,209.5700,639.9300,272.7900,622.1600,271.2200
626.8400,208.9300,642.5000,209.5100,640.1600,272.5800,624.5000,272.0000
626.4500,208.6300,642.3600,209.0700,640.6000,272.1800,624.7000,271.7400
628.0600,207.3500,644.9100,208.9300,638.9200,272.8400,622.0700,271.2600
627.4000,207.4600,644.2400,208.6600,639.6600,272.6900,622.8200,271.4900
625.0000,208.0000,642.0000,208.0000,642.0000,272.0000,625.0000,272.0000
627.1900,207.2300,644.0100,208.5500,638.9400,272.7100,622.1300,271.3800
624.8800,208.2400,641.1300,208.3000,640.8800,272.5400,624.6300,272.4700
624.4900,207.3600,641.1800,207.4500,640.8500,271.4200,624.1600,271.3300
626.0600,207.2500,642.0700,207.7900,639.8700,272.3400,623.8700,271.8000
625.6700,207.2800,641.3900,207.8300,639.1300,272.2600,623.4100,271.7000
625.0000,207.0000,641.0000,207.0000,641.0000,271.0000,625.0000,271.0000
625.0000,207.0000,641.0000,207.0000,641.0000,272.0000,625.0000,272.0000
625.0000,207.0000,641.0000,207.0000,641.0000,272.0000,625.0000,272.0000
625.0000,207.0000,641.0000,207.0000,641.0000,272.0000,625.0000,272.0000
625.3100,206.8600,640.9300,206.8800,640.8700,272.7700,625.2600,272.7500
625.0700,206.5800,641.3100,207.1500,638.9900,273.3200,622.7500,272.7500
625.1000,205.5600,641.3500,206.2100,638.7900,270.3500,622.5300,269.7000
625.0500,205.5800,641.3400,206.2100,638.8300,271.3800,622.5500,270.7500
623.7800,204.8000,639.6000,205.0700,638.4900,271.4900,622.6700,271.2300
623.2500,204.9500,639.0300,204.9500,639.0300,264.0300,623.2500,264.0300
622.1800,204.3900,639.1200,204.4500,638.9000,263.4700,621.9700,263.4100
622.0200,204.5300,639.0100,204.5300,638.9900,264.4900,622.0000,264.4900
625.1200,204.8100,640.8500,205.9700,636.4200,266.5000,620.6800,265.3500
625.5300,203.8500,643.0300,205.9700,635.8700,265.0800,618.3700,262.9500
625.3800,203.0800,643.1200,205.2300,635.8700,265.0800,618.1300,262.9200
621.0600,203.4800,638.0600,203.5100,637.9600,263.5400,620.9600,263.5100
623.0500,204.2100,638.4300,204.8700,635.7900,266.4500,620.4100,265.7900
622.0500,203.1700,638.3400,203.8400,635.8200,264.6200,619.5300,263.9400
624.2800,202.0900,642.0400,204.1800,634.8800,265.0400,617.1200,262.9600
620.3400,202.6200,637.2200,202.7300,636.8200,264.2800,619.9400,264.1700
620.3300,202.8500,636.9300,202.8700,636.8500,264.0800,620.2600,264.0600
620.4700,202.0100,635.9200,201.7800,636.8400,264.8900,621.3900,265.1100
621.3400,201.5500,636.4000,202.1200,633.9700,266.9400,618.9200,266.3800
621.8700,200.9100,639.0200,202.5900,632.9100,264.8700,615.7700,263.1900
628.6500,198.7100,646.6000,206.3500,626.6900,253.1000,608.7400,245.4600
632.5100,197.2900,655.4600,211.3400,624.1300,262.5400,601.1800,248.4900
633.1500,194.2200,658.8900,212.5100,622.6500,263.5400,596.9000,245.2500
638.5700,194.8500,661.5300,214.5900,621.4800,261.1700,598.5200,241.4300
643.7100,194.6900,664.6200,217.7400,619.8500,258.3200,598.9500,235.2700
644.5300,195.3600,664.1900,216.6100,620.6400,256.9300,600.9700,235.6900
645.9800,194.4400,664.2500,216.5100,621.0500,252.2700,602.7800,230.2000
646.0600,195.0800,664.8600,216.6400,623.3200,252.8600,604.5200,231.3000
644.1100,193.3300,666.3100,216.8800,624.2000,256.5800,602.0000,233.0300
647.5500,193.3500,666.4400,216.1500,622.6600,252.4200,603.7700,229.6200
648.0700,193.7600,665.3000,215.6300,621.8000,249.9000,604.5700,228.0300
645.9400,192.9700,664.0200,213.6500,622.6400,249.8100,604.5700,229.1300
645.2300,193.0000,665.2900,215.0000,623.5800,253.0300,603.5200,231.0200
643.0800,191.6700,664.9200,214.2100,624.3400,253.5100,602.5100,230.9800
642.0800,191.8500,661.9700,211.3800,623.5200,250.5400,603.6300,231.0000
637.8600,192.8000,657.1400,208.5900,625.0200,247.8200,605.7400,232.0300
626.6800,195.1800,645.4600,200.3100,632.2600,248.7100,613.4800,243.5800
612.1900,199.8900,632.1900,192.3200,650.7000,241.2100,630.7000,248.7800
598.6300,212.0200,615.0300,190.9200,656.5700,223.2100,640.1700,244.3100
590.9400,214.3000,607.3500,188.2000,660.7900,221.7800,644.3900,247.8900
588.9200,211.3100,606.8200,185.3300,662.6400,223.7700,644.7400,249.7600
586.2200,211.0400,605.5700,183.9000,662.1100,224.2200,642.7500,251.3600
585.9700,210.7900,606.2400,183.1900,663.6400,225.3600,643.3700,252.9600
586.6200,210.2000,606.3500,183.2600,662.5000,224.4000,642.7600,251.3300
585.5500,209.5500,604.9800,182.4400,662.7600,223.8700,643.3300,250.9700
585.4700,209.6800,602.9900,183.1500,660.1100,220.8900,642.6000,247.4100
584.4400,209.9400,608.1900,180.4000,664.2900,225.5100,640.5500,255.0500
584.5800,208.6800,603.8000,181.5900,660.4100,221.7600,641.1900,248.8500
584.7600,208.5000,604.1500,181.5000,660.3500,221.8500,640.9600,248.8500
585.0500,207.9800,604.9100,181.4500,658.9400,221.8800,639.0900,248.4200
584.1900,207.7400,603.9200,180.8000,659.1800,221.2700,639.4500,248.2100
583.8900,206.2900,605.1200,180.3000,659.6200,224.8100,638.4000,250.8100
583.3300,205.3800,603.4900,179.6030,658.8900,222.9200,638.7300,248.7000
583.6300,205.9400,601.0200,180.4100,656.4900,218.2000,639.1000,243.7200
582.3000,204.9400,603.9700,178.9770,658.2900,224.3100,636.6200,250.2700
582.6500,206.8300,598.1400,181.6600,653.9300,215.9700,638.4500,241.1500
580.8800,205.5700,596.9400,180.5500,654.2700,217.3500,638.2100,242.3600
581.8500,203.8500,604.4500,178.3500,657.9400,225.7600,635.3300,251.2600
581.0600,204.2800,598.1000,179.6430,654.2900,218.4900,637.2600,243.1300
581.7500,204.5200,601.3100,179.2040,654.7600,220.4800,635.2100,245.8000
580.6000,203.1500,604.2200,177.8180,656.7300,226.7700,633.1200,252.1100
583.3800,201.7200,609.0500,178.3220,656.1600,229.9900,630.4900,253.3900
588.0500,199.8600,609.7500,180.8000,652.2700,229.2100,630.5700,248.2700
599.3500,190.1400,618.1700,182.8700,642.5400,246.0100,623.7200,253.2700
609.0000,187.0000,625.0000,187.0000,625.0000,257.0000,609.0000,257.0000
614.0200,183.7100,637.5500,191.2200,618.0600,252.3100,594.5300,244.8000
617.5500,180.0500,644.1200,193.2000,614.0100,254.0600,587.4300,240.9100
621.0900,178.6710,647.7500,195.1300,610.5600,255.3700,583.9000,238.9100
620.5900,179.4220,646.7300,196.7600,611.6600,249.6300,585.5200,232.2900
621.6700,179.2340,647.4200,197.9100,609.8400,249.7200,584.0900,231.0400
620.1600,180.0300,646.2200,197.8400,610.2900,250.4100,584.2400,232.6000
621.1800,179.9110,644.0300,197.5300,607.4900,244.9300,584.6400,227.3100
618.8700,179.1850,643.9700,197.1100,608.1300,247.3000,583.0300,229.3800
620.0300,180.1600,642.0200,196.6800,606.0600,244.5500,584.0700,228.0200
618.6100,179.8640,642.4700,196.7000,607.2600,246.5900,583.4000,229.7500
618.2500,179.6710,640.8700,195.4500,605.3600,246.3500,582.7400,230.5700
614.3600,179.3490,643.9500,197.6000,609.1700,253.9600,579.5900,235.7000
617.1300,179.8800,640.5600,196.8600,605.5500,245.1600,582.1300,228.1800
617.3800,180.1500,639.5900,196.9200,606.1300,241.2300,583.9200,224.4500
615.3400,180.2800,640.2700,195.9900,607.2400,248.4200,582.3100,232.7100
613.1400,180.3900,638.9400,195.0100,607.7100,250.1500,581.9100,235.5300
611.8100,180.6100,638.7000,194.3400,609.8000,250.9600,582.9100,237.2400
612.3300,179.9390,639.8600,195.3300,608.0100,252.2700,580.4900,236.8700
612.1200,180.3100,639.1000,195.6300,607.6000,251.0900,580.6200,235.7600
610.2900,179.7250,641.1800,196.1200,609.4900,255.8500,578.5900,239.4600
611.7700,180.7900,638.7000,195.0900,608.0900,252.7100,581.1700,238.4100
611.3700,180.4900,638.4300,195.4000,607.5400,251.4800,580.4800,236.5700
611.5600,180.4600,638.0900,194.7600,607.9500,250.6700,581.4300,236.3800
608.3500,180.7300,634.0300,191.3200,608.6100,252.9700,582.9400,242.3900
609.3900,182.2400,636.2800,193.8500,609.6400,255.5400,582.7500,243.9300
609.8600,181.8300,634.6700,193.1900,607.6000,252.3100,582.7900,240.9400
606.7400,184.1400,625.6600,189.3800,609.2700,248.6200,590.3400,243.3800
600.3800,186.6400,616.7800,185.0500,622.7300,246.5700,606.3400,248.1600
581.0200,199.3100,602.8500,180.7900,638.6000,222.9200,616.7700,241.4400
573.0400,201.9800,594.5800,178.0690,643.2300,221.8800,621.7000,245.7900
567.4100,204.6000,586.9800,177.3970,644.7600,218.9700,625.1900,246.1700
565.6700,208.2600,582.6700,178.8370,645.8300,215.3200,628.8400,244.7400
565.8000,208.9300,581.5700,180.0200,644.6600,214.4300,628.8900,243.3400
565.5700,209.2400,582.1000,179.5430,645.9300,215.0900,629.3900,244.7800
567.6700,208.5400,584.5600,180.3100,646.7700,217.5300,629.8800,245.7500
568.2800,208.0500,587.5700,178.7010,647.6700,218.2100,628.3700,247.5600
568.8600,208.5300,589.7300,179.0260,648.9000,220.8900,628.0400,250.3900
569.8700,207.4300,591.6700,178.1750,649.4700,221.2500,627.6700,250.5000
569.5500,209.2300,591.5900,178.8420,649.6400,220.9400,627.6000,251.3300
569.5300,209.3100,590.9900,179.1090,650.0100,221.0500,628.5400,251.2600
569.5300,208.8200,593.8800,178.1500,653.7500,225.6800,629.4000,256.3400
581.2600,183.4600,646.1800,212.4100,633.8500,240.0600,568.9300,211.1100
570.2200,209.1100,592.8900,178.9880,652.1700,223.6000,629.5000,253.7200
571.8300,208.8700,595.1500,179.3160,652.0100,224.1800,628.6900,253.7300
570.4100,210.2800,593.1300,180.2800,651.5700,224.5600,628.8400,254.5500
573.6400,209.1200,592.9200,181.5400,651.2500,222.3000,631.9800,249.8900
572.9600,212.1900,591.4900,182.3800,651.3000,219.5700,632.7700,249.3800
573.9500,210.0000,595.8600,180.1700,653.6800,222.6400,631.7700,252.4800
573.8600,210.8400,594.1000,181.7000,652.8300,222.4800,632.5900,251.6200
576.1100,211.1000,588.6500,185.6200,649.9500,215.7900,637.4200,241.2700
588.9100,185.2900,649.8500,215.9100,636.3800,242.7200,575.4400,212.1000
576.2700,211.6600,599.9200,181.7900,656.5300,226.6000,632.8800,256.4700
577.5200,211.0000,599.6700,182.4500,656.8700,226.8300,634.7200,255.3800
577.1200,211.4000,599.2400,182.9300,656.9300,227.7400,634.8200,256.2100
577.9300,212.2400,600.8800,182.5400,657.9800,226.6700,635.0300,256.3700
578.8800,212.5500,601.8600,183.5200,659.1400,228.8500,636.1600,257.8800
581.2900,212.0800,606.3600,182.6900,660.7000,229.0600,635.6200,258.4500
583.5000,210.3900,607.4600,183.4400,661.3000,231.3100,637.3400,258.2600
580.9500,214.1900,609.4500,181.9700,666.4300,232.3800,637.9300,264.6000
581.3900,213.9500,607.2200,183.3800,665.1400,232.3200,639.3000,262.9000
581.9200,215.9400,609.8500,184.1200,668.1100,235.2600,640.1900,267.0800
604.1900,187.5100,665.2400,229.4700,646.3900,256.8900,585.3400,214.9200
586.0400,214.8800,607.0900,187.0500,665.6600,231.3500,644.6100,259.1800
588.8100,211.6600,611.8700,185.8400,667.8300,235.8100,644.7700,261.6300
585.9400,216.0500,606.4800,188.2300,666.2200,232.3200,645.6900,260.1500
584.8100,217.1300,607.9800,187.0300,668.0500,233.2800,644.8800,263.3800
583.6200,218.9100,607.5900,187.1800,668.4000,233.1300,644.4200,264.8600
584.0600,220.0400,607.2000,188.1000,667.5400,231.8000,644.4000,263.7400
584.5000,220.0000,606.2900,188.9400,666.8000,231.4000,645.0000,262.4500
586.4500,218.9400,607.1500,189.2300,666.6600,230.6900,645.9600,260.4000
585.5900,218.4000,610.8800,187.5600,670.2800,236.2600,645.0000,267.1000
587.4100,219.4100,608.5300,190.2200,667.9600,233.2200,646.8400,262.4100
586.4500,219.8700,606.7000,190.5600,668.3200,233.1400,648.0800,262.4400
588.1800,219.0400,611.7700,189.0900,670.1500,235.0800,646.5500,265.0300
586.9000,220.9700,607.8300,191.0700,668.1400,233.3000,647.2000,263.2000
589.4900,220.8600,607.4100,192.5500,668.1200,230.9700,650.2000,259.2800
587.3400,221.7000,607.6700,191.9100,669.2400,233.9300,648.9100,263.7200
589.7900,220.9200,612.9300,190.9700,670.2800,235.2600,647.1300,265.2200
590.7100,220.8600,612.4600,191.4400,671.3100,234.9600,649.5600,264.3700
590.0400,221.9300,610.1800,191.8400,671.4100,232.8400,651.2700,262.9200
591.4600,222.7400,610.9100,193.2000,670.7200,232.5700,651.2700,262.1200
591.4600,224.2200,609.8200,193.6500,670.1100,229.8400,651.7500,260.4200
593.7700,222.6700,613.8600,193.2300,673.2700,233.7900,653.1800,263.2200
596.3200,220.3700,613.5900,194.5800,671.0700,233.1000,653.8000,258.8800
595.0600,221.9600,613.7400,193.9100,673.2700,233.5600,654.5800,261.6100
594.6700,223.4000,615.8000,193.7600,674.9100,235.8800,653.7800,265.5200
595.6700,224.9200,614.5700,195.5000,674.4500,233.9600,655.5400,263.3900
597.0500,224.1600,615.1300,195.3500,674.1000,232.3500,656.0200,261.1600
625.9400,195.0500,676.9100,242.8500,655.1300,266.0600,604.1700,218.2700
599.5600,224.1300,618.6000,195.8000,676.9200,235.0100,657.8800,263.3400
599.3000,224.7300,622.1700,194.6500,679.0800,237.9100,656.2100,267.9900
599.8700,224.6900,621.9000,193.7300,680.3000,235.2900,658.2700,266.2600
601.2600,225.9700,620.9200,196.1200,680.4900,235.3500,660.8300,265.2000
601.8900,225.1400,624.3700,194.8300,681.2600,237.0200,658.7800,267.3300
604.0900,222.8200,615.1500,198.5700,677.2700,226.9000,666.2100,251.1500
608.1800,221.3900,626.6400,195.5900,680.0300,233.8100,661.5700,259.6100
621.3600,215.0200,639.3900,199.6800,675.7700,242.4300,657.7500,257.7800
639.8900,205.4300,658.4200,203.4800,663.6700,253.4000,645.1400,255.3500
645.6100,200.4200,663.0800,204.3500,652.2600,252.5200,634.7900,248.5900
653.2100,198.6800,672.5800,209.8400,648.6000,251.4300,629.2400,240.2700
655.0400,197.1200,677.3900,211.7900,647.0600,258.0100,624.7100,243.3400
652.9100,198.0400,674.2500,208.9700,648.8700,258.5000,627.5300,247.5700
653.7800,198.3800,673.8800,208.1500,648.5200,260.3100,628.4300,250.5400
655.9400,197.1900,677.6500,210.3200,648.5000,258.5200,626.7900,245.3900
656.0200,198.1300,674.8800,209.2000,651.2600,249.4400,632.4000,238.3700
654.8900,197.8600,678.1400,210.7100,650.4100,260.8800,627.1600,248.0400
656.2900,198.8000,676.1100,210.2300,650.4600,254.7300,630.6400,243.3000
655.9600,198.3800,676.2800,209.5100,650.3500,256.8500,630.0300,245.7300
657.1400,198.4800,676.4800,210.3200,651.8200,250.6400,632.4700,238.8000
655.6400,198.3200,678.9200,210.9000,652.8400,259.1500,629.5600,246.5700
658.0200,198.7800,678.0600,210.2200,650.6600,258.2300,630.6200,246.7900
657.4600,199.4400,678.2900,210.2200,652.5500,259.9700,631.7200,249.2000
656.1900,199.0100,677.4700,208.6600,653.5900,261.3100,632.3200,251.6600
657.0800,198.8300,678.7000,209.0700,655.0600,258.9800,633.4400,248.7400
659.2800,198.8300,678.3000,209.1800,653.4300,254.8900,634.4200,244.5400
655.2000,199.2800,673.2500,204.2900,658.6100,257.0000,640.5600,251.9900
648.5100,202.5800,666.3100,201.0300,670.9000,253.8800,653.0900,255.4300
627.8600,215.5900,649.5400,195.2200,690.4300,238.7500,668.7500,259.1200
617.2700,221.0400,637.1400,192.4000,694.5700,232.2400,674.7000,260.8800
616.8200,222.4500,631.7800,194.9100,694.9900,229.2400,680.0400,256.7800
616.4200,223.7500,630.9400,195.2700,696.6200,228.7600,682.1000,257.2500
617.9600,223.5300,630.3000,196.3700,695.4800,225.9600,683.1500,253.1300
616.9300,222.0700,631.6900,193.8000,697.5100,228.1700,682.7500,256.4400
618.9600,221.3500,632.0100,195.2300,696.0200,227.2200,682.9700,253.3300
619.3500,219.7600,633.5500,193.4100,697.5800,227.9000,683.3900,254.2500
621.4000,220.0300,634.4800,194.0600,697.8400,225.9800,684.7600,251.9500
620.3700,221.8100,633.5900,193.8900,696.2200,223.5500,682.9900,251.4700
619.8800,221.2800,633.2300,193.8500,697.7200,225.2300,684.3800,252.6600
622.1500,218.7900,635.5600,193.0100,697.0200,224.9600,683.6200,250.7400
620.3100,219.8700,634.4100,192.4700,698.1000,225.2300,684.0100,252.6300
621.2000,219.5700,636.2600,192.0600,698.2200,225.9600,683.1700,253.4800
623.4800,217.7300,636.9000,192.8800,697.6700,225.6800,684.2500,250.5400
620.1300,220.0900,634.4100,192.4500,698.6600,225.6300,684.3900,253.2700
620.3800,219.6800,634.9800,192.0000,698.8300,225.6900,684.2300,253.3700
621.8200,219.9200,635.8100,193.0600,696.6900,224.7800,682.7000,251.6500
623.7600,217.0700,638.8300,191.8100,697.7400,226.9400,682.6700,252.2000
620.4200,221.2200,634.5300,192.5100,699.5500,224.4700,685.4400,253.1800
620.7100,219.4000,635.5700,191.6000,698.3600,225.1500,683.5000,252.9500
622.0800,218.2800,637.0000,191.4300,698.3200,225.4900,683.4000,252.3400
623.0600,216.7400,637.7200,191.2000,697.3800,225.4700,682.7100,251.0100
630.6600,213.4900,647.3800,191.9100,693.8100,227.8700,677.1000,249.4500
646.4800,201.7100,666.1000,194.6700,684.8300,246.9000,665.2100,253.9400
658.9900,195.2000,678.0500,199.8600,667.3700,243.4900,648.3100,238.8300
670.5600,191.6400,694.6300,211.3400,658.5000,255.5000,634.4300,235.8100
677.3300,190.9500,697.6300,213.8000,653.3800,253.1100,633.0700,230.2600
675.5500,189.4500,697.8100,210.9500,652.1800,258.2000,629.9100,236.7100
674.5700,190.6000,696.9000,212.1500,654.3100,256.2700,631.9900,234.7200
675.3800,191.1800,696.4500,211.9000,653.0400,256.0500,631.9700,235.3200
672.4200,190.6000,695.5300,211.3700,653.4900,258.1400,630.3900,237.3700
671.3600,190.4900,695.9300,211.7800,654.8400,259.2300,630.2600,237.9500
670.6900,190.3800,694.3000,210.3600,654.3700,257.5600,630.7600,237.5800
670.5400,190.3200,694.1300,210.6000,653.4900,257.8600,629.9000,237.5900
670.2900,190.3100,693.8900,209.8600,653.8600,258.2100,630.2600,238.6600
670.1600,190.3700,693.8600,209.7700,653.7700,258.7400,630.0700,239.3500
670.1800,190.3600,693.7900,209.8300,654.3500,257.6400,630.7400,238.1600
669.9200,190.2000,693.6500,209.7800,654.3500,257.4400,630.6100,237.8700
669.3200,190.4400,693.5100,209.8700,654.7200,258.1700,630.5300,238.7400
670.1500,190.2300,693.8400,209.7300,654.2200,257.8700,630.5300,238.3700
670.1500,190.6300,693.5100,209.7200,654.3900,257.5800,631.0300,238.4900
669.4600,190.2800,693.7500,209.1900,655.6100,258.1600,631.3200,239.2500
669.0400,190.1900,693.4800,209.2200,655.3300,258.2100,630.9000,239.1800
670.1700,190.3800,694.0200,209.8400,654.8700,257.8100,631.0200,238.3400
669.8300,190.5300,692.8900,208.3900,655.3900,256.7900,632.3300,238.9300
669.0900,190.1300,693.4700,208.6500,656.2100,257.6800,631.8400,239.1600
671.9600,190.5700,694.8700,210.8400,653.9000,257.1400,630.9900,236.8700
670.0500,190.5300,693.1100,208.4700,655.5300,256.8000,632.4700,238.8600
669.6900,189.7900,693.4300,208.3500,655.3500,257.0600,631.6100,238.4900
670.8300,189.5200,694.6700,208.7100,655.3800,257.5000,631.5500,238.3100
671.8200,189.2600,695.5200,208.2800,655.6500,257.9400,631.9600,238.9100
674.6900,188.8800,697.6100,210.1000,654.0300,257.1800,631.1100,235.9700
677.6000,188.1400,702.4600,213.6600,654.3700,260.5100,629.5100,234.9900
688.8700,191.2100,703.7200,215.8300,647.2900,249.8500,632.4500,225.2400
689.9700,191.0800,705.5500,215.8700,648.4700,251.7400,632.9000,226.9500
689.0300,190.7800,705.5100,216.1500,649.5200,252.5200,633.0400,227.1400
691.2500,191.2600,706.0800,215.0800,649.6200,250.2400,634.7900,226.4100
690.0600,190.6300,706.4100,215.4100,651.8700,251.3900,635.5300,226.6100
691.8600,190.2700,707.7900,215.7000,652.3500,250.4400,636.4200,225.0100
692.6500,189.9000,709.2400,215.2300,654.6100,251.0000,638.0300,225.6800
695.0600,189.9700,710.4200,214.6300,653.4200,250.1200,638.0600,225.4600
693.6000,189.9000,710.3600,214.8300,655.1000,251.9900,638.3300,227.0600
696.8200,190.9700,711.8400,217.0600,655.0600,249.7400,640.0500,223.6500
695.3200,189.4300,710.8400,213.1500,656.6100,248.6300,641.0900,224.9100
697.2200,189.3400,713.1900,213.6700,658.5400,249.5400,642.5700,225.2100
696.4500,189.5400,712.6000,214.1200,657.8600,250.0800,641.7100,225.5100
697.8400,189.8300,713.8000,215.2500,658.8500,249.7500,642.8900,224.3300
696.9300,189.4300,713.4800,214.3600,659.1500,250.4300,642.6000,225.5000
697.1000,190.0800,713.1200,214.7900,659.1400,249.7800,643.1200,225.0600
696.0600,189.1300,713.6300,214.4800,660.1300,251.5600,642.5600,226.2000
697.3800,189.2200,713.6800,213.9700,659.0100,249.9800,642.7100,225.2200
696.4900,188.4900,713.4100,213.0800,659.5000,250.1600,642.5900,225.5700
698.0500,188.8200,714.3000,213.9000,659.0600,249.6900,642.8000,224.6100
696.2000,188.9800,713.0200,213.7500,659.1500,250.3400,642.3300,225.5700
696.8300,188.4500,713.4200,213.0500,659.4500,249.4400,642.8600,224.8400
691.1200,188.5700,710.4000,212.1200,663.3300,250.6400,644.0600,227.0900
677.2600,190.2500,698.8900,201.5700,672.6500,251.7000,651.0200,240.3800
667.4400,195.2900,683.7300,194.2400,687.1900,248.0200,670.9100,249.0700
646.7900,208.1900,666.1400,190.2800,705.0200,232.2700,685.6700,250.1900
637.5800,212.1000,652.9300,186.7700,707.3700,219.7500,692.0300,245.0800
635.4700,211.5400,651.0800,185.2300,709.6600,219.9900,694.0500,246.3000
634.9100,212.2900,653.5700,184.2300,711.2800,222.6100,692.6300,250.6700
635.8400,210.9100,655.1100,183.0000,712.2600,222.4600,692.9900,250.3700
636.2900,210.5700,656.0200,182.9000,712.6000,223.2600,692.8700,250.9200
637.6000,209.8700,656.8000,182.9500,712.2100,222.4700,693.0100,249.3900
637.9500,210.3400,657.5200,182.7900,712.9500,222.1600,693.3800,249.7100
637.0800,209.4300,657.1600,182.0700,712.6000,222.7800,692.5100,250.1400
653.7600,183.8300,711.4000,218.9100,694.8400,246.1300,637.2000,211.0500
637.0600,208.4800,658.0200,181.3200,713.6000,224.2100,692.6400,251.3700
636.1300,209.2700,655.9000,181.6800,714.2000,223.4400,694.4300,251.0300
636.6500,210.1300,655.4500,182.1900,714.1100,221.6700,695.3200,249.6000
635.3600,211.2300,650.1500,184.2200,711.8000,218.0000,697.0100,245.0100
634.2900,212.2300,654.6800,182.4500,714.6400,223.5000,694.2500,253.2800
633.6500,212.1300,649.6800,184.1100,713.6400,220.7200,697.6100,248.7300
632.4600,212.8400,648.7200,184.2900,713.1300,220.9800,696.8700,249.5300
631.7800,213.2300,647.7500,184.4700,711.9000,220.0900,695.9300,248.8500
631.3600,212.1000,647.1500,184.3300,711.5200,220.9200,695.7300,248.6900
630.4200,211.7100,646.2400,184.0500,710.8400,221.0000,695.0200,248.6600
630.3500,211.7300,652.2500,181.8800,711.7900,225.5500,689.9000,255.4100
630.1700,212.4300,651.9200,182.7200,711.3900,226.2500,689.6500,255.9600
628.9400,212.9700,653.3800,181.8300,710.9200,226.9900,686.4800,258.1300
628.3500,213.8100,653.5100,182.2500,710.6800,227.8300,685.5200,259.3900
627.9100,213.1400,653.8100,181.3400,710.2900,227.3300,684.3900,259.1300
626.8700,214.6300,653.1200,182.0300,709.9300,227.7600,683.6800,260.3600
627.1300,215.1900,644.9300,184.0700,707.4900,219.8600,689.6800,250.9800
628.5400,214.1700,645.8800,184.4100,706.9800,220.0000,689.6500,249.7600
628.3600,213.0500,654.5400,182.0700,711.8100,230.4700,685.6300,261.4400
627.6600,213.7600,647.8500,183.3200,708.7700,223.7200,688.5800,254.1600
629.7200,212.7800,648.8000,184.1100,708.0300,223.5300,688.9400,252.2000
628.0200,212.3000,651.9300,181.6300,710.0300,226.9400,686.1200,257.6000
629.7900,210.1400,652.1300,181.4200,709.9300,226.3800,687.5900,255.1000
638.2800,204.3400,657.0500,183.1900,703.5600,224.4700,684.7800,245.6200
657.9100,191.8500,674.4500,187.3600,689.3000,242.0700,672.7500,246.5600
667.2200,185.8900,686.1200,189.6700,675.4200,243.1800,656.5300,239.4000
673.5300,183.3600,696.5400,195.5100,670.5000,244.8500,647.4900,232.7000
675.1800,183.1200,696.6000,195.8000,666.3700,246.8600,644.9500,234.1800
675.8300,183.3000,695.4400,195.9200,666.3100,241.1900,646.7000,228.5800
674.6700,183.3400,694.7000,196.2200,665.3900,241.8200,645.3600,228.9400
674.3000,182.9300,694.3900,196.0600,663.8200,242.8800,643.7200,229.7500
673.6700,182.8200,694.3300,195.3500,665.3800,243.0800,644.7200,230.5500
673.4400,182.7000,695.5700,196.8400,665.2300,244.3400,643.0900,230.2000
672.9700,182.8800,692.6700,195.2900,663.3200,241.9000,643.6200,229.5000
671.7000,183.8200,690.8500,195.0300,663.3000,242.1000,644.1500,230.8900
666.1000,184.7200,684.5400,191.2200,666.7400,241.7300,648.2900,235.2300
652.1100,189.2200,670.2000,185.1800,681.4500,235.5400,663.3500,239.5800
633.7600,201.4500,656.2700,180.8600,697.1500,225.5700,674.6300,246.1600
623.7000,204.7100,642.1900,178.9240,698.4400,219.2700,679.9400,245.0600
620.3200,208.0900,634.9000,181.3700,699.3800,216.5500,684.8000,243.2700
621.2500,209.7400,635.3400,182.8900,699.8200,216.7400,685.7300,243.5800
621.2300,209.7700,638.0200,181.5000,701.8500,219.4100,685.0700,247.6700
620.3400,209.6400,637.5800,180.4600,701.7300,218.3700,684.4900,247.5500
621.8100,207.7800,636.9200,180.6800,700.7400,216.2700,685.6300,243.3700
620.4300,207.4800,635.5600,180.5400,700.9100,217.2300,685.7800,244.1800
622.4800,208.2200,637.8100,180.8600,699.0900,215.2100,683.7700,242.5600
621.7100,208.4100,638.4700,180.0200,699.1100,215.8300,682.3600,244.2100
620.9600,208.4800,636.6600,180.3500,699.7700,215.5900,684.0700,243.7200
621.1600,208.7900,642.6000,178.3550,702.4300,220.5100,680.9900,250.9400
621.1000,208.6700,640.6400,179.1960,700.5700,218.9400,681.0200,248.4100
620.1600,208.4900,639.8000,178.5760,700.5400,218.4500,680.9000,248.3600
621.5200,208.0200,641.4200,178.6980,701.7300,219.6400,681.8300,248.9600
620.2700,208.6800,639.8100,178.2150,701.5200,217.7800,681.9900,248.2400
621.3200,206.8600,640.5900,179.0620,699.9300,220.1800,680.6600,247.9800
621.7000,205.3900,640.9200,178.5630,698.8700,220.0800,679.6600,246.9100
629.1700,202.0400,649.8900,179.4540,699.0000,224.5200,678.2800,247.1100
646.7600,188.7200,663.6500,183.1500,682.2400,239.5300,665.3500,245.1000
657.3900,185.5300,676.3000,188.4800,667.7400,243.2800,648.8200,240.3200
668.1900,181.7400,690.0700,197.2900,658.1900,242.1400,636.3100,226.5800
671.9500,179.8560,693.1900,198.0300,655.9300,241.6000,634.6800,223.4300
674.4600,179.2360,696.6400,200.1400,654.7900,244.5200,632.6200,223.6100
673.3200,179.4640,696.2400,200.4700,654.9400,245.5200,632.0200,224.5200
674.1900,179.9490,694.1900,198.5800,654.0300,241.6900,634.0300,223.0600
673.3100,179.6750,693.7500,197.9700,655.0400,241.2200,634.6000,222.9200
674.3800,179.8610,693.6000,198.6100,652.6300,240.6200,633.4000,221.8600
672.7300,180.0800,692.7400,197.7900,653.5000,242.1100,633.4900,224.4000
672.6700,179.9270,693.6100,198.3200,654.4500,242.9100,633.5000,224.5100
672.2600,180.1500,693.3400,198.4200,653.9100,243.9200,632.8300,225.6500
671.3400,178.8410,693.9900,197.6000,655.3100,244.2900,632.6600,225.5300
673.3800,179.7720,694.4000,199.4600,652.7000,244.0000,631.6700,224.3100
671.2600,179.2590,693.7700,197.6400,655.4900,244.5200,632.9800,226.1400
671.3900,179.2410,693.3600,198.1000,654.7900,243.0200,632.8300,224.1700
671.0500,179.0950,693.5000,197.1900,655.5000,244.3200,633.0500,226.2200
670.8400,179.2290,693.2100,197.1700,655.5800,244.0700,633.2200,226.1300
670.6900,178.6300,693.3400,197.0700,655.8400,243.1300,633.1900,224.7000
670.9500,178.8900,693.0700,197.0500,655.6200,242.6600,633.5000,224.4900
671.3600,179.3080,693.2700,198.4000,655.2200,242.0600,633.3100,222.9600
672.9600,180.5400,693.2100,198.3900,655.3900,241.2900,635.1400,223.4400
670.0800,179.1770,694.6600,198.2900,658.7500,244.4700,634.1700,225.3500
669.6300,179.2070,692.1600,195.3300,658.7700,242.0000,636.2400,225.8800
670.9400,180.1000,690.1500,195.3900,662.1600,230.5600,642.9500,215.2800
656.3400,183.3400,673.1800,183.5700,672.4200,240.4300,655.5800,240.2000
641.6000,193.1900,665.7500,179.5360,693.1000,227.9100,668.9500,241.5700
632.4300,200.9000,650.7100,178.2870,698.9400,217.2600,680.6700,239.8800
629.3200,201.9000,645.9200,177.6900,701.6100,215.8700,685.0100,240.0800
627.7600,202.4400,645.9800,176.9630,702.2200,217.1900,684.0000,242.6700
626.2700,204.9800,642.6600,178.0530,703.0700,214.8100,686.6800,241.7400
625.0800,206.5700,640.5000,178.3430,703.6400,212.8200,688.2300,241.0500
625.5200,206.3200,641.4800,177.8730,704.0600,212.9800,688.1000,241.4200
626.0600,206.1300,642.7500,177.7550,704.7600,214.2400,688.0700,242.6100
625.6900,205.0800,642.1000,177.2020,704.1800,213.7600,687.7700,241.6400
625.9000,204.3400,642.0500,177.2800,704.1900,214.3700,688.0400,241.4300
626.9600,205.0500,642.1300,178.0760,704.9000,213.3800,689.7300,240.3600
626.2000,206.0000,641.6900,178.2460,704.6100,213.3500,689.1200,241.1100
625.8600,204.6900,641.8000,177.2690,705.4000,214.2300,689.4700,241.6500
625.6100,206.1600,640.8700,178.5930,704.1700,213.6300,688.9200,241.2000
625.7000,206.1500,641.0400,178.5520,704.9400,214.0700,689.6000,241.6700
625.4800,206.6100,640.9600,178.7300,705.1300,214.3700,689.6400,242.2500
625.0900,207.3000,641.1800,178.9170,705.4400,215.3600,689.3500,243.7300
623.9700,206.6900,640.4000,178.0790,705.4400,215.4300,689.0100,244.0400
624.5300,205.6400,639.0900,179.0500,703.4500,214.3000,688.8900,240.8900
623.5100,206.7200,638.2600,179.2160,702.9500,213.9000,688.2100,241.4000
623.7300,208.9200,638.1800,180.3400,701.1900,212.2000,686.7400,240.7800
620.8700,208.1400,638.1500,177.9890,703.2200,215.2900,685.9400,245.4400
621.1500,205.0700,636.2300,177.6790,700.7000,213.1600,685.6300,240.5500
624.5100,203.0400,642.7500,176.5470,699.2300,215.4200,680.9900,241.9200
636.2700,196.9400,655.1700,179.3860,693.1400,220.2800,674.2400,237.8300
650.1100,185.6400,666.0300,181.2300,680.3500,232.8800,664.4300,237.3000
657.0000,183.0000,671.0000,183.0000,671.0000,236.0000,657.0000,236.0000
656.0000,183.0000,671.0000,183.0000,671.0000,232.0000,656.0000,232.0000
654.4900,182.3600,670.2700,182.4800,669.8700,232.4200,654.0900,232.2900
658.7500,181.2200,675.0600,183.5500,667.8100,234.3400,651.5100,232.0200
658.8000,181.2500,674.6100,183.4800,667.5700,233.4300,651.7600,231.2000
658.6700,181.6200,674.3800,183.7200,667.7600,233.3400,652.0500,231.2400
656.4500,181.5000,672.5100,182.2600,670.1200,232.5800,654.0600,231.8100
657.7600,180.3700,673.0000,181.7000,668.4700,233.5200,653.2300,232.1900
657.6100,181.1900,673.4200,182.5200,669.1200,233.2700,653.3100,231.9300
656.4400,181.5600,672.4100,182.2300,670.3100,232.5100,654.3400,231.8500
656.5000,181.5000,672.4700,182.1900,670.2800,232.5300,654.3100,231.8400
658.5600,180.9500,674.1500,182.6800,668.6200,232.4000,653.0400,230.6700
657.5400,181.2300,673.4800,182.4000,669.8000,232.7900,653.8600,231.6200
656.4400,181.5200,673.4100,182.2300,671.2700,233.5100,654.3000,232.8000
656.8900,181.5400,673.4100,182.2300,671.2300,234.5100,654.7200,233.8200
657.9300,181.5800,673.4100,182.2300,671.1900,235.5100,655.7100,234.8600
660.2300,181.1500,676.1100,183.1400,669.4800,236.1800,653.6000,234.2000
657.0000,182.0000,673.0000,182.0000,673.0000,233.0000,657.0000,233.0000
658.9900,181.1700,675.6200,182.5500,671.4000,233.2000,654.7700,231.8100
659.9100,180.7900,676.9800,182.8400,670.7000,235.1600,653.6300,233.1200
664.2900,180.0700,683.3800,185.8900,668.5100,234.7400,649.4100,228.9200
678.8800,180.7000,694.6200,193.9200,660.8400,234.1500,645.1000,220.9300
689.1100,180.4900,703.2800,200.8200,655.5100,234.1200,641.3400,213.7900
695.4600,180.5500,708.1600,203.9300,653.0000,233.8900,640.3100,210.5100
695.2700,179.6800,709.4100,203.4900,653.8200,236.4900,639.6900,212.6800
693.5100,178.9840,709.2200,203.2900,655.2600,238.1600,639.5500,213.8600
692.2300,178.6450,709.3100,202.7100,657.6200,239.4000,640.5400,215.3400
694.3800,179.5650,710.6600,203.1600,658.3600,239.2500,642.0800,215.6500
695.2100,178.6500,711.9000,202.5900,658.5200,239.8000,641.8300,215.8600
692.1100,177.7890,710.4200,201.7000,659.3200,240.8200,641.0100,216.9100
692.1400,177.9420,711.6300,202.3000,660.1200,243.5200,640.6300,219.1600
693.2200,178.4000,711.7200,202.1100,659.7300,242.6600,641.2400,218.9600
695.9000,178.8550,713.2600,203.9800,659.8400,240.8700,642.4900,215.7400
694.9500,178.6500,713.7800,203.9900,661.4300,242.9100,642.6000,217.5600
695.5900,178.3560,715.7000,205.0800,662.2200,245.3200,642.1100,218.6000
692.9700,177.6120,713.8000,201.9100,663.3500,245.1500,642.5200,220.8500
699.7900,179.6180,717.0000,206.0700,663.2300,241.0300,646.0300,214.5800
698.6900,178.9860,715.8500,203.5900,662.4300,240.8600,645.2600,216.2600
698.0300,179.2950,716.1700,204.2000,663.2600,242.7400,645.1200,217.8300
695.5900,177.8500,716.1300,203.9100,664.2100,244.8300,643.6700,218.7700
697.9400,178.8920,716.3600,204.3200,663.3900,242.6800,644.9700,217.2500
698.3500,179.1370,716.9400,205.0400,664.7200,242.5100,646.1400,216.6000
698.8800,179.4320,716.3800,204.3900,663.3600,241.5500,645.8700,216.5900
697.7200,179.1420,716.9400,204.5300,665.1600,243.7400,645.9400,218.3500
685.2100,178.1410,708.6700,195.8100,671.9900,244.5200,648.5300,226.8500
675.0400,184.1200,691.4200,187.2000,681.7300,238.7000,665.3500,235.6100
658.4100,191.9100,681.1500,180.7900,702.5900,224.6500,679.8500,235.7700
644.4100,200.8600,665.4500,177.5750,712.7500,220.3100,691.7000,243.5900
638.7300,204.0500,657.6600,176.0410,714.1600,214.2300,695.2300,242.2500
637.5700,204.1800,656.7100,175.6310,717.0200,216.0600,697.8800,244.6100
637.4600,204.4100,658.5100,175.0760,717.2400,217.2200,696.1900,246.5600
637.1600,204.7400,658.2900,174.1590,718.9400,216.0800,697.8000,246.6600
637.7400,203.9700,659.0700,174.1970,719.3500,217.4000,698.0200,247.1700
638.2300,203.1900,660.6700,173.5120,721.2700,219.3200,698.8400,249.0000
638.2900,203.7400,659.8900,174.6080,720.2800,219.3800,698.6900,248.5100
638.7000,203.7700,661.2600,173.8170,721.4100,219.1300,698.8500,249.0800
639.7100,203.8800,662.2100,174.0230,722.4300,219.4000,699.9300,249.2600
639.5900,204.3000,659.8700,175.8140,720.3300,218.8600,700.0500,247.3400
639.5200,203.6100,663.9000,173.8980,723.1400,222.5200,698.7600,252.2300
656.4300,176.4770,718.6300,214.1500,701.6300,242.2200,639.4200,204.5500
639.7100,204.4200,658.2400,175.7000,719.1400,214.9900,700.6100,243.7200
638.6600,205.3300,661.5100,174.4450,721.4100,218.7600,698.5600,249.6500
658.0200,176.8600,718.5500,214.1400,701.5000,241.8100,640.9800,204.5300
657.0100,177.6920,718.9800,212.9600,702.7100,241.5500,640.7400,206.2800
640.8700,206.8500,656.1800,178.5560,717.1000,211.5100,701.8000,239.8000
639.9400,205.7300,657.9000,176.5880,718.2600,213.7800,700.3000,242.9300
639.5600,206.0300,665.5000,173.9040,723.8100,221.0000,697.8600,253.1200
641.5700,206.0900,660.5100,176.5760,718.7800,213.9900,699.8300,243.5000
641.2000,204.9200,658.5800,176.6840,718.7400,213.7200,701.3600,241.9600
649.5000,200.0900,673.6300,176.7080,718.7500,223.2700,694.6200,246.6500
668.8400,187.0600,687.4000,181.4600,705.5900,241.7700,687.0300,247.3700
681.5200,183.1000,702.4400,189.7100,685.6100,242.9600,664.6900,236.3500
692.9800,176.6010,718.9100,199.7300,677.4700,246.2000,651.5300,223.0700
701.8800,177.2770,719.5200,199.2400,674.8200,235.1400,657.1800,213.1700
702.4900,176.8820,720.6900,199.5700,675.6500,235.6900,657.4500,213.0000
700.5000,176.3090,721.0200,198.9700,674.9200,240.7000,654.4100,218.0300
699.2200,175.5690,722.9500,201.2800,677.6400,243.1100,653.9000,217.4000
699.6600,176.7760,719.4900,197.7300,676.8100,238.1400,656.9700,217.1800
699.9200,176.2880,721.6500,199.5300,677.3600,240.9300,655.6300,217.6900
701.1300,176.2770,722.1100,198.7300,677.0600,240.8200,656.0900,218.3700
701.6000,176.1730,722.5100,198.9300,678.3500,239.5200,657.4300,216.7600
700.6100,175.0080,725.0100,200.0700,679.3500,244.5200,654.9500,219.4700
702.7700,175.3790,724.2700,197.9300,677.9300,242.1200,656.4300,219.5700
706.8100,176.1500,726.0300,198.4500,677.9400,239.8900,658.7200,217.5900
705.4000,176.2760,725.2800,198.7600,678.0200,240.5500,658.1400,218.0700
704.8400,174.8390,725.8400,197.5600,677.8600,241.9100,656.8600,219.1900
706.2200,174.8130,727.6300,197.6600,679.6900,242.5900,658.2700,219.7500
707.4600,173.6880,730.9800,200.3800,681.4300,244.0300,657.9200,217.3400
708.5500,173.5680,732.1000,200.4000,681.8500,244.5200,658.2900,217.6900
716.4000,175.7360,732.0400,199.2100,681.6800,232.7700,666.0400,209.3000
717.8800,175.1860,732.5300,197.7000,680.8200,231.3700,666.1600,208.8600
723.8800,176.2720,736.5000,200.7500,679.7400,230.0000,667.1200,205.5100
668.5200,204.0600,727.5000,176.4000,738.9000,200.7300,679.9300,228.3800
720.1400,173.6890,738.6300,200.5800,682.9100,238.8900,664.4200,212.0000
719.6600,172.6510,739.9500,199.9400,684.9600,240.8100,664.6800,213.5200
720.2300,172.6330,741.5100,201.1300,685.3000,243.1100,664.0200,214.6100
720.5800,171.7230,741.8200,200.1000,686.0900,241.8100,664.8500,213.4300
720.1700,172.3130,741.1500,198.9700,686.4100,242.0500,665.4300,215.3900
728.3400,174.2870,743.5000,200.2700,686.1800,233.7100,671.0200,207.7300
729.3500,174.7270,743.2200,199.9800,687.0500,230.8300,673.1800,205.5800
723.5100,172.0370,744.0100,200.2900,687.5400,241.2600,667.0400,213.0100
723.3100,171.5050,745.0100,200.2600,689.1600,242.4100,667.4600,213.6500
723.3100,171.7910,744.6500,200.0300,689.9500,241.3600,668.6100,213.1200
726.1900,171.8750,746.1500,199.1600,688.5900,241.2700,668.6300,213.9900
721.7700,169.8050,747.9700,201.3700,693.3700,246.6700,667.1800,215.1100
723.5600,171.6420,744.8300,198.7700,690.1800,241.6100,668.9100,214.4800
721.4700,170.1160,748.4800,201.7300,693.7100,248.5200,666.7000,216.9000
721.8700,169.6820,748.0600,200.2400,693.7100,246.8200,667.5200,216.2700
719.1300,172.2070,741.5300,195.8300,694.0100,240.9000,671.6100,217.2700
705.1800,177.1600,724.5000,183.5900,705.2500,241.4700,685.9200,235.0400
690.3400,183.7500,711.9800,177.7740,726.4900,230.2900,704.8500,236.2700
680.8800,188.9400,703.7500,172.6610,740.7000,224.5900,717.8300,240.8700
673.8800,194.7300,698.6300,171.1620,745.0500,219.9000,720.3100,243.4700
669.8200,198.6200,686.1400,173.4490,743.0400,210.3300,726.7300,235.5000
667.6500,200.8200,686.4900,172.6020,745.4700,212.0000,726.6300,240.2100
668.1500,200.6800,688.5400,172.2940,746.7000,214.0500,726.3100,242.4400
668.3100,199.9800,688.0900,171.9740,746.5400,213.2500,726.7700,241.2500
668.6500,198.8700,688.4700,171.2910,747.4200,213.6600,727.6000,241.2500
668.8400,198.4500,688.0700,171.6400,746.9300,213.8400,727.7100,240.6500
669.2000,198.7300,688.5500,171.2780,747.2700,212.6600,727.9300,240.1100
668.9300,198.5400,686.5100,172.0800,746.2600,211.7800,728.6700,238.2400
669.5100,199.4600,687.4000,172.4240,746.3000,211.4100,728.4100,238.4400
669.7000,198.0300,691.0000,170.4350,748.2200,214.6100,726.9200,242.2000
669.5900,198.3600,691.2400,170.4520,747.8200,214.3500,726.1800,242.2500
669.4800,198.6300,690.7200,170.5360,747.2400,213.2600,726.0000,241.3600
669.1100,199.2300,687.5600,171.6940,746.1600,210.9700,727.7100,238.5000
669.4000,199.6200,687.8300,172.2220,746.2500,211.5200,727.8200,238.9200
668.8000,199.5000,688.8200,171.0200,747.6300,212.3700,727.6100,240.8400
669.3600,199.6100,688.2800,171.7040,746.4400,211.1300,727.5200,239.0300
670.2300,200.3200,685.8700,173.5890,744.5300,207.9200,728.8900,234.6400
669.5400,199.3200,688.8700,171.4650,746.7500,211.6100,727.4200,239.4700
688.9400,171.7680,745.0600,209.9700,726.5700,237.1200,670.4600,198.9200
669.4900,199.2200,694.3100,169.5810,748.6900,215.1200,723.8600,244.7600
669.3400,199.5600,694.4000,169.7400,748.8500,215.5100,723.7900,245.3300
669.5000,199.1800,694.0600,170.1100,747.9300,215.6400,723.3700,244.7000
670.1700,197.5400,695.8200,169.3450,748.7800,217.5400,723.1300,245.7300
673.1400,197.0200,693.8100,171.5200,744.8900,212.9300,724.2200,238.4300
686.9000,186.8200,707.9200,174.8570,736.5600,225.1700,715.5400,237.1300
703.9300,177.1840,721.0900,178.5750,716.6800,232.9500,699.5200,231.5600
715.1100,172.4990,739.5600,190.5200,705.4800,236.7800,681.0200,218.7500
723.4500,169.2790,742.7400,189.5000,697.4100,232.7500,678.1200,212.5300
725.5400,168.2250,745.0000,190.2700,696.3000,233.2700,676.8400,211.2300
728.6000,168.9530,746.8000,192.2600,694.1500,233.3700,675.9500,210.0500
728.3000,167.6830,746.7800,191.2600,693.4000,233.0800,674.9300,209.5000
728.8000,169.5970,746.5400,193.5300,693.1800,233.0900,675.4300,209.1600
728.4600,168.4280,746.2200,191.5300,692.5500,232.7800,674.7900,209.6800
727.5300,168.5730,745.9200,191.4700,691.9300,234.8300,673.5400,211.9200
727.7300,167.3820,748.1800,193.5100,692.1800,237.3400,671.7300,211.2100
727.3600,168.3220,745.4500,190.9600,692.1200,233.5600,674.0400,210.9200
725.3000,168.0460,744.5500,191.5800,693.1500,233.6300,673.9000,210.0900
720.9000,167.7770,741.8400,189.2600,695.1900,234.7300,674.2500,213.2500
712.5500,171.2610,731.0900,182.9000,703.5600,226.7600,685.0200,215.1200
693.8100,177.7480,712.2700,173.9610,724.6900,234.4900,706.2200,238.2800
666.7500,194.9700,683.5500,168.2560,741.8700,204.9300,725.0700,231.6500
665.9600,196.7300,681.6300,168.9160,743.6000,203.8400,727.9300,231.6500
666.9200,195.9700,683.9700,168.1700,745.3100,205.8000,728.2500,233.6000
687.8400,168.3620,744.8800,206.5900,727.4100,232.6500,670.3800,194.4200
668.5600,196.1000,685.8800,168.4920,745.8300,206.1200,728.5100,233.7200
668.6000,195.2100,686.8200,167.6870,746.6900,207.3200,728.4600,234.8500
667.9800,195.4400,685.4300,167.7550,745.6000,205.6800,728.1500,233.3700
668.5000,195.4500,686.5000,167.6300,746.6300,206.5400,728.6300,234.3600
668.4300,195.6800,686.3300,167.6140,746.2200,205.8000,728.3200,233.8700
668.2300,195.6100,686.7800,167.5420,746.0500,206.7200,727.5000,234.7800
669.9500,194.4500,689.4100,166.9770,746.5700,207.4700,727.1100,234.9400
669.5600,195.3700,688.5000,167.2400,747.1500,206.7200,728.2100,234.8500
669.0800,194.1900,688.5800,166.2540,747.2300,207.1800,727.7400,235.1200
668.8200,194.6600,689.0500,165.6500,748.0000,206.7600,727.7700,235.7700
670.2200,193.9800,690.3300,165.8840,748.6200,207.6100,728.5100,235.7100
670.2500,194.3000,691.0400,165.7810,748.7400,207.8400,727.9500,236.3500
671.0200,193.9800,692.6700,165.5330,749.6500,208.8900,728.0100,237.3300
670.4200,194.6600,690.2400,165.9750,750.3400,207.5100,730.5100,236.1900
671.9200,193.8600,691.4200,166.0130,748.3700,205.8800,728.8700,233.7300
679.4100,190.3400,703.0100,167.3510,749.9700,215.5500,726.3700,238.5400
700.1000,174.3130,717.3300,170.3770,732.0000,234.5900,714.7700,238.5200
713.9700,171.4540,736.1300,179.0340,717.5900,233.2600,695.4200,225.6800
731.5400,165.7890,754.0700,190.2500,707.0900,233.5200,684.5600,209.0600
740.9100,167.0910,757.2200,191.3200,701.3100,228.9600,685.0000,204.7200
739.5100,166.3620,757.2000,190.1800,700.6300,232.2000,682.9400,208.3800
742.3800,166.1580,760.3000,191.8500,701.1400,233.1000,683.2200,207.4000
740.5500,165.3910,759.9400,190.4100,703.5800,234.1000,684.1900,209.0800
737.4400,165.2070,757.8100,188.5700,703.5500,235.8800,683.1800,212.5100
740.1700,166.2390,760.0600,191.2900,704.5200,235.3900,684.6200,210.3400
740.9700,165.4500,760.8100,190.5900,704.4400,235.0800,684.6000,209.9400
736.0200,164.8740,759.5600,189.4000,708.2100,238.6800,684.6700,214.1600
736.5400,165.1920,760.2400,189.7700,708.7100,239.4500,685.0100,214.8700
737.1200,164.0480,762.5500,190.5400,710.2800,240.7100,684.8500,214.2200
735.1600,164.7030,760.1000,188.1100,710.7300,240.7100,685.7900,217.3000
738.6700,163.9500,763.7200,188.9900,712.1200,240.6000,687.0700,215.5600
742.1600,165.4890,763.8800,190.5800,711.7000,235.7400,689.9800,210.6500
739.0300,164.3580,764.7700,189.9200,715.9800,239.0600,690.2400,213.5000
737.8800,164.5010,764.1700,188.8300,717.4200,239.3600,691.1300,215.0300
737.8300,163.9050,766.3000,190.3100,717.3400,243.1100,688.8700,216.7100
735.4400,163.6230,766.2400,189.1200,719.7500,245.2800,688.9500,219.7900
741.8800,164.8110,764.9900,190.2900,715.7100,234.9900,692.6000,209.5000
730.7200,169.1630,751.7600,180.0000,725.1300,231.6900,704.0900,220.8500
716.4600,174.1170,736.5100,170.6940,746.2500,227.7400,726.2000,231.1600
696.5100,191.7100,720.2600,166.5070,764.0800,207.8200,740.3200,233.0200
690.8700,193.9600,709.2800,166.0740,766.6800,203.9700,748.2700,231.8500
689.5100,194.9900,708.9200,165.1860,769.3900,204.5700,749.9700,234.3800
690.3300,195.9900,709.6000,165.7770,770.7900,204.8100,751.5200,235.0200
690.3700,196.0600,713.3300,165.5250,772.6400,210.1100,749.6800,240.6500
691.3700,195.9700,714.7900,165.0200,774.0400,209.8600,750.6200,240.8000
694.0800,194.6000,718.6400,165.2520,773.9200,211.5000,749.3700,240.8500
692.7700,196.8500,716.8500,165.6580,775.3200,210.8000,751.2500,241.9900
692.6000,196.1400,716.5900,165.3810,776.1800,211.8600,752.1900,242.6200
693.1900,195.7600,717.5000,165.2340,777.4700,213.0000,753.1500,243.5300
694.1600,197.3900,718.0800,165.7660,777.6100,210.7800,753.6900,242.4100
694.3700,196.5100,717.4700,165.5050,775.7500,208.9200,752.6600,239.9300
695.5600,195.7200,719.7200,165.3330,779.4400,212.8200,755.2900,243.2100
695.6300,197.0600,716.8400,166.5420,777.3100,208.5600,756.1100,239.0800
696.1900,196.5000,714.9900,166.6140,776.8000,205.4900,758.0100,235.3700
697.3900,196.3100,717.9500,166.5440,777.5000,207.6700,756.9500,237.4300
697.1400,196.1600,717.8600,166.1670,778.5400,208.0700,757.8300,238.0700
697.4100,196.4300,717.8500,166.5840,778.4700,208.0900,758.0300,237.9400
698.2000,195.8900,718.4600,166.4260,778.0100,207.3900,757.7500,236.8500
697.8800,196.7500,719.6900,166.4210,779.3600,209.3300,757.5600,239.6600
698.4000,197.5200,720.3900,166.9120,779.8500,209.6300,757.8600,240.2400
697.8100,198.4600,716.3400,168.1730,778.7100,206.3400,760.1700,236.6300
699.5300,197.3700,721.1100,167.0720,780.1500,209.1200,758.5700,239.4200
698.3200,197.1600,722.4800,165.9210,781.8800,211.8600,757.7200,243.0900
700.0600,196.6900,724.7600,166.2280,780.9500,211.7900,756.2400,242.2500
699.2500,196.9200,723.2400,166.0140,780.9200,210.8000,756.9300,241.7000
698.5900,196.9300,723.1400,165.4110,782.6600,211.7700,758.1000,243.2900
699.5700,195.6500,724.7100,165.2510,782.7800,213.2700,757.6400,243.6700
703.2500,194.1200,724.4500,167.2050,779.2200,210.3400,758.0200,237.2500
716.8100,184.0500,738.4100,169.7900,770.6800,218.6500,749.0800,232.9100
733.9100,174.3580,750.7700,173.8140,752.5800,229.9500,735.7300,230.4900
749.8400,169.6430,768.8400,183.6200,738.1400,225.3800,719.1300,211.4100
756.8000,165.9110,777.1800,186.9400,733.2600,229.5000,712.8900,208.4700
765.6000,168.2750,781.3400,189.7700,728.4900,228.4700,712.7500,206.9700
766.5700,166.7920,783.2200,189.6700,729.3600,228.8800,712.7000,206.0000
764.0300,164.5330,783.2200,189.5400,730.3200,230.1400,711.1300,205.1400
763.2900,163.8080,785.9600,191.3900,732.9300,234.9900,710.2500,207.4100
764.3000,164.8110,784.6500,189.7400,732.9600,231.9400,712.6100,207.0100
760.9700,165.1160,781.5300,185.7800,733.5000,233.5700,712.9400,212.9000
763.4300,164.4490,785.1500,188.0400,735.2800,233.9700,713.5600,210.3800
763.1100,163.4680,786.6200,188.6400,735.2500,236.6400,711.7300,211.4700
763.1400,165.3070,786.2100,188.9200,737.0300,236.9500,713.9700,213.3400
765.9500,164.9370,787.9200,188.4700,736.5000,236.4700,714.5400,212.9300
768.3100,164.4820,791.0600,191.4100,736.2100,237.7500,713.4600,210.8200
764.8900,166.0270,786.1100,188.0100,737.7800,234.6500,716.5600,212.6700
764.0800,163.4720,789.8800,188.1000,740.0500,240.3100,714.2400,215.6800
768.4900,164.3940,791.0900,189.4500,738.4200,236.9500,715.8200,211.8900
766.9100,164.9070,791.7700,190.1300,741.0700,240.0900,716.2100,214.8700
766.1900,165.1740,789.6500,187.7900,741.0000,238.2600,717.5400,215.6400
768.9300,165.2750,793.0900,188.9200,742.4800,240.6400,718.3200,216.9900
769.5500,164.6230,794.5300,189.4700,742.4000,241.8700,717.4200,217.0200
772.9200,164.7410,796.6400,190.5800,741.6900,241.0200,717.9700,215.1800
772.8600,164.6490,795.6600,189.5900,743.2700,237.4800,720.4700,212.5500
767.8600,163.6450,794.6400,187.1400,746.4700,242.0500,719.6900,218.5600
762.1800,168.0070,783.1900,180.5000,751.8000,233.3200,730.7900,220.8300
763.8100,168.0970,784.0900,181.0600,752.5800,230.3700,732.3000,217.4100
748.3400,174.1590,765.8500,172.0580,772.3500,226.2400,754.8400,228.3400
717.4300,195.0900,736.3400,165.6760,796.0100,204.0500,777.0900,233.4600
717.2200,196.7000,735.9200,165.9840,798.4400,204.0600,779.7300,234.7700
719.1700,195.9300,738.2300,166.1200,799.9700,205.6100,780.9000,235.4100
720.5400,195.9600,738.5900,166.3920,800.1300,203.9400,782.0900,233.5200
720.8300,195.8800,740.8600,165.7520,801.3200,205.9600,781.2900,236.0800
722.8100,194.7100,742.2400,166.5290,801.7800,207.5700,782.3500,235.7500
721.8400,196.6200,742.5100,166.1480,802.5500,206.8700,781.8700,237.3400
722.9200,195.3200,745.2600,165.3420,803.9000,209.0400,781.5700,239.0200
723.2900,194.7100,745.8200,165.4360,803.8000,210.0600,781.2600,239.3300
723.1600,195.9200,746.5700,165.7550,805.4100,211.4100,782.0100,241.5800
723.6000,195.5300,748.1800,164.8580,806.2600,211.4100,781.6700,242.0800
724.0600,195.5300,748.2900,165.2480,806.4100,211.7400,782.1800,242.0300
724.2300,195.9800,748.8300,165.6710,806.5500,212.5300,781.9500,242.8300
724.6800,196.0600,750.1200,165.7970,807.3000,213.8800,781.8600,244.1400
724.4000,196.4900,751.1100,165.1850,808.3700,214.0500,781.6500,245.3500
726.1100,195.7000,752.9000,165.9090,807.9300,215.3900,781.1400,245.1800
726.2000,195.8800,751.4100,165.3280,809.6300,213.3600,784.4200,243.9200
727.9200,194.7800,753.1700,165.6540,808.9200,213.9800,783.6700,243.1100
733.9500,191.6800,754.7900,167.7800,804.2700,210.9200,783.4300,234.8200
750.7700,181.2700,767.8000,172.4530,791.8700,218.9200,774.8400,227.7400
766.4700,171.8930,787.0400,177.2140,773.6500,228.9900,753.0800,223.6700
786.7700,166.7350,805.0400,187.4400,760.7500,226.5200,742.4800,205.8100
795.5600,168.8300,808.3100,188.1500,755.2700,223.1300,742.5200,203.8100
797.9000,169.0690,811.3700,190.5800,754.5200,226.1800,741.0500,204.6700
797.2700,168.2600,811.7200,190.6100,754.9200,227.3200,740.4700,204.9700
796.0200,169.1740,810.8200,191.1000,754.6400,229.0100,739.8500,207.0800
797.5200,169.9480,812.0700,192.6700,754.2000,229.7400,739.6400,207.0100
797.7400,169.2410,812.2700,190.8600,755.1600,229.2400,740.6300,207.6200
797.4700,169.7630,812.1800,192.2600,755.3800,229.4000,740.6700,206.9000
794.9300,168.2770,811.5500,190.0700,757.4700,231.3200,740.8500,209.5300
796.3100,168.8730,812.3800,190.7900,755.8800,232.2300,739.8100,210.3100
796.0500,169.2760,813.1500,191.9700,757.2500,234.0800,740.1600,211.3900
795.6300,169.0460,812.8700,192.0500,758.5400,232.7700,741.3000,209.7600
795.8300,168.3740,813.6300,190.2300,759.4800,234.3400,741.6800,212.4900
793.8400,166.7510,814.7600,191.7000,761.7500,236.1600,740.8300,211.2100
795.9800,168.7330,815.3600,191.2600,762.0600,237.1100,742.6800,214.5800
796.3800,168.5650,815.8200,191.9700,762.1800,236.5200,742.7400,213.1100
797.4500,168.3860,817.6400,192.8200,762.7600,238.1800,742.5600,213.7500
795.1400,167.0970,817.4000,191.4200,763.9900,240.3000,741.7300,215.9800
794.2400,165.6530,820.0000,193.1300,766.2400,243.5200,740.4800,216.0500
791.9000,166.0630,816.1400,189.0700,766.9100,240.9500,742.6700,217.9400
793.1400,167.2520,817.3700,191.2800,767.0000,242.0700,742.7700,218.0500
791.6600,169.5830,810.0600,186.9200,767.5800,232.0100,749.1800,214.6800
775.2200,172.8340,791.9000,175.3350,783.5500,230.9800,766.8800,228.4800
755.2500,183.6000,778.1500,170.2460,806.1700,218.3000,783.2600,231.6500
743.7100,193.2200,765.9600,167.5180,816.1800,211.0000,793.9300,236.7000
739.3900,197.3400,755.7300,169.5590,817.0400,205.6200,800.7000,233.4000
740.3600,198.0600,760.6500,168.2000,822.2900,210.0900,802.0000,239.9500
740.7700,198.5900,761.5000,169.0120,822.7300,211.9200,802.0000,241.5000
741.9600,198.9300,761.2900,169.7100,821.0700,209.2700,801.7300,238.4900
743.9500,197.0200,766.0100,168.5910,823.2100,212.9600,801.1600,241.3900
744.3700,198.1400,766.2800,169.0220,823.8600,212.3500,801.9500,241.4700
744.2500,197.9800,765.8800,169.0150,823.2400,211.8500,801.6100,240.8100
745.4900,197.0200,767.3900,169.4440,823.5000,214.0000,801.6000,241.5700
743.8300,197.4000,765.8300,168.4950,824.7900,213.3800,802.7800,242.2900
743.9500,198.3800,765.4500,169.3320,823.5100,212.3100,802.0200,241.3500
744.2500,197.9100,765.9100,168.9740,823.1200,211.8000,801.4500,240.7400
743.9500,198.4500,765.7800,169.0350,823.2800,211.7100,801.4500,241.1300
744.8300,197.8700,766.5000,170.0070,822.0100,213.1700,800.3400,241.0400
746.7000,195.4900,768.2400,169.7060,820.7000,213.5300,799.1600,239.3100
751.0100,195.2500,773.1900,171.1190,819.1900,213.3900,797.0100,237.5200
768.2400,179.9230,786.4000,173.7230,804.1600,225.7200,786.0000,231.9200
781.1500,174.6190,801.9200,180.0900,786.6900,237.9700,765.9200,232.5100
794.9400,171.2510,815.3900,189.4400,776.2400,233.4300,755.8000,215.2400
805.5800,171.1510,821.6200,192.8100,770.1400,230.9100,754.1100,209.2500
811.4400,173.5680,825.0900,197.6000,766.4600,230.9000,752.8100,206.8700
809.2300,172.0170,824.7000,197.0200,766.6500,232.9400,751.1800,207.9400
807.8800,170.8690,824.0000,196.0900,766.7200,232.7000,750.6000,207.4700
805.2200,170.1510,822.6800,194.6700,767.0900,234.2400,749.6400,209.7200
804.6700,170.5570,822.4900,194.6500,767.2900,235.4900,749.4600,211.4000
804.5300,169.6530,822.6200,193.7300,767.7700,234.9300,749.6800,210.8500
801.7600,168.9610,821.1700,191.4100,769.9600,235.6700,750.5500,213.2200
804.9100,170.1450,822.6700,193.5000,768.9100,234.3700,751.1600,211.0200
802.3500,168.4230,822.8200,192.4900,769.8300,237.5500,749.3600,213.4800
802.0500,169.3820,821.9300,191.3700,771.3400,237.1200,751.4600,215.1300
798.1200,168.5210,821.5300,192.5400,774.3600,238.5000,750.9500,214.4800
789.9900,171.8860,810.5800,184.5700,781.6200,231.5700,761.0400,218.8900
778.3600,177.1320,793.9700,176.3520,796.8300,233.5100,781.2100,234.2900
756.6000,190.3100,780.7600,171.7980,816.5400,218.5100,792.3800,237.0200
749.5300,196.3700,768.2900,170.5150,819.8500,207.9100,801.0900,233.7700
743.9900,199.3000,765.6000,168.7360,823.8500,209.9200,802.2400,240.4900
743.9900,200.5500,763.3900,170.4200,822.9800,208.7900,803.5800,238.9200
743.2500,200.8000,762.4800,170.2410,823.0200,208.3400,803.7900,238.9000
745.1300,201.1900,764.8500,171.1620,822.9200,209.3100,803.2000,239.3300
744.6600,199.7600,766.3200,169.7140,824.7400,211.8300,803.0800,241.8700
744.2000,199.4600,765.9200,169.2780,823.9700,211.0600,802.2400,241.2400
744.2500,200.1500,765.6500,169.7000,824.0700,210.7600,802.6700,241.2100
744.4400,199.7300,765.3500,169.9320,823.2600,210.5700,802.3600,240.3700
744.4300,199.1500,765.1900,169.6190,823.6200,210.6900,802.8600,240.2200
743.1300,199.5600,763.7400,169.4460,822.6100,209.7200,802.0000,239.8400
743.6600,198.5300,765.6200,169.1560,822.6200,211.7700,800.6600,241.1500
743.7700,198.3300,766.1500,168.6740,823.5200,211.9800,801.1400,241.6400
744.5700,200.4800,764.1500,170.7950,821.9300,208.9100,802.3500,238.6000
743.9900,199.4200,764.8600,169.6980,822.5000,210.1700,801.6300,239.8900
745.8500,198.0800,766.7900,170.1210,821.9000,211.3900,800.9600,239.3400
746.6600,196.2300,769.3600,169.0530,821.5300,212.6400,798.8200,239.8100
754.9200,193.1300,774.8600,173.0170,816.0200,213.8400,796.0800,233.9500
776.8300,179.1440,792.2300,178.6130,794.2700,237.7800,778.8700,238.3100
789.7500,174.8400,810.1100,188.5800,779.3000,234.2500,758.9400,220.5100
798.1800,170.9490,817.1400,193.1400,771.4100,232.2200,752.4500,210.0400
805.1400,172.6130,820.0300,195.4900,767.5700,229.6400,752.6700,206.7700
805.3000,172.4210,820.1800,195.0300,766.1800,230.5500,751.3100,207.9400
804.9600,172.2440,820.4400,196.3400,765.3600,231.7300,749.8800,207.6300
801.2200,169.4190,819.5300,194.7600,765.9400,233.4800,747.6300,208.1400
801.9400,171.5590,819.0300,194.9800,766.7100,233.1600,749.6200,209.7300
800.4900,171.2180,817.8900,194.0900,767.7200,232.2700,750.3200,209.3900
803.7600,171.9420,820.2500,194.6800,767.2500,233.1100,750.7600,210.3700
800.6700,171.0670,818.3600,194.2600,767.8600,232.7800,750.1700,209.5900
800.1600,169.5260,819.5700,194.8800,768.8000,233.7500,749.3900,208.4000
799.0200,168.3100,820.6100,194.2700,770.2300,236.1700,748.6400,210.2100
804.6300,171.1750,821.5600,196.1800,768.2800,232.2600,751.3400,207.2500
799.0800,169.2760,819.7700,193.0200,770.5100,235.9500,749.8100,212.2100
801.5200,169.4880,821.0100,193.2000,771.2100,234.1500,751.7200,210.4400
802.6900,170.1840,821.6300,194.9900,770.9400,233.7100,751.9900,208.8900
802.6400,170.4690,822.0400,194.5700,771.5100,235.2500,752.1100,211.1500
802.0400,168.9950,822.4300,193.3400,772.4400,235.2100,752.0500,210.8600
803.1200,170.3780,822.1800,192.4100,772.1300,235.7100,753.0700,213.6800
801.8200,168.4430,823.7700,193.7900,773.7500,237.1100,751.8000,211.7600
800.2800,169.4140,823.2900,193.2000,774.9900,239.9300,751.9800,216.1400
800.3200,169.1480,824.3500,193.7400,775.8800,241.0900,751.8500,216.5000
802.3600,168.2850,826.6700,194.7000,775.6500,241.6600,751.3400,215.2400
807.8200,169.2510,828.3400,195.9900,774.7800,237.1000,754.2600,210.3600
805.1800,170.3130,827.9900,195.3200,778.0400,240.8900,755.2300,215.8900
805.5900,168.4480,830.5100,195.7200,779.6300,242.2100,754.7100,214.9500
812.8800,170.9580,833.9500,199.5900,778.2900,240.5300,757.2300,211.9100
808.0700,168.9570,833.6500,197.7600,780.8500,244.6600,755.2700,215.8600
812.2600,172.4720,831.1300,197.3100,778.3200,237.4100,759.4600,212.5700
760.4900,207.3300,824.1500,176.2350,839.0300,206.6800,775.3600,237.7800
761.5400,206.8700,828.0800,177.4510,842.4900,210.0400,775.9500,239.4600
763.6300,207.3600,831.5000,178.7250,845.8100,212.6500,777.9500,241.2900
763.6900,212.5500,827.9700,178.3120,844.7700,209.8600,780.4900,244.0900
765.6500,211.6600,831.5900,179.4410,848.4000,213.8500,782.4600,246.0700
766.9200,213.8100,832.7100,180.0400,849.7800,213.3000,783.9900,247.0700
769.7800,214.0000,833.2900,182.0800,848.2000,211.7500,784.6900,243.6700
768.5500,217.4400,831.5700,180.4300,851.0800,213.6500,788.0700,250.6600
771.4100,215.9400,837.3000,182.2100,856.0300,218.7900,790.1400,252.5200
774.3100,218.7900,834.8800,183.6200,853.4500,215.6000,792.8800,250.7600
837.4200,183.4500,858.9400,218.6200,795.8000,257.2500,774.2800,222.0900
776.8100,223.3500,841.2800,185.3100,862.8000,221.7800,798.3200,259.8200
841.0700,185.7900,864.0400,221.0600,802.2500,261.3000,779.2800,226.0300
844.8400,187.9100,867.8400,223.5500,804.9400,264.1300,781.9400,228.5000
848.5400,190.1800,870.4200,225.2600,807.3900,264.5800,785.5100,229.5000
788.5100,231.3000,849.8700,192.0000,872.2800,226.9900,810.9200,266.2900
848.7000,194.9100,873.2200,231.8400,814.8800,270.5700,790.3600,233.6400
846.5100,196.9200,873.6700,233.8400,819.6100,273.6100,792.4500,236.7000
848.1500,198.7000,875.2900,235.1000,822.3400,274.5900,795.1900,238.1900
847.5400,199.8600,875.5800,232.2400,823.3000,277.5200,795.2500,245.1400
817.0000,217.3700,877.5700,218.4900,876.4500,278.9800,815.8700,277.8500
818.9600,218.0900,878.2700,221.2500,875.0200,282.2400,815.7100,279.0800
820.7500,220.3800,880.7300,221.6900,879.3700,284.2000,819.3800,282.8900
805.7400,247.3700,859.8700,208.2800,881.3600,238.0400,827.2400,277.1300
815.9500,235.9100,873.0900,215.3800,883.9800,245.7000,826.8400,266.2200
819.8100,233.3600,878.2400,218.1600,886.3800,249.4700,827.9500,264.6700
817.8300,236.6900,876.7600,216.2500,888.9300,251.3300,830.0000,271.7700
818.5700,238.9000,876.5300,217.1100,888.7800,249.6800,830.8100,271.4800
825.9600,234.3400,883.6000,222.3500,889.9400,252.8500,832.3100,264.8400
822.2900,243.5700,876.5100,218.1900,892.8700,253.1300,838.6400,278.5100
827.8800,242.3000,880.2200,222.8800,891.2300,252.5500,838.8900,271.9700
826.3900,249.7300,876.3600,223.2900,892.3500,253.5200,842.3800,279.9600
827.0900,248.9900,878.4900,225.0900,891.4200,252.8900,840.0200,276.7900
828.8800,249.0700,879.4000,227.7300,890.6900,254.4700,840.1800,275.8100
873.5800,225.1300,890.4300,249.3900,837.8600,285.9000,821.0100,261.6500
870.7100,225.7800,887.4900,246.7100,837.3500,286.9000,820.5700,265.9700
868.3700,227.7100,885.9700,247.4800,837.2400,290.8800,819.6300,271.1100
865.6000,228.6400,881.9200,249.7500,832.4800,287.9900,816.1500,266.8800
863.1200,231.0800,878.0000,250.8200,826.8500,289.3900,811.9600,269.6500
858.0400,233.8700,872.2300,254.4800,821.7800,289.2300,807.5800,268.6300
856.0200,236.5900,869.4700,259.4900,815.7300,291.0600,802.2800,268.1700
851.1400,233.6400,866.2000,256.9500,807.7800,294.6800,792.7300,271.3800
837.5700,238.3200,852.2000,260.3000,797.9500,296.4000,783.3200,274.4200
826.3300,243.8300,840.1100,264.7500,786.3800,300.1200,772.6000,279.1900
829.5800,250.9500,839.6500,273.7400,775.6600,302.0100,765.5900,279.2300
761.7600,283.3600,828.0800,263.8700,835.1100,287.8100,768.8000,307.3000
760.4900,291.9900,821.8300,268.6100,829.7500,289.4000,768.4100,312.7700
761.8000,295.1200,823.9000,272.9300,832.1400,296.0000,770.0400,318.1900
763.3600,295.9500,826.3300,273.4200,834.4700,296.1800,771.5000,318.7000
765.9300,297.4600,823.7800,271.3900,833.4700,292.9000,775.6200,318.9700
770.4700,288.6200,837.4900,273.2200,843.2700,298.3800,776.2500,313.7800
772.1000,287.9100,831.8300,270.8700,838.3600,293.7800,778.6400,310.8200
772.0900,286.7400,834.6600,268.5900,840.9800,290.3500,778.4100,308.5000
773.2800,287.3800,836.9800,266.3500,843.4200,285.8400,779.7200,306.8800
778.8500,285.3900,839.6000,259.7900,847.3800,278.2400,786.6200,303.8400
789.5400,280.6400,839.8900,256.8200,848.3800,274.7600,798.0300,298.5800
842.9000,256.5000,852.7200,273.9400,812.1100,296.8300,802.2800,279.3900
820.0800,269.8900,867.9400,273.7000,866.2500,294.9700,818.3800,291.1600
836.0400,274.7300,869.5900,268.9000,872.7400,287.0000,839.1900,292.8400
842.0000,268.0000,866.0000,268.0000,866.0000,296.0000,842.0000,296.0000
844.0000,256.0000,876.0000,256.0000,876.0000,296.0000,844.0000,296.0000
840.0000,255.0000,873.0000,255.0000,873.0000,300.0000,840.0000,300.0000
837.0000,257.0000,867.0000,257.0000,867.0000,301.0000,837.0000,301.0000
824.0000,256.0000,864.0000,256.0000,864.0000,296.0000,824.0000,296.0000
819.0000,265.0000,837.0000,265.0000,837.0000,304.0000,819.0000,304.0000
822.2300,260.6100,840.0600,271.1000,820.5500,304.2600,802.7200,293.7800
825.3600,257.0700,839.9100,272.2500,807.8300,303.0000,793.2800,287.8100
826.3200,252.1400,840.6600,272.0900,804.6000,298.0100,790.2600,278.0600
825.9600,248.2800,841.4400,268.9200,803.2000,297.6000,787.7200,276.9600
819.5900,246.4000,838.0800,264.7200,802.7700,300.3400,784.2900,282.0200
819.5300,250.6000,837.0900,260.5300,815.9000,298.0300,798.3300,288.1000
821.0000,252.7400,839.0700,260.3400,824.4200,295.1200,806.3600,287.5200
819.0500,255.4500,837.1200,256.9300,834.0700,294.3400,816.0000,292.8700
826.4100,256.5800,844.7300,268.8300,827.2300,295.0000,808.9100,282.7500
832.0900,256.6000,847.7200,273.8000,820.2600,298.7400,804.6400,281.5400
833.3200,255.3900,850.1200,272.1800,819.5600,302.7600,802.7600,285.9700
825.2800,259.0200,843.3700,266.4000,826.2600,308.3100,808.1800,300.9300
820.4300,277.7600,830.1400,278.2700,828.0400,318.2100,818.3300,317.7000
819.7400,283.2600,835.3200,284.5100,831.7400,329.3000,816.1600,328.0500
818.0000,287.0000,836.0000,287.0000,836.0000,340.0000,818.0000,340.0000
821.3000,288.6400,834.1100,289.0000,832.7100,338.1300,819.8900,337.7700
820.4700,287.4000,832.0000,286.9200,834.0300,335.8300,822.5100,336.3100
819.0000,286.0000,847.0000,286.0000,847.0000,329.0000,819.0000,329.0000
827.0000,284.0000,845.0000,284.0000,845.0000,331.0000,827.0000,331.0000
823.0000,285.0000,843.0000,285.0000,843.0000,330.0000,823.0000,330.0000
819.1600,282.0300,842.0700,282.0200,842.0900,323.4600,819.1800,323.4700
822.0000,264.0000,848.0000,264.0000,848.0000,326.0000,822.0000,326.0000
834.7300,270.0600,844.5300,269.6100,847.0500,325.0000,837.2500,325.4400
832.4100,268.1600,844.7600,267.6100,847.0400,318.9500,834.6900,319.5000
829.7000,265.3300,844.8500,264.6400,847.0400,312.9500,831.8900,313.6400
829.0000,262.0000,846.0000,262.0000,846.0000,317.0000,829.0000,317.0000
830.0000,258.0000,845.0000,258.0000,845.0000,310.0000,830.0000,310.0000
828.2700,256.1400,843.8800,255.7600,845.2400,312.9000,829.6300,313.2700
825.5500,254.1600,841.7600,253.6900,843.2300,304.9600,827.0100,305.4300
822.9700,252.3700,838.7100,251.5400,841.7800,309.7500,826.0300,310.5800
819.7200,250.4100,835.5700,249.3800,839.0600,302.9300,823.2200,303.9600
816.8100,248.3100,833.4100,247.3100,837.0700,307.6300,820.4600,308.6400
813.3400,248.2300,831.7500,247.6700,833.3900,301.9900,814.9900,302.5500
808.0000,247.0000,831.0000,247.0000,831.0000,297.0000,808.0000,297.0000
798.5100,246.1600,828.4600,244.2800,831.9800,300.6900,802.0400,302.5600
797.0000,244.0000,827.0000,244.0000,827.0000,296.0000,797.0000,296.0000
796.5600,242.4600,825.3200,243.1800,823.9900,296.2500,795.2400,295.5300
793.7000,241.0100,821.0300,241.3700,820.2700,299.0800,792.9400,298.7200
792.5900,239.7600,820.8200,241.4700,817.4800,296.6300,789.2500,294.9200
789.8200,239.3000,816.6500,240.2300,814.7100,296.3700,787.8800,295.4400
788.0200,238.1100,814.5200,239.2900,811.9800,296.4900,785.4800,295.3100
785.4700,237.1200,811.6500,238.3600,808.8800,296.5200,782.7000,295.2700
784.5900,236.7400,809.7200,238.4600,805.7500,296.7300,780.6100,295.0200
782.5100,235.5100,807.9600,237.6800,802.9200,296.9300,777.4700,294.7600
778.9300,236.0600,803.7700,237.0800,801.3400,296.3500,776.5000,295.3300
775.3700,234.9000,801.2800,235.1800,800.6000,298.0800,774.6900,297.8000
773.9900,236.4100,799.5900,237.2100,797.7400,296.3700,772.1400,295.5700
772.2800,238.6300,795.2300,238.7400,794.9800,296.0500,772.0300,295.9500
769.3800,243.2700,791.7400,242.7500,793.1600,303.9500,770.8000,304.4700
768.1200,250.2500,787.9000,249.8000,789.2000,306.9500,769.4200,307.4000
766.8200,259.6000,785.7500,260.5200,782.9800,317.4900,764.0500,316.5600
763.6700,275.2300,782.0400,276.3800,778.8400,327.4900,760.4800,326.3400
761.7700,293.1100,776.9200,294.4300,772.1400,349.4500,756.9900,348.1300
749.3900,315.7000,768.0200,315.7100,768.0000,367.0400,749.3600,367.0300
741.0000,341.0000,768.0000,341.0000,768.0000,385.0000,741.0000,385.0000
736.2000,349.5800,775.0700,353.2300,771.7900,388.2600,732.9100,384.6200
729.5700,348.3100,770.4400,348.8600,769.9000,388.7400,729.0300,388.1900
721.3400,354.5800,762.1900,348.5300,767.8100,386.4400,726.9600,392.4900
719.4200,353.5400,761.3700,348.6000,765.9500,387.5400,724.0000,392.4700
